3985
482475
288568
802421
850951
103716
844326
181196
366261
109304
567431
63218
400385
237086
105069
153545
861546
155349
399619
168388
526942
850817
289761
563318
786585
503940
742395
735093
616556
261301
54260
345162
546489
137920
656
343288
676027
187834
31046
772679
539042
95615
504501
301196
481020
289449
6158
856695
883887
383119
680622
443768
685026
857944
475439
332974
700252
399770
168277
869038
32900
736084
747043
860652
199943
552100
626992
556265
577176
631045
311476
611002
669138
169801
489116
489808
85721
378447
509981
107593
576159
827969
65925
429939
323906
183789
792845
566456
90546
168382
125226
663434
33073
449622
634211
641389
236403
566794
604701
829627
205156
680122
606386
843512
750921
544588
142721
150355
331326
830563
325694
523861
875967
671617
407018
379913
7458
310358
556189
414792
221857
14404
148128
514719
400438
137937
718935
645344
320608
264360
624027
563906
7330
899468
722630
577462
513353
882330
157607
236135
609486
670586
652630
452909
1522
134113
773666
886126
420070
688199
768261
11729
572621
554176
825209
29441
427897
687961
382851
532858
647154
145808
834862
233843
419701
472240
531475
367207
830233
389768
188820
667810
403693
205031
124616
855653
148541
325815
267088
804439
504787
459347
132360
207240
391417
489381
110554
650242
573277
118849
101836
125230
277390
886776
271225
764288
2979
524281
855261
104001
675835
631466
393802
143639
536735
444031
885496
884563
486243
715445
89306
159222
667339
59534
798187
774528
120330
504873
597414
458455
583366
516061
463893
179505
162680
93074
817282
214719
15439
96348
871497
768438
384148
638356
736462
464538
688519
326773
681067
867049
292393
117712
473986
429857
853299
419469
379729
816015
111044
748863
419299
449845
742872
345570
608962
406807
326675
99539
205771
855683
80765
337260
279994
398074
788103
385914
359108
617663
278923
99869
351396
701435
652850
529724
891693
818315
342064
894435
886974
740935
88073
435418
511859
852367
659319
739075
3544
574163
184899
168463
629048
890336
376337
528989
667316
154178
80632
144
98672
607515
539246
635756
772263
823678
518403
254253
14750
794376
263012
464036
895030
476508
424864
531215
337147
729
21927
655572
55482
713403
56045
882266
313359
816970
881902
636452
352508
836354
202892
300490
172693
382048
195860
134837
378744
470310
724223
253559
338267
274764
314036
821893
147198
67075
881483
380947
215839
269319
663724
466762
628972
415424
410581
386696
538419
569333
681402
650868
213781
810766
70663
368668
276889
386180
860705
351309
890748
897671
168491
857358
399142
114507
233061
302778
162745
23152
422478
766040
891011
27341
864938
153400
250674
831545
845662
840844
622119
16181
394360
743361
610947
773657
398988
807257
566942
643002
68569
553671
184214
560884
769995
335942
547460
44794
55577
38069
389323
709399
63630
85683
197994
772448
692325
421715
697809
694808
795469
521468
648656
536735
76780
346720
141642
406456
410272
655031
70120
833462
384737
192567
166154
732770
315714
843794
732217
543179
394358
92044
133048
896971
80623
654808
402265
350098
396129
816302
311948
511890
302437
634123
114609
389958
231482
78213
458703
588191
7910
242984
313821
850924
444955
668722
728061
318981
407508
259176
390377
350292
668702
897555
764037
607617
581204
275323
23284
535065
759330
836734
778439
460506
556619
876716
447376
159741
24422
476098
154037
179361
320803
825346
251231
303248
349420
424555
854098
109296
331494
330682
835799
598760
390455
387005
32309
171212
206561
622415
10015
216904
522764
499702
413286
324709
163234
877173
845327
193915
661396
208013
270944
330419
191386
231159
87571
373398
187192
354135
689421
327032
857340
385182
898664
192411
450499
273662
661037
373154
561595
87754
722525
80275
95235
388522
768494
399207
178351
32568
773971
249969
550600
29530
850228
430888
54672
443676
234269
231347
163
736809
465170
581904
845785
875430
130176
895809
11080
11915
313679
384372
339814
255999
477844
821934
121260
415471
541090
35347
854518
458858
12768
489332
794758
479996
502870
77429
609865
400325
100193
766138
475569
870933
698054
635470
18786
756359
196131
492303
431304
389623
609537
213913
848197
187265
703782
95277
535689
353240
686151
337886
456410
640191
229018
409177
418163
75719
285673
6446
448392
134950
592578
838431
745351
47632
564844
471907
188826
619285
881045
383224
382121
52247
276710
609539
621021
565606
140664
760741
692319
397465
768095
568828
102783
603275
816868
337234
123281
195152
452529
423622
676401
458867
238662
685910
681351
344781
335112
114086
699910
618308
266681
773839
380014
655294
69827
531847
72017
237088
632781
429160
628435
798375
363152
752992
694794
344162
448932
800629
616869
792234
23123
98003
477321
735136
417007
800115
213718
108193
409695
628617
9481
889224
321140
567754
457339
301376
427066
260056
866310
81188
20587
641804
137927
37974
134685
208895
136031
780088
156540
125013
780115
750794
696434
575014
716052
522464
525890
421546
361497
534783
104820
125249
502152
695221
44106
629820
135027
105586
824657
438603
512447
171782
118836
314436
445760
112824
843339
146765
408097
402785
673552
687590
810175
536291
332626
564726
785109
630569
461378
589840
219122
514012
54539
279841
42470
797790
8191
559385
866524
427239
703372
518932
112577
504154
831949
48868
341955
127780
397341
622685
203316
589552
512582
402332
538446
154025
743255
450933
394288
845165
399765
846808
573351
134827
611656
484382
92200
787129
254550
695574
800441
246292
710733
278567
427055
327956
837082
524897
400562
826123
768439
847300
762045
483099
48160
393676
585634
870097
884454
177368
714858
831714
773341
725366
776090
801824
748720
469644
733937
286808
102836
436677
198094
626252
262394
651735
233678
397128
855358
310669
88979
234435
117181
883350
134400
298324
470691
100520
430048
40718
276674
285554
169159
723258
681343
311454
762129
516912
73862
307711
810182
454417
880829
473340
551519
250691
588406
19032
435938
225770
639871
520734
449672
160224
183827
461286
248480
875857
229107
468710
108909
504277
741871
264376
143914
637962
281662
737124
90062
819246
466830
683370
101451
503638
752053
833966
207312
382734
331366
210528
211182
710030
268191
206982
719415
184148
19422
836553
833826
66308
827956
308409
485707
879865
701842
385886
577880
633574
530304
501340
515543
392558
491501
230914
717954
89596
730368
164047
874597
663552
145804
15073
78870
123239
237187
899163
353634
725142
84385
897650
835017
179522
129545
739957
432352
281390
310350
749047
658740
220514
203495
387355
398414
79813
897765
25338
650450
733879
8897
48531
6113
399246
16750
223184
274143
144363
609518
894640
157455
381879
54561
899511
598746
775231
808632
502734
844654
201673
130055
878904
445283
530130
753080
671315
427705
447014
618140
765991
265469
827291
508637
835406
845194
523211
577648
341536
390541
174156
698918
330426
219969
547149
360193
29418
249144
591663
283235
503449
423547
446717
241345
719221
64232
410762
722551
898522
133339
623526
233622
603933
227016
555932
825048
785973
329508
477707
516628
771846
795331
721119
319725
755403
73435
384108
216005
383775
238472
11782
445166
629320
320457
25503
199745
758529
565064
391550
318376
114435
211927
491544
370741
543503
13590
90542
377974
142682
144337
605507
347552
532438
81285
873272
695336
666584
637475
520710
200561
759179
451469
318424
332095
882449
150302
420770
305098
471665
716774
259585
838190
165218
473875
531953
682335
734770
608843
646341
410490
758259
550870
109798
553047
424067
340120
821483
379963
531094
204540
244402
761321
454338
417772
305304
268504
493543
168637
880731
202976
290937
464519
423049
523470
118443
88210
539460
310456
194906
858636
291669
205546
73203
411191
440521
525022
189378
372384
372396
739305
653944
79561
129441
350738
504536
379881
456796
648191
560606
300073
862844
617992
260076
559023
300264
234476
387923
732375
745061
816642
733018
765245
392529
135176
705518
206520
334495
877175
634854
569952
211023
793592
180594
75344
278953
371695
276000
350951
820054
632821
816042
78024
527452
180965
354303
578561
431220
149676
427756
256104
385769
527043
154855
80673
422287
763992
741656
201213
112797
756872
877221
67677
618344
635882
498136
62132
21630
104933
890927
279082
794972
428513
316831
39485
136300
159067
812102
260193
715007
238386
312268
532008
752739
344894
407445
257245
225505
581472
352262
469194
833814
559828
154225
83994
489515
783812
603966
58457
68435
162166
265240
168727
716480
611174
781362
12907
766339
659694
302292
688980
884190
256001
90822
273083
621255
77847
316183
693524
861404
839458
160074
880612
752606
795104
808926
430684
608972
249993
452953
139683
158556
421192
377008
304818
687383
760679
182038
410168
244754
822851
319166
27262
390629
414334
120974
718693
220746
350899
812802
806699
321588
269412
485466
398093
701354
303855
538370
829830
340606
549631
143164
206070
316302
584799
811115
239678
303542
563945
286430
662567
152111
303613
45624
89346
360936
590893
431224
452874
139488
414037
824970
732998
156317
672168
674953
308074
412589
110149
383055
298045
291190
12328
110906
70422
129948
558141
222013
227935
464175
541296
666784
828220
324717
892160
395317
319781
861499
45970
413049
494894
187580
739265
885698
487271
527883
734610
605451
254176
477979
743782
829849
521541
439817
290857
31625
117831
92474
331688
168953
460698
507223
176319
629135
92539
279809
842128
239146
167978
169618
95024
704163
51061
625426
110459
710047
450613
123474
571688
177172
340241
649897
193271
824885
98464
891529
598022
864700
421485
127773
164387
438483
529491
862529
567132
525248
156455
405374
283698
576170
168309
803265
507116
355788
675267
734134
851656
453269
651730
340422
544396
543896
806498
429482
316379
828823
390325
378731
353059
351272
263276
282520
376178
339425
771213
213731
483017
833221
285030
821849
348777
407115
512780
855067
805802
272903
756188
253309
301003
687191
309058
703899
735811
66476
53368
79251
862582
451283
189734
254083
439779
425151
192232
319872
771546
799573
513933
145264
60715
557396
111099
175749
195385
468638
882000
686806
150798
138504
862276
840635
470312
761818
164746
818628
103089
689251
158517
824087
153068
64124
511703
831173
127083
542167
7877
391400
154174
336772
883574
698075
422
744095
148362
288822
176839
470202
552392
893540
700092
376259
249887
435331
601220
846801
766798
605879
138458
752272
339679
160427
723618
553639
837741
265733
597439
473538
893991
65573
243714
182657
262381
208570
405213
200316
159511
588193
461078
424401
892501
830139
405655
799052
525425
327049
225186
410962
739313
439878
357121
297513
861656
994
757723
289959
648908
770167
872323
550390
379186
548938
579883
644289
273685
141791
456662
346494
550150
526617
645738
147192
537438
756493
424196
779575
239806
775809
483622
465326
84535
385863
890379
241697
456390
362320
466236
51729
511671
666735
680219
237702
782474
31147
779611
736696
587635
540544
644563
53977
152347
449138
56072
633346
152421
443247
57735
670329
802347
588320
671988
507740
793126
655788
609436
459469
567084
257002
306311
82457
436371
157696
388874
395878
116
239037
583417
522489
569579
552399
683801
851170
717627
717153
85778
189221
439854
181749
845700
349445
61562
879930
558481
485710
598815
98378
52536
84127
111053
308611
416066
120371
70243
385056
241749
502571
612050
379955
201990
67673
445632
770753
423691
63435
579464
429818
375406
269682
253758
305459
635902
314031
387152
109314
459392
140697
826824
804949
301027
402349
479215
389584
868400
476306
515884
405377
215328
545767
178665
514273
670247
57356
749270
522954
673391
370730
528999
284623
215424
23296
306776
479101
574330
464747
86194
247852
725541
670641
270309
702401
422272
66473
154293
698116
42422
685099
282385
556088
793198
11728
442686
397020
85249
262245
448626
237886
385191
370066
492956
451671
66730
394497
851841
701158
504636
725325
638754
56333
597957
759465
607737
111042
865268
415241
151202
725331
364982
105009
61911
53210
844645
875001
568563
883288
233336
293977
889400
560625
241304
866391
722891
305347
727858
262954
38173
441412
755624
714953
847589
543512
178403
890229
484777
120396
337571
432224
206972
594162
616982
339705
822593
813273
689191
419766
286989
886407
603022
449596
318475
413846
547590
853837
504889
369705
632187
610990
76527
873578
689378
375732
694688
503073
450915
141611
153465
319154
434929
243523
329318
121204
129914
377463
743220
106666
361881
328667
115281
583552
3465
408385
753967
304419
194292
329160
396936
553949
377386
624418
97020
93931
17261
469345
108117
863261
516297
284381
573995
735562
654113
636804
525572
752174
494340
83742
282483
235169
384639
601084
475329
572212
32204
550557
474345
13226
827496
457181
186749
99729
68514
774266
396071
184093
78446
659619
821258
413023
830458
163104
724742
53959
321976
737849
406617
218451
760506
10980
188131
8210
752828
675373
293091
575993
470491
583012
633853
44641
702052
186654
209981
222332
440519
113673
345108
728978
853609
268081
776929
444604
788409
475943
425836
741756
576890
290196
173067
301815
448991
414586
440679
543312
711542
95011
210105
652227
107771
830345
678766
75578
128877
536385
439818
678127
79933
555684
237449
475135
473858
195260
269184
605351
512106
723335
869089
281502
499115
825003
409149
602031
888088
249687
738916
630673
765327
246001
609257
861476
859151
371297
877377
682442
621958
727993
404265
658624
360552
384447
480583
680728
197533
733241
168361
129493
898417
673012
363370
384449
577199
570481
558835
681806
295815
41357
434430
540167
559404
489131
672693
842643
650395
205856
599865
100358
403253
794586
621983
412675
241837
378126
875701
71313
433181
878556
498274
681017
356467
524706
302667
823674
721417
831418
291441
229065
835826
821136
342520
541544
794320
177957
731971
382657
857539
714969
740827
142048
894716
181368
51342
309738
99535
483460
611796
236318
346759
67130
745709
845703
39699
442148
364071
134235
66078
875578
51355
563891
752541
867862
402134
667046
195745
889875
354134
289892
232268
256577
781002
52781
715392
456744
625340
484140
337267
352981
377835
516851
47711
676870
291248
230484
681782
521230
97634
629113
549682
877606
80885
646432
531114
214769
28541
754519
284993
477513
620017
347696
367449
48587
389771
237537
331045
666300
97836
118490
10203
815639
689499
299620
393864
121492
803214
862899
225342
168854
629793
418663
269481
362257
8995
813125
185695
30101
615025
665645
453749
896732
736602
187991
411950
141004
230369
642479
696270
62698
493889
489866
798893
42780
868587
534884
540616
624568
87530
448824
676561
490894
138536
629499
262950
245390
764105
595637
505215
345752
660021
868317
274113
256831
892532
343120
60208
125944
376945
343245
179969
280325
769537
475280
844237
149432
787933
395113
643521
504934
668010
364888
348818
838026
596858
590408
478127
437811
585484
186373
429359
173868
661518
494139
694600
698309
347682
168684
874721
816675
781503
452942
616000
465729
177550
152607
567197
140001
632501
190373
170584
24083
487953
821735
732198
893376
84188
619585
274630
146867
642350
570344
663825
491621
302303
427355
604176
472708
216842
213825
583304
701024
419982
53317
439088
223890
242638
524331
798723
272905
411544
240782
718897
361265
58531
714807
153936
203554
133393
480796
462607
291843
335220
501714
642123
781241
86125
416081
653307
404720
818255
375075
25606
229220
622818
29288
211317
251084
824388
305929
776162
702340
270570
207574
506383
217878
414020
196926
662836
782340
382238
104363
286832
182517
572258
497656
344896
532538
664699
418736
204686
836251
52757
550469
374401
143394
533696
10281
717522
298052
273299
871660
735423
6279
52494
410162
169784
116853
644631
152848
322870
626940
789350
644387
532363
413407
809628
244174
49429
473660
315630
305486
242861
269114
894944
426299
322492
357871
101836
598589
34924
9068
892801
395816
853276
591590
244136
691126
886798
480386
154434
879264
279802
604988
740174
286329
862790
419283
215911
402886
249261
895156
178473
91101
564475
877090
449524
696826
811675
646527
769769
420888
20711
169306
159761
567730
599871
401749
853661
96118
53526
768081
329576
534082
669701
621432
484729
437983
476258
613671
71589
844246
758700
749430
23473
677555
709181
878246
405237
234869
727330
415526
696539
15822
157511
129985
18279
555070
510571
418023
40657
652646
487955
597206
215245
493035
186011
323462
198060
140010
508550
172270
456123
16306
803798
100118
480329
42498
89399
745818
331943
577120
784118
617719
256264
795699
502352
225461
613735
506302
266117
346897
409863
514714
403211
270534
602933
304494
186622
450712
870602
23374
877845
633948
200910
241805
894448
41191
781398
737471
458861
297586
213646
394928
679194
566887
292241
44251
240677
117162
734709
883208
657520
535559
92132
855398
192384
168052
75492
53504
675860
707170
790424
722814
719922
626534
86432
547035
52125
733278
348572
231999
881891
436386
288206
545208
250995
409993
160892
55802
676555
265941
464341
699856
581296
655388
154443
827165
364887
717332
864382
444148
679296
412953
406330
769936
66946
595710
599639
755505
636993
613487
163774
751060
106876
205598
243115
341421
372835
235762
63949
41315
415366
358312
766603
360809
13769
678917
648097
850005
428980
642233
595527
36414
122406
743185
711763
224087
636809
709658
653749
146082
410528
567725
344768
409395
440477
295771
114185
637378
253968
488438
490599
395980
195258
566777
487675
852967
484896
528565
385961
120128
291226
688378
83844
435987
805835
14046
213351
433798
709451
332205
453824
406755
883039
213005
475655
386352
711562
297036
540300
580172
22621
817864
360463
848136
580267
413083
673993
503935
731160
700609
805064
311891
885775
163432
847191
224070
449905
121331
552955
536019
352107
320779
888282
723943
364001
691298
308087
450398
364807
455493
743096
128766
134735
736637
229353
818794
700316
445442
319865
861316
146101
473501
496609
151235
371509
252280
501701
252716
235743
228069
228819
885904
731534
362056
284425
496354
660811
306081
266227
624179
115096
273498
489745
805228
664681
11689
177623
66279
3826
324354
602831
71243
548283
815325
352153
765986
108081
397951
563954
651256
581046
621000
757650
858994
422328
263224
122607
420873
216831
605022
606080
346402
629696
315807
366204
846219
121679
464831
395904
537683
742737
833072
110223
212423
406639
20884
424371
171205
799814
390128
163458
679998
114364
179631
664733
47469
453165
131887
265362
235695
563267
638061
629505
759806
220292
190440
151803
454414
197253
622196
618822
656386
515421
600446
373597
476588
254324
180631
642356
351520
402138
19423
780218
425843
884020
852527
867799
65269
551024
597122
361525
633608
444922
427041
236250
246908
64680
886346
486067
299241
472976
290876
539757
485576
611193
432066
427069
724591
643598
350297
588672
694855
279535
106528
827196
697995
147298
493339
505285
245406
837799
497156
581659
450761
539657
312623
694193
355345
171024
438615
20521
301201
608307
768106
475482
856761
498250
533646
438931
287011
552738
281295
514586
737613
275082
197127
672333
349240
261578
636776
872810
413436
375828
697513
177546
76518
455506
763690
818663
323823
4479
712133
195423
832794
672370
724819
208049
878057
809428
862840
185412
756764
870451
270061
600710
730440
566095
646152
790994
295440
739377
352554
724171
587715
349468
39301
291205
536914
754203
409319
533507
114027
489082
332903
436090
352086
123121
509163
796693
856524
822331
506004
863122
760815
714085
35463
388521
46251
280417
571576
856077
711527
556282
288341
727723
452039
810050
683372
255280
866497
832232
538906
657575
373945
792133
370513
723199
601948
895861
722501
548746
63798
690115
497844
194594
605648
708988
747856
559175
378025
31526
428362
225860
258416
853610
241628
772815
777083
444300
288402
173774
321063
633947
521078
444023
859981
796420
751928
149968
412989
390081
613494
344213
605082
846511
767917
688856
387378
734365
853500
363075
876984
816160
284657
520441
688319
730435
286003
362426
826805
769660
848364
845093
260537
567514
841712
890328
206843
322234
8174
153331
799215
349305
330194
503002
460366
845156
780948
227801
273737
464875
116033
116866
47818
447124
770979
94033
295433
526571
177296
374097
413639
753079
282156
567320
741931
271144
262620
233805
770679
624653
152361
530090
895750
721026
708460
203932
728996
458694
834812
474887
550697
595082
236945
167527
802548
79430
129748
265041
594081
831398
597765
874360
742438
774945
431688
316619
780560
584042
495565
407163
189172
318591
594363
230843
20084
827871
263673
250176
748369
44889
354233
560584
491912
57759
611361
403767
734954
840793
719574
72796
564251
67286
461927
866866
464839
281886
30355
742466
437692
412930
768025
741190
363944
464661
599418
735112
726352
651572
706189
182697
865033
786976
107551
888254
676439
161517
228228
587349
455520
571826
107326
426677
2572
378753
644073
728611
860732
619313
543489
252353
527395
25302
365905
743825
125317
168339
767033
222487
799467
344517
325499
142012
698144
286560
853794
316783
278348
787704
838511
582662
746954
554230
511169
549186
591623
165386
103904
259728
642746
318239
515687
296972
633466
536362
590028
46496
672225
1564
222988
392266
475003
272343
230840
594300
451562
714397
94582
449181
253658
221092
235094
255277
596572
63142
716914
525861
292929
487797
862784
27037
55125
878188
257399
44871
229205
886208
353084
624952
325294
876021
262472
479111
251764
247629
511447
422190
438427
844539
241872
430638
619286
392662
551628
148623
583850
342089
694405
501988
590989
399111
647292
750093
266688
273564
816391
455702
54439
281790
672117
369117
338721
253314
440895
631665
808072
298411
735022
498133
138023
331902
72291
799716
825555
121585
38502
718959
92007
671265
303566
733314
28288
582179
348809
99236
234289
703282
645066
630365
231876
327207
874445
731218
527214
572231
383143
272716
332782
774966
118670
202326
594050
640489
130018
318181
771653
487545
757752
277394
460297
70996
569665
103683
5805
432461
301339
868840
266011
631155
681587
839616
22465
102432
540598
219164
866185
382088
654963
505979
574455
726001
301582
426997
483551
278561
834499
555860
183841
316723
340629
92091
76674
684068
326227
709258
76392
559210
9957
613498
836625
22371
345113
362275
138321
663083
317316
586430
357958
874920
854679
667940
237977
29472
443008
823349
425364
853642
869402
315764
500122
847170
209394
13871
560232
425941
783766
778845
270950
134204
10076
675777
317257
148710
395757
556619
792776
772270
32972
101789
71225
858348
450695
264682
866632
692807
385497
834874
791923
401768
143705
534379
52261
297162
100130
111058
236845
248429
527808
44447
348282
809737
164756
842302
95669
577280
288548
503002
257051
420780
162914
813660
746518
158104
586487
15409
155255
375051
579916
289673
560594
300094
481205
256796
837909
189039
447899
780551
66214
253006
11908
313332
363289
565909
574592
644248
637803
795284
779539
97909
559709
812042
533722
361600
74928
230416
467868
117437
616154
692879
657487
764678
635651
206578
520515
765002
322783
612502
554671
497075
649543
266653
645366
741280
607894
259874
558357
582384
711005
630887
774956
721120
717891
268139
11975
482412
659197
687703
850440
883282
423270
819607
79955
356052
277083
283014
672406
653979
400245
377986
537842
891481
155908
338398
126890
238151
337605
124534
497159
116653
148512
662941
396037
1472
667936
769779
360862
63397
798991
130355
874737
682868
445582
846056
304079
188791
281806
425023
822242
589874
397294
174903
212474
801821
74545
843669
372948
496653
287163
765396
33001
394769
271848
861402
23377
208567
409545
497190
385075
306574
773020
446534
368842
841479
324166
187236
840597
585333
422640
13760
407995
501523
519708
552665
519512
584292
456898
311237
306537
164118
853579
574177
428976
479936
25545
180130
575205
173898
661905
206857
208953
341932
714518
599828
731399
475535
22147
120082
29402
602287
206997
221743
306869
635810
414675
206573
402211
713298
33642
141619
695356
541254
404745
360703
269392
766655
67894
31320
875859
21566
239020
443775
741029
515171
483570
248451
167645
167760
67352
510387
154481
495371
507792
205806
84932
864611
617863
472022
350541
343274
535935
664419
444736
372961
286250
279540
721532
879281
523077
46913
296560
730293
818767
220364
293834
226358
279972
323349
587582
247470
235162
292813
613423
603405
266903
39714
635229
88282
268909
287097
139083
59633
528116
319833
543755
847883
304706
729636
600873
425979
556617
337985
286385
870453
478317
114548
17150
826729
238464
503280
255296
292013
691356
323747
408456
691320
601661
484847
629843
839787
347832
732664
51153
656874
142748
97337
282449
693800
176580
195857
34411
451777
214101
290171
355401
772384
441530
136380
855698
115457
848154
179606
171477
600625
591507
716153
706511
463185
718485
647704
327738
170906
543389
689913
147346
538522
727116
696646
787620
394332
684356
663553
227445
296070
797695
173429
84492
102428
529195
46535
89469
894562
387014
21835
519667
158622
438482
483763
457305
219772
747797
659138
347494
369899
9647
757151
153027
697060
259353
613157
746105
603371
18327
660535
693884
632879
389561
40657
652750
588491
350164
157818
894705
574735
862327
147349
463949
802936
116621
18198
494906
531419
614991
293233
492043
246786
670851
355119
571991
613805
859669
47546
681221
848122
207472
37496
439059
617439
345784
269588
440611
835091
413575
108663
305763
155660
186339
524566
212247
447172
182137
538949
48261
693813
620120
871433
109373
13603
516396
36843
420963
587833
852981
319721
734907
111627
50435
141254
875247
630010
657328
313666
887040
222519
149275
883172
181286
139007
205020
365843
27302
775300
861001
410884
186159
29868
335396
259150
703345
670642
893150
669657
773915
886731
161229
776117
348335
571203
290309
28327
655108
360614
694070
79838
102327
211834
14721
888676
820304
201449
62040
319216
372428
792989
408721
803800
885612
256292
362343
43843
745881
683891
418702
243773
825331
691815
398033
117700
468341
50950
502089
504031
337830
189092
683163
144270
502238
815746
28335
428892
882
33073
852329
49873
721311
765811
806534
99364
785615
83682
104885
342062
524811
250219
295727
280057
348830
667058
523860
454008
535969
711929
374884
350960
522248
207995
406966
616980
617896
544498
422041
150958
350467
84856
572484
253177
486226
847787
721372
423756
547981
677514
453026
655249
658490
675772
412694
633555
389200
69648
389068
310613
198951
805470
492329
801248
330911
259020
331514
58869
572297
266701
352945
122656
789717
299781
631838
392013
724761
29511
616710
80533
154490
672799
117058
683440
829722
521995
860150
630798
617087
602500
319212
199105
640892
67931
454924
314546
412062
690270
456443
394836
83509
394233
366926
565270
306141
700185
525769
865681
701448
11213
296376
223649
209225
878565
870472
426097
286464
364860
637123
282735
86269
559346
571879
218462
483443
758450
267874
48843
705146
65427
46412
868599
505568
349369
157825
34866
221358
62523
51450
484873
858707
144447
833830
779766
128175
272482
394346
471638
445470
638068
287570
86169
766175
442591
121330
24626
639775
654504
556382
453357
44359
459151
463843
338880
506751
355985
225728
157338
118973
613773
820420
680089
328238
898723
212389
479896
166720
303543
497722
506820
11786
742293
659638
797040
662520
442927
861826
711327
622806
861538
877269
56158
425721
286167
803282
484596
305669
447589
463551
213745
282430
895123
264541
348836
433486
447707
571049
289385
418031
862890
553934
316703
635766
301924
445924
243160
764125
140773
422409
59113
622956
642018
458042
506561
826659
367502
143439
836951
361093
230233
779184
728476
262660
485682
720536
450735
430662
680365
663140
712655
634897
501055
514808
386219
251352
138790
897487
176085
175970
618534
802268
348470
106067
360462
234178
877659
774649
397721
597068
