4361
761653
93220
778147
230914
436902
149657
785565
663935
261070
540489
461423
261864
560981
180075
775902
494227
327843
208956
265070
100821
54980
184028
782773
450350
207243
298885
377034
509554
170962
402088
170907
351028
215935
786790
594238
24688
849570
860615
741631
555318
51546
713851
717337
324718
198456
60395
679072
668652
428572
134555
656314
698130
49019
522430
844462
330524
712482
133910
533236
870092
311732
225382
658444
318226
423311
284182
794539
400728
110445
110755
233840
513256
263527
324352
138965
830298
531347
215309
679809
888637
36782
822514
634330
170401
143796
874520
46168
299839
745228
393028
33556
91558
359425
244369
554719
700291
140747
742377
263183
240716
57517
652287
104212
532233
444599
583308
583625
656767
654507
545605
771622
404890
49404
643861
578931
107319
164435
565564
859126
1323
145644
461572
695821
717364
35485
399131
513208
794202
784502
33842
851917
580064
385091
674577
561583
783533
523887
422644
815928
670578
67171
297862
490195
349432
773900
660921
559079
114375
478011
853152
468558
656117
497861
774825
90212
698153
757867
177113
611546
216139
666580
755525
228265
227786
263382
146731
760068
82281
123315
838924
642663
342599
221792
873286
242988
714601
94113
572401
125308
576646
789456
510102
767042
555216
493725
883015
601531
231354
109391
398079
262826
819306
507209
232599
313064
193596
866312
381634
271736
862928
778472
369158
841689
728625
80069
545944
37684
203331
810111
383890
642293
655432
65655
714195
327479
628687
475159
169939
754520
741690
835150
266817
329356
401099
90329
553116
227181
556522
311005
212298
464495
88661
605232
513176
498994
837861
703543
427215
716721
123321
548554
351247
638007
144481
15092
888427
21361
374440
164279
785280
471070
2335
378092
220947
448004
677922
711464
79175
243964
824394
807386
207895
677965
189390
143280
89654
772470
720502
418682
57888
874309
583294
747046
369533
76677
640836
822730
268210
453108
264462
821185
503523
772242
244187
92716
632009
107061
183940
652250
656300
3706
205902
454050
634813
19030
115407
79981
669523
851274
141402
565585
877280
779541
20585
490775
147406
348323
360806
356798
570044
419587
706838
3961
41839
248663
224034
564243
399767
669284
600995
696403
799327
262761
453418
238586
424688
820781
203274
201
377635
489073
520003
188480
721889
432932
614443
757729
563545
267637
870554
636467
783356
287587
807250
7299
639161
690193
29897
887652
734384
660917
565301
725175
76501
75759
100147
622534
38404
557623
322804
800138
488155
49231
760133
326188
366488
778104
392313
716200
806639
536608
827221
65774
765704
263768
49784
572514
312468
567620
728900
355972
815466
859724
854349
683178
19138
443280
539101
730793
565996
787288
805442
592498
722798
7528
762421
593432
696633
595955
576552
496272
632007
449191
567371
148562
413971
380678
509914
839708
405076
708213
803271
655606
271671
681709
315999
743824
698681
441678
461820
521895
295486
801843
484551
10278
289968
436001
41031
714953
287128
739514
440459
115485
767186
547150
758799
484
649616
209841
306926
305909
514030
754119
426981
236319
737197
14011
246976
194189
841902
822159
318787
266501
13836
436430
635351
352843
895926
740541
841263
713987
397448
849392
100981
211188
585094
197818
263190
192967
501941
207260
84743
109007
758549
383806
248755
175682
561534
466619
78946
752197
184565
71862
392423
704871
774956
354283
543110
561412
113204
530561
710528
820841
640415
793563
91804
225175
477110
557613
598612
547072
736212
85996
166777
283087
527581
232702
815716
147108
630687
202961
195771
754173
444995
895144
310012
763504
205488
709615
520040
222388
619165
762543
704783
872320
16880
573277
438516
131499
322647
322893
760028
437299
796162
788453
441081
625081
319355
607692
501517
586121
725316
120129
327518
556471
415980
156871
500021
32517
890221
30174
819634
165505
644645
344589
431983
876523
721774
433179
94031
747380
898908
884798
439651
181762
427827
283850
799385
463633
876387
820939
144290
674676
188449
844462
408350
627608
265891
547801
421063
769481
446231
116027
444982
89805
774496
549438
527221
837679
152655
755801
249058
638231
697818
106018
825437
860564
395739
834593
810223
657531
326952
566623
287191
556425
830122
758525
109298
516100
21660
291841
470725
367776
458402
190732
727498
335390
707267
806727
419605
197295
822309
862139
280802
124022
852324
546847
362941
700395
51534
418636
93102
896347
342142
96877
147007
290157
829011
143442
855019
428928
375436
577284
563268
327504
723810
250483
93953
599351
101378
818186
579875
366160
688325
109188
862242
59638
404462
33272
528024
121931
211264
873584
459466
779702
148441
95352
718063
63107
165327
219921
111678
336654
727814
448165
523672
812922
322891
132949
656751
13820
515023
37614
39634
258197
172259
613690
693302
851164
395373
692594
366690
88057
164997
511249
109431
698734
603054
15396
18650
344337
503540
770046
611648
601748
769214
399464
499605
828805
262992
18677
27112
866320
528801
439188
127798
629635
144819
656479
874354
682634
284500
876368
41998
596633
182544
586642
856937
781736
561233
113973
509237
367160
824596
610588
631075
70036
679593
234321
155150
79539
452487
650297
80416
787897
416777
99617
45957
456509
484297
74679
870794
258598
239800
421942
682705
657742
265943
757561
628917
772808
606357
568432
720500
131518
820549
792368
271581
269011
868186
559685
833399
836456
130914
316995
231884
326938
63805
386874
775409
548296
651961
791112
467123
373490
655244
732136
889919
717373
65356
111176
227469
758323
119182
438072
582058
484455
226105
373150
829409
16438
415238
658439
535398
898601
625911
11512
46175
810903
696689
530050
257711
748935
255159
411412
30335
449652
757572
26219
94539
161801
358085
617700
431463
377355
829968
510449
881164
858902
492453
129162
348579
488639
851872
83611
366061
814553
284408
246748
840973
577396
299959
710270
88658
794111
727382
172832
630116
116622
91285
696449
372714
721239
207348
683760
761142
763574
675184
6944
138446
470448
534493
242039
847032
448148
311133
480006
29153
815933
101690
497714
257194
791253
674438
632721
471311
637684
67116
517360
82805
691782
223698
681201
795728
621482
602414
112722
365806
869206
667906
291304
662659
354168
785749
440747
528658
529144
615280
578858
393013
375481
417169
203104
557770
316510
247695
339870
382458
248841
771627
176264
70406
73342
495536
61884
54256
181991
576615
186732
658147
622353
125625
302861
489792
130515
573857
335272
599143
653326
883309
316142
66974
495056
730033
173960
307521
488851
829192
85676
461638
782178
531433
166379
768907
261724
228066
194696
784351
463857
57651
86531
171658
99081
746345
60019
466585
258436
893045
739891
249450
748860
578505
844019
303248
434566
147022
831151
450787
93880
766373
650972
333736
49316
54296
246879
378681
380707
104700
882520
233200
764205
512134
698395
813749
777924
5607
388415
838529
566608
707877
19023
46895
668933
756087
249599
373022
770817
531836
431704
802853
496817
810841
39988
852244
896147
515309
685894
769858
777910
611027
777872
228505
776830
873364
844376
125594
778340
601798
170292
27565
692026
641412
275490
442922
797036
685483
446708
368029
331874
323151
589353
369946
476130
403736
246967
294333
569042
136508
107748
595196
286683
67546
680724
285739
531977
745104
397789
504972
261455
75226
849366
767089
376583
760040
524878
170223
366327
605402
627801
629153
675823
766843
836772
54102
77775
287543
189450
458360
648326
192569
848159
566970
589333
668006
816425
202685
753297
688592
91183
103135
583944
473592
126090
510304
372891
573539
67032
556562
734889
188119
88879
564029
112332
304243
231086
166477
536892
37097
678959
329529
439890
580632
406393
534064
121640
861386
4722
44673
93947
805670
340370
182791
30546
723923
841107
477647
759033
686539
21636
246184
807782
352919
696316
893574
354140
621773
831883
325523
221998
682434
791052
66227
385019
547021
221751
392274
247895
825018
214548
262380
638923
550440
444586
617400
232435
803744
363573
44850
491493
596018
597397
421572
345809
203213
893987
703856
640292
291195
326271
316444
564871
136375
454532
821819
42820
614572
881597
392916
558984
477579
557074
685873
553828
687976
4602
318887
247854
214930
22388
853724
289028
421965
663610
24848
116590
570536
125006
427655
887602
340909
133629
625516
495707
592860
466981
690866
730376
253711
450059
706398
536048
495343
320390
483530
452635
47784
123014
261318
658685
820277
198178
852826
269616
689146
497630
863654
105709
397776
535605
585002
447078
384730
649769
762945
130755
882839
383972
718568
199671
466545
833481
295773
361598
46898
414588
697251
831414
7574
870475
145089
647798
310907
78232
64778
175791
343668
243268
800343
648478
747454
641273
53488
71275
445930
704436
739147
515842
465497
877805
767691
140139
128262
772836
565417
649448
433788
481482
681648
765131
773448
94697
459330
34481
58858
734929
109464
366686
388197
768448
557479
609206
60918
229677
29822
153429
752353
366514
230764
297197
125190
773811
534782
104122
164755
100367
838822
458595
825587
542786
300471
792911
162596
754420
325229
493728
742502
184066
639658
403537
231664
77991
670298
141608
749980
134342
497592
165752
118850
699735
304777
501751
869955
701292
820742
821238
192668
835646
613112
698082
448026
93241
682076
179893
363948
342176
540582
120378
261748
730815
463649
335964
49240
359179
519892
535625
716085
38392
681281
122984
143571
554903
687431
101620
798323
245321
173127
61748
745988
610757
41603
360697
364502
735522
59042
588243
18406
702946
219281
850864
817623
364923
345283
596018
659650
643714
815065
360556
647844
523574
115741
187193
122038
896039
529864
501241
130906
353825
646660
167496
788593
437497
381227
240253
743337
887954
135662
364092
824244
845068
34898
496792
264020
324235
407572
467209
477586
408383
126317
753893
640653
657333
520113
148734
844752
334969
765106
296537
132220
890790
852705
687238
578469
380428
217716
212641
581561
211869
354691
620611
391290
644980
95725
637797
467757
218658
616311
674099
506955
114134
686740
706473
643733
159753
521793
417645
263524
187267
165543
191336
779038
534061
94243
397794
570725
822900
424834
189785
743369
277174
430342
849598
205822
793261
867302
340684
4328
238805
367281
632421
172755
43612
563283
740491
861951
708549
435792
505656
72152
234744
171629
802171
733443
150090
275342
860400
84853
471620
317722
415354
77118
316754
242170
698367
513410
70987
777345
190688
345608
363448
86150
803412
126476
31811
307500
454912
501423
271102
124962
169589
408654
640108
155654
71270
749840
644080
310597
566660
130904
288784
154750
367959
143227
417189
815332
526107
141419
547266
173826
814422
234194
876799
633848
692306
661211
760609
664100
843611
237193
345607
301148
243478
51723
322899
158648
564155
533831
309108
92717
332273
432627
228172
400787
40709
487908
531010
25256
89063
506749
207079
41549
664001
849705
175805
371822
214580
194627
630056
589791
648208
491986
892789
256258
19504
142515
2050
823974
279216
18702
46857
727369
765901
23979
831500
891805
791767
580637
478110
376105
274357
434300
469484
708358
662037
710769
732551
267338
493774
516362
158958
729922
518228
318797
327676
834263
346583
549705
130539
777011
709177
644712
887332
658877
18506
162721
181573
6177
176930
460971
666797
34475
744410
205963
319783
144433
720391
887214
813968
860560
408820
550450
245862
841903
305946
529150
636528
65824
430591
639763
452
14117
27113
255994
631129
14127
142429
415516
195562
224737
314841
116400
685762
667699
399178
187631
560970
582034
858154
513348
676781
51557
87417
565824
444869
521707
799383
141546
266404
29376
834012
245203
656480
654015
593556
182022
308923
20960
796347
158206
844270
679298
501520
102259
603122
210340
196153
523212
15627
13870
389619
476856
214098
769197
419987
71032
499965
113627
326462
424628
29197
389308
428162
685230
859699
134948
206383
54931
827039
641015
325366
635021
844231
255337
343068
96437
765297
447876
604538
535590
548990
510023
78773
128909
381010
539851
248597
653245
492292
423105
779076
62432
107230
544247
612132
102599
647217
821434
435309
395042
32121
99062
323491
880139
257544
219608
135792
57788
890386
659380
871907
114721
422325
31746
249316
684360
655490
607171
229298
219733
100652
394594
73724
363410
424268
570678
764184
301924
789263
42308
833763
279416
661885
873953
52982
581820
417382
198165
566401
72171
257610
717658
419366
645376
883845
645572
124725
659500
425462
635323
685792
869154
138475
876131
519482
356943
469035
207485
581873
285959
611327
369190
586308
182394
296734
151485
144194
659846
675699
899426
874082
185830
476781
610010
18393
869192
293699
568879
93019
867197
764002
510452
318257
212489
818484
299878
735123
635514
349551
737710
667202
580757
860919
660836
15204
297259
233936
342637
672445
718219
11205
418469
99943
57234
521134
249143
679822
741085
962
166728
450635
633247
63417
178452
38106
572846
534075
216689
773562
600727
734571
578544
351456
705970
857610
398850
773464
429904
109833
610902
80762
594832
190351
886368
649285
249074
54658
475798
357210
116195
769174
592724
36408
870103
188271
679071
625199
273268
411797
193798
150179
604042
174899
132037
232351
883073
122284
5636
747987
439020
644603
281340
661420
168153
643300
788185
373935
220490
841021
731386
480594
198493
424947
452213
113846
737223
123770
118200
509092
565056
66068
619371
372803
24056
562749
447825
67220
508872
318609
200878
312714
384770
653307
776962
734313
748298
105499
453042
634714
10398
812402
705992
49896
489105
118637
242225
525274
509749
59436
318276
140045
211382
526894
668291
144749
342276
552731
493753
562161
679497
830317
478628
528336
805753
379484
536844
751395
519462
41509
683921
582073
735507
221814
623683
331697
276161
275384
293610
361559
168389
398969
557798
36894
498842
149686
9393
887766
451667
239138
189441
600874
883465
428693
768202
824730
318898
644083
643327
32560
670515
852695
641305
802400
783212
288028
521424
695521
709905
92809
460998
301826
95738
258231
670723
402667
416880
167264
90299
334257
312743
94853
582348
232981
876043
675867
101220
728058
651443
782356
416479
40162
595187
599878
1133
131556
615405
654810
845170
302539
368391
794483
745767
405230
26520
538456
653215
4487
297851
523968
896388
143187
64454
597369
201247
440389
406325
473045
513398
23431
393951
432562
264815
188750
307466
742532
681075
850424
169051
246529
657806
770277
659365
479113
883187
870831
857091
585712
797565
304872
228737
517354
321967
748783
11539
636562
754077
626670
211145
173462
83300
576690
434459
761698
739764
591560
799550
892967
575694
98641
702265
203496
617096
353250
45457
594689
464461
698586
523327
429365
364289
569888
372548
354706
297346
185753
483027
858627
234027
84483
841580
858514
791378
291761
499209
439256
77201
376804
145809
754338
861826
52098
117035
293537
427107
401493
387308
241039
388344
322211
21425
270297
150576
48837
373960
86317
228096
261766
54633
622593
873772
387898
725474
494973
597732
112664
739919
820967
793675
722486
714729
73641
625426
404159
429333
143553
12483
802324
330141
528165
431322
637500
231676
231792
478669
214441
380307
269934
643053
757385
487577
813120
71461
858981
811599
304428
842046
126490
476688
376804
620645
111953
279688
462193
327812
25117
301404
541660
817133
730801
390023
299480
596406
224539
366917
729360
631549
156321
143015
724553
768973
156918
716839
413043
266745
64953
433494
833937
709413
25515
856625
610722
258820
209867
35826
145548
860667
243599
601315
559301
340229
501665
881677
592573
149680
896180
556654
550379
490308
700385
69001
721042
161092
188482
674072
585039
219373
102187
403996
286082
487515
306752
566229
512087
786859
820534
199405
250096
556795
855274
341038
665968
296622
713624
180596
548519
498987
305818
675997
219989
604357
885277
603453
841981
516950
631457
523470
43848
507012
376173
698629
48338
806053
630636
775840
196949
141119
337736
478651
335440
369512
704449
596514
158227
667404
611466
79520
426026
778605
101569
673781
711395
696037
444617
109735
61982
224103
529382
334192
721265
576579
6708
200501
69269
432936
864323
688790
197360
117059
576915
14529
712511
413446
642025
251521
748640
489348
40523
324500
711290
310649
470558
745499
807817
596167
548185
184458
399114
142043
72133
565727
807231
660077
341619
850415
366751
36358
853306
857212
689597
888860
62380
205571
391124
802905
5397
141777
240076
881658
117071
14518
587403
386931
245956
890962
859803
199536
648897
533195
466675
338134
218130
687937
198149
182311
230304
44025
379236
338244
659397
117013
723248
21774
382408
535332
662304
737189
162137
739190
272490
702801
478506
298920
662993
327551
189671
882174
359596
784035
286836
632302
550799
419388
516642
350521
688601
112981
656750
683253
303769
666279
112566
854917
320029
331612
99353
673226
479256
83470
404554
470930
638735
537102
712975
47
476769
478177
368604
181347
278161
117029
200968
453271
817329
320145
321065
68907
402989
512538
312241
307464
424209
479057
859972
149393
124407
489802
744020
854071
738513
337432
175323
11371
74735
629652
817844
422991
512238
635005
392087
654662
453853
688889
297903
669418
746413
205721
253242
274044
405173
640666
400508
13493
60799
75368
612480
274459
658547
524637
365036
785744
674173
817959
613184
574245
133149
389352
875979
286763
306572
553687
859242
68874
90918
304836
444702
145226
780024
142648
675113
149679
880742
769210
425957
786242
559001
425646
541216
640905
825284
533497
627895
833657
472466
372288
311470
495906
590
883661
871562
658953
316815
824307
531051
481779
613405
53001
484138
840732
697188
55954
725866
297064
831860
863390
367166
5553
532370
303913
435127
706047
870144
727745
421832
16981
897507
29669
213048
51528
112790
487016
476547
848267
47531
95733
467054
68357
892441
492429
541285
329380
851207
18443
602899
687147
824627
67465
802652
459879
648479
243772
792218
500767
71256
319417
547187
49002
304677
134683
18099
711450
313321
824733
462187
115030
604980
578593
266630
489829
877964
208499
154468
416454
218227
325128
557333
325725
185494
887616
883539
803528
397810
258410
206396
508751
855619
607879
477899
454618
281546
145414
295602
699644
530394
513967
42838
888621
708959
37883
876807
147446
825835
882624
62939
21925
258750
621675
15110
704193
599250
699398
327671
257175
72993
135609
838930
397586
379731
524620
322725
882922
492775
342091
524010
857747
707901
538530
448600
472054
667646
60423
404646
111900
558345
14904
349726
61991
672251
243161
863577
163259
723354
636064
829820
848185
234782
716876
81743
200173
698205
61679
241462
64221
352561
820716
302926
825666
176552
853467
579301
202547
124583
875466
410614
457596
620092
793758
612288
444078
566623
430743
565539
393200
552899
232273
254966
745139
884607
196870
141799
849891
849588
825489
580016
476601
135643
178926
743026
147885
361005
503358
603665
797353
670541
874054
308428
419705
201845
451222
235511
331614
835196
140391
218679
414370
401921
783262
584153
766758
572919
8845
384623
782424
413805
807065
276840
175168
899513
152246
759691
727160
774272
41454
423472
524764
825636
159520
613179
405143
810731
201701
859798
716605
834120
574830
495273
141431
802632
277642
710713
101401
68827
748612
546074
473104
119516
593960
468082
649079
874111
544454
514060
305800
586487
326063
515606
93071
888225
780381
94039
730106
722864
511663
767856
382093
265429
731441
492686
29715
286411
792826
185289
282703
712701
297103
203261
508207
339445
282213
335170
670178
101089
275651
155914
794336
660803
770598
590038
381064
552150
130847
309845
224103
16889
140215
68474
890676
278713
167698
496857
7193
402847
682321
33247
761323
528178
587122
468427
160954
884683
713714
98284
140484
389620
487954
63032
240356
196379
501687
291110
502825
341721
897259
365608
329729
73625
374146
562505
840884
527527
400823
225759
768460
898519
460244
749805
263666
420911
13968
519960
197684
674386
646259
103204
62114
336234
38069
818858
250393
891313
603653
267576
414071
733276
441318
851909
319884
722021
119379
875023
153393
760755
861442
233011
105267
604904
490279
569448
399528
267527
141199
207321
474274
882432
216333
754045
240641
479449
331154
333813
233730
61722
374837
514881
420085
407061
225458
537919
439661
285809
519598
502401
176049
586962
243097
842410
117295
751430
210220
729413
154832
25934
435794
380513
611783
444999
334563
423021
792642
651124
888716
39500
862787
678890
384746
739029
808841
640407
262452
865546
853095
225520
431289
423667
549526
488150
191295
726263
41254
885764
757194
856502
84239
635832
412925
587813
380583
214299
839323
422438
88588
848143
761574
859268
424608
231732
757513
127272
667477
711095
839857
895323
330942
248503
358645
214201
891813
524757
406647
549230
211163
106679
463043
300816
486954
104089
44724
1816
129126
353106
652182
251838
16258
413406
724038
318960
639870
672749
59957
103918
842206
760263
781259
555301
141430
714298
112201
536295
477922
540994
252967
752196
636946
282131
803228
707271
51587
136934
693115
779150
335656
159070
355034
94791
61255
589974
596783
50372
622048
789289
781363
276603
514280
81853
71688
223453
482036
824364
510967
17585
289361
741297
110257
172716
145040
534636
508344
615790
184222
716753
894070
332156
826578
715379
238251
121654
675360
235465
803780
202197
534922
574651
683270
171459
368438
171595
799691
429430
899771
507170
273699
39050
589653
19958
671035
3610
308376
409973
671291
319419
618113
13136
411209
183286
813991
469319
603212
323743
380209
373133
503211
225430
861313
142744
724627
354970
213902
586183
345335
442661
368847
787632
155570
394536
136915
145509
161416
635299
101902
194946
362346
216513
495886
887574
228249
382414
148940
188108
550338
773590
107869
605077
788903
233564
884616
240691
342494
93779
143122
211044
339602
559677
269429
568265
788423
808893
424367
812754
138236
109243
98423
289545
205289
2611
362314
797815
157960
41466
513955
591702
359856
198383
125802
845781
300347
573722
463331
339585
706218
323204
830503
505590
733215
514258
429424
496578
251975
45887
339661
884146
63771
149460
6325
806140
248859
41927
147833
832360
657275
595470
129426
613819
119706
44894
515066
150497
299469
383268
787574
855894
225275
98975
566993
740722
218625
583032
14532
691343
146710
623776
184848
398808
38248
807044
347630
75919
713733
627567
846270
489883
228086
466461
99261
39917
480774
243127
385746
696653
690560
761135
244934
167366
352598
408634
434643
697450
199806
550373
481333
656995
32311
69717
217054
105496
660905
568287
345222
100600
383882
554080
865087
410821
18525
302875
419430
555168
244790
43213
227381
278350
692504
875566
884662
28772
503199
649799
167986
172244
527769
552394
527688
89619
284142
151026
115193
675782
228705
21080
766751
7593
824399
129679
422654
315515
450197
207325
27699
222218
161326
701974
527433
335638
19577
801046
322026
760133
2873
186331
837138
563618
667542
11069
242656
154707
264320
92427
102
779542
469268
456003
361375
719638
729240
884430
681568
498288
274816
152438
99879
832444
439219
475428
195824
47835
612647
807994
895719
856796
621384
169482
686903
378026
332760
247441
268193
5558
180017
255700
98952
471484
256742
291093
183977
327892
408007
216242
547241
893496
89507
421562
734438
439853
719912
460973
488335
645264
464486
850831
728944
688350
731953
118696
477477
37120
884421
621435
742127
575345
768932
354369
246725
405389
80123
413057
883298
93943
504547
501999
237116
579271
285283
88478
485525
882927
797938
380099
468778
766793
595482
255976
892617
197375
59000
689417
201279
437014
295360
799822
23983
407927
643070
114437
146431
79515
563703
476764
8365
359059
305518
44600
695038
22418
1346
650901
335287
740055
685076
125243
439205
654042
21575
810105
143318
309042
448416
678528
132202
490689
180781
696063
131012
562333
606850
351926
450043
722300
250654
604825
844238
845883
97132
285155
796372
726411
412582
606772
29072
740217
605299
665417
656067
824088
125425
148343
175932
789612
627982
802339
869226
373334
680048
111265
277203
676119
484469
865639
34653
112995
728052
178156
418889
516420
160930
103907
863679
587848
524753
249742
335461
489000
102579
815969
583593
662485
683324
640821
334686
413889
8549
163141
261507
67175
164269
212424
702366
629433
305242
463083
379208
540708
696797
477578
153858
544482
783124
715243
771270
470460
401001
442040
516344
784473
742999
399831
214875
327495
564524
81063
557120
383461
306186
535481
295129
343850
835400
757065
757035
357270
696310
81495
820130
431092
879198
314502
604286
189704
890405
36977
47723
207706
746992
786405
674671
115679
247972
172895
862877
774625
802661
489090
411046
802955
256032
577493
626735
428018
565605
660823
77437
742307
453452
380384
593037
346021
193465
347253
424480
118731
546489
771943
563508
653753
592780
146473
212238
498159
38109
40876
671986
310615
703116
767289
860661
156135
496172
876395
48010
149460
109896
842246
463449
457811
415489
609048
502414
834573
296691
553770
457453
615390
756886
94690
834819
897610
102495
313401
161367
61277
691846
758548
630304
465853
360835
816289
743888
376495
328754
237296
127854
409122
409973
510539
799458
756539
769625
296564
75497
822398
76496
822649
600936
185207
372765
668726
112508
291074
413455
488232
14064
456221
14724
551273
718825
296231
861263
260205
80763
413909
632885
671576
752703
33649
305936
397818
694556
558767
809430
667688
245985
201454
582228
665975
709941
183495
581044
150615
387237
474422
148383
310507
57756
513922
854235
869857
114194
672618
740788
511762
123867
648621
538425
112215
146432
278454
288254
83365
180107
741027
872831
195688
872923
529200
450116
668728
846872
419557
46399
391929
263360
599545
697298
169909
490272
390945
698286
285934
191870
579641
699479
128547
758035
866701
816963
296001
17334
884676
839361
713347
779475
483722
850966
282983
252923
573433
553506
694574
566293
135395
423137
213584
647154
798015
219694
896858
474111
316237
711682
535141
217459
136679
220506
80212
691175
731879
886519
238090
490341
750095
451998
12517
249593
557817
375167
578715
204037
284827
130707
289871
498193
111478
217119
8848
356607
666716
581782
568847
290077
658555
427290
700827
107635
713706
578339
403034
645308
55343
315192
875334
313489
157707
167993
456801
80225
303107
744000
740471
124733
849708
254268
300655
664015
645137
503069
467789
260011
347460
314030
281255
144670
676511
342523
698370
506275
383797
402676
632712
736820
641787
636650
200072
664094
649068
761079
339755
595885
143677
826522
414702
57222
884990
661503
33121
274836
257898
122749
299578
287065
705931
356601
881079
842246
409420
699433
79918
803143
619549
227378
310067
626133
251645
801042
629990
498351
637063
391098
448949
66403
829531
272915
763189
511429
98887
724578
294393
666082
740850
624070
759885
719727
55558
639549
250674
880122
748887
759430
508917
349538
644404
284450
63086
805635
6889
786804
3026
586185
550862
202247
334358
89318
848112
50383
524545
807774
726490
751015
113260
276031
328960
513754
406936
19087
215303
199965
119820
222909
665652
123257
436810
296378
829776
146534
878221
671488
711124
396947
606466
702096
16535
472579
641375
226202
880241
888305
5412
731541
378283
538228
786477
462734
497062
67293
429969
552125
677796
21309
95098
352628
737303
63812
482241
716657
508708
196228
515333
788434
515122
250836
31080
184904
655381
729552
81126
730948
440402
430430
255763
789709
201903
644011
192464
99316
235737
768820
791882
787199
876784
704033
150287
261570
314899
289771
299853
883052
606403
714975
879177
683740
229367
891258
895929
673620
101564
380372
683647
664678
96038
896313
22946
295724
20344
660114
877738
673108
663340
8259
142392
685623
150463
178509
819616
839179
635740
369235
145924
460718
436355
811354
834542
436035
814742
423466
159849
575737
700992
441073
90237
251686
454851
735335
426309
22132
265180
767180
728974
79506
319796
626637
610799
634955
571430
167493
48256
701683
46120
184160
421016
757117
527800
703547
292391
744233
671172
336807
191020
62587
533270
316877
292212
672936
96506
453483
608688
817642
491886
878300
368753
686962
796549
251382
273027
790940
85079
803469
763907
332094
737513
146709
258526
21627
371604
826724
308840
407700
153461
169014
72278
329822
496656
161162
478008
167887
506946
867306
773878
639217
400866
594760
65862
863993
13682
43299
294504
826577
653000
813769
474814
613905
770739
613687
788363
565709
879245
674491
871494
617320
652380
393338
62619
470502
748804
336654
592094
153759
873453
481575
386509
64943
558828
203219
474946
359082
500496
871896
249201
444557
384683
29757
3332
173263
751932
708169
99345
618391
127509
116195
496724
126983
270254
428216
630926
627766
694149
740763
534938
724188
531375
426823
890600
674758
413280
266848
154232
360841
739603
233208
432756
109395
757878
76365
44042
216733
212822
461231
474853
869596
765346
217472
483495
437879
659902
286132
58469
709171
361671
414903
111263
347082
355261
253294
806874
526427
885362
123317
345308
876474
865422
394088
746084
93896
296445
854877
593891
308349
606357
58991
294491
312322
575623
467477
576242
190235
892673
797841
551986
335329
662014
116069
648289
639982
770827
552063
497816
750322
90391
396853
816515
806850
426198
450059
396980
581776
867666
689714
723236
29685
308527
24202
825350
325483
727960
825704
267945
340824
124427
88371
54475
44548
849438
608872
747797
713803
323917
848926
880663
804846
689570
797028
17440
676356
98527
322214
117497
378958
437066
599278
717023
726377
819157
239655
713884
671964
806602
677372
30497
495088
37776
181215
268450
884607
199612
717958
593710
759494
706774
76400
506249
768916
616583
549862
613384
755589
383644
136860
699304
217512
744570
467286
307819
119419
719870
722471
281840
53688
80303
473813
316078
541385
300515
37945
627852
27832
324938
351810
122432
770369
55771
249
818499
227784
19002
499295
96334
206119
739874
660562
715891
21088
203572
719918
346265
774001
894524
571025
241045
596357
743485
281431
255010
158087
267609
107780
613246
638705
320190
419648
34240
407362
241040
842364
465305
261326
9167
390035
379686
470928
845893
416043
589807
157339
486766
885211
647039
529326
708708
880998
228609
878629
68582
533894
822739
420908
397477
512580
384842
748431
331211
687012
769314
781708
229448
339933
804511
78506
613530
855365
732997
583139
500152
655372
634160
21021
238651
894751
519409
