6363
527111
441957
720747
427275
514932
246330
998733
470453
573850
711140
942690
928144
660520
759610
392042
448709
677432
352051
784546
972035
501537
346229
700919
612448
212538
638986
950277
697239
437868
89716
477578
474608
378099
419799
362348
612477
406577
877012
952035
288896
509551
926071
952772
139690
628080
958726
995755
304446
928948
431290
347141
387668
22662
274186
414391
476538
542850
817954
809583
954229
628903
892531
45893
3045
811284
620323
846221
246022
260579
118949
849147
623955
18143
996196
868979
923717
382179
829466
684845
881337
693648
320957
403714
665839
274922
660440
957269
893934
402512
495863
423009
915206
528214
165691
992474
877997
381952
323918
329282
6283
137246
694385
38348
256657
442111
530673
197285
534724
408339
825913
106147
372376
38305
918464
20557
302263
44513
226403
727429
884705
16439
734029
38606
781933
767500
314322
498174
158573
118411
785371
285569
447343
797621
688892
424583
812064
472738
136546
885835
502476
774613
826280
196993
782080
348410
497160
810908
572817
123006
718062
262585
17269
134859
803112
994219
979726
463775
182842
33252
481735
874376
245647
687228
727127
634046
394313
871137
379939
839260
773689
338524
42048
995517
214250
189883
556310
672943
418648
3553
798048
648983
687422
943078
412687
967009
554445
30892
710606
870433
841593
657151
813281
974219
780204
138024
712935
83787
594974
897167
181502
82626
963516
558346
309445
941855
126469
835590
406204
363733
970804
687696
52232
960254
490008
992257
770964
455884
901567
345348
92113
108647
796048
858565
329245
507369
176632
988600
696770
744306
162877
223619
514645
639336
495150
966153
538943
629454
738811
4756
166168
202176
236833
557663
575151
411081
625790
581693
539814
315745
121090
385000
630522
34118
203846
546794
653217
497333
99767
371553
553484
873477
612522
615027
941452
879073
789140
865551
320336
282720
653393
795355
878668
787843
606370
415615
210166
634570
328884
750350
556394
894323
296475
127308
155822
733200
965342
616096
322191
138115
416939
832727
279786
238617
95531
20626
525255
66881
856752
34126
528991
146280
873419
214862
978494
381746
703163
76007
963267
188310
467968
395880
445957
797782
228301
872739
280400
801562
920091
726748
993869
421608
712602
718798
204991
285058
158658
109460
989866
344541
498568
575291
846734
538745
395117
335585
122065
495137
20208
93449
268282
357761
630052
14463
297241
438495
774876
587490
417605
957880
884162
626387
947902
414136
446727
840953
451824
137172
170549
973998
346585
956616
418784
380105
99073
785384
354810
377544
181608
932965
520518
826906
725887
695711
129445
159943
807372
632993
724748
276157
356720
283454
727959
720760
393989
891269
884342
345804
650721
918947
282949
423954
927032
593814
160570
653485
666910
229386
858488
460728
786281
230034
298176
909070
32436
170436
167367
553397
89024
384369
779426
420519
881462
502527
425694
668415
394056
974629
119788
698877
871477
939715
191481
186998
432811
497372
538908
312027
67398
801905
719337
186787
158967
861947
917602
953944
448000
180740
334989
362939
947099
67682
355425
931925
395834
84753
498202
610332
238442
806828
839404
136958
710289
683080
496276
412236
907350
680749
796361
348102
740127
990834
975890
922815
434613
365108
100529
316781
519621
630642
914301
297487
334016
701704
463821
104379
658913
355654
492816
619715
436174
744749
277050
487747
823064
177350
84185
531530
110109
330590
289030
483811
2445
499169
899894
332799
176137
845970
738352
445056
663911
805540
391577
707236
339922
368952
121707
728396
526991
233012
921988
204969
577498
911100
293595
138242
901551
103760
470605
809123
943780
423106
313685
889318
628339
269394
170331
192919
149846
268520
703139
281798
652043
438828
285030
47150
230711
558533
743038
558397
706535
330989
108154
451072
843185
362414
714641
337709
128441
900668
966644
961676
218447
519725
595900
158338
694582
615705
504451
3579
455040
778186
402254
939827
921364
449184
315879
445282
602706
173636
930570
6274
678029
846791
618165
828606
418807
746134
824930
518584
206107
991068
707793
721335
985091
130996
952062
348012
919609
853065
553075
205407
625707
673165
844214
683067
691304
933714
664674
19634
101510
461832
508819
188494
950758
978580
505851
92118
555792
312521
22866
599129
217144
38789
253226
214490
722402
972331
383456
308631
949537
34104
220206
904568
570043
412164
186526
374993
167528
864471
283609
750804
708473
642726
180126
715734
102934
707689
144142
878844
922976
611866
213475
787650
189365
426123
399425
538279
478481
624484
507749
12345
489745
921209
279610
522168
900307
884036
507338
685098
157946
459076
777745
332091
140366
523825
101614
803342
669120
883162
512499
749604
284811
997469
328795
786727
329077
563906
48091
349012
611124
634933
455249
204420
350894
458911
284889
567445
747673
164768
444607
148025
104002
320107
596942
797403
718569
101181
601607
575273
231240
350459
844973
708034
855604
748519
103037
15358
56925
651966
837436
99284
221360
89394
553512
569836
53083
252543
423696
851394
222128
954604
542720
78835
942051
150497
607380
839208
998638
828127
169773
885084
905940
833439
380738
449419
947713
678603
909774
878265
359184
624851
344103
672539
283687
75182
894959
222438
664573
965422
665443
144307
102652
535229
597457
406348
798274
401209
810278
289814
254913
417834
684837
552410
2821
827804
24308
538802
491990
37086
468369
307852
549171
449813
564833
346206
84031
516605
307305
676710
231352
983934
173270
502684
557985
21543
126646
780856
62722
945865
989257
325401
758214
535986
399666
796377
144450
313221
944712
580330
557845
288563
63370
65900
769258
937112
805231
537807
190874
33012
723354
658464
957615
772228
754796
425586
614019
68092
224692
501802
296904
975076
955841
382438
941281
870668
712985
666250
8172
927853
633410
570601
941795
923550
84093
736141
157720
124591
560850
846948
250462
234278
790086
430855
460742
141972
897258
164007
651783
771986
222670
916054
553207
695709
239954
633328
808246
896140
116700
341988
464298
477930
97381
308643
337380
663604
593518
894819
756193
207280
190929
11088
929645
260968
524274
861200
293538
597250
874132
376049
135695
95869
215944
54386
462452
700810
960320
403371
715497
915716
446209
791769
499613
360654
216631
88010
279228
828488
799138
619297
761834
172077
100782
91783
584685
23564
723745
166638
90023
659937
566958
516867
888768
585488
266534
156784
831394
980925
9038
532491
527390
609226
822667
619550
922796
420270
334970
798355
413775
999663
455004
625596
323863
813948
265903
476605
659456
686377
843416
237079
913080
753863
646075
959953
630782
476511
87469
599492
361190
736907
546881
580164
463481
630642
930943
753255
822457
168414
211443
890867
511425
394876
682081
162216
750219
104367
166614
791398
646092
72529
77913
186044
192954
618503
630081
369551
514349
161343
336480
514660
490275
350473
165597
138634
418718
193935
989535
872039
454248
855858
943397
818589
190903
924611
334259
631000
258603
875867
646183
497399
454899
640664
72490
93268
900304
666996
755138
353458
891250
12483
940739
975234
358206
574473
8102
472978
40561
807221
409010
739602
717086
72062
315606
144389
548563
639513
586456
480641
235738
277076
146792
947746
346715
702866
742414
811665
924575
488164
173955
432364
723823
16832
579995
356115
828507
429984
941215
589582
599190
995129
854969
629406
123838
98006
702792
803679
787322
728849
199188
663702
910205
707374
868955
645213
12903
763348
655242
515112
7050
776489
62727
577011
63113
962761
520875
646090
697885
872162
268045
409460
261809
169454
901433
237693
910189
237774
914560
2079
946769
426304
5225
529804
500791
456637
374213
377563
610234
582002
685088
859660
977334
726232
508692
225402
237477
758258
740407
34140
899048
483043
976564
141047
94631
840873
506999
270180
605263
550586
430210
686073
600186
532217
40029
315031
458285
210133
496810
168592
165434
391422
615318
885554
28166
213253
207532
900533
624293
236432
433412
413820
438945
645686
946072
306891
83418
658813
277622
254918
191367
398061
706770
746722
38298
810448
410611
871275
535618
938377
698638
557744
450954
289743
496880
950926
777311
630276
621268
177368
99438
353718
743700
162016
814252
679857
304317
584293
136431
792382
872315
904920
758202
973693
393267
214604
34390
452634
710064
122619
951451
37679
413044
597295
361230
303286
53168
471700
949540
575273
364240
799383
618917
162872
362797
901178
711340
328230
677094
201719
851210
975937
744521
379918
811595
745660
3754
220525
514384
900715
883094
310715
29275
888346
184738
857986
727466
690441
775132
693175
165818
775048
984163
693414
929196
244075
417875
405118
52677
916715
588504
632823
198352
542873
91812
228700
429534
136575
111035
496504
873710
933077
924651
836385
733735
179933
733146
570460
502082
784540
513847
267819
65156
796533
585746
101370
409705
878115
678152
586402
425821
701778
335447
878935
321955
542299
592208
295989
752600
861851
450090
577122
715474
363694
160370
471967
845987
137805
975392
193392
512505
757826
377798
799334
853799
91395
783970
28486
76734
743091
534162
110936
956949
924592
881959
81869
2345
942042
767057
146381
158173
374178
25850
541149
653666
619338
778352
137194
872753
967678
358266
248244
584629
695503
94923
291034
834247
148488
467220
553726
686801
385903
844532
545108
821716
150298
260491
208844
39236
332778
326764
132698
383504
933929
647025
35294
537664
478844
524520
627573
241592
815941
247914
482588
653849
787095
97612
11451
296199
561366
955503
646038
550469
988331
555635
260939
847803
215970
123848
969609
878938
620384
12260
334222
299862
949188
496977
707418
356242
559640
100254
742773
713498
366196
530421
881818
827529
762479
621517
715199
805579
367171
33910
940866
380221
169532
705105
161201
820209
431005
640546
936502
161997
546447
353918
204765
53779
810886
97951
987268
464763
31731
625494
47390
499964
402527
270111
9443
336937
379819
625424
411864
986296
71649
668588
251446
430559
534070
34708
875130
263767
671
89885
929416
482179
320908
540669
639677
473833
448517
279646
858448
8222
177056
614805
384547
113729
205212
225900
483180
571421
288990
561435
359355
667378
461893
277846
262375
541326
576492
732352
675993
928404
153019
898557
342068
98590
246378
239268
138208
360895
544468
122900
330738
667489
529139
626462
603641
473037
135166
712800
655720
420298
881500
31601
670683
6492
268739
620344
474311
604077
560370
136279
287491
784330
939911
729797
92909
375492
618110
425658
933882
913079
370822
325955
518110
117735
341761
137077
106324
255941
279769
968638
653323
147922
385082
360279
112493
913435
35119
787477
559884
931682
590365
52063
608235
301725
257750
46778
739367
593496
288603
650112
285633
66869
703025
545840
868041
359124
834142
187358
861351
926349
705664
833227
586377
223642
206411
438479
66084
97170
252317
263795
709097
887440
756864
162587
194247
593202
673147
310304
282134
37501
704085
412604
671527
652830
133991
842206
931109
563467
85277
475422
532007
75528
772937
932747
895766
37766
354979
614751
163830
765670
800289
509844
402
130011
473647
920016
143176
389805
304780
134395
845358
554137
638336
939249
143264
205846
621693
318291
961768
571122
704786
450168
392520
369947
23558
111169
125926
121466
16983
243594
989973
14714
655887
325629
859388
470695
240959
14400
736549
977905
961115
494414
138084
706063
783922
3556
66914
204416
117064
995153
379525
740332
316433
786800
422461
912681
163916
497715
866414
899867
537402
247701
653045
934899
323386
122033
830553
444631
346883
487793
679952
806114
628669
409439
118635
461186
73468
246871
573470
578944
974426
981149
643056
865053
621935
797003
641083
629399
654320
690531
701921
622027
225057
566659
742796
760436
598328
358390
600223
879889
732496
810534
323262
667557
921798
775280
956598
576856
472820
445520
395659
936507
311432
194811
468381
674153
891904
319372
168694
100617
359876
641814
847154
118447
663967
390552
191435
350626
86363
51534
750785
729528
540601
537636
544226
584862
464778
573638
387067
904500
791661
891602
381851
218133
765990
513775
492672
235572
69782
995447
527969
418529
259293
208208
593943
670059
945801
247320
199273
713120
957305
451006
831475
581424
664722
123566
841009
590640
333533
264612
656813
421946
129532
106018
396227
974449
588231
928060
249422
490914
590344
993297
606897
941062
313166
755476
221188
573924
826866
685704
253976
729043
552292
654922
611433
71325
948976
571848
793759
923264
298835
588048
313665
702542
339316
697859
863351
106548
711233
603048
40186
629591
621863
214812
476122
201306
357485
42919
4459
467580
806190
484907
475853
116127
644401
490102
132951
235299
617127
922934
382304
503665
227264
417420
424297
595604
962602
654137
829802
356033
673127
979509
732151
724215
310281
368798
253455
517953
542157
678413
237505
284697
579090
74309
925948
462887
68724
849221
12401
281766
607241
125949
640167
245672
218231
251485
831451
310960
927793
645064
55761
416893
936204
234279
870523
623782
996098
11419
855493
924640
474626
336842
516923
518429
91697
578010
272856
984463
104001
710460
25004
623051
233644
3424
648360
392648
931470
45894
774153
329286
523869
792373
623647
705355
606470
876100
749433
75400
433252
517845
861808
832987
843103
901986
228044
50670
225695
356847
520470
480316
576556
679583
839163
424628
270820
763427
996313
7798
617879
231629
965609
585722
202307
453187
93066
973584
582887
120334
248614
169217
431686
21266
717187
269269
679482
568024
71976
772654
796593
404167
316457
850066
297545
181810
649105
995654
880964
670091
869996
425365
889896
753268
583150
511984
170998
597750
205507
646767
525316
398858
726708
946486
214457
734037
464691
524658
650917
831794
146691
385923
84091
591911
648710
425652
255211
692472
989797
50021
349024
614362
705302
84426
678867
450688
363021
933516
750922
973778
200769
651213
801201
648828
65881
977993
387859
203491
463923
509912
474741
797489
618321
896527
577871
319505
442657
345287
42344
101111
286632
357749
759501
941270
534026
643704
415597
271285
861944
243378
721044
995484
905142
671501
283650
802024
322120
425759
822312
113406
123768
196584
976510
84700
462855
805944
66180
13067
579246
194670
71443
630705
234575
365019
95198
562947
829693
478980
881546
760215
921636
398470
98920
484631
242007
709332
579211
20370
592245
591452
695307
307564
907766
24328
75156
885366
732631
544289
547371
962008
781088
755405
639551
955755
330319
41017
434344
491683
13283
75986
315902
668585
947270
839660
203864
972743
481495
358854
557984
550269
388500
111589
667152
522480
680993
812956
509387
689474
507703
534829
745882
653117
984684
406218
617281
162920
750234
340596
863998
76988
40559
740485
742365
134001
643601
554377
25019
437105
618219
416390
476949
421230
746201
508636
578507
309519
133356
26119
556599
159685
175770
49858
902116
827580
580805
827590
52909
172142
446758
279281
524532
564561
583894
687489
904635
815537
179513
677567
322914
146968
298759
402872
725758
279657
904376
356198
19090
19020
929932
317742
362220
609283
625908
116099
101342
486427
591904
679336
400664
836799
41510
140434
108767
588199
295692
480363
68780
601069
875634
267827
748515
394496
844511
93633
263854
452465
137702
898216
999926
202731
264756
684789
359678
792576
156409
342292
7323
815134
201329
97937
729492
20704
871438
425596
622994
238337
248068
332711
336196
883499
738608
942025
885074
303213
660774
706181
163707
276684
710485
282244
78541
463792
912729
870078
300800
618751
747358
763608
389680
860423
219563
846696
941558
968597
413458
838868
249825
194339
356019
178392
921558
213101
2088
881318
52737
37540
322960
513575
329015
44412
498299
632288
940522
659616
168623
633072
246024
694533
145429
444725
317616
191644
614851
991311
520273
940897
862119
883644
244001
982481
525900
865955
359608
165944
579788
662956
486919
704296
147155
599436
900791
762822
633547
833822
15778
683134
931370
623533
361256
19222
797076
812302
598319
830688
653805
489898
320763
919946
569407
205978
28134
683215
271045
794155
160572
653840
976210
299968
697653
975421
757921
136663
125840
111277
982202
158372
518472
47886
995581
443289
27381
214198
495822
131655
685506
231896
688157
759390
340807
286162
637584
550288
837763
280482
569040
835412
976183
737785
593069
753799
268129
435368
271279
644269
174740
49975
997306
534868
136112
469717
651868
154265
272772
970217
8759
778244
61565
366982
845830
443791
50568
729214
825101
716420
82700
9358
669793
314820
632573
981046
140561
269283
285151
329580
991280
866033
807768
723814
920000
242324
462447
350421
461693
262033
681959
709042
868099
104297
508082
958064
975708
420448
735508
776273
187306
907033
675925
862101
145261
982748
837282
469261
699058
371898
823234
357773
41881
176328
892208
50495
488129
732934
693977
323413
242898
145636
849331
299350
592870
34842
268215
430170
660245
491829
849021
162833
481179
461874
78771
59837
922664
271939
458810
559488
81861
850862
929822
384655
741342
509653
898415
54790
828848
229328
37568
472406
811536
544694
505212
19673
657429
971451
777312
168454
96227
537331
345560
598592
853909
884277
477178
100873
10310
515483
225561
41555
782972
568037
180487
744503
813810
817341
279979
788927
440577
681173
381691
808349
352618
943724
637909
59263
792002
196464
605504
920058
814458
161278
219706
474019
230090
967109
510717
421821
755962
900232
997331
962956
225933
441985
349714
463176
278026
662435
218167
228077
358952
914169
227803
353967
776085
530090
837204
331403
193571
683037
550315
239033
463824
219193
731381
151294
982768
563781
132688
53597
699705
897455
743612
735213
81323
454056
520851
557638
205914
759980
734118
588437
928473
7583
303606
519248
923717
532819
535692
242883
323499
438374
973941
559560
303447
742153
516894
843092
368506
909659
88392
373870
122871
912563
356071
649084
885322
345981
344349
220214
289109
590075
779790
587707
176393
60397
469151
535490
793965
651404
504272
874025
877134
736432
192436
475753
340995
772113
585
722923
729948
784746
40824
952499
576999
961145
938922
24059
308702
659619
316932
694811
628208
54453
696641
291683
341354
538822
304811
663947
879362
349112
278198
467714
660288
752989
724025
35298
630026
209782
332553
878021
913354
95958
798196
362609
559806
498661
613335
701294
628763
213504
594589
874361
329951
238526
5908
256081
69682
110542
24813
77486
260216
785340
837264
492497
670390
319122
40282
239670
762526
959003
986740
624615
937272
718915
574417
666411
367407
374554
767044
785307
368054
692599
375547
655636
941589
118841
181084
803528
668308
511273
72634
353327
810882
30715
216564
432924
182626
946227
111018
107242
971443
567333
721565
665749
523355
955540
998562
833956
380975
292860
105411
212740
103329
838380
366130
662449
46023
408714
301035
628493
58052
381690
460197
285971
874901
437594
789620
637605
942650
871333
33790
426625
912062
777591
135511
578770
714789
153071
190012
385699
78706
11696
507433
86254
637522
654018
718487
464595
308584
316567
38166
504676
299894
169383
337986
794845
340133
391420
580197
927217
331569
119242
457129
556543
667827
510198
814200
661731
422284
840759
837298
386217
162091
81946
388874
221021
596668
758943
116606
361406
200942
573249
592624
771281
337950
1171
341670
988625
797221
635718
762843
194819
735611
872391
55679
432296
271494
658373
327122
593100
24963
740560
604248
759868
662224
161309
484794
587157
971603
823910
334201
562934
45835
208558
543311
19863
700977
169506
169636
487795
32650
461595
577642
478689
404428
472001
799061
553345
614250
993993
430330
483089
29630
648350
474435
859487
258514
63774
720973
932057
150027
893819
424542
517504
287987
178498
579526
76411
100450
425720
387985
420232
670535
987232
466405
700429
350552
661530
272639
341005
255700
337254
602437
156534
588721
156421
259399
422422
675560
188224
726742
200558
311577
150786
865793
55135
700315
774432
567657
955073
856356
534521
917376
576915
83602
818233
270242
620876
933716
10487
341071
313744
589112
189822
819269
474558
174737
926377
757750
779622
96196
362344
312811
814872
378671
852383
338293
677336
234551
301229
112971
401453
219565
602634
943557
757016
1949
314313
485044
428578
871858
64189
282012
148942
587401
344376
178191
273326
662416
90734
78054
353938
299867
967545
361567
621531
781315
644726
555470
277229
225403
86348
907393
309443
136368
217741
313525
305820
907356
204148
29294
382547
904296
124814
327991
176716
773564
761398
564854
792522
952932
335737
834603
124062
817184
446488
616965
181754
777672
279659
563169
391588
788186
208866
637792
596806
811490
714407
904419
842018
478212
839263
815078
349218
496041
889232
678454
211149
706436
651293
463952
917142
685696
563820
801304
148751
195336
222440
599475
310587
170354
26914
707073
366848
249865
173906
582138
568763
647861
315708
59812
661486
81609
730670
151534
164756
677929
521894
821868
650070
854422
594832
99824
229142
197848
335404
922113
122088
894151
903118
773435
443104
414965
39423
552195
155142
511931
692545
282532
773030
181087
81712
416971
363140
87135
240900
853403
473325
797085
297075
975150
173865
402790
417971
819177
421453
349344
210461
550651
119853
227600
863661
388530
733038
255174
897254
921402
540664
512101
439827
4210
310155
259859
955687
801516
536809
293241
205958
476353
5169
534007
545373
251407
131084
899880
301228
287313
38208
563021
483876
726233
213410
1368
179498
90028
945768
815447
170107
467770
250781
297723
950955
173304
86253
155653
715270
29404
836704
691660
967383
61173
585380
829997
104134
395940
777794
418639
381788
828346
577331
17681
369635
711792
823756
614099
971049
588669
632788
507742
642083
235160
373558
452721
881133
567882
37393
630953
635823
874414
600557
893451
14108
906632
811401
434033
333780
414080
145232
557072
721001
775162
984745
768738
931647
986451
524845
403764
32909
328249
67828
526670
424192
948839
849352
267066
632510
134908
845435
256883
444295
714039
625429
344043
34424
629201
814053
105273
860074
87415
917816
404958
280951
283491
798376
956466
110556
918230
939916
941360
874874
951220
497165
191323
376311
130811
915992
743435
115842
978721
625519
689367
985267
537098
267163
618144
381520
120611
785404
689720
496748
898206
4864
316782
684649
253834
945394
941815
882719
87630
701546
569723
47445
925506
151587
261113
416876
945193
111657
411799
461020
877327
974193
292810
177493
662460
631107
667166
694407
112402
73810
499682
894077
71112
220780
749044
83428
168451
509388
13477
580586
676878
988365
471432
460930
969334
539833
261788
76612
482757
165952
784979
411376
133721
218116
722302
264403
74207
373905
499352
834306
416305
431338
534700
433219
728778
142590
387427
226188
101602
732538
55214
345251
444651
576440
785612
858212
506470
503701
105592
907297
677410
579488
785651
85091
373266
859885
271593
806031
180490
439946
943235
911012
189846
475529
939848
682977
779191
945148
240240
152196
514043
504063
235399
224044
962679
16367
450043
411936
115684
38265
787010
749032
727252
444493
396074
485785
708815
642672
663230
415855
639758
212657
745682
722834
230611
721779
501740
716795
15011
511785
668879
151152
900642
920161
656805
367595
241609
775991
543112
860889
847110
4586
503469
270782
114864
535691
468589
380213
270116
73617
218929
755413
127041
985994
204218
253808
8318
928172
87563
573941
781155
169802
221043
215989
575082
108194
643067
453698
233203
574227
736616
836211
532830
444011
622701
369413
615817
125854
85872
310684
231782
918868
472119
339239
134903
596057
362863
68129
594729
331064
318041
319283
952458
341665
499089
442806
307689
893447
370941
79831
172745
98759
895566
726804
644225
817666
205878
907427
873715
587979
402086
589041
107431
59260
931778
597575
616323
791139
29668
729161
847721
356634
732490
508889
963245
82676
929245
243672
329265
795539
139231
62348
281439
529303
239792
734557
430979
978353
442812
243770
126979
722133
550148
556185
26043
448462
582792
134939
891193
147435
874126
697421
9554
641431
991570
123403
146975
599751
304331
88319
828312
416460
499861
89863
407115
862984
103487
887029
871421
995763
586992
822284
319873
95294
914359
405304
980814
955836
828230
747566
370358
444385
769489
75640
561587
735654
423597
127796
878684
423566
156814
559536
609204
574675
185195
410462
979869
321970
854398
520180
582506
288016
239591
928803
453330
554759
717424
959985
814463
704850
669739
741109
559750
198929
381432
610223
103730
415480
855459
940417
521465
54938
292202
913038
521680
750734
815835
522286
641434
216379
240220
621643
179643
315526
566597
237211
132684
332948
303079
689082
185959
81086
318896
885539
860705
490769
453158
652682
630103
745726
713937
849050
659361
249381
543990
62086
486628
397816
485949
511694
196484
591119
480244
731664
706038
305224
888044
163272
524787
304473
334017
648934
163784
300276
894091
660042
17045
744449
783327
599848
778027
987035
861969
945241
206433
978902
22508
754100
578887
656756
276243
219998
9122
411241
441561
647069
380044
128386
732415
605579
8905
846434
254155
376999
675560
221606
844673
37574
286547
202858
279809
119079
335283
442213
330684
268835
975362
82480
888788
488195
913582
246564
144912
761324
949031
931552
810104
966197
70598
840746
487123
890009
584601
825709
913595
297288
257999
876768
363354
377496
3581
143432
687747
996184
843402
344083
793775
2181
478845
329829
465426
286230
689377
99441
766553
656114
272915
717181
214403
164162
448040
20807
58969
595744
124925
371206
997899
750830
824604
744521
813289
718212
953415
165564
678202
109569
909861
479818
519805
418946
699142
961692
944186
314993
223893
425982
227523
382197
641305
644067
874892
776263
38183
262847
696164
884389
257192
937298
821967
761567
177731
176005
34690
164174
902183
803565
933819
247908
685238
234092
680442
192991
441553
962358
689183
485784
56636
532849
9505
11896
42542
167798
600040
89161
225976
738101
873993
405674
947791
999989
442652
460765
439160
863864
828602
101563
351183
816252
27480
746503
167795
553502
189947
136223
842129
79386
871639
311950
293772
975341
921800
675583
80134
991259
721516
197644
604750
998925
540635
180789
242598
865170
889603
778925
139183
728710
318757
90445
952819
439184
460454
243308
192911
378757
854739
368518
550779
725034
859636
256152
782328
645910
775691
88974
80085
689718
863530
182804
364893
637994
282350
108809
619104
516941
760411
949266
202268
710547
893717
364555
715528
497931
372921
551191
816510
548099
411350
275992
396995
239626
908492
276474
502836
122192
65983
755178
152462
9386
124663
793701
914713
224242
574999
714155
306546
960396
248887
499218
342196
657923
543457
72950
837634
712913
54245
166222
514164
684861
619737
515802
25308
200159
991665
313208
275060
81791
394614
485206
909413
835996
388198
734082
638838
577480
732905
360542
668687
702576
86699
733359
837417
122042
743514
227412
297493
767175
936318
572051
643365
876376
728623
194831
915259
574476
95800
105302
100396
427527
286983
789463
300944
58863
397773
321777
19625
417872
198776
346214
685421
80735
754634
188014
134129
281308
798998
260904
785140
533008
772183
500459
335942
16886
767277
29499
174867
208118
656309
300311
915472
479436
946563
522287
41729
850248
445183
302195
216228
739630
498265
629191
849854
441341
287082
962835
378623
803533
736169
357174
644948
192337
748678
53402
555530
974525
954598
908386
529306
451073
326268
959425
433365
360882
238721
332068
541229
225738
921615
230735
555741
657670
248159
982854
680566
551918
313437
736609
842759
256817
588453
391427
225193
287022
849757
232164
101540
226063
869231
723401
919553
502736
918561
355989
945070
451422
743634
44282
686471
536282
866579
165896
998343
429436
731103
683430
329226
798228
561913
431134
147902
7148
295457
642129
402150
957258
153842
393420
909002
446546
155227
669171
263551
765959
295800
136410
143182
582834
907596
621171
833796
241243
994717
676577
579926
916980
876780
144171
541742
745110
731088
141068
545494
697378
930990
564839
249472
397322
381847
628759
549615
566696
54142
843685
925446
82828
851732
421715
422187
269203
296130
185173
849496
613106
622210
643743
246974
805970
587611
565081
394646
384534
856567
875376
799877
598456
642210
886214
45610
466705
281121
940297
773960
817911
54445
284449
732875
979520
358667
977155
200953
712869
109001
168035
294006
206850
620119
761798
54451
650490
791039
209205
803253
845432
881858
270413
258558
156496
786961
276404
426522
263875
907237
535974
607751
597857
654779
854957
382209
178441
569903
67759
819946
229964
51764
360161
204051
810032
750958
932442
566634
838289
770924
883778
354112
659937
822469
794473
41076
379407
913038
308916
327361
626502
192629
724722
38306
421772
924413
468556
711966
184843
639126
930971
813491
517229
83672
249172
887523
157536
64924
292830
908373
218297
421751
760516
909226
105844
683284
989382
349918
903002
837549
449802
553110
627003
864038
62128
738700
276123
628486
195331
880531
206121
680338
124555
756745
501930
554824
709631
447129
512565
130293
168919
404842
263063
200179
949824
920104
72790
936451
490985
900013
413011
149955
465147
719947
158089
163147
63269
382136
410802
634090
869908
59223
982088
726520
269570
683935
771432
219672
367526
349482
626771
872525
728521
198748
311695
417653
152505
258862
939243
621733
766550
470294
713887
233443
727049
211093
251985
948730
100629
575772
115444
946558
320645
931548
111435
926940
635909
852393
200332
508957
963085
494026
599327
698487
428728
710751
380421
844816
843379
948463
587670
687248
49297
221006
669859
742689
519674
150567
234938
118342
4
704876
868871
830357
714202
126039
191063
496018
959384
725019
222648
841514
388345
589036
951613
262089
228456
77352
119070
591576
950642
671648
881467
919958
22557
838727
374529
632658
727442
260598
934
829763
207029
43610
570766
338180
168661
586107
484303
933550
781247
684073
170770
645460
592237
962053
764368
515029
628060
111849
204348
266274
903611
531829
665600
502093
217407
676087
545567
94729
457875
736950
538937
591044
684397
259804
597421
728414
155004
357117
467416
29188
986558
545160
841212
321134
774893
997513
481405
366257
892313
79256
460804
90369
888785
141730
425222
288135
29115
784593
696991
109275
144707
655067
291928
699358
896048
186340
390664
388919
494162
245073
708758
138280
701464
900650
610780
44236
900414
205035
710375
659247
198563
510632
451291
63306
925240
480346
402611
125977
126933
582409
700071
807451
36582
230616
573222
450342
38402
372072
452611
34724
462556
441578
338796
241966
101906
936261
328596
961667
15203
947616
271859
274340
935550
380428
246051
148304
50229
12241
757611
447703
933648
324052
860185
514846
682366
676258
912712
277998
293159
62875
808193
26488
558620
471357
820094
213225
515824
920460
144074
743910
917472
55195
180100
516197
829293
355962
563202
671847
905867
189629
317201
355477
400370
525156
964059
637046
253009
461868
460386
83339
876194
380465
422568
995592
828760
720510
111921
997999
338678
552563
725216
948362
50553
876114
486527
142660
834101
828134
833114
515172
952382
53264
335882
526119
949181
541999
39183
645306
441762
40171
254359
108049
624376
865951
86299
910119
788884
123808
880105
838738
889639
852846
314748
353666
296435
50423
858695
580630
334298
14274
405265
133914
49746
379646
328825
610785
645621
465832
821979
420475
619189
622995
611595
415124
345773
966423
190014
578281
199698
530840
519753
60199
499336
140274
725633
6882
993105
172030
283649
463215
111072
424004
777097
402462
633164
828925
366787
871575
637152
812227
585314
795152
631951
841175
350435
849128
675077
526543
515894
109091
110552
296602
641461
799555
472861
356017
788882
856127
401175
434332
212368
321186
103691
364510
965352
155651
256943
671807
123660
411357
239680
721460
92999
806922
307315
422380
201219
283297
790531
968441
434981
777768
338793
387417
435795
847800
447850
56353
446421
997932
296202
870341
57561
883141
321374
194374
383056
718686
895743
517176
156855
673222
290075
437551
462704
731583
150501
367046
885198
731794
54316
542027
637680
266637
864842
842122
566660
984539
562419
849461
106925
993726
493933
674413
616191
791595
294814
329391
375335
519937
868929
586014
38440
304232
179443
232936
704896
860162
715050
76824
577769
748817
481732
969272
688315
474277
499261
617761
328494
744191
854651
239969
999550
899144
181124
765639
583719
280615
63887
349773
711824
724675
653112
567779
784516
66773
603340
160852
555739
957800
100612
399383
941879
660144
781007
420533
80170
569349
14600
503121
332341
355450
282631
146329
725228
846110
532115
203912
901877
818447
541493
310293
352367
468021
350504
441339
586286
983394
574508
769702
51429
80900
319993
756535
29405
212357
123793
270388
859873
612671
65582
220559
651964
46751
230747
858641
2074
690581
614623
978467
903820
260725
158868
864377
456743
559789
947349
812956
773964
496547
119829
63378
880129
461675
81037
188715
785406
956386
420877
218219
490629
71146
639476
628367
139112
590402
152891
407678
412142
892928
130347
132749
841872
772462
821615
878575
445662
886655
326276
480440
115071
476268
690764
488972
57109
300016
19522
351976
420351
983324
943048
737356
350200
220055
647645
758596
74909
16502
381802
119634
956747
463988
993851
261754
278054
5902
49099
475434
593207
639038
3320
769091
476397
562897
774357
752200
213956
204519
928670
529442
385219
590791
898118
209101
565855
18973
47277
693795
826877
794449
879086
967619
580437
947524
648148
312990
857202
498089
457260
501342
252310
366142
102517
610162
624122
586662
283124
914938
309106
410021
792484
111628
181871
621687
902155
97889
353247
359693
849576
540832
678575
118821
249481
206980
503536
148229
283961
792620
877463
611731
555605
971839
578975
855700
571519
38265
969353
126079
80108
98455
985155
644285
364761
542171
874407
798912
825115
713212
823066
336829
945555
596462
475541
499335
663103
127497
490624
896137
795694
758872
759738
408352
756812
490945
922229
194707
798299
784140
66303
724976
831875
239825
347483
451076
650048
216067
272270
765174
14329
12691
160821
890432
203825
675394
829395
265867
74646
252934
509353
425767
575671
253336
896254
581092
667795
968088
229182
818383
174540
384478
794239
346444
382203
133918
709790
482509
348509
908727
428808
537004
88618
991896
339797
758699
229382
48335
909326
50501
834192
657456
259791
889776
594137
486814
267272
156274
207855
472569
50397
158365
190935
387108
37358
223785
133592
979505
506224
731436
653684
124844
327930
245624
364978
82625
756188
162449
165462
91594
151466
897225
529587
598585
61398
36411
350231
397663
535035
385440
975588
901975
142134
311825
159038
393361
466671
660953
335008
531070
588662
380278
79561
945365
886216
292013
470357
817793
299312
54407
90982
612071
908490
315947
351233
365143
774051
857945
108725
160910
905852
857088
410165
108261
538093
760765
654343
973787
754407
811762
828373
81786
43410
40830
640545
859688
946901
141662
102358
726796
376691
583904
206329
269338
788178
382399
623038
925373
847768
533728
876919
840928
887662
831592
201383
550362
897894
694008
782133
773875
21241
48838
348476
274199
654697
28761
93439
579606
883653
795168
975034
144662
923275
838960
385812
254870
906407
880473
241328
855455
53658
893283
281762
158409
364790
214058
526783
757287
677893
797587
131853
395024
519818
703786
667161
872907
175007
578138
401512
224022
65405
153224
815493
349779
816475
542156
681977
519312
436653
392332
508825
871985
892621
428727
703481
335484
633591
815771
472126
350465
160495
164196
5202
210788
296381
168178
356336
332233
758552
90645
907742
197978
316513
639208
643707
451895
308038
187399
65774
740539
655687
45422
745790
357415
939989
88879
825792
538798
108118
318991
926123
974685
240390
285503
430856
729444
441527
398450
846212
842244
397817
906591
181095
278935
434196
363349
652191
92343
763634
130485
634934
970572
416602
76433
230819
874998
162263
73632
279100
433427
150199
883162
494985
624749
651055
934582
773043
539011
253660
396094
553307
653427
327012
979787
506567
881025
603195
250147
172663
58054
615489
571499
770774
892471
19913
666635
82316
225745
555317
697437
831088
334750
955069
552592
923931
462503
882766
843807
872023
216822
638735
928234
16247
879687
912254
590574
146368
206411
867705
452646
987845
642392
910169
425597
919824
657968
511993
77806
789756
462187
591188
547386
219360
438468
528716
789189
120294
611326
508167
691086
582201
788849
906356
321609
356061
63669
155820
577179
179480
927465
984179
664561
17678
821665
651165
765502
36458
178474
897933
477775
881848
960506
313369
63244
949713
713977
949705
773965
650861
793830
879231
365206
391196
866152
220400
947889
842384
285810
105360
990759
628690
206993
880460
653850
899733
792917
383793
472514
683048
702490
265386
615618
564612
449458
429990
379366
671045
294128
428376
349948
291766
979731
2840
539531
501957
585806
962343
396852
333206
486640
909904
817828
198707
896437
979433
275892
656608
712936
313273
73693
143948
846387
855539
186459
78116
64965
702689
653981
163074
77406
781340
799269
536259
40442
402231
590210
897719
228952
265468
693736
787825
267429
199054
60969
785405
523082
645357
191762
446833
511119
279576
238500
327836
107818
45069
627694
121244
943272
431468
144004
351628
826487
285114
647198
802202
635853
157057
757326
822
904953
43540
753503
71590
583940
174383
566791
14390
906179
945661
968010
17229
674620
363572
912555
36699
185331
209820
473998
217135
258000
973613
767215
838629
962862
297877
882105
466620
853122
929304
101508
150854
716454
543186
911982
899256
238657
56728
466901
165153
78421
19069
528686
885944
689125
251824
339781
219406
780609
81219
660113
473698
795760
71174
926323
106835
890552
907538
686027
567280
463180
684193
899703
774763
376083
972506
661225
717293
331537
212972
496932
124547
869044
373648
472531
514357
484605
199984
361926
461111
337737
435366
447818
539513
73788
663453
238627
141145
401417
184404
548456
462137
347487
266113
607484
376298
82035
169746
978084
914119
509222
56974
26698
78687
792276
176730
578893
340490
503992
787544
835395
391836
36159
823914
267980
601976
348968
475348
658388
273724
805780
525568
407076
90394
804143
382106
874981
217414
165435
799131
406067
165515
754550
728100
739482
946745
564712
540160
825968
186809
874955
852940
907215
559809
949590
539507
768556
31778
299688
574353
439385
380286
13838
767417
204435
158744
311665
760530
645705
819012
61983
168540
599594
173373
843700
125648
185961
906005
411684
281062
630480
660359
426600
121904
695742
511400
360515
721124
581439
455164
82736
285175
875718
881957
826026
95524
471561
961911
590359
331723
276281
55527
506322
378103
203293
343393
343636
942904
954570
626104
100670
161583
985217
443640
652677
983464
346853
884887
175226
177633
942423
250506
415861
7593
660784
690525
918884
262106
644730
415703
518443
706379
716019
50697
868624
742751
535994
408010
351423
716498
758053
665576
571456
334359
865231
839829
639064
207447
292561
657966
802191
62729
211024
715241
908301
246506
405872
284187
541534
629786
614887
533092
515605
714963
593708
937144
104716
752198
109005
47946
521417
305364
517984
309014
787644
444773
524689
593292
686756
727273
634907
69396
737554
706473
180882
709570
32326
951561
453724
913432
667701
38108
782720
742834
876012
161316
42006
65042
657742
979044
98974
135880
825081
318692
492973
740734
644103
433345
262594
207518
176625
863598
752183
820384
681293
715915
504595
559987
673976
102560
642172
287623
867854
215286
82506
348149
307414
894162
26294
508428
652411
792655
825073
400633
941429
205015
188753
399698
680519
757565
504998
721663
166689
926778
959019
850245
327461
997379
802648
972976
428998
277059
142165
145117
263821
523194
755400
93537
906358
96498
223951
63258
704375
219033
820938
802704
964192
709248
152335
759494
315613
943919
83841
532579
102873
412322
916410
134776
980861
683876
527717
335470
760982
259399
171113
702733
174805
222462
946560
917099
734191
200407
522022
311727
613925
597975
967084
286337
672862
548979
836523
582800
466736
763177
399062
529151
830269
44922
968489
484141
987642
143940
76030
391967
248971
255
201662
474252
80586
669844
63924
873094
117287
982869
661245
716544
903529
382493
918556
264640
610579
867269
202858
30242
194018
627136
474922
816838
846706
521556
751291
208919
44159
167158
934054
845753
94601
256320
525079
977742
447505
640657
869417
704933
838465
518977
212314
363072
464296
658815
53278
775809
325155
785546
419279
496304
241751
399560
37889
512619
220314
15622
717236
304939
485681
544973
929379
469423
16116
815453
936889
681095
420686
838217
462627
170174
667105
832494
665792
18853
824262
743249
846454
725240
580466
896533
263518
652464
218804
977621
292511
646500
265754
634852
95128
538972
35124
246430
680439
433844
81776
885611
907943
450858
862692
175504
866086
48644
165995
50993
534132
455457
845734
434215
347431
216986
51108
340922
784732
119252
29084
738491
333320
551653
851735
836481
53292
824288
819051
636350
921511
204927
413793
36540
41253
690220
225720
760186
633845
288108
902275
94813
789369
218536
528109
406549
919094
167321
569181
144205
572747
607184
71860
370894
803775
426528
950835
279857
945395
693289
490874
608575
222774
502209
249899
272551
687223
947584
868333
455642
479893
414824
320653
936007
541843
333167
337854
326382
628775
295083
887041
915235
703793
941337
594016
957346
478665
320202
369684
538185
759409
994603
621318
376118
454826
694447
424498
756157
106274
345115
558568
890630
897162
114350
733292
456514
956486
235370
127614
977480
483454
524931
894068
125072
941010
652899
393923
375946
838826
355096
270492
280412
67498
687259
163378
594615
131909
740670
723802
630101
691753
798001
617804
914129
861784
495472
259398
261858
926487
638925
33424
173557
185663
832789
963866
714855
578736
36130
644545
665436
922149
372925
676720
443070
244451
892013
86435
338902
695820
633633
660551
875776
805648
151797
571134
15182
560643
491684
979583
159484
500873
883083
928345
682059
348141
242582
173719
447484
992529
92425
486399
95338
715968
719917
966325
741444
88927
908949
764733
634918
965954
774283
90014
498964
60124
143196
438497
736979
138766
625661
39929
527203
36768
960857
501372
450268
712845
75832
138127
457507
316600
70605
419617
650314
793021
684188
316430
556226
393123
172102
502307
8253
562733
110258
729217
6692
728207
762522
761242
892402
953662
231407
970841
960747
654624
446442
761950
810173
697891
189041
329063
93873
892394
894306
269642
252302
554209
228990
4766
2891
751729
170357
132410
104366
627983
780234
99221
858565
280175
792482
975117
551808
849495
621167
922883
262377
320014
37811
169763
502018
145075
365812
395841
411834
844585
120187
115551
945931
682224
672456
342411
49523
933775
560085
949605
194636
420589
398405
854270
241930
820160
977577
198556
603345
552668
709999
633755
643185
810157
161960
771886
127551
264512
507444
4418
506769
330107
299597
210243
821717
71149
48748
816119
464526
846592
440283
167305
466669
110987
779416
886817
625288
779268
238947
818350
118201
989139
36069
861317
331862
888769
966397
448867
552776
812559
618536
225358
46218
561763
387403
281498
288064
261278
415712
960072
812785
677129
950267
158921
455139
712557
41784
499296
864466
443521
519875
6949
902860
657726
787652
416933
364460
685775
602213
619111
60529
466852
303617
826762
578426
923110
619690
53834
728224
571909
360279
920865
216304
207148
702825
257162
904067
499286
995160
351776
439868
771002
225790
520805
241822
637730
193152
828384
846023
318042
246229
470429
616077
950979
640564
279384
424628
759815
307806
438644
924297
353831
868613
653798
777757
76848
703448
369647
318689
527628
258924
280134
795547
76532
745864
364947
376387
907267
983245
988632
811452
394854
414720
427883
817138
872624
238006
535902
60428
523914
650331
10559
382542
488839
622942
975930
605007
353174
268540
538205
268881
422609
50152
86324
874754
972850
85460
902099
173902
910372
634271
532274
590943
19127
663387
403506
342450
696878
996537
522366
564567
816563
10452
701133
425733
845419
401494
119619
694743
144675
586315
961655
996647
457449
899136
199184
593798
597560
645591
697224
533077
565643
232811
517970
807363
353234
899034
798680
830051
596546
923123
18269
327848
398151
178557
713346
121408
177685
970530
659172
188171
808476
538295
929570
324215
479194
419817
111100
126842
260106
15109
839319
397994
229306
539747
67485
296444
131514
142896
902849
574231
790448
