8622
188600
101957
468372
657131
456353
776466
847385
149404
23175
290438
605753
79122
335282
436226
232538
87632
46901
183863
431692
635793
406516
596834
589281
456669
806352
93007
449611
491544
858481
193662
882612
852053
448335
816035
671508
264072
269660
302183
725491
857753
237745
511404
533148
440789
618644
42798
660441
677694
491619
752357
437809
64738
17087
355847
95291
854217
422200
738571
260477
182952
429489
387623
40869
373778
34096
404986
846467
452238
298405
541926
717122
319588
14131
256438
256578
863089
154272
588574
2067
449819
615093
810879
358191
540158
125778
479081
583316
257156
651666
264571
471644
512115
60853
332518
397404
149280
30576
84303
499542
326497
435598
5588
470810
582848
378881
367110
157664
51692
449929
400628
258043
229130
679840
117704
714906
549000
352959
92171
371168
394098
21457
815843
563870
756190
724498
146237
625066
510561
246307
366086
4799
520836
160941
93683
876368
440146
124271
585696
617705
97960
165382
560021
368293
335439
593239
57477
815782
837286
331228
827280
47252
27319
121609
534857
899893
221548
722715
711025
136197
781115
547452
839170
40850
150845
866805
540680
473751
67516
894128
334953
152883
727498
630024
835526
854149
609998
38927
874937
330471
167354
211676
499966
517604
128888
637616
787342
573110
769539
59939
847463
551552
252113
398672
261095
852677
714958
301945
373431
166500
422436
874136
276005
286385
522230
533508
153449
213393
231308
320764
173161
617201
482217
269491
329912
32194
37912
223352
257081
162197
315621
380448
375329
711312
378952
336531
898074
731275
471835
1808
535332
18058
477517
6429
38999
79158
366640
718607
183107
253434
373132
761202
252728
883543
66006
654485
440450
175717
255195
222038
713291
600806
178295
891782
899396
195144
16067
37400
178687
471192
852042
734667
890996
752669
264412
861489
248227
850424
598363
261531
774745
393782
37107
746820
746219
628687
256807
240951
320191
790462
886310
560701
45291
422397
32221
864775
363861
613277
851974
34260
533945
391167
562205
218015
67721
771858
100563
565161
50830
389513
654012
289086
165933
341240
692963
660967
846469
643627
677598
206091
477909
96387
107612
209026
589883
820142
13018
274040
380758
712290
670005
824219
859885
569142
154297
367137
624648
659132
811704
799320
361980
873823
80983
465035
269349
316149
11586
112622
811915
268961
799456
575079
728711
90440
462433
611705
707775
396429
577203
213166
796205
848139
158324
746944
221246
840367
523874
697572
189526
416624
304495
694131
375280
710796
264624
596950
632803
85952
434612
536014
47457
263427
655569
9150
469689
481440
696569
185173
585436
594734
326381
48476
145084
457549
225512
150040
277681
724351
6140
359772
228821
840897
783962
490190
605999
336965
237738
165108
578765
782509
158875
670107
782538
631942
540340
762212
357935
500447
823945
222443
453270
255684
606697
185877
129097
898523
201908
558038
465513
600442
199082
894941
848971
896099
621087
210492
56124
375614
719915
84439
83429
126737
88221
427080
790154
276958
508367
680493
725197
213977
266164
795023
763824
122789
390798
70608
181367
536394
464765
17648
587563
28596
819026
188475
861786
293579
779649
520530
521052
147723
459317
23125
735281
838880
149213
320554
766598
713087
407556
19757
327607
147299
871294
277396
417134
135875
845727
103838
387113
535469
278086
171767
889338
667841
834198
644586
770312
36140
831589
629028
705522
345312
616876
339777
682260
652332
710687
219285
206850
135869
193880
56505
35825
892337
222892
754127
64341
625139
705343
424884
811013
677976
76403
299074
563419
772629
79771
227711
115063
634171
344205
344101
181187
156176
489430
624431
876657
598635
296136
526012
155169
155692
569583
149443
289183
292950
879201
200468
758441
163978
94099
890151
244142
70368
345000
613187
271025
523364
599972
237677
838829
170059
174111
739242
584243
518321
542550
576371
641326
630609
387355
463541
584040
751264
262764
576705
726725
33062
735297
110998
566957
882170
786143
741577
357607
497048
193129
543759
308129
65634
873559
471783
133868
101777
698430
436359
809412
758486
760303
185761
766318
331121
702684
773393
399258
353644
766900
661702
364007
132982
215408
383530
262566
76216
703206
247920
861302
408629
811099
729978
339694
849026
231766
69699
3898
282048
454639
669711
454685
460370
861318
201165
426837
794591
248272
383335
173371
453606
207275
185414
679497
64921
571827
252932
779415
561784
294990
4719
634750
75850
165633
792215
513053
594778
659622
627029
573882
147500
550357
483255
233472
535194
562590
184524
166214
459536
480409
625833
472561
354016
779925
607445
99568
731427
846701
63863
161861
521421
458329
343578
244835
810732
280992
501627
121170
61116
57034
360879
820271
341641
712596
856051
653873
187363
789469
535665
416551
632087
804413
537963
191741
360016
84790
657160
540254
590057
591362
93432
111603
565453
157100
494470
723049
451501
692954
76953
10448
570142
799592
591270
527039
209709
812624
362966
261589
847871
222693
638864
98843
125961
453760
130499
172422
868936
384209
546161
198552
112030
264887
276283
180070
84363
546314
744773
674900
536772
219381
48454
674907
334290
759138
511023
829453
856265
373678
579797
521008
204707
871483
58813
597254
827993
638468
305731
823118
710589
604683
507462
284130
868887
22894
34323
304481
181658
131545
584045
301671
137826
872821
877974
809369
842445
858653
85949
603773
662099
225361
825572
276293
651939
716387
211468
394636
329179
788207
677183
375353
638243
111144
66682
700577
18535
769230
223349
678473
816464
263355
410929
237992
249341
604156
282620
632651
429283
299485
410820
424563
445630
89949
578198
263225
615667
547361
418897
314897
713988
317476
421708
725868
857390
460972
576417
499767
306723
165176
831477
695329
341055
452597
376740
332570
321865
139248
214574
604375
206152
577606
579288
818867
581727
680791
498368
821167
67847
69720
216993
828505
333415
618216
47934
896170
797650
428634
864399
785769
629534
634258
667430
625774
550012
106251
656605
297569
350841
864852
409917
642593
273296
521275
507693
155296
836105
518145
808565
6731
700626
105326
169198
462952
669017
790845
251817
778296
728131
311960
330360
377404
164140
457278
378621
421204
791611
760225
426445
866561
527521
754700
693600
887852
842671
97601
376599
329984
237009
836993
227499
20147
70314
863525
498510
110946
429741
384489
433824
450746
299573
158088
54801
32914
76930
148483
844621
184181
103408
372954
549289
270175
858998
328509
4361
749853
862232
95228
606091
136502
478826
250651
232595
804392
369153
321793
172660
8971
741623
144816
456056
593203
207931
636463
221869
269777
150835
336418
316780
527896
548431
381371
49190
387613
86603
538570
575789
233239
797985
6736
583388
116294
132168
18929
104964
220561
366733
627080
127700
164519
835692
603764
742757
124263
574059
866096
157919
462971
337203
442273
14987
39359
555436
46600
814583
701408
371540
99959
319103
215167
301148
368928
58814
827668
884000
537513
22544
463280
346496
290492
142883
255578
245087
225947
471706
421595
708343
689873
398653
287446
428759
583043
725313
564271
510715
818629
103727
275212
646182
152105
31252
649176
367679
873906
823013
142468
586117
372134
252076
121545
844591
451746
355827
656777
584037
396936
492652
110387
175093
154068
820986
806340
240755
484748
216416
344683
739504
252341
761348
134821
232597
347618
19200
755431
781020
134248
376421
432378
197195
873709
771020
475841
716527
704254
176154
759798
670641
486464
67438
241778
425527
316670
238091
201515
696857
322369
556829
63863
667870
526174
675722
757775
294035
452361
833174
820912
16392
553575
323378
28187
818727
507457
190179
642555
391698
240916
206698
618566
713271
318917
491894
584861
697810
26323
493762
304558
421344
369829
740331
491129
377979
483202
575891
364303
337303
843839
50699
502325
642775
618514
60385
386921
559117
162982
88037
89276
835597
491368
683321
454109
657132
484157
384693
406775
618394
350198
216181
864432
519673
609404
720992
601170
309241
36486
885684
267783
627954
400713
202291
622621
253725
877807
625476
419369
538831
61984
64040
777256
436371
249117
34874
302432
896323
175756
892578
704740
168515
137901
709366
135735
134554
804010
361965
478888
485550
549677
88930
142908
576506
825228
231585
151978
746830
712000
687025
101567
7364
697876
652638
578530
31770
306488
196354
54769
495121
384020
866319
357002
490369
616058
249307
219942
337558
739604
292073
596831
672044
63645
780400
18771
504770
674988
127946
784288
830110
586506
13787
685039
454077
501957
388988
301966
774901
559325
676803
791797
307465
681851
196433
674763
636424
469890
119671
392672
114466
385181
690598
310842
476200
698360
546194
309774
514015
391179
813634
398116
262593
766321
715190
356414
694384
847159
819061
508433
260503
25167
260275
691985
89312
234564
758011
774923
160299
290056
454079
667595
351569
641129
785529
513854
609270
37283
848092
702290
116900
238031
836156
78554
403594
93976
348407
895790
468049
809166
114238
422319
369910
27412
834500
668487
676488
251604
780706
119215
203616
604594
32421
880938
417592
615869
90709
505999
826634
883234
633570
826308
873126
322363
496941
107205
296175
563749
795664
868132
496466
479567
575595
362987
629348
476590
896012
478301
71768
511277
160538
225082
86041
527074
849150
845345
444682
94620
858319
90160
179448
664056
853561
806726
36024
557075
168841
513066
110242
510042
804567
211525
482890
691101
95504
223529
335991
468578
852158
896437
646497
696565
347799
524721
344140
789853
455743
273396
705020
754698
506747
551141
308723
444363
571283
210334
806638
4732
817251
93420
119833
373788
320670
294931
708106
391164
376224
883919
262753
79923
217806
527765
36985
283823
23948
281399
791659
26247
189595
754119
239328
601867
292716
625683
521777
54365
44230
723374
894973
330489
28304
875504
656390
850318
79291
219987
585416
494705
885679
791582
698135
661863
874353
631039
753556
228096
25678
786641
424843
523331
360742
466462
660877
589700
44343
607037
641925
371955
231813
128572
890616
555246
853251
101017
610686
847958
891457
794186
141880
487263
24947
541789
633997
784288
88825
100729
366117
501323
39728
178211
218368
819895
692308
531293
378676
127288
871152
373096
705954
491056
276164
39787
24180
648959
796402
816812
530869
280918
721797
80794
593453
105514
745502
72621
384599
892867
813532
344678
108064
410804
192039
593680
399006
893253
800537
460104
149003
898891
485962
483672
836733
808634
575895
225438
603524
589585
86543
172076
836447
518195
209625
52873
164635
402550
814660
530837
288169
665172
213101
215785
818330
485023
644135
493852
526265
678642
130442
49795
825990
177602
836442
383088
98187
265267
296531
453083
175388
747719
139086
172638
422736
686897
183859
407673
200118
221480
277947
217719
808918
600087
851936
859656
118118
357969
683843
683405
601701
253569
547386
421330
91480
447168
646644
655573
5278
571680
577674
622757
210865
687813
36292
454341
719612
631572
86533
136080
555539
341187
204245
502039
166868
304335
714729
699910
596857
188109
554064
292580
485206
825816
849692
35289
785845
417833
706571
20554
485547
319653
209554
739711
883574
425904
465509
870150
157078
126079
90149
652433
111046
310283
313414
851386
22838
594049
781724
68390
145413
775863
828706
534087
487136
604633
320838
106012
281585
737761
498772
378867
244710
348069
20766
390383
420736
20267
442789
308901
615956
576055
858214
710207
167746
587812
299268
879651
738415
95345
289869
11406
100417
246547
592076
870106
203894
686281
104555
221567
645314
225517
811331
884406
467459
626054
719042
526936
681538
822362
8983
325892
538217
755680
114076
579968
681435
406739
453249
409111
23796
410883
799665
255329
768543
998
30851
211104
663950
295724
266688
515142
471449
852848
618699
297492
573270
291242
463346
569502
41105
456929
127568
43498
2312
455166
854844
398711
28262
840411
185361
603386
248026
616251
627771
180931
529203
848019
698683
217214
511642
222534
749143
342262
638892
381230
765281
565588
238226
486902
185218
286181
852703
346021
893315
343481
661926
277012
89944
394055
876854
346529
178506
562159
615091
573276
72735
442616
882609
137214
126087
402487
523439
280250
292358
223889
26830
363180
53337
685719
273741
307022
59687
570608
762723
682313
586085
396630
47832
406503
673830
30774
190495
328551
619933
721370
889844
207755
670001
292612
278126
757292
450140
490768
111041
543597
149855
713596
780564
415564
478918
376004
687642
354709
41779
331877
173070
391633
422890
218692
198576
887580
230617
852295
803062
789075
386241
647872
287889
885868
107333
321130
753406
100160
693230
539852
336805
125507
538616
30619
856593
8629
392253
579837
553100
643152
301660
653095
23638
764897
4134
378087
858051
518228
556516
606174
825007
704425
489128
39557
715294
222307
822351
399600
319219
643326
194320
70096
819789
882944
416132
233331
785017
257832
406162
530118
690744
291651
345493
438394
3951
244670
90828
48164
514469
118550
414206
251967
374044
107563
772807
336300
190511
854387
573060
737977
875204
812554
885495
341184
454125
60647
689495
625894
725665
316939
159736
311556
476851
166098
296562
332354
250284
813835
10576
394879
424457
420228
370392
683886
766707
488447
306770
305562
663287
111393
541430
530665
134818
262825
543031
2527
181531
881918
138598
270746
543421
890272
231940
883002
666607
114529
233191
429763
708449
389837
176296
490779
613157
226788
443559
886799
585544
455528
511964
318674
468620
639217
830107
134757
483107
6846
330915
840881
261674
460967
485827
417905
559039
777038
310473
681517
72385
26995
117737
419425
47459
588326
468294
782653
157548
78904
543968
290661
510958
849290
533274
518137
110400
498215
537446
398511
609083
196462
451600
601595
831278
476775
412580
342000
86462
805878
626908
570113
77213
428877
482378
173025
87909
157788
45439
634536
831313
57796
358422
340054
6681
847754
179999
181266
110921
867303
378507
476876
387260
747835
607441
407073
540954
254049
542396
526940
663851
865022
463441
134521
303255
578387
691520
382501
697596
581682
52390
808033
529162
644622
374460
382278
237182
174955
345345
185538
342905
23156
800735
562656
819357
623307
834780
399814
49955
5691
699839
158296
834652
471721
93212
754457
295362
115753
724510
42482
54682
657229
639568
834347
872809
230520
485800
683127
177072
234097
424721
537580
678341
425651
427348
551887
41487
773377
534242
480782
815006
213175
705185
183463
624260
891995
357648
358503
898004
498355
471448
364876
92566
270640
564721
674571
180068
788327
386254
179470
146788
145568
182246
374933
148769
592872
648256
546877
236808
566177
804506
406942
469757
221274
644854
575759
684952
377657
695618
289956
827136
756724
80130
138519
861345
98047
485212
453445
595469
107519
893952
794095
25805
124093
583346
693088
226146
166007
618549
455087
586620
828016
472278
567770
32917
3400
743058
466290
232651
622822
125957
634294
700857
634609
34320
220984
823826
873950
604870
315964
520473
458116
114995
836414
810367
11691
557322
398130
796921
416643
57353
211207
541374
56945
594923
69989
737818
806692
143786
34486
221138
539590
30862
310433
254325
248014
315863
459089
698938
281586
840483
408404
870620
154297
835516
198143
494031
84367
742369
317359
674941
823825
470607
246026
411906
178216
357420
252228
676192
218675
777649
726142
75392
165789
76305
441832
356838
533966
763530
174279
890639
629054
93798
794770
881322
857667
424238
851190
365680
427179
711500
368218
38369
846341
88668
360253
831517
240058
291023
673306
47035
513658
469883
552141
709545
410128
600610
520336
849665
30839
619484
243999
98820
731014
428708
219674
477079
102246
692381
93352
42934
488709
564575
519799
623673
695587
78786
477826
521922
802282
673669
781388
150495
369754
886044
880105
873154
98594
23700
653628
820634
213803
68707
396987
513806
774254
601105
270159
436502
459110
264061
843383
872086
783776
250286
627115
810936
689199
892535
557022
464645
430620
346437
524061
856032
451194
784264
353877
598430
538135
22619
121777
812037
65615
66034
71872
441920
158011
144864
33013
37117
617095
58754
283880
301796
757313
72492
561722
564340
819724
449741
644566
139803
267540
548225
653746
899249
43005
505203
744309
341202
599828
96909
531858
369078
249703
827230
391571
169359
699920
261446
671153
197855
25164
745889
639071
401299
302154
622733
744039
614911
222303
875610
589420
106807
792439
752014
675919
798280
100038
852210
473165
190129
386620
780124
216260
54337
704118
702009
346262
135118
200369
531031
559015
501327
750842
397036
247585
654263
265025
651815
857559
300334
875628
392593
150534
566926
609256
64639
427255
371799
466618
525527
737504
420591
67731
112285
596363
833594
135906
847577
579599
411409
372483
610918
189850
479202
463829
226585
573904
815397
410218
249324
366637
259606
47191
798150
293190
51411
170635
213673
825518
91059
810525
463064
207188
149537
452349
705635
22602
664148
803629
467761
399840
844077
714153
706408
154607
826413
153921
379067
360082
140816
871463
309393
712398
121225
324644
746318
1330
409722
265989
848768
818553
446129
227602
853448
188268
265818
342559
87683
479909
803557
151260
50772
825039
680373
278407
227056
896489
714946
190465
225094
252617
715756
225022
375465
730461
146236
227926
31515
725644
139672
527864
679160
557851
602755
707871
137403
326796
399855
125564
323089
869537
635328
477394
174456
622335
111454
853121
468244
37101
101878
85306
865582
220539
437806
22034
118473
214079
62915
734546
328995
863994
548481
718570
658340
751097
453310
710630
14118
613112
148659
532568
76352
288962
435160
159605
691921
746707
549403
771772
874342
374494
84157
642545
213768
877578
248425
521960
94021
466391
474546
422108
466457
346783
673991
486047
655832
453751
472822
848236
672411
457364
640186
416824
573477
90059
1314
779527
235601
141137
17088
451771
163674
423873
335051
748263
38342
817564
203634
519874
251216
796202
56956
809527
123377
467230
222337
16345
876138
645272
258398
726036
123120
716452
871289
247391
53492
49824
662002
701197
434414
585276
876322
594658
118725
110073
636403
398019
478718
282835
792988
158502
253215
835579
16567
44425
175967
336733
412928
871710
197484
342497
651724
731236
458168
677741
266756
142193
298816
121255
175836
133771
883930
372823
885205
581174
383419
639179
288779
227815
74243
531413
46779
634103
898470
621103
132533
409332
167959
285119
239898
274322
241394
277525
379539
672254
461798
108657
846541
163954
126558
211233
113076
851268
378699
72008
424587
348314
214960
685435
590374
501080
783785
788132
558820
336154
655576
762346
614124
721245
149037
233160
791810
163063
313010
200185
546374
834311
862961
512117
314090
324615
142306
724116
395342
109278
346644
129234
253722
222898
389911
26476
255447
366426
17380
607110
681098
480882
645994
102926
440302
770120
17078
279163
6061
257587
103038
710416
841499
554691
41738
166077
450959
467091
881887
232324
665182
85979
396553
655833
238806
406306
113893
310210
619764
4113
7304
340190
50370
564131
9552
792706
196305
446936
213573
590526
777774
829993
145994
13343
101892
763285
242342
403501
801711
671866
723178
108852
199640
489312
85887
27169
457874
215727
803757
649890
520143
259649
276746
780240
819327
189841
617821
597832
596199
47187
90158
725716
356218
220285
223724
58985
269302
191875
556506
423626
297822
410113
833047
676105
384495
201041
316136
646605
893058
660220
289732
856496
459133
100685
164252
743135
237942
765025
517446
638277
249605
245691
77381
793921
463012
155668
506966
698995
888870
614095
182616
245526
351729
336106
47865
278279
18041
358033
232154
503587
504858
222349
357342
379183
211090
708218
876596
710129
37498
676022
592414
634300
814399
295893
708222
830665
394080
831857
642204
380864
518182
457918
386070
42038
713787
460764
11173
206544
522696
333957
865383
749414
22704
107335
356463
299395
480674
211212
517541
557961
132095
378420
836155
791089
111817
420612
609261
525552
63523
365528
111156
744693
126955
714228
451719
583278
359120
64472
57486
345899
573586
725489
533893
532538
852117
666956
821226
300337
702753
37286
743139
398411
708378
466368
675279
547049
309302
188910
283079
765978
514880
774189
302832
135413
241737
97780
206720
876867
639269
605508
155146
507514
698473
724473
482536
484259
581823
489091
420580
91997
476483
839534
9283
423835
61662
592028
790574
758376
800348
622773
421822
69451
854188
494485
554468
121349
646643
75332
700883
601399
883854
320578
229899
37473
894658
590817
81794
98533
472865
78349
868752
625994
259036
473990
664023
11197
24063
678894
136813
130929
752078
720734
46600
493511
435962
376979
508805
111881
463711
444262
155541
636624
328669
570009
160101
454405
619121
164172
634056
811236
400496
269648
37443
598685
293504
851347
246613
499381
839026
54426
508864
321097
80639
76717
794392
438034
840158
404907
123879
146852
454688
194718
690043
768624
613928
191402
421837
83626
377386
258111
602095
273541
357951
251119
291441
613273
178210
492153
816847
590407
656778
823714
843099
867603
465413
268645
398082
525136
712749
638466
411742
283194
720681
140498
563928
744541
857987
530651
558487
573011
787521
762270
866985
675690
65827
199822
191373
411939
39384
38011
523835
342167
298204
413420
844977
426900
103602
224044
414011
34981
651994
146587
49821
157072
121360
347909
398624
449465
82977
699663
394551
865124
522730
874157
886220
730296
874158
846929
456364
334270
43348
248031
170476
401417
521403
391323
504759
670319
789179
255396
108053
55670
141978
686266
737561
125002
342951
567962
880231
669354
168758
811434
810400
705794
581913
455280
401387
324275
55639
686525
242882
743823
444779
120455
368310
242753
769244
521556
421152
304937
464916
72498
340166
621733
493472
332899
74758
445899
153091
50198
125473
423282
356887
738065
395879
859889
406113
753418
544155
28415
807888
348469
797954
133818
560017
99543
271726
835267
527154
11802
796737
652422
798769
482809
891104
548471
437728
690875
468823
660344
520824
108892
696035
198071
382903
502727
644703
410708
721048
430976
675470
842881
561325
282173
348705
850018
725499
238453
486182
78707
488945
530769
592270
786185
400646
199615
503961
673136
658415
308005
80097
443476
405210
105490
641471
872380
893227
5264
496893
666576
590928
441238
692249
118587
81634
435258
280723
641803
313947
600196
837556
516373
283822
301277
167227
646646
112583
105478
100580
875605
892832
750085
779735
655108
478269
348826
176043
590340
455782
234576
322005
269288
318494
45296
428913
879922
45124
379599
836395
97722
702981
445415
850091
272237
49788
576195
81115
309138
239304
509043
47382
820360
822216
699424
196590
714411
530997
127929
631290
91957
487932
130988
148506
426113
272695
462417
381129
788747
639495
763072
2078
74643
701487
327427
318175
661024
327984
279302
764675
866401
203133
855242
261473
379854
229434
327961
442074
169934
648310
548147
477120
509394
330978
335399
468546
527294
707853
290014
822517
160680
588445
59634
731584
547865
277452
23132
137668
204272
172605
559818
549958
647366
855641
110606
582523
179180
433195
643412
756719
361488
734356
281612
320529
787327
807371
872069
490750
768868
816149
293531
276265
191854
687228
179687
594980
736592
761808
418357
280110
775970
885527
191731
388537
899589
695410
522117
321398
838468
302221
697429
869312
313846
270274
370087
369057
85535
520716
381707
664645
644630
886051
782284
730649
334178
441912
493253
774399
713885
753742
851091
726482
113915
244499
676102
461296
507971
79002
100209
670792
118364
829591
379361
395969
132995
293398
560394
675653
223800
427800
861148
204041
528953
826763
820629
593114
782950
705124
880720
539877
230340
349180
305371
527490
646173
141572
284390
609054
177124
468870
322487
159908
483350
623514
255675
664360
788924
439714
443159
211792
321613
400579
831324
702175
594161
82272
176025
186366
429344
64564
898282
104905
153064
107212
530350
74356
768813
466047
755703
440312
400971
874475
781723
23966
64376
189101
715111
547047
266373
656827
120370
123893
583970
376546
395471
142042
349569
211416
235133
152219
574290
11645
18137
76480
134734
239699
410035
10587
304144
412119
67774
57938
294109
632219
452672
797643
24868
642913
839369
370931
418465
365718
547329
585290
898331
531752
396698
365775
202509
275781
875045
613796
611010
764786
534304
137694
216185
2341
43725
172491
424680
32928
247390
295679
612285
593067
888715
325213
893344
753100
597766
233919
288308
158405
766918
11363
875772
495050
427424
857458
439130
691741
133365
258061
495986
34472
345092
771990
522606
29046
389695
821624
510459
219311
418075
224564
350992
183567
717185
345578
62926
195969
716481
181344
782531
211709
469223
741298
354249
515803
272773
899446
92588
623026
486256
466026
126952
64978
499303
472797
747984
598586
688782
118550
21131
706711
721817
321957
714937
409146
499107
722917
861236
636245
471775
189610
332914
336914
761701
46540
613350
772815
225966
411312
367494
822970
888859
594096
842023
99620
568143
892934
496676
813733
53086
61498
566814
106797
247229
504837
383869
659746
540472
241538
601653
25659
126978
711472
822532
827288
511879
707750
483863
522267
882942
644052
564332
833639
509210
250257
456659
786195
450048
195750
794989
410795
896210
860663
330198
454660
160682
245865
200224
96090
864130
242581
21300
757928
206032
559367
250941
294338
486128
367507
201536
117682
678169
522325
547555
232750
91825
359779
90959
660659
382972
164273
514608
514336
516048
512001
618233
324113
780356
104613
765700
687349
118759
173970
302295
723823
30924
17667
16707
665446
842723
116935
657541
670793
16035
229384
695407
55715
29252
405625
349249
301814
524201
612091
496849
491479
802746
177740
14122
829638
2319
5100
647088
891081
813865
20589
445121
126404
777435
392983
802487
23063
622885
710902
807595
682547
108833
168961
524243
81818
730582
25671
142828
113298
684778
666711
119571
365862
344501
409772
260780
531034
885872
497683
258310
841160
75500
425691
874326
176220
260192
462584
561119
287048
77850
749844
879668
716901
246806
388083
214708
711879
116172
886529
563124
396699
635236
456538
119642
482111
513252
583541
162853
2686
623626
516302
346058
459751
646262
294415
781882
530314
439807
873434
673439
122222
493925
637333
538469
210161
554662
546035
896053
793693
840138
294043
514364
515492
713113
670327
788875
429976
415501
225756
300056
809320
307330
171024
540961
538907
436809
439485
551921
813090
422844
457584
686970
805406
888172
173454
566754
857710
898390
805876
444891
206258
91892
316874
180298
182817
720015
469315
607274
786275
466418
748819
593673
80972
558298
99470
675855
302806
39914
292665
288542
630041
300220
100079
11893
17674
51121
458514
319759
818029
611240
759532
745865
840824
407213
212160
185025
843846
753161
890066
504474
663669
269336
182864
668027
341597
120888
640956
620535
54093
412381
721911
326887
796035
63969
637675
881524
814343
692825
61493
245521
894117
188259
91789
315812
138853
505531
764275
320581
580105
891884
447160
20127
797378
451235
328966
432404
202319
622464
18573
434558
448020
352198
583467
296335
440115
195154
293719
751833
818281
537832
353547
763850
401383
681736
125035
838896
732459
876992
25654
750394
222843
138747
495784
745311
387774
814295
526313
506999
663031
127220
423862
167335
570814
845448
781546
250618
159453
511888
627496
449131
358244
488897
837064
874720
827401
314269
404795
383472
336095
657376
719773
330436
57554
579130
10519
679227
779037
600055
344333
85672
693096
474746
780490
310870
745857
522920
640934
266412
464277
374049
570674
207724
479596
555977
772480
659893
727198
847460
435185
844392
42614
1857
799036
859079
788481
246381
124024
32345
46515
867752
799463
293675
551222
879733
675935
518033
440304
686474
341909
225193
306544
413512
109032
739392
685588
421252
637128
666798
879579
244324
516801
685277
572450
883077
395624
889927
641437
854489
196384
414013
218259
48782
284297
482180
704566
398185
286631
355225
354238
314290
733482
281814
234178
870121
171423
523660
783730
285782
610770
498224
511699
360286
52766
440818
623416
871730
110899
558888
410265
489153
880835
62730
654323
70061
888681
499543
785116
154779
356662
686005
824737
133988
439769
847157
292574
322377
694826
599060
726232
386787
713300
18845
666427
258712
628285
49869
544684
537674
565075
725167
894442
580841
101908
564677
564005
400681
329402
84904
779898
287662
53569
725574
226923
840035
599415
326699
437208
589258
45695
258843
493916
127374
669121
18523
772550
620437
385393
597615
723953
170033
318139
108254
745731
368949
279016
113010
344383
51109
675600
471227
374823
254406
110396
289747
111953
415508
410710
305852
444452
75827
4816
227558
654064
62429
754509
92428
557768
97945
474992
210558
400701
217837
701983
740730
18552
582538
466227
788115
105843
430278
779007
892436
30452
71751
475675
183966
87271
479899
644364
622028
680663
740901
221041
445848
345385
462354
738956
226998
648182
43433
585835
222206
778147
531392
756499
596935
653310
95819
31816
180527
889974
269680
621915
334583
147895
332854
820721
419499
19329
439388
96555
187263
4069
808518
697719
501525
122460
367569
562323
502716
75971
699752
585401
91570
839286
791503
793227
41225
441416
816573
125084
383848
187036
823591
798905
742056
313796
625622
369331
567807
643987
766938
491401
612026
175873
285113
529750
801570
323515
169920
153140
2721
8163
197946
70412
163455
516363
388478
730268
350213
457866
714722
148355
346690
296729
603598
81708
565931
737325
77612
501140
243965
50321
615675
640057
363231
371455
236834
256994
6755
885115
833889
82725
640139
449003
735907
11001
361416
729815
409105
838393
838237
10105
818432
116240
27330
774081
54666
423495
85605
82632
885658
377385
828266
523055
878433
534768
890739
713364
870693
70190
9083
678287
113913
711385
689341
797999
129032
691955
255218
378764
469643
440181
656822
52553
434010
636440
109260
14856
98207
209824
254328
475049
241254
823974
33226
521921
282481
832256
169819
340883
30567
629455
537263
573325
293260
705028
17691
665218
191052
492879
711904
37471
775025
171302
830069
270252
682389
259567
19459
829858
234929
747115
885321
488291
185939
838846
141472
556122
279470
551935
764921
503280
42315
6360
237699
562504
68062
658330
692296
440376
5107
718273
557847
866852
573127
729407
582268
840761
843060
788872
571083
189570
581988
516026
230972
538122
315270
369222
256337
412080
103261
250879
705651
202208
741046
502110
401753
842291
338450
437360
534410
570117
708642
466525
853338
268431
286193
266933
683217
501633
314587
436984
178057
874046
666139
798850
664246
338771
731041
484210
506976
690741
622979
713622
787819
792374
134922
140245
266648
888068
110254
16184
697892
672734
66652
646934
494510
733236
455571
536922
603990
28858
582574
28083
695969
280552
538619
517080
556953
267697
254666
546230
815249
281822
16770
882231
317511
200551
612749
168144
215458
855629
820148
396456
397210
312023
44293
421184
849814
885959
492528
86532
304881
220887
455153
730732
263798
614454
362376
810287
192939
276761
408933
81573
84426
51392
586078
803094
531177
415430
140931
518597
46971
138724
122312
4627
426800
655747
715009
574609
385463
540411
729805
118021
584740
709965
704041
185208
773837
339738
249958
728955
94478
75262
475380
98835
582348
562605
127101
632232
875095
765000
369614
710981
413832
157147
398544
339437
360778
446070
804501
295547
292725
781062
261006
495539
715317
877167
340409
379723
227977
565609
812120
764848
532647
479509
454653
671894
564670
442490
826401
220831
260851
383007
62804
412519
565133
533575
744334
147978
294956
620005
435620
402739
857011
159642
780727
423169
414982
149458
98214
651960
602063
438007
273443
529922
1851
383312
753411
587104
841601
502011
495471
326609
431139
591874
603064
310205
137165
380828
182183
715550
622042
290883
23570
211628
792341
130413
812523
383236
278525
129385
483155
241396
198498
538264
860299
756421
612908
211366
21387
307877
882844
883939
262155
9169
216042
43875
587486
635260
115916
532590
865343
604222
427128
249028
826756
283291
419488
487921
270319
394926
560797
308681
80036
534226
606919
666560
745140
94574
81120
658952
765943
117947
786160
845768
753849
529171
19755
264310
781899
520279
667855
64433
155962
186940
487434
21565
560509
779572
442200
757883
493191
536949
467369
281796
125757
73544
518529
650755
726658
82415
867482
232780
285965
347412
382244
255965
819324
700683
694028
898223
364450
743491
173274
392888
817564
130350
874100
484129
1057
866250
883456
88671
528055
219435
299047
106865
675298
313063
317685
290964
66264
413214
263933
29094
414064
732196
352282
523381
273145
881933
627568
628291
198503
483700
191440
399417
392616
589511
290938
868197
236020
273362
370749
17937
669379
221766
85146
404961
313208
54342
790663
593033
529627
491374
435535
343721
778117
350625
83702
792838
551668
617357
554874
249093
389247
98813
135862
346887
661731
2267
584416
316540
21499
752607
646802
550533
697742
465177
839814
335722
412802
607415
513562
808821
129807
118643
601011
521289
238415
397181
322269
104674
351377
250752
448336
572298
138796
49651
708399
588245
473489
79166
203178
636186
152985
42855
63908
198991
708125
280216
5231
145856
153445
722351
124690
345259
13816
503394
839404
118139
11442
731500
825875
53182
898932
542553
446101
310245
5140
678154
810784
235001
304949
556549
48925
183156
575570
300028
152758
51651
320692
478168
736088
379542
187427
591393
23252
163872
465241
465613
738880
206290
401970
666436
867515
578191
489088
356332
812269
574091
202971
98165
702412
685189
9141
499906
642235
561054
91627
265906
191245
732276
146711
68267
301767
74304
15874
205667
472644
634600
715704
332266
296786
89218
687188
396759
558201
588231
748666
847533
867452
497519
763075
224265
164472
425614
193235
150283
879753
767786
173190
435903
33292
811224
506153
660647
115327
638899
310470
710
28165
178200
74263
379308
285766
144224
645627
765049
562450
465915
304870
143440
384358
458661
15378
615066
712231
428168
467348
822835
706316
137902
90058
483989
335768
102433
831248
115070
447492
533026
449873
503745
702043
179298
82011
245831
769247
474719
634347
339295
57610
70302
116135
387017
37391
362178
414187
267131
280958
255015
340379
179246
794790
704126
809880
519304
810836
246565
339950
91750
547322
108929
647241
773542
254764
473563
700967
178511
46499
38164
463753
791197
432932
608902
834371
39277
549979
203193
338035
408897
374464
655967
586478
872432
342748
167085
612086
147085
480165
698198
128072
733490
735301
393189
359729
489194
705465
352694
877217
548184
118133
687698
253367
418887
263301
270182
233500
616590
330510
840447
411596
530751
789170
140132
225839
479565
40371
2479
290151
230456
350799
664585
64033
731671
233929
393921
158285
182432
619592
712713
191179
182262
211993
220238
734299
574128
228368
842066
753047
697218
555052
667655
489629
627691
19032
529065
359779
856442
57069
492793
4175
91133
494773
132114
387807
221671
403434
864522
612130
284253
831965
501831
194698
881854
429491
70971
216313
46509
417034
576477
238840
531964
471385
845029
844743
47319
546677
876644
83662
34889
750288
829150
134386
174511
784987
377029
792356
249560
51468
794707
197043
700629
247099
862563
471745
707555
86919
214317
336179
154001
481110
154333
835234
244176
651705
694414
149903
499479
872013
557864
508820
884912
423838
306898
105077
739203
431046
298454
880341
631740
62388
23505
54820
186171
240359
455187
120534
817241
609913
631417
768751
574162
190681
798468
405275
577267
213808
523765
532058
605824
674213
58952
25848
540002
726653
405802
791227
443660
375130
168377
615893
36809
749572
397783
409242
392164
789189
777321
218987
68756
4653
680306
353905
147105
202166
103367
302373
202647
378370
78767
336843
409126
392929
681689
376895
123667
268367
345722
877320
606303
385946
136641
686250
194962
29217
432601
65912
334564
119639
48507
553765
12968
2343
699916
853499
537365
233746
859994
839109
891538
90932
258383
348071
457117
546660
671056
871213
515224
40730
181621
753569
131920
561771
669252
660342
776780
768111
404524
503202
601774
566628
503483
577928
247945
678539
51356
87731
865632
447824
852145
738367
728950
30920
143081
752880
129720
33875
136959
291462
206115
404896
702991
575017
758739
168048
378164
71710
701449
598162
277571
845180
180504
367726
356126
597560
81740
609277
742070
572572
535863
93685
211424
899830
109785
87267
615922
574252
755276
722225
515643
777870
126314
821031
658140
896420
439067
549485
347911
165670
432606
594223
45778
376587
488691
483257
219256
739864
121699
742306
454573
149178
610253
508133
460091
30575
675214
868233
783741
720255
790284
220515
161656
1256
828543
625554
682897
317174
242493
856584
370063
554450
616192
731240
610286
374385
477462
488298
244157
317518
41572
515804
807125
18162
568887
688899
14422
74670
600362
414303
322015
417003
602605
189708
93962
864857
426232
897860
452290
202020
774412
817730
376417
869285
658754
55650
669259
212181
91090
72741
350561
354364
105954
894096
120866
145703
880777
531699
108644
743351
487679
157863
187115
503638
783587
702097
472612
96901
336456
613059
756769
780977
500765
491138
80018
271428
198712
170690
462459
315800
92222
560429
176343
709254
839825
236386
582409
792765
457687
52634
795739
789486
609731
873383
503190
800323
267426
155861
845916
651856
682276
498642
330341
537634
437156
845994
863956
160115
497942
334058
461365
793632
532524
272838
484981
779474
490022
327767
749374
101688
692308
706940
1518
584502
426856
339777
249139
801783
392029
723325
295461
71613
278046
340693
407007
98681
446068
737918
310715
470262
311856
871392
195690
514352
654001
377237
190829
349474
846259
281617
400436
800221
571669
264156
173808
74196
588836
124091
252918
660212
687241
685420
137170
855345
359659
99696
94533
706140
580227
699171
30237
170897
281691
567494
543696
544940
115617
413982
660405
104731
890574
751445
859135
152239
529613
643167
550326
737004
724010
513847
702292
511968
19033
650791
765497
369168
465056
839399
125579
10958
584994
506812
330413
667783
634217
406082
424315
270681
707183
206404
231487
554433
335241
346824
100563
705778
74513
52712
621652
117378
130638
887067
15744
9982
344706
595698
6476
753790
257776
465277
377091
532948
679624
112782
798879
723133
789200
889174
803997
388026
850192
533484
173633
157656
343834
244300
893445
38699
54165
560956
263839
449049
324901
329065
726062
365363
691352
219376
599456
717247
386319
808760
283428
205616
497543
106653
829126
265047
792515
305000
656333
1459
569560
54297
217453
838243
704276
751463
245225
485309
328620
535934
349769
204343
5601
505159
293267
378370
45326
689381
331081
292918
684657
206587
301375
107464
707379
518284
510744
361209
387830
871770
383548
405800
172442
875120
292600
752232
568684
833275
297010
309676
216683
882355
177318
760414
457272
429207
713858
147759
448633
200502
421851
668168
192202
42282
868906
243583
805602
889631
858311
800550
332189
151986
309024
272510
43243
719252
248982
764105
730740
371438
39764
778140
64806
398334
629100
364499
439165
855359
255632
549374
2541
7303
228458
109081
584111
362633
615833
479130
593670
737403
342792
222819
115565
389779
666285
325208
549470
708682
239515
855466
366081
591682
296708
392978
106000
512132
632654
97849
47236
816578
10832
744052
769309
355771
529514
757709
433618
78301
817247
657692
275859
364740
159696
805173
142552
251488
740757
215418
29193
795637
467866
111729
248584
736669
557781
127153
43038
122472
399392
802198
90945
249891
571095
140308
73599
568470
765423
474471
670249
201064
266160
722473
307007
849277
797841
447613
716148
240223
240719
889417
822046
89626
363145
57568
807644
357761
518683
403869
736132
69807
265877
826924
479528
272200
271672
500802
887524
330686
174220
869421
220999
68975
323521
420485
362812
131179
248672
713570
585556
580947
573836
369768
865489
636253
572411
268509
130545
70644
484555
308027
437
641980
264803
584032
255789
857268
175687
552642
151875
64660
101687
796897
461856
689910
869189
76853
341822
459313
679697
322150
61484
179552
232770
615387
534615
771393
445539
533162
242299
458745
261880
493421
471558
129076
112764
74774
323013
579627
540249
661593
326254
768351
36354
53512
605128
738433
130288
701180
322683
886452
234007
460942
11824
66922
404613
492518
132740
298218
536023
273355
773967
297107
284215
241977
884651
247259
262325
711505
284803
561553
128257
157290
695513
744160
489859
574117
642388
591188
794167
851454
689541
808151
75688
548606
694004
402516
440328
807886
487180
870397
781545
851398
112223
669352
556955
564003
886935
158964
670882
238230
196283
168713
314643
306009
854170
59486
816652
898398
245238
460884
449677
408000
878128
250655
810359
103546
47597
79300
764383
789238
850530
763550
80366
615101
639297
221435
119576
885069
378271
647620
382872
317450
28225
676185
338308
352683
545219
746298
111762
400853
136164
707171
411175
790501
802577
549647
106327
146022
592781
604541
542495
391586
388890
822064
463834
846293
566727
744976
479747
475805
119734
70478
647016
664750
422409
432196
152264
424931
729768
897947
833449
307759
548017
725990
523672
719665
608572
898156
768862
722693
70826
714659
173211
434486
408298
126872
252129
218162
345031
695499
126544
82775
239442
151510
579625
764169
698279
126830
113810
59173
843774
808771
518373
746703
708305
832162
630581
687368
72645
99769
716958
811772
757719
267834
525031
799607
435396
871289
618711
868664
334484
840239
570257
787805
237189
183233
444686
102366
432592
709403
611286
135926
132761
123510
307194
297563
875640
375161
57201
104143
891327
741947
864172
754383
238056
417830
259000
226632
269021
90519
321648
533706
682627
373570
175773
682869
151747
586835
765547
479792
237526
507023
645320
437176
761069
80473
642556
241461
168283
607888
93280
706089
452927
574646
301948
431937
831953
883819
215073
449326
71560
184760
431072
147341
499366
431175
171589
389762
463457
113935
786099
540676
397327
395598
679357
549425
264493
384623
632223
614946
544844
626988
452951
357370
764569
123501
701475
535128
418695
470605
818551
250059
843802
394077
301499
599845
118675
102658
105247
199112
857587
690298
696252
249182
105294
470140
446569
386917
324622
652413
597174
209318
444385
515215
219273
773766
112800
563044
319922
248118
678812
462832
815693
887205
259687
117837
525812
582934
61660
10199
305214
634060
506637
584823
674200
117089
22823
434814
440511
42294
406692
106663
686743
493413
460428
4415
468042
847474
361225
704352
343456
55168
165606
573368
813048
122752
584546
851305
252353
756387
617047
436586
340119
849617
897058
118603
825693
792114
122447
575926
664051
742986
100898
210480
62356
212354
410851
573246
556079
607425
16295
840837
396256
229754
629688
382026
213259
657374
484065
668696
81780
818162
823031
133759
235389
225883
274919
219385
807389
599638
454808
636425
194745
384068
329117
863805
646434
62594
154266
867410
357964
178967
313775
97782
441030
364359
705670
842920
336346
698437
318613
405148
394338
48741
201137
668154
701701
78702
285039
163270
347213
728719
632344
591579
141190
66857
467656
793713
325430
10217
655107
54621
667251
315545
4181
118007
427301
380876
235524
669591
455706
337336
161013
836089
338655
889793
456855
124544
888130
464175
230959
594518
348801
753281
18657
226160
550414
399515
822841
654512
367074
763515
527923
216549
442362
44202
562669
136814
847539
132621
619494
534043
103230
23291
583315
755540
287424
466249
450526
717747
567240
135201
159195
352716
58349
499474
652841
445517
288004
181376
688033
505248
742715
461788
846719
810093
357205
717678
245066
276700
141058
486958
272865
29081
485370
132019
17955
766256
36375
338915
616763
844600
55564
6345
82567
692524
633797
662660
246787
604500
120220
587643
351607
331586
476437
81935
33498
516568
539863
629385
619297
313128
456712
864947
657447
162803
341283
563555
435099
56242
784600
787921
821409
541907
420737
288969
429702
359835
276413
372476
664612
521226
836139
121457
506477
10525
172228
377625
695511
809292
701556
785920
310245
45587
845111
814431
637166
647214
373549
618607
196237
750622
345593
873880
383396
572072
105788
318343
811597
278749
13768
623870
27902
57748
637188
27973
274104
686770
464156
838142
158061
541772
857441
175158
634475
686884
860580
636376
759305
269935
571914
536763
58573
100823
554093
380828
701432
494588
589136
549126
536367
78613
877820
721613
135783
852852
83067
412283
331947
841000
593648
477922
229645
772540
881073
308240
17575
594204
27235
581120
507020
76376
395153
696876
437425
65473
201768
420512
312881
683441
47281
795659
455521
129991
870859
25391
776209
221775
674245
121239
71739
655329
213558
164008
579020
108704
587193
324432
134060
432866
661960
897883
13996
69615
176755
113893
601162
312258
439773
434826
888292
295788
700372
871448
91127
506232
490091
808358
603026
791690
588949
159934
426620
317825
231904
788661
544607
788027
217356
469884
578959
316440
596103
183119
130235
102486
490630
761386
760655
678779
357314
326876
760003
672082
496940
257107
112740
535724
589134
48983
455197
353159
654848
888435
80034
826125
518884
132717
190392
361491
701054
722903
112900
477666
472307
671422
753775
671027
187806
243360
523954
52498
443433
121019
453700
334629
261390
753024
409693
512454
320169
252710
788966
63724
546297
387770
545376
446440
735316
539508
774061
99915
217796
174886
587934
801285
605474
105165
527994
867432
680557
108106
392648
146155
75751
438954
652154
754090
768077
207649
665974
501035
725584
625142
505026
318396
779797
838872
839979
704375
724357
461294
399985
780935
705745
243307
514163
36709
384263
363040
121202
734363
861066
460396
710885
104841
276080
484655
796505
345222
774365
281468
444930
45310
624727
389516
772259
341466
418663
770767
882678
182078
508299
185438
429720
652875
269434
38476
474388
5317
254965
71099
6410
778766
318438
315722
852284
361393
325688
47244
752437
46907
531219
304820
227510
140612
639474
224876
75423
55916
94147
323621
220310
296256
99578
182153
630199
495323
348498
878700
712280
340425
594978
499745
756087
68807
641207
620169
128706
274374
631091
394470
664835
751567
872898
169518
160326
793248
478421
863002
265065
377908
401182
460894
706719
766177
47686
781043
579424
371067
40206
446640
333969
483510
321472
632536
537099
92201
765361
328684
4203
243309
182197
686017
26389
598724
711231
365260
322661
174455
174356
224282
127604
723480
859627
314588
763524
29830
20419
287456
107977
878511
328288
155707
885043
416880
134948
184450
353340
646711
578918
632631
727050
744874
511922
477408
251041
652544
447357
731604
272488
265356
251427
794095
208599
403835
68382
597861
311642
650067
800901
309395
681668
742619
467455
692241
8276
719898
34466
59267
41372
193943
100973
111151
187092
593503
397214
423625
579610
376230
20752
372969
342243
10852
676405
405439
74403
434721
359596
232477
864437
99723
153535
775186
189191
539043
276092
720566
172966
441529
651406
207361
842689
825164
302807
668279
523868
139315
828844
260734
672020
24985
322893
474736
15497
678979
288704
314891
674189
150765
209257
759974
760808
56851
142215
779935
769029
725964
48173
843695
388797
365616
634780
469758
298174
275962
738074
606451
425463
759624
157202
136292
466307
35839
817384
393068
335151
151212
518262
411866
625898
450245
147879
284038
274376
744334
428143
635326
874067
158168
658886
345151
124014
576131
344384
810048
270119
336580
594922
704007
96377
267650
303074
264927
89627
283195
524723
516897
859817
214467
143820
626863
51597
693868
465948
282112
648137
195969
507341
684693
459107
525196
703930
86442
22573
213272
738894
96072
651857
427440
93658
881912
581526
834950
297266
687410
636049
35024
362596
538227
819018
733101
10134
273005
304073
370470
30140
880920
405214
815983
611411
337766
724331
137132
885373
236597
278446
696817
659225
4061
470350
852097
220830
519753
459265
461848
570740
318434
265527
223844
499855
288935
49287
793678
83688
29977
108245
863895
728890
232051
132252
666909
162454
87063
530717
687293
429284
453571
623364
674930
23191
272546
561940
549979
694379
13790
159727
728891
100637
430579
233187
14554
718855
191552
780020
42313
649110
519735
528386
119491
50762
769684
875383
150894
123946
876650
285871
244321
17218
568792
189956
489280
180826
795066
790101
695746
346964
667932
513811
398196
328833
645225
23432
60022
605952
91010
180100
778435
447860
469899
301125
848270
533665
353919
606946
850183
560483
68899
72884
853885
14891
856280
453730
81950
448311
128074
636359
309114
889421
741222
533154
692038
785428
594248
550842
598812
301295
882130
476300
695839
653846
217976
874131
328796
19826
176120
839378
546572
838773
104
896768
653430
316596
1128
117745
35025
467971
41398
800509
116967
512523
313792
116976
208757
815594
703123
129421
358896
658535
854546
79616
656257
327792
741635
679742
863089
896082
668100
342555
283680
604788
179355
6632
198414
70449
39979
443430
321148
566992
163777
472108
456749
748737
258382
357200
595783
880535
293872
57686
287158
133020
547848
630547
681295
472053
140496
348892
846609
56276
24262
557360
157255
471348
212769
553662
899722
882900
649925
473140
366628
638451
387313
780454
881200
555940
695733
272343
478205
145454
229536
794119
550289
728963
524152
241626
762410
484315
231395
656192
861440
234508
674754
498246
430054
196328
854622
757560
237967
756916
158458
647921
843757
139296
587112
797601
40852
164903
859320
286841
813662
5157
409322
759158
163367
22256
52772
22408
649017
491604
193280
458142
430722
73071
391709
233776
478529
338598
630998
443369
709087
342114
50895
502543
810266
461579
63371
787151
115037
794015
56539
108330
513451
233134
88913
880374
438875
47925
726802
799826
476637
352374
492874
297099
63579
265008
744602
156164
594907
420928
343180
1221
477664
734932
835335
423042
492464
551464
765950
455142
720656
878719
290178
64829
328331
84639
586040
315131
828818
24873
359078
457484
373181
38899
494566
76345
30479
696772
670461
812435
553784
88876
108965
767424
879765
7101
86854
726815
733746
70666
843268
197657
822287
139259
12818
376358
98656
270410
409348
596313
721870
147133
495586
119370
152443
267616
114584
871998
558019
814558
380618
324596
468701
523804
851013
779406
447969
686034
414641
659930
468548
703783
220867
134172
167231
122888
719502
99035
20142
171812
307097
326597
351860
263367
337196
68863
287611
448145
244932
250604
406969
408978
178534
806009
547822
353765
521232
533763
636874
727046
226603
598758
530859
377233
355229
86692
789188
422745
528058
805486
339386
573793
739163
242961
608456
120986
531655
828512
837410
543770
21613
452505
887990
672469
383348
813943
586766
253115
674090
36404
623602
439374
215032
485177
235339
254910
486454
128259
836867
120258
179451
790579
481351
739253
834285
546099
410126
65803
343095
526048
521427
501551
229913
599128
873182
442331
246264
816577
495138
136210
261494
37556
21375
522269
110812
649732
627591
710848
478772
277263
756766
702328
23892
691456
310394
686772
507092
18302
430250
208205
402497
770228
362547
642948
101130
467934
279894
398262
672663
514413
162093
643614
636345
209815
2676
483815
820316
668382
757988
51564
829082
28411
880762
387567
196169
552999
782999
824210
105652
738950
283617
108373
655784
796560
27622
607724
748260
556701
54144
163772
787988
406956
84532
320499
434263
778353
70069
57249
598139
607193
457349
91510
346987
294907
735164
476377
693087
458556
474305
736611
622577
188479
35253
213558
627472
373799
220783
743901
695021
780875
120642
13025
193011
697461
621754
436612
345748
675926
102021
183646
808190
133322
134287
14674
317324
770947
741990
242797
56472
267733
643516
646330
118415
649949
318699
779812
512765
378446
642291
565449
640039
462138
319838
45080
44632
528474
129092
34919
613683
133690
13674
86451
762119
432196
459942
542132
619712
290951
452414
584764
321818
8740
271214
227469
859537
682740
540135
264020
336148
848249
630837
137798
250872
466400
609689
132757
177000
102608
614229
568974
341401
215058
108967
168979
868124
56380
141676
845488
363309
688988
8902
548860
461801
424989
555672
594414
717372
859257
797614
765785
587480
387356
855033
267558
740353
82064
570808
604301
531814
852362
27218
203567
640554
883473
680416
167282
591680
446054
31336
155578
127637
489524
274116
813473
658951
241653
595552
506323
598484
8351
66018
5032
861069
397642
173893
387358
874665
631358
812797
517907
94358
395165
320351
236796
191434
115114
185785
258693
604632
1301
675292
133414
785917
867557
852026
46429
871322
472000
815242
35022
154237
405402
378889
520532
852120
698167
160954
457474
898323
305599
461966
750811
556956
837469
425375
285418
524861
609043
103222
229503
582694
24126
213516
698023
752713
436290
312270
837415
180133
127346
360217
479668
835770
685470
430693
382129
172508
703513
799295
248102
687106
233509
672238
264890
120861
813118
835158
526221
765574
546048
430587
825365
876848
677685
622333
822195
593949
838783
670242
823088
246765
97598
686002
442937
32336
633919
639484
411316
711357
655650
554645
356670
521691
224422
513664
703171
858268
54419
51753
466073
233674
443043
565132
166490
713017
66189
387955
299580
514077
769040
821372
650510
217140
402713
898904
355857
216579
271185
162704
179025
594815
649286
386691
836606
736386
658997
286026
164747
163710
799376
838908
100706
240269
837937
707245
843682
831046
850267
107345
661463
789260
127881
634911
837045
570048
402167
23056
798768
193303
162185
391623
380954
757927
192507
291306
263034
723163
522117
810031
208709
14629
111499
806386
155004
702803
141119
564674
44578
557626
664755
421756
450424
541231
226495
596238
483031
778261
518731
772062
752682
120592
436218
482563
290117
583000
479123
409905
8037
829033
285197
725362
69190
655927
823190
102512
191899
745791
146336
778927
762606
847449
788296
341111
610964
293642
206533
177871
746347
764533
242282
28709
112178
585361
884343
99466
750438
331830
247266
738906
371093
888593
345118
251865
352257
142743
520645
618393
721011
799222
510088
835800
385208
691015
582671
270246
616893
650848
726127
277221
373506
670406
495079
211049
181534
151263
479830
242302
384048
848198
462270
89961
851772
351799
230829
739335
307434
639914
805166
700369
810487
498716
806763
598081
364790
578089
367580
507759
152167
510135
513393
762932
472530
736235
560727
899375
479553
608190
863499
737765
39639
783146
240505
348419
377616
781503
148335
780448
833910
465203
330563
210622
829405
489013
803229
122383
134332
291330
865154
364947
444840
878129
898431
224447
44239
310377
692846
214970
664110
81554
399304
483106
768975
425128
844679
668076
208867
193388
111575
146887
559480
236374
645912
8577
378903
888965
690930
565444
760445
239222
678038
439129
585267
706195
532941
311916
588012
820546
585536
508815
796218
373983
294818
234009
395406
289412
836446
145927
310954
502148
177112
121314
270533
98519
501827
16961
35642
812687
855679
256325
251789
802826
90028
274338
717564
611776
55631
662974
315037
423388
509088
736658
340153
617736
328430
631149
228773
390336
220592
500504
893145
657225
232009
517940
183952
402395
492886
457696
334938
370456
203063
459958
90465
72769
32983
160053
613430
418718
525114
219865
72503
716218
171011
511334
755936
492242
237663
134308
870442
27554
875473
779268
827524
519392
236443
717185
882637
13956
349125
354210
798924
691172
656141
739292
571596
65471
323468
850004
451927
334479
851425
749793
320557
877921
827836
155920
109633
719649
216105
564353
148368
285934
276918
838767
334143
410540
83043
88941
231313
209497
661798
40076
871682
689975
810647
74201
62114
613256
202143
637251
16209
111736
527736
806554
274931
188372
622240
1427
674129
274552
687808
287368
109580
16742
10259
684668
399326
353363
14742
546268
68527
383739
607243
181217
815760
459317
640457
597234
502328
833697
193827
229223
347161
548765
42451
393512
765854
409719
287299
38163
133251
289981
373944
868285
591761
665200
523004
400912
140021
69783
157446
869458
129883
243536
459752
555398
99308
170593
466229
802476
459393
223789
264653
750083
26563
672322
311622
587983
178977
95246
108760
507862
527309
826610
669638
486788
470484
413903
681988
291566
570487
365501
694889
129715
616650
532763
647826
828927
77289
450176
321488
120297
576402
698768
889200
690236
571875
210250
671622
179539
767313
814814
138101
567709
865506
236348
45756
508257
450952
39911
42240
42619
664090
542473
7346
83203
808176
824576
283069
274287
228731
715062
614575
583471
320542
239406
163777
132214
725965
28346
475781
287960
72225
683978
265483
511503
216245
427519
13712
345912
768097
432989
731011
314714
884720
399390
3477
193638
856160
261220
603549
217690
759125
50215
173573
624576
659578
300
674964
511124
89269
677078
87769
447938
668262
415350
572433
680941
78780
618750
362389
245293
33076
84116
614595
886640
144143
438082
750631
498209
188142
530377
816837
760261
538732
629174
652518
281122
590233
661229
419965
831354
416079
117026
142453
435062
286227
106343
748185
732158
300041
530942
809023
480068
520820
247728
313009
349888
500041
712631
812730
765558
243791
319894
28586
480084
171445
9064
387878
101143
76655
372213
96687
385133
702319
752289
454445
695030
638076
345375
120343
825092
823762
335236
754914
433697
602101
257877
577348
203023
843507
333474
386628
611562
451222
192684
570784
391530
419682
452513
414425
552741
273489
507049
494687
710993
88392
279097
61429
330503
658422
625540
643553
153635
250185
286225
389682
392424
502188
769064
369710
326048
859937
261382
664279
845537
105303
258257
379066
85452
757960
322085
433268
219630
593618
828780
390432
637737
602576
675084
829633
891181
495028
256602
706249
14976
144419
396716
716708
293309
122253
750988
20260
778488
48551
476553
844329
186816
120583
478888
206189
241117
566139
72695
722921
486168
260519
747298
659783
551962
535833
752831
514214
437869
381322
371875
497315
368766
524564
530423
259819
347108
330762
607974
419577
273691
380729
270285
14797
662697
515129
657941
199020
604545
451343
29117
867950
219078
787043
370639
794792
232839
591768
637717
496246
191529
147213
146021
619749
684546
512944
703512
674810
834433
208826
183128
339075
307660
751563
509879
556248
45953
887234
111901
197228
89534
76856
663353
97942
244316
757050
532056
737719
28693
249762
359092
274631
492806
688017
575011
333409
180880
465227
402193
691271
678649
194446
625544
670355
102479
199152
360715
216060
802637
577749
206306
426305
759542
117802
706160
409461
102397
449825
161728
435719
666247
205129
318590
501900
95593
691816
687138
12075
469099
135608
411046
361125
320974
364380
138457
890752
302377
722782
648845
166703
783215
801382
211882
197823
181325
158393
458437
267519
78735
483691
650604
212749
352610
171522
769880
623993
134580
75881
312421
509465
472408
246925
57405
21129
525157
533144
539504
500636
164254
534247
529824
353347
173068
267402
755385
353081
279560
401496
173246
571785
785397
402413
526174
180380
744521
374817
140966
165827
165228
63269
850352
794269
280410
515068
231864
374661
502595
136788
856655
452316
673809
53345
714409
443726
233481
303892
841585
763043
628618
765053
164733
867717
379507
364442
700252
445705
206561
731258
886155
251644
490294
68498
497927
824971
731829
198459
108508
258543
695946
204903
565180
48819
885063
825822
251436
416387
489416
667641
502680
273555
543448
210938
193351
642569
384013
74950
634345
545576
122158
495072
764237
440346
827956
223396
557774
308153
65358
63452
59501
678202
319679
429954
178523
719798
101827
483603
202157
765654
224143
545004
53426
539547
342197
577028
243392
662536
81575
402470
222314
892396
62739
592233
897262
44655
348268
230253
806570
434937
531401
511285
216559
542329
877351
626747
596558
34617
837290
490996
266095
146876
765920
201922
640993
186288
42534
323472
640331
80310
705157
458445
208865
411658
338612
709224
784467
312433
351201
569636
878143
748095
288297
304600
495974
235075
146500
554630
226011
357967
558943
387893
873208
256615
3553
