7171
451588
434638
463163
907383
613082
559209
399750
719093
497538
723266
945653
285282
276133
294340
895629
183355
93493
974664
270575
250144
252121
695138
789397
234731
463042
940935
958587
512743
761373
659482
51098
509487
661729
415569
730127
934181
493576
377224
842715
651531
122778
50722
843011
438465
986404
564440
715992
134875
497992
645920
12433
467806
903598
100218
335444
16792
581400
762713
77524
983577
529940
644141
556819
824978
571850
533769
274121
844872
679029
398966
803485
822132
959151
473491
478224
434362
677284
737255
334585
227908
448744
981317
119530
122555
281893
997979
37874
205026
756461
860183
961532
804302
265006
71477
23765
259782
740419
730538
591947
780403
906599
685030
681264
440899
644420
656330
120126
14305
770346
280550
41429
332617
989211
739309
766687
444810
850882
82040
866580
496732
74884
744115
185177
521755
315376
341928
119236
947872
873936
963110
608762
747258
575841
161165
742138
182990
418974
496057
603890
23880
446968
467209
490511
82301
241315
391051
687250
805855
627658
780934
598429
573276
991587
569571
612750
640595
529564
776056
797762
761843
494388
298674
438331
709490
490343
119583
182684
846439
961538
25558
999313
140358
451732
298627
323979
828533
518277
798675
925417
883151
61888
309688
756338
184372
893964
807449
50879
29002
734777
304218
440182
201493
547381
321475
79216
4591
597694
932687
478076
622052
84657
422611
297661
199340
911362
719689
548974
509637
314437
208377
977158
216621
457384
994051
736439
519225
527619
153419
437776
408981
4232
351425
772866
132057
209109
241996
952255
635716
822441
877650
625662
128599
744370
283622
375260
58704
2244
703631
212700
952322
430246
554865
28879
766925
266375
805403
734351
959168
345550
958188
918501
124039
36431
815842
348554
113938
732121
835585
857611
502213
962796
911772
673029
576533
778824
453122
263056
996358
829728
432264
862840
21246
908845
211440
166439
995524
409632
717363
245086
535387
137071
633520
776994
540533
610193
726129
905459
712918
908164
985046
224055
342982
131275
820320
756022
795122
379318
699932
209278
128928
574233
575017
404327
234445
526047
149544
681905
463078
822135
109568
9225
866271
809132
259467
130219
144626
733394
123233
26337
918199
602524
765247
490409
716252
226379
635283
257716
257282
970177
498150
211595
11445
365492
983462
545229
612229
706365
413135
252563
818821
286224
58550
467316
348896
316550
232754
152036
723859
351126
973863
453815
959178
872739
419120
33924
175835
529967
426600
124516
549593
755629
556694
178842
127126
456307
1011
737100
671801
959758
969816
250351
922743
810416
773896
693250
732017
162884
887448
640945
407850
649442
890167
607577
746404
707870
392030
812587
150
852027
11477
754154
741899
126461
937310
78606
558169
542684
318914
802571
589949
195348
523959
54379
227920
295706
274347
835864
426856
246441
771248
732022
179150
147449
946500
143341
293015
384849
421051
168836
117729
153972
905355
393640
914668
733687
535604
328845
579346
997938
800266
410220
413348
72213
673889
264938
8227
296594
758227
908697
330200
80696
508528
789207
275920
672416
622531
360852
145912
281856
584509
118258
3729
366492
256385
919813
357007
971037
568779
528185
530708
89658
948413
785747
51396
325267
834824
633168
682692
69596
795571
800553
221780
457974
639115
572600
548422
188633
620980
346459
472302
824663
28633
838329
653242
956137
351843
987850
673524
426391
528376
900531
306871
245264
303141
767599
997394
283874
277761
436168
683773
83776
19758
288434
585639
625590
487997
190980
25642
898598
62769
917267
775840
45117
136796
185197
287311
766520
844454
29551
94015
527821
845421
301828
22893
748471
730374
518906
679384
807265
68256
616514
504
123054
110153
255236
920270
869027
693195
9501
960215
175090
845934
427574
975514
648676
70305
415490
588001
688353
962163
322899
644932
124511
831100
822618
333792
9445
969561
662777
237863
18683
40659
813639
100817
939056
382561
963551
186929
762440
286532
482725
763106
19264
275088
921175
8288
649918
43403
4747
404979
215322
819758
927243
467013
527171
281288
910025
232533
733903
935298
610305
936580
730787
103549
264106
131021
143547
350679
235928
514642
948887
705037
875377
886993
896771
834939
570121
452533
260929
221310
706141
179081
476756
183674
845673
214151
245036
706551
922470
926031
730537
731238
879780
111091
63245
619906
323135
144943
140355
867986
638849
724278
486470
368331
145044
331751
529200
623569
690978
407134
920928
209758
662027
1447
167686
177980
551682
763406
99150
170348
117572
971538
183974
742825
998198
204088
603950
148614
942043
266363
702075
550836
434223
347105
636232
48480
482722
618216
382522
278457
806964
569440
478926
614735
293737
380114
302306
729239
608170
395806
796765
625995
275448
654051
699515
381102
286861
968598
208632
898157
114961
429813
12184
902561
592246
664918
818577
838449
967216
324825
608919
267861
916052
901052
173122
407349
31564
390477
467293
419759
636981
163962
963405
984760
372181
568580
574044
259034
207484
802898
500833
183387
716534
957922
725070
592958
894889
29914
480022
879203
16722
863549
307704
576841
379798
296249
377773
195380
51912
500509
251370
661482
380790
697767
505234
551895
692464
541563
34940
18896
330775
933168
846748
816500
603229
619013
40528
184047
584414
238833
612105
881624
437914
236952
305044
889466
861519
969049
114116
881712
723823
394308
625662
310953
501059
967977
76257
742860
155932
659020
959888
75829
963633
276916
193949
566492
811290
37603
599955
364055
651560
186847
376864
629110
657758
34543
769117
165644
787088
875618
681596
713101
997271
954056
631117
408723
664559
265860
843117
265595
115373
182905
760907
77868
464223
408866
319576
134583
181826
199614
44171
13210
185114
993960
671886
889439
167282
475652
729608
34274
175216
691798
831112
232175
664340
142188
951306
719561
686093
526268
805673
321352
688760
672328
716578
216730
150262
469245
844289
616362
49832
245084
392939
6685
779402
476559
900039
987193
631721
691613
596169
293600
768322
924089
862363
70714
431353
623733
759594
70066
541554
317716
480587
114967
144912
764028
755913
287778
411528
527370
753805
28951
811297
773824
537064
234884
519498
640538
260543
909350
147223
439998
483091
195179
369370
124817
197803
744275
445658
256166
582497
552496
502579
724945
591623
89356
470154
353946
599220
600745
899242
854925
784302
226787
103296
536686
68533
360882
671535
421451
564842
882124
680273
574505
565659
155175
577419
658976
175020
640924
84300
384835
241186
173159
461666
898487
155663
632971
726969
372645
474518
90578
403312
367114
119194
45938
378521
123435
190535
311564
754509
413542
671932
899213
268138
692196
660948
478199
16555
58923
505040
593082
680994
907792
489058
268924
26068
594825
26393
962424
273521
478177
805412
828098
904558
228228
982468
673512
92801
519866
514578
440501
447992
74737
448490
655887
787575
242034
487475
377664
225164
577910
596236
257937
96753
695250
112981
302866
802141
121933
382743
961719
291527
277394
154385
279837
667640
206849
739616
892778
123531
177887
937482
71697
234180
658862
381159
983541
419147
327128
18476
492325
973188
167941
93205
852038
130700
294796
763311
526158
834001
537029
158655
778412
978766
562813
777810
804166
639778
809923
149858
938906
95436
922143
889122
584262
523013
689250
131879
690083
392378
746265
579442
862859
559845
656475
117726
825275
356295
925826
796642
51796
879812
184310
966660
245564
795226
528868
345179
609185
824767
519310
224063
714077
708311
369597
143695
426997
609743
839441
810782
966204
746649
434809
104699
659349
251908
994621
371867
921750
732343
406904
265573
114695
227914
805028
831962
158729
243072
938318
943007
783379
962789
323560
332073
325784
37504
800125
485380
673925
206774
126335
610368
517606
438331
210300
425656
597736
637045
638767
877760
114617
704815
143411
502954
423500
350582
314578
34805
346040
634836
915196
857428
304384
734566
417555
686806
173805
869084
860195
519286
477016
716749
59503
320769
877572
463669
597287
881632
943655
601356
872885
95873
411465
18051
277046
238694
149702
261150
824902
312394
626030
108009
589812
288619
251339
140504
713749
339385
40258
942335
299316
304089
641618
981802
201063
526422
543610
295194
178876
27749
754295
640221
460499
196307
566379
16776
732101
958221
492121
447124
562818
391115
460429
882579
370297
549595
864537
116749
423152
354822
310073
808699
637683
515489
968280
94175
681705
716529
647276
431998
223746
501883
322108
505916
139212
643176
211585
337362
972645
179026
362346
702893
968267
270766
625530
928486
582543
909398
292301
130010
480616
80497
514680
532646
637668
627585
848077
395585
931065
756808
448062
67318
356218
21400
660313
508668
444901
513782
314033
246516
819993
34282
612829
22078
557669
610150
545818
876023
220347
953360
799628
591059
621635
627886
522465
41684
451788
494253
75286
439845
593181
980686
458579
615253
789226
120686
837426
638131
345762
581808
600606
630850
137701
741833
549461
324057
196115
282919
998991
721690
129344
358847
631353
828748
721667
799922
732314
285592
960045
915739
331799
176925
558167
936119
262993
223984
829269
502130
739116
18163
336839
168010
759211
666576
838477
798498
823287
174739
454810
747365
712191
875106
235746
384277
722617
653785
754285
911471
201350
561158
234701
801469
601459
2174
178988
6584
162971
533658
846143
29783
809899
18514
697239
689528
190270
394803
209558
805034
90342
54080
991806
971989
682444
903267
692517
289991
711023
228302
626309
22747
357512
711539
743472
89160
994510
706844
604448
302147
837013
166055
514668
434578
156754
765218
756887
558447
919609
656831
43651
787476
214151
487028
952579
691369
937372
812082
168462
308872
763392
394367
82703
902313
777158
909362
261912
841903
632782
195659
264567
555534
860004
877164
521185
178583
83525
758840
940427
229921
192578
33159
121048
149142
621886
106755
328493
734167
987409
312674
407584
679629
122447
824640
390350
115597
769507
249048
877067
166951
43092
7582
119348
961228
301546
728956
574753
350937
569001
440488
591735
148612
164156
815455
366490
315234
203182
359296
47679
616018
201937
657671
578527
680778
533505
181028
738759
712188
771394
602743
765709
763428
415174
283499
347357
797553
119116
218412
334065
17165
594018
447430
706399
262923
655819
760220
971660
295532
846267
362497
827582
753614
524095
142134
345231
243634
391097
997377
354238
38632
934409
736422
678304
808089
465928
438981
961204
959089
728110
327631
704467
371239
510355
71206
59270
437546
786386
359057
741490
586857
614858
86232
276270
41791
913278
978242
145909
49658
732892
217321
330999
829895
71387
493367
935946
339195
717245
800319
281086
75840
235892
433082
952589
341018
225953
150620
43761
146389
440695
694418
824336
895501
980606
137883
918931
371929
708084
383680
258644
272213
535310
776305
659381
615627
213532
15806
878286
691006
249354
912942
851582
288018
401794
266752
256483
676315
366511
69116
938916
220416
579549
8180
600555
715788
663612
352732
727856
62417
749636
43779
657073
188217
274674
485933
3710
601322
141360
903119
209968
393685
514898
394855
765562
25820
777469
121973
171479
843165
253410
605273
502691
104800
165480
339338
118470
826713
692008
473264
806539
361241
941714
401824
554574
466904
241004
380721
709972
962391
977211
310079
314421
378549
14074
364348
849588
797648
638599
725614
786287
884374
21533
632969
894897
203687
151804
743721
74277
546600
324325
633387
962790
697127
956801
159593
156785
942950
280866
948945
915964
384198
137121
694242
531552
910354
63205
510850
805489
212260
998853
289534
991022
184376
906245
896670
475412
21707
120189
131876
339341
356783
419864
62370
886918
100910
927991
122421
782494
935896
162037
727777
538425
80428
638598
888906
722933
308575
522488
674637
697076
362187
382492
679353
919128
684023
604862
701805
866638
105663
661391
819791
613184
446816
57380
881126
382446
310050
384919
934357
643799
53922
916299
298869
911697
220923
375310
243470
964408
781265
904599
520625
425731
506490
744622
442356
370418
868872
487147
876491
989348
684855
757334
566975
42117
497904
569069
281742
972964
76088
561093
412576
380194
707448
738632
262689
558086
92585
74717
285567
591598
15195
638693
433602
34784
533027
764576
240130
87871
919967
847600
484810
264665
562535
455414
811016
512605
420562
920985
217581
339498
220642
494309
451751
415426
845453
544399
966136
322333
349609
608151
254387
143898
74803
133510
696851
904656
367227
541655
689400
917443
990960
326898
680639
338483
869508
929683
971260
361230
846843
476041
476631
905093
763542
433051
429568
904763
114198
854021
241616
121434
931375
885728
770238
243136
893899
995871
637498
456663
545911
860213
771113
756227
615022
571349
640062
4724
388992
63185
399921
308443
576799
554404
847199
766264
897606
683147
247614
635858
205959
917389
30203
927744
69679
267228
891634
83301
592535
80980
989833
682169
123146
759008
451498
547137
885262
545148
889051
69281
325393
704596
951355
292552
779505
892811
85083
516937
937448
80537
840694
36362
15699
329292
303695
14613
447261
8751
694182
11532
1100
698120
159958
533241
617256
669882
969486
898435
666819
917131
226090
478205
709738
27776
649709
494809
50215
515749
489437
575866
794799
35113
772475
389863
85871
590245
517918
369883
511086
94525
884139
465465
846046
517343
290163
883932
897413
991529
303401
880589
615171
780199
203582
386574
118207
180090
909339
846483
967346
792980
763770
602768
780687
167967
397666
518317
375502
903613
397629
339223
838804
784362
286615
452784
273665
311422
159221
124134
274901
487311
787664
382561
193407
896180
458925
909846
92740
222948
49818
145273
211273
588796
583751
934287
836029
937951
561470
927521
252005
270968
572800
986381
241733
29915
982910
739958
453736
431497
464177
487579
83021
379794
523222
96389
946670
724309
898697
914010
874733
204515
200189
170063
379166
15874
802966
43259
899755
508813
865571
968134
807272
438201
226363
199616
437364
377650
257075
328462
521224
307299
356281
528767
396255
138517
258128
224700
488130
491503
470888
4574
873519
877467
14169
954074
296229
280841
947260
501463
960079
991181
955046
8801
461898
558116
11586
449653
327573
67668
740682
993020
212308
8113
391138
105109
205377
382715
643601
136651
996848
595301
822940
874470
349821
934449
872705
990941
22996
265270
379725
514729
275996
506884
404506
559412
344641
638366
431849
359216
460828
939366
301399
590981
773058
730198
732991
220578
764518
157162
574701
295861
41643
466844
293114
47029
964810
633863
250313
115548
424413
420397
205212
961523
347334
948244
592468
471877
992702
967499
653571
342325
100094
16586
711536
950060
882563
246839
256870
374570
492290
741189
742969
267582
949544
897335
526038
461520
929676
714435
666886
383196
722420
626193
329151
971193
473281
886754
724007
541975
761848
32014
167078
669640
991085
415973
478630
108981
143054
899319
970282
157809
881353
281776
273672
801642
853083
144667
454276
839291
537142
863623
385035
41759
937359
913223
255881
972993
739329
366034
292583
705071
590049
509643
266148
21804
572703
220
5071
554724
486357
34171
267358
418874
27439
992527
705839
576382
511096
150699
485848
408826
940669
409400
947628
502187
51231
338162
106701
448269
331067
942281
690153
665615
569070
884455
120787
468838
51335
387217
458814
329022
467469
948647
437144
710474
199529
791173
24193
632828
95794
505996
639526
25873
53971
467771
689790
500100
674267
49142
377441
957218
923553
739817
321856
55101
738770
425606
54213
970234
917337
507882
776904
647814
736105
700701
200554
175525
578538
790392
386706
273643
367805
427105
591746
619779
927150
575282
476629
124908
884277
890297
817623
901508
462953
525208
770881
540157
656642
984139
864015
268396
776329
167049
158080
357248
780894
139780
370666
876495
808230
325259
34871
234060
268431
193871
481984
838677
145025
966595
448132
621801
85666
581660
16452
274039
827526
476344
533311
40849
353586
989915
347525
884543
73611
153044
975610
935344
753440
671294
959914
466444
492625
513890
481347
383013
416218
821306
498931
347915
702079
533264
538847
93950
622998
150853
404733
784830
109804
421038
352206
251967
483157
848345
34875
893497
715156
383021
728267
813851
244898
692847
606847
819679
342111
511329
167755
147193
53458
936773
127025
582057
448671
460287
357562
330416
734340
227544
120212
301087
130959
737887
925443
438026
791648
53610
446405
833628
65366
433466
25991
278468
593369
345916
835325
553165
815108
976492
14306
883532
347949
728212
919052
215538
883026
798579
521642
665089
939041
753209
936030
499868
27300
242989
474417
400439
396103
152625
41399
461101
325063
753630
450176
140208
496633
422921
600568
893082
892084
879527
988636
105442
693725
228493
151129
152299
710733
525903
220547
477687
150817
4618
117998
867641
265181
706238
490285
300168
317757
490899
887397
57519
802586
780476
997709
985121
802870
73401
249412
562954
861476
260598
468366
592064
268950
539985
749036
103256
651909
347513
299416
627670
290679
934514
632410
879740
531824
967925
890122
103491
274359
227379
890019
196328
499715
573050
465023
776925
672131
698289
251060
435168
237959
910845
204619
867625
207246
977030
900698
329917
401388
985236
571837
595616
108824
473171
93365
559399
669008
103157
965084
366891
858729
647542
677956
350042
688822
60923
899564
390823
686868
126932
825694
720418
659921
586528
497512
563810
993463
697680
70837
877726
549176
820740
38215
975771
924599
598097
766291
798464
515377
604836
25912
226821
394438
294528
179293
701514
772136
615843
925863
663748
529439
400455
761813
469586
951990
112644
488952
570477
440197
57106
185425
491902
523100
445484
78601
323210
222601
331921
441799
377800
595399
261604
36658
663188
177731
431220
303939
665212
99531
368277
622661
794039
59606
34093
844012
548149
199466
987019
798223
749264
372398
679217
571140
55714
40780
597554
805847
254066
585090
992054
463846
912902
429510
988955
814940
549468
396564
640502
251976
63475
101141
847159
954521
192132
860909
656939
240569
373966
406049
808474
111362
272015
990820
602768
326241
678542
34749
390713
974982
834965
964182
466661
882949
852029
109155
388012
285836
780321
952236
469035
608001
176308
345785
266412
558264
327855
350554
777828
115918
840163
679824
368981
80613
587500
878171
211092
733884
306374
537825
675621
151017
389049
290360
578882
959926
563056
976656
159355
367702
898408
958144
627447
832450
798980
914219
200088
83893
930621
194639
444989
235648
772470
617002
20833
955658
529325
618697
269024
655912
531149
335982
464346
753109
525793
2525
189936
278350
891108
86339
342636
682701
733300
657476
103229
153375
238564
829023
871583
635620
186224
999488
384665
181923
637068
501347
27936
230599
986709
158559
579929
550843
340777
189015
552444
4317
456594
848952
776020
76705
739485
286831
960290
611845
990537
436267
608033
436972
252891
54026
445925
440346
835599
530339
680669
659531
881000
479343
937399
55408
781864
328724
429794
308807
649756
982223
753391
692309
214031
28030
129617
869123
186783
535560
774467
207443
885484
353514
676041
327741
91948
746590
288974
845162
237467
885993
867500
863308
908624
256706
353483
924760
110251
912410
102368
455969
705067
93069
297879
901074
124188
796131
214476
671368
209069
416194
644274
704778
760031
282996
227542
851046
801818
46737
746046
444201
783898
782601
80747
517946
756038
934160
633726
287955
122017
554918
115959
914269
272665
976258
361816
939112
600893
251738
661352
482692
807436
822866
996243
636478
678696
408638
267247
932474
631082
537366
985561
18154
926927
15413
71998
782952
303439
429966
118262
665142
131726
152620
596682
261455
313708
996515
210134
271337
225719
201176
737545
987402
256960
814634
215242
382596
556619
495100
531445
248783
928672
372129
780355
217601
427262
774946
91628
865327
878190
699541
102868
452919
535263
373373
644555
310566
94245
502005
261931
666253
37073
55317
930544
342797
734848
893883
937840
750602
995554
302607
28343
366207
361830
935776
960899
730412
75716
328493
658969
606058
195494
507008
103234
795550
307316
176245
932005
598924
149818
695513
306434
945539
378297
335854
262344
103222
468039
773450
114516
665707
287523
74718
797640
782604
957401
8276
59523
564891
457614
61458
472642
529475
623657
285020
23187
451785
204638
557206
231793
898722
82648
711846
807489
902621
173571
232248
407720
723329
445363
674139
282759
373937
491188
516873
331988
385868
191407
285252
590678
765970
930677
72923
534652
163071
407915
565580
783899
364796
322770
979331
131907
302123
746994
568129
23484
618720
435747
920600
853602
288496
205816
149522
291738
732129
219528
222194
748528
479040
221786
604434
111823
223378
94380
257835
938908
299874
516448
436211
632047
51321
827844
464481
725038
74796
595261
753420
728136
485455
668687
37553
279563
172168
353162
934099
731939
413822
878229
787709
287088
125103
612112
787363
360834
505505
983977
822311
846644
631088
495677
37239
243874
472646
473704
155347
355592
750697
588971
736876
422840
238703
695865
33128
620727
446924
552286
925762
25589
87500
642700
32399
135208
303324
246788
461467
543364
738370
254877
768370
715993
174829
686836
850426
815752
628518
118001
755774
732707
621926
746417
604613
98337
216258
345109
837281
124922
766338
790439
150660
858149
476111
755940
324171
104556
520906
721130
77983
40424
612025
865151
406705
429407
726428
839995
520802
13878
779358
109908
401861
700180
38439
199620
279676
712662
933966
986009
876350
760360
884588
259672
910139
659974
915788
601615
332438
638928
883390
111670
318481
572355
125386
259585
730503
675226
137538
442181
51602
459520
195185
644100
444045
921456
553775
240791
517875
251115
951062
374391
501350
781077
65103
85927
491852
337837
541126
548930
373268
288103
136700
574173
501014
430184
425786
19160
817305
292509
100451
410246
81454
975289
630947
404598
176313
188809
946052
329054
355919
338997
701151
414883
217083
995733
126959
515784
866715
827693
289793
572720
310952
95047
651591
387281
54739
712428
419660
430327
288138
320958
179459
661362
403865
497781
393976
756638
25454
582196
568616
184781
368117
567175
834412
648787
290402
710523
994767
47981
597197
315546
500993
259790
19446
285442
477861
856584
59562
433057
576069
683220
114815
915984
380133
819326
183417
620424
457973
744751
974863
383109
961503
778776
473479
854070
721665
307193
191998
55325
239157
88011
215108
573897
78539
492368
367524
1390
661080
566197
625345
216670
305127
277088
98971
681446
580110
511068
414257
351751
398044
155230
193665
321744
439727
507188
904235
520469
436962
958601
515443
722317
702499
318551
196261
639245
469794
452393
182035
755677
308965
588876
499642
962932
143736
218194
52099
253078
850626
733570
977189
601990
659700
704927
802279
932008
909658
130451
273795
786296
836627
721784
17191
735009
82526
854596
51797
834107
823690
368334
447465
413860
338512
461889
482299
516473
97980
941276
261786
652402
188613
647459
69881
688856
714302
39718
810598
370659
113189
930667
355189
143732
214937
203962
264635
113387
699305
16326
467318
548326
30024
713651
254666
27735
391004
637768
552230
789697
112949
859955
240709
702031
688603
702643
555793
251537
712000
244838
708962
376980
165396
796527
442595
152284
990839
775299
470550
569472
991178
239505
42350
783138
323359
984268
149401
582154
591310
282582
833761
374687
764649
738826
49256
531585
478023
576166
915153
602117
759485
583123
748094
82126
389163
748691
906995
913989
971314
830342
772057
131700
455683
348889
44895
650756
349971
894988
681019
109585
925994
29
209742
706151
210139
759894
999014
46876
870286
343984
983837
968842
858745
908643
486302
475366
123181
588939
269512
650434
129421
254968
343147
636187
188633
387410
282671
956832
250344
285735
801875
685312
818548
321299
323283
648046
130831
312587
28004
169588
503284
628486
647129
209521
954296
693768
214951
367153
761504
473420
599685
927207
540748
265805
853613
375753
319120
128497
120256
836552
204707
897683
499590
888491
519664
702507
775315
598535
130250
994460
325957
523869
728381
365466
197481
933136
26943
797046
461885
329217
635654
511560
366032
463817
769139
716792
761542
485010
173483
405800
383992
408210
543175
342850
829112
143845
694625
804249
547250
600391
59535
851838
114989
278955
730092
128610
869169
26170
524945
746403
275011
131499
324515
387189
62476
525627
927174
65646
83032
515914
786160
511597
92665
545810
769880
492648
628556
365700
531404
278737
815699
420673
666594
863845
876545
504113
601927
8017
455189
685252
129139
443009
2078
352323
225021
972614
901533
548434
669578
421922
315591
200324
41377
347187
526889
636443
700762
445435
53094
129818
954677
257288
410524
54089
950984
600964
472101
228677
800080
562587
428089
789121
888167
184260
948721
805533
452502
964911
636198
730593
861378
673225
453240
952086
259843
772783
58859
907649
933586
43820
54251
147581
615264
410800
50480
424564
613507
643344
357308
916281
36939
359156
914114
678789
818483
656482
467297
206285
230772
933412
95757
857788
211699
176663
638927
105170
481690
94931
418914
386713
980675
905586
866558
686207
985489
194239
934771
314261
244249
755389
722603
225955
552446
520081
73170
571365
194587
893901
22097
588390
350232
585625
301237
160760
582303
757376
326895
760525
30889
367892
657076
266422
831986
487999
54085
389429
360779
213160
981385
458112
187086
689278
629141
638357
308907
472036
208206
87732
500257
560185
38182
25726
828297
313539
713026
307560
229068
945271
278588
467100
390389
669031
57732
419116
468321
280200
695137
397043
320019
676127
904982
62026
109924
777480
620255
336164
563672
572451
404314
962951
906507
647195
341059
719656
23370
343892
156248
141345
201854
231409
323227
60625
293314
868031
749302
513424
935702
832769
996024
61133
190253
518232
39677
904839
702369
317711
328237
113124
365255
518913
479003
34033
410524
143463
347277
96183
434782
397762
329243
225654
226359
980833
82736
624001
673940
304720
848814
50357
918933
529821
493934
830359
937437
224968
419620
700425
144520
517958
72993
341033
427324
54450
240179
828679
664856
152593
878567
465344
570762
405056
55215
913212
228029
397756
10398
801664
834735
862606
105231
485744
294560
812753
303334
665509
610598
65569
55406
239783
670494
266658
357922
514439
991549
619306
630151
267868
304068
719756
112438
272088
920594
48450
18872
607749
370643
212598
779402
784610
989526
565485
241215
566356
150333
950289
951493
884747
81229
222937
697215
342322
419429
208215
521170
16786
970188
135069
438972
231044
59747
304333
287134
196817
445753
558460
795290
33000
155197
676098
50519
387770
859214
86113
793633
458038
882159
743824
643054
729436
950550
365731
15803
292800
315811
832984
153301
719006
593902
218944
485556
71636
758521
26056
510338
461888
789701
788899
396473
276470
549824
569622
73322
477918
905243
163487
38041
152937
175802
524355
695494
39534
268357
502579
950087
898149
851740
970714
703056
864958
888359
275653
524757
544223
788299
459184
256838
504121
973944
445353
561081
742278
794463
940771
666534
75681
452097
546650
59083
250497
131491
404829
469040
198611
837982
762109
374469
899123
833106
461968
398567
534600
139707
208802
949249
682041
734939
553018
35343
336912
198295
273924
78206
944169
73054
691680
548272
611862
898500
265350
774043
501203
240557
725971
820305
959521
849188
520501
481818
936449
27723
4080
807613
550606
672493
689738
635614
537079
167023
394777
260609
696600
807270
723111
337964
174901
24002
56127
12715
955986
13863
976279
618669
109618
988636
535513
599436
284970
162588
36624
551594
35296
744650
273195
164278
60837
100098
529521
905358
484973
9291
418946
680255
976551
262568
664070
465192
81213
438286
962036
473020
115498
159919
636161
800613
447346
310900
548323
252742
970627
340234
722112
721049
964390
864532
769912
949112
309538
953022
510284
440823
261677
515121
942633
170413
494544
281698
616725
614548
984342
926662
53877
383366
641776
113952
185016
149735
459880
706554
139940
919778
635968
844082
598907
435916
727911
866539
842889
752036
691927
197925
515917
538044
146702
23911
794562
471601
868006
433625
354376
397781
720595
839918
411124
961838
804921
915326
654385
405208
417960
270769
500881
570501
857397
78743
842676
126181
448374
110101
17811
643488
259161
716283
925930
412608
361761
474096
73856
293420
369727
64078
275796
988751
743817
863883
730405
357848
893593
666444
703966
844762
526341
156958
628125
218643
825718
471295
997343
241225
316903
825814
438922
606288
539388
608387
824981
489641
99644
577169
198680
424901
809645
30728
508652
778855
133451
161823
138302
554983
767268
487823
681333
154514
229907
185411
26429
658799
211286
460780
726448
444636
450831
746672
681313
443031
63892
424258
155460
968794
768499
551117
404797
180957
495237
284361
682307
226559
897197
191601
180401
267455
115310
943947
462889
706340
926246
849574
828581
214333
266091
459362
301020
652035
269633
448489
126733
31642
405557
383420
489514
536886
899032
449448
115748
854491
652571
325335
628175
904508
793732
775874
342898
571973
452107
877956
399662
690292
342867
821514
625480
688866
904584
821287
722389
843040
909009
363332
193793
219964
406066
390772
325884
904611
718082
729510
893761
955552
311491
440628
167683
60867
351907
174104
168695
533213
237262
44158
142457
360231
451694
18548
518940
66946
86848
783485
352593
487321
87892
436742
197106
166626
333665
8624
38892
392772
450498
801932
647
554259
913105
881572
827796
894582
377311
727734
4146
499306
797261
18556
408316
945183
884681
587302
80530
98176
664169
315882
794179
490064
431837
170545
577172
575664
876820
257522
737775
858941
705646
852060
702955
861718
217881
756781
62388
959355
720715
23520
856663
456336
404890
227331
142701
59457
435771
448934
565857
179585
657749
976047
343007
104363
380161
498763
79322
24585
839521
20415
908986
157298
657626
60765
187105
398349
870639
865745
564697
732468
984827
277211
784860
85557
127434
580375
753790
164018
129365
794488
355003
343464
352665
189907
174105
395724
934995
696279
532345
251601
835994
79387
936128
520647
761048
809808
637020
851165
880614
345749
20214
246919
140100
457386
464947
748794
218162
26556
128037
206484
826093
141406
230164
419545
792265
118553
936997
222553
608552
251418
961701
823725
752468
788426
272053
926560
842303
574011
85265
681962
823828
128637
819838
921110
817209
891281
806032
889158
956452
648629
299605
763341
878743
856542
977570
524666
767673
820292
214904
703348
597842
542359
302418
960257
979427
476879
201165
320289
628256
314337
197748
842711
764299
792653
376999
66311
221167
996308
225320
98298
547573
359751
770243
713599
776422
76795
663063
275821
527869
998809
7876
716227
772072
640978
479283
155376
639835
939887
639420
919918
166801
721286
930041
78344
479329
224136
437733
879101
689401
526264
874095
762493
209465
590582
64801
159952
551470
841530
781032
461526
664745
210076
334527
885161
789371
306063
504956
439774
424336
594094
975479
861931
782950
795694
313491
565666
534440
125236
282154
791451
740651
328768
752537
957040
64452
963526
68005
201506
945667
557213
756872
756698
489809
975505
21212
114889
509858
169363
592547
23152
487830
818448
14960
863612
828658
861598
236854
656009
466165
847827
598764
240391
480410
813616
30041
625146
217962
539323
818881
470363
888251
928554
512108
543004
298440
386555
544399
161609
250606
143713
187994
993994
534785
443928
998557
323973
451849
367449
619352
692384
945308
106154
733789
762596
235545
350605
352484
815805
413246
148888
282667
617886
831335
130660
579272
223681
544036
779103
576844
105164
9909
442237
500566
400207
286052
781195
206897
859754
224576
184804
128299
126604
949937
532028
482547
541269
356157
182042
969453
559005
683798
101282
96726
983054
299037
637008
279439
94764
768887
604929
685064
987830
311434
335979
985866
936100
265237
91501
24800
763599
790378
597249
510179
227248
16968
494286
968417
343360
468633
173531
586794
799935
836484
75037
614070
726865
875760
353841
900470
710786
288343
667301
985333
838250
854146
620720
326955
977516
482918
784834
755807
60824
338075
401270
727925
87600
954421
858917
867611
778248
994049
719700
333452
970503
997790
934669
633472
116106
793717
57547
454256
937703
722902
422862
696265
280206
331184
207759
884333
772364
793261
773902
281632
743081
127464
115591
580821
511858
83212
13443
303318
979473
248586
69962
773770
168920
637942
181493
263654
887644
25023
876834
852915
885822
61577
33154
68151
173701
636265
391180
160387
397543
344700
973588
20952
247783
743332
302454
679671
495640
103136
348332
118340
287807
64007
5440
1366
943894
912865
813275
88542
663981
587490
372219
860209
497259
475076
227715
143475
611955
591872
402604
634594
903970
539496
374489
765820
728884
499492
128201
420942
904902
775815
904550
235355
63030
702733
674298
909285
170534
131187
785473
917530
416608
93363
915033
782046
111507
143899
720598
992305
245052
646729
544306
162237
293408
152773
7201
235647
279093
669243
774147
734415
265505
846291
994483
526477
660570
678511
876348
992682
47212
571777
463084
738704
46041
257030
794560
448559
652826
450722
52926
680742
697860
546009
544418
809290
101638
25831
702704
574229
656015
604222
348392
411566
881996
814298
668888
57872
602255
355330
604171
811418
733195
811868
223135
35060
42364
514861
141045
549720
246691
991469
407105
328708
929071
167043
137665
734459
813431
788130
423370
15282
894308
294143
66173
625694
354476
362414
928281
39895
297465
99096
902698
17897
9128
471131
818848
976632
713388
636734
896954
680781
556179
114192
363425
835393
266273
968028
770065
376580
916568
251658
291954
7371
3545
494805
283973
163604
620900
699300
329402
152279
442044
76744
501662
913995
643686
499025
123377
655505
976975
515085
382101
708545
416589
727582
210083
144976
185918
896567
980120
852699
853069
735859
740269
56402
904915
551698
31108
267267
717593
10768
48702
378626
549372
26339
348265
253107
783082
263634
602519
196724
204616
233069
710794
461929
771766
120941
97483
245413
900138
394856
132890
596081
962297
228464
421247
994813
551732
889994
780607
121633
294127
342278
981162
412174
159197
419904
363665
54933
464983
314609
487126
879379
727291
604594
802843
96185
6769
86479
778652
256564
237513
119428
987161
139517
870336
829719
11755
386559
805154
651089
201208
17823
101129
72922
106818
472749
596867
466416
550617
501863
900562
398532
387057
584548
810828
797233
861070
846820
320611
471321
677596
185969
650815
51870
909851
269361
2055
65210
589495
5963
362879
126332
665013
744244
363276
918944
729098
276757
992082
893065
357638
527963
972158
599325
539437
351514
326239
492413
828198
137055
724271
679008
125517
643153
682224
193291
825379
775810
375922
63855
188069
870616
155633
206494
252602
554962
190619
881579
13573
836601
782638
279262
8795
326054
858816
280145
433038
744490
340505
63083
924712
682525
529722
953526
859572
32262
39169
617054
746870
475812
521508
408264
409786
315415
600411
628428
546505
816942
195226
789841
12985
896782
59452
521732
893788
227259
295675
117621
616024
164102
467740
354062
551639
760211
398824
678256
558676
441606
964116
621611
107734
930314
392322
111898
929210
686077
452320
368281
824040
365371
276974
820325
698344
297542
298462
401422
538125
400527
248660
552027
912527
747363
591757
28922
790647
990965
915932
6498
452531
593284
476622
307015
675081
983209
590639
621433
760104
41087
382374
184730
136602
472431
549243
611962
803351
426134
999225
797841
149939
826518
582767
166296
273526
467126
898064
937796
399884
24631
236730
859744
222419
522420
196756
218821
296210
863796
816592
364153
707466
54864
801040
857826
239268
491451
564580
743333
93129
46579
194034
488864
165137
320387
302255
30016
69267
983538
277257
469951
759963
967692
260775
970109
975225
283786
73480
382970
63414
725408
629256
430
903074
733156
342337
126917
374153
147222
484046
452090
733700
864208
896427
81615
950955
698123
497016
586726
434216
596875
390684
123520
864743
131752
847558
28879
189097
355323
825231
924409
573496
649441
654012
639468
944373
9519
11935
775128
551245
83442
611932
200590
798346
207073
871177
496115
958789
893666
311791
826336
184377
985077
820078
478234
196852
557249
621693
657193
568807
167161
703694
76695
860316
118251
527055
760134
411206
637669
159309
380206
454068
409156
521331
771059
423776
736474
761905
743519
519076
899451
39800
131649
238092
75364
330401
287201
360582
857993
272557
770270
389110
262138
322599
291687
585574
535217
991846
546002
756955
383162
983087
342748
39043
51391
897911
566718
390602
594479
285445
544552
699915
75979
402742
410012
994723
53389
53146
651562
854242
226485
861308
345540
362267
483697
587712
256573
288155
599208
216356
990882
577526
27299
925865
900917
210620
172184
425483
664450
968075
580565
620331
856993
644222
317509
791694
735559
380355
833506
462718
117960
697995
890872
302222
649709
379098
540562
528315
945581
989822
824323
7534
967628
385564
735762
85854
37005
59302
326403
487891
106133
699496
961470
280261
727006
3330
488671
276131
21844
851376
757785
207855
506064
233861
281735
785990
157166
257847
853521
197182
128077
826771
266871
17640
387554
598993
723133
968948
919545
371650
749363
10804
588682
484582
434080
796153
49524
561690
331659
541145
74264
836142
534117
736147
658901
232149
970646
730185
221659
497397
458850
86507
911342
488479
593848
364149
35705
714648
184023
839374
73740
637782
738077
890897
261940
438982
113966
981289
234230
180042
160701
174550
58408
912513
854010
806284
308779
719102
383960
867898
726728
456538
579386
997864
223398
715108
711481
405049
882277
598135
167252
378064
701915
749093
325813
695759
474345
246991
513436
776123
2617
511446
347242
751355
93462
841708
118668
727999
931431
45572
902850
347198
5769
988520
703179
558935
814152
118568
284335
280537
37178
409712
585833
455966
732281
226163
17582
434834
44667
709636
414430
323346
417680
617539
304966
849903
130743
141812
40976
38801
264796
709611
124104
805240
838962
534372
107787
579806
745641
611183
847182
159161
246156
228168
268104
116956
17723
718660
753533
117437
612352
687848
476201
622609
495631
324948
618373
414420
891870
360989
708600
875685
750623
903736
23517
67661
687127
285969
48749
88736
884252
994491
676617
734012
30063
761667
562919
322862
164787
486365
965974
381813
513930
920896
57967
833758
239563
932877
769306
369358
222881
628714
621114
849054
157059
914222
280054
855328
937035
677045
73573
240192
332982
868242
725
390662
882039
854692
84088
326328
610808
119489
315244
845853
58158
625424
390822
741468
131223
660851
974330
809090
442579
455777
541065
546210
575004
597905
502599
600022
900004
943954
516263
353316
447434
954232
706854
788669
493368
434800
427121
773087
396635
240117
199092
594265
941696
518811
350145
319342
430280
545737
71000
243155
590472
877700
515289
504339
726271
292774
166531
685715
403700
530733
51944
855343
210092
1967
518255
402242
684421
386283
508869
595589
474930
541051
711970
838351
194324
41383
675380
455418
768177
464467
31338
64038
701651
846936
579358
492951
31039
740655
936543
798778
620881
694729
915674
355461
221041
945661
701541
56251
298868
216473
10281
374415
426641
158617
508649
326688
68477
617398
790323
358883
262054
155093
138657
5087
13961
903072
148620
520529
536177
607218
84815
449071
360525
727596
763123
107274
145068
126693
112188
970444
704855
812478
245839
170913
549515
964627
85054
797619
458321
82189
423602
513741
341500
363540
111732
722849
136703
91810
157784
281445
570152
817843
975302
207511
243069
540376
679078
634401
546289
414571
934375
282649
972035
441501
815981
376671
1972
257707
447061
698985
426659
49967
542246
830044
546310
988691
23125
114832
602567
227360
272628
908854
709753
72564
28921
408854
239925
380306
180647
711984
375381
713492
660763
14788
41100
710779
620789
354350
737249
242983
294625
982377
163270
578594
470977
440180
135193
385878
132153
16401
544630
403615
432022
455274
702327
209595
238492
505551
711561
199134
629930
445914
844332
47267
184844
34228
503751
450972
591261
226160
427493
460170
397655
746389
985680
709608
291897
627321
534664
570594
962963
763912
691168
266979
11121
875364
438198
715212
262690
788710
228109
963840
896100
871491
822985
800924
845805
556043
924230
493764
879960
937354
858004
549080
167083
790865
902163
337926
11649
333519
795112
646010
879000
136984
387417
87024
184057
638280
427659
49513
520704
890945
823125
840891
106823
68047
688512
318659
455155
26157
353053
340215
736538
401953
115203
381782
384976
601922
635428
858688
459917
898074
690827
196130
320828
68902
451509
588809
489570
358586
491657
183960
833193
558209
193396
2773
34633
727586
729381
978589
726802
610815
833250
239672
809944
988887
408262
113927
515387
764299
692184
307290
471761
408254
892616
288286
122099
834261
769928
99379
563425
540382
760836
954780
580307
268940
684736
275344
539933
788448
2253
42093
303357
550564
484328
159436
651844
57682
586351
537327
886815
804497
540545
694807
317634
600415
366128
473971
874416
37450
14565
455922
139176
405400
19089
980985
922351
573126
354636
243952
328823
588397
677964
790647
87785
55169
258627
197687
163092
416308
773204
868051
161073
428536
88052
738492
835474
536993
711962
431716
50215
947560
582946
195402
633965
285260
290052
143540
570228
344082
657387
494715
185803
17326
356789
110208
818442
644794
144582
370812
306811
148707
828105
417525
968101
706851
463748
951181
457655
350248
829591
575605
494670
634132
790865
956798
35363
32286
768111
432912
69460
168405
402290
52915
325069
123973
938204
75659
753235
613874
624134
778593
601005
528001
277025
502940
696367
137462
584519
27662
260132
114712
974013
338538
257367
161905
255496
811988
889598
158002
57768
423185
84932
648627
654454
603741
511026
885783
427221
335644
178937
679630
577048
790952
426846
299380
102896
953225
802050
656278
378320
688066
102669
335445
168927
421128
276663
906532
465497
227470
41778
310316
175747
147259
297335
974862
974089
844733
199276
818312
713461
595575
193135
982193
308558
932694
345410
917854
71435
272577
666259
107431
987890
138351
627750
728516
947218
617234
403809
863888
57945
889329
26548
158256
377811
49555
816675
794701
245568
620567
799665
264124
483024
933729
500650
753023
154749
404271
353998
221093
916101
366857
545877
13580
951491
151319
383267
421063
578793
285004
345162
792922
413084
806208
243446
451874
781036
339804
76665
286674
550639
254959
672372
972184
841465
568349
162462
204126
793017
784182
896180
155244
960499
894821
752317
937066
43989
732031
451065
410883
945849
714683
362406
672230
243318
79297
200942
38758
359843
973403
311600
244545
827626
83144
598889
3902
749444
72303
940863
634607
835926
400113
811434
321366
632616
345751
571071
591972
964158
821994
453978
223581
519957
723682
825448
571927
598139
695606
479759
186528
90315
967442
161274
168959
91140
246887
116868
864275
202182
555100
949952
372505
908136
299938
940387
25801
547320
578405
631183
514335
616912
234910
715900
18551
84689
246533
203205
904657
445055
275684
542861
633013
566393
925063
531340
918960
888723
657360
166330
763452
509010
710695
418710
835837
941315
342414
669651
314664
768120
119058
179040
515966
19744
984029
865746
539702
265730
890473
358001
379321
601046
393679
3100
622279
280704
830077
876057
468983
219882
187846
214205
946779
611068
799956
308468
363522
821307
665720
230382
930519
317051
568034
802087
729126
509762
873772
947280
613119
584507
296592
630687
530163
658259
15354
737520
570235
828212
468153
187414
611256
888284
67023
173891
475414
721113
760551
10255
296329
933155
464998
420072
187769
765718
987354
24151
369402
738442
581071
521899
678772
770257
204992
327492
915874
325644
246827
655549
814198
290858
412605
210423
280025
669182
51117
803135
944591
132284
859045
478299
762297
927569
245850
398198
835636
74460
109436
834341
122143
385228
902857
826325
745275
366679
521725
612052
828651
895635
364772
699384
861210
512309
793359
593711
886587
426341
763941
380581
397740
930746
764753
312588
261236
966999
1305
650379
937963
61729
43279
87557
279801
724252
9632
857860
600694
956769
958921
152002
673265
348798
190058
432852
851148
684522
277683
233587
694404
142307
266746
795241
80143
648358
616751
310293
339230
644106
184871
444634
511682
637946
638164
420330
888363
909901
865174
63594
60875
453316
676714
138051
470552
845151
62976
927877
936817
177244
964907
357175
754072
251021
279602
110847
872094
597205
832771
129770
160348
379839
286919
325337
861981
604154
959313
391113
808217
501045
685040
924477
990172
458515
694563
188426
449158
238987
874476
821183
813419
646623
198589
27951
427418
14583
279759
797852
528891
882522
205586
645441
717394
42952
559999
811836
159776
666102
937417
299414
202344
351270
593905
692400
261583
369123
977337
593101
630876
398614
51824
505078
910304
582984
70636
357646
307951
653301
120726
636530
633036
293705
479647
611468
776355
500090
380177
971253
585071
692993
32000
131268
357180
188726
674527
407672
652807
1671
585134
377981
282241
229460
149329
102942
470450
6890
195709
911624
893946
487195
528331
705975
935027
775607
829679
532672
107059
387305
822722
745017
425198
60847
683131
150856
545272
496567
797308
716679
1831
865107
367048
225233
679831
920345
458899
578796
906695
88026
693938
696723
141536
347133
215602
978782
791894
261559
852228
197072
349415
877544
841109
214973
510017
756885
678844
716566
220608
697470
939597
420883
880213
986204
136907
311675
258178
827705
996730
500755
12993
461419
476625
15521
123269
513774
809230
132443
27032
701149
877412
997425
747619
538765
627664
8756
765516
19462
343625
710497
739386
24287
703830
695182
107636
964149
105529
839792
71399
615688
353225
167495
34182
950130
256605
517542
246540
507908
296740
417378
371421
835262
342674
947095
3594
835179
610229
742866
104371
386199
708006
643358
798983
243822
710938
266542
620647
94259
147800
650340
670121
165017
690117
192380
41721
468929
247131
764056
479385
212369
481464
741672
907912
165869
486739
452213
867585
686421
597769
23243
755034
212251
917462
921857
49549
648511
388831
582118
731732
8297
326251
429450
841197
541506
19058
450598
520765
399855
265294
662761
168849
943467
409166
681631
64191
771199
40170
261824
593259
22689
594704
581651
156710
433255
589724
275133
907440
704998
570727
35754
938782
580139
282167
480983
82839
864149
921748
680185
524856
50637
876794
743117
866711
501156
638954
937981
477989
250247
399643
690668
384685
77665
829582
322398
645689
60046
58559
827335
959507
199543
841399
602223
797865
413454
399550
191486
622410
167463
871662
249833
394765
683122
945251
170745
166032
423441
133007
136117
58142
447258
602602
503596
387690
644714
772614
733793
289336
754532
467840
427347
667355
360453
471251
78887
575321
267685
803910
962292
685994
196109
899206
129643
561311
559151
419086
471649
224928
801286
506946
941179
434254
985419
334684
621685
574983
489105
465661
948303
446023
686398
686693
428436
15276
91814
353022
800520
897746
458501
650258
899629
565340
193753
538334
61362
879636
7386
228606
257145
621290
461271
349959
680707
987737
900654
933747
424571
175655
239848
971895
330971
956363
503663
205745
953983
138024
602476
108093
830724
664952
418561
762279
390108
681860
140576
83898
415218
80143
703814
133239
462388
992851
963480
356514
216706
369571
666392
583286
423537
580207
601092
425336
683836
223910
453259
789032
900551
343222
662701
842580
208273
26223
847214
528008
597751
964357
370550
65056
827999
332660
744264
580862
585607
942782
581597
109590
808938
501328
285724
313126
14476
208195
748793
265475
462243
214589
778983
623375
590562
950072
354171
262343
88290
972379
53215
630329
650159
929476
317231
545746
782445
796455
28723
131733
669862
312400
130937
191848
776689
677380
872655
58697
85247
335045
824922
686238
639877
960053
654998
707049
613250
235282
316843
150362
618220
187360
206504
583038
811643
435620
541214
157590
713169
348876
52124
247362
442116
719404
229634
817500
119050
52259
686276
913122
735616
979612
486141
73803
36631
947056
11181
768634
733467
646249
521873
784784
28769
868450
77342
650780
476301
459722
304345
992558
570237
234439
261653
709385
940118
783351
440458
406582
417321
294609
104975
699509
818881
750890
451893
338639
811531
76180
246847
843399
635938
506977
606785
490414
492343
387781
422868
894678
468186
933017
654515
679006
647655
539708
500405
919724
263887
361940
264039
196282
728642
109938
766149
539847
596086
42899
434005
170989
934871
924803
418081
961618
573835
605725
704015
745336
261856
857069
893726
249008
226837
894006
795583
833836
131138
941455
984846
281713
167844
860072
659883
696555
761737
864554
515129
776794
793684
450365
156915
608811
858094
546723
862502
76194
532682
726337
249935
486386
544338
533630
300689
239919
816243
987844
131410
665306
296322
796964
852276
626012
555529
33366
771627
280910
494835
725469
421504
441141
126607
434441
537377
143627
64772
739542
199522
807864
102354
610354
901716
289888
138560
776796
172416
637077
335528
282920
144065
17389
909915
638431
725755
906799
971570
380803
696444
7015
173810
737968
284525
39449
839259
209245
373044
622482
917453
201538
284394
240409
60632
830100
852916
431109
323806
649388
254976
780072
636711
564677
684510
564777
379393
362340
365368
204400
225170
31826
138544
670586
170748
549957
140500
887372
228267
780317
706880
106052
803838
672650
635857
951690
501327
27146
387713
302630
996321
102288
786148
419500
378789
783104
359102
802258
974825
339287
402367
965474
559902
287976
361564
121802
673668
426817
677514
246801
986932
883756
635033
137316
676937
514001
203116
898447
772076
159865
670353
64263
573243
451245
227841
101987
937942
108285
812213
930027
380998
316892
996130
451529
209737
11817
672211
200540
883838
109256
332003
590444
342121
495535
339603
900983
280100
787901
606414
831274
440355
632708
773238
717291
209634
855015
838698
586259
