9499
407836
498910
75420
44126
472025
63485
722458
108395
156638
757182
276271
623267
58155
845582
58639
2515
543363
505892
821227
372474
51591
19732
554619
782501
460880
107297
403654
21657
441128
858607
514321
331728
665189
762549
414498
565370
443971
592497
242575
68420
674269
497942
435208
557974
384712
731649
765598
770103
618796
106601
328622
414795
868736
480885
400110
606172
299969
843143
506387
737942
161294
694710
223261
199212
847203
842041
257023
221241
664464
3103
191887
614049
57558
595292
393254
115862
79357
201406
520340
58134
397237
681982
758467
808401
274087
354065
763622
845608
743382
406046
602591
819057
73112
651722
231146
621527
773643
884591
858793
382398
246870
57227
409964
556581
82397
123125
507388
541508
891392
338346
475909
60917
13521
752453
835998
206351
693008
365390
166390
15181
810565
113705
408669
411021
431768
218095
543820
304020
126352
1370
648178
493582
771911
416601
637116
95412
708487
716260
83679
74374
712835
505993
791013
88568
235956
392516
776850
646570
819023
576302
687154
432462
179743
808076
324994
769902
68676
896969
151639
783654
474983
192158
403342
482989
474328
277197
556113
181361
207495
881197
216419
661184
18524
778463
809449
518755
395635
627359
445172
458021
440983
897110
808975
156401
308314
186636
64385
312313
851918
393307
146336
247859
538115
780191
550291
413278
526206
111786
57857
95970
587538
601588
574427
130934
207837
656111
222499
50811
360418
425048
632408
681317
400094
422953
597375
608601
875177
250220
404335
354162
815467
195402
526361
655582
563737
331746
1555
741829
704715
69365
107391
301162
375931
812957
872572
96362
715035
679166
794505
161890
860819
11669
402353
347469
756342
217677
896920
470474
64833
441968
175232
341116
215343
472443
465240
218731
594172
136874
50306
555336
458420
11634
464671
135693
671222
592269
623162
218051
119338
828336
553166
416445
75036
2169
26068
225794
217493
838372
689933
281736
344501
735549
684904
47195
316175
748207
870288
587710
881184
22043
323349
97288
535981
412005
558518
634799
417016
163912
494568
723907
356318
190697
473830
181520
684113
366728
799413
328071
495725
209715
842834
682071
648409
649078
835770
54389
557532
574477
337045
150170
558490
76762
354944
35211
635433
371537
82614
312980
26836
804176
129595
645998
445387
843372
466885
573344
502597
716615
530311
796321
541299
535198
112731
470491
418626
506431
139947
745675
568909
747863
426779
862789
558781
446697
419511
771733
630334
97403
673621
717152
383615
598635
752839
210889
371429
820735
722655
480815
444748
489081
412415
334260
705756
27337
492572
656920
224132
758844
128846
646371
795285
842707
425239
547202
455453
700526
366925
462697
432831
351111
298758
463063
290220
494236
490623
14615
113344
550340
208457
251107
502715
137282
201200
702243
47546
874775
232905
147826
401841
204850
662616
415361
771336
154691
504347
371797
385327
421773
855063
760876
733599
855481
90909
507485
74479
155239
696280
165629
643087
403200
292341
101214
356485
335591
507279
823186
552738
61069
702199
876909
190335
434020
412061
597224
840825
758635
350685
561186
643239
3304
262920
884961
829652
24213
42254
185430
316317
199409
237061
648863
657160
849270
433465
497286
846750
453450
612272
237510
794376
20367
840121
384301
787426
838230
778768
377085
708286
162545
315152
826125
559511
281285
300982
628621
761712
599262
614605
652327
660201
852508
53692
339520
260349
90796
735624
568701
199675
484881
200007
750819
776095
93825
467618
622583
67725
97676
320422
478116
117641
308535
458344
888410
763765
779335
58770
631315
623112
892569
388143
807570
49704
264815
579662
503397
298276
851812
147286
811945
743504
71680
42983
896012
148989
392103
504424
798733
705812
814283
777843
112703
214063
268130
337241
891629
566197
833651
258451
287288
410960
223018
296038
853852
81965
484299
536946
750705
793135
98339
792088
145580
728016
687929
806053
873669
392597
524004
677951
290068
561292
589046
27338
525333
565477
888214
203960
190538
608842
583052
298443
849024
648828
319381
213832
723401
449676
388054
522266
21704
344595
410957
598656
583948
5007
83618
387124
872276
138330
329309
355961
812464
49320
814066
632896
391016
801885
227575
727575
526294
801608
339990
39567
852526
369952
489565
816456
823646
286618
770387
184251
29616
535780
855365
706180
734924
42433
354974
426025
217658
757025
479638
470636
348102
793149
255681
7337
819900
530700
545992
129900
798547
326404
140949
410130
838950
770064
435719
426490
15197
851658
240102
64105
633450
798742
23568
874966
579919
699579
257554
299448
367677
819743
269042
717354
139960
562141
554185
24248
417430
584358
767566
142442
137862
126033
879694
820842
147117
4384
770231
626290
409259
449009
658099
670551
284477
774333
89395
485324
708763
754129
496993
618645
719777
26470
317911
692041
264075
171679
114637
520642
703514
764062
894701
628261
758643
30372
52611
735144
449543
372484
481361
163237
648301
85058
851455
189370
688138
164269
450991
706841
591539
422965
546159
262259
649322
87947
184839
174300
1252
305013
248850
68635
834411
779338
16457
575953
630623
481776
619611
896547
730423
578127
557625
569797
589797
648881
831341
625317
403128
322873
320363
178001
536123
434878
654432
295559
473370
444578
11943
294391
851941
564307
504699
752310
883629
69245
596486
840290
812620
697769
495351
611373
305249
146167
520306
642120
20408
9203
607554
711341
859688
95735
548938
836073
882678
878749
552569
357508
481720
587519
323419
349774
870708
772557
532140
266440
494725
819402
808167
738636
72159
51204
221437
506747
713194
112526
445537
749793
777003
785980
821344
703014
394945
179801
20303
873683
885738
705544
64156
552479
526086
314966
226726
654550
623731
526712
722089
536741
23927
191495
516625
161316
483709
53108
18000
109408
56790
571241
374378
504132
679872
205726
360397
136483
707461
14037
844383
545669
694874
856723
598192
791564
460200
645339
883374
34689
465896
81544
361878
523616
821958
1414
687816
121405
563720
469358
552724
250705
176008
898365
334481
459525
270909
447823
606573
291769
867192
156925
731358
355442
530506
177264
762710
322174
636163
510945
831381
296421
544693
384720
298168
522286
323927
858940
682864
216587
849701
874629
269134
774178
220581
309020
95034
522360
316804
90915
282146
666748
188063
312774
339983
287854
468990
355126
645076
441834
719002
575838
679232
402037
203584
862756
249138
673443
741933
821470
73804
265026
699737
505581
868800
54854
209552
64283
620712
823826
417211
566637
465298
658368
376062
144868
318231
107117
541082
714486
611437
431076
210322
321572
865970
318853
112171
587096
309673
672178
802221
611166
332001
255190
419686
369563
332689
202898
868942
527566
89728
53125
57797
348033
351264
738200
423608
551883
801979
135811
141570
800838
756485
290655
137327
353385
127377
728425
530428
309313
203936
405680
666810
13457
237971
682267
345426
450658
249250
662618
542178
165160
192646
21863
788389
378004
733680
882392
344849
216687
358845
776933
599450
585274
41568
26800
234580
256031
528287
374326
667030
445619
30939
52720
783321
567882
60102
402310
899935
489495
598009
195825
644049
152895
400957
719659
46017
748793
847943
316086
273582
885700
69953
589989
277510
46149
228387
779147
723846
475707
600993
719230
137148
559425
473854
148391
335629
611359
709502
420138
756371
758509
238009
676908
338366
23174
278059
219173
733852
354212
234760
226692
803987
51454
191437
373657
32458
117115
688465
592931
339496
380561
366139
873271
614356
213343
420557
776041
590011
213795
27262
213210
161521
780153
737286
874143
408206
236368
476338
37770
263290
811146
516663
758935
326691
633009
404803
569780
555402
165361
373615
301165
815518
347285
676048
102772
414689
251937
431565
138922
474823
329642
415147
156556
879708
573261
105316
540829
200805
41651
431383
550476
751934
837439
160121
78754
871171
628752
496104
739338
69099
436218
311231
785661
836334
695483
40550
888233
827655
117437
564481
630109
572020
476391
433289
230836
497082
722240
268376
374427
81382
545825
854878
708641
484718
278933
117904
486266
581846
814225
40320
61647
292975
107850
95175
280742
383801
880823
677119
431882
210217
701860
569742
29303
11398
298191
755772
686180
780942
12771
262341
772941
394325
455247
308266
75291
230925
180323
573410
146643
331329
512326
565486
721880
897627
416086
50539
239453
576966
350429
574336
798123
476781
93740
220854
663307
689250
619927
413352
99857
332155
472108
237584
373766
784247
625746
760641
435376
724351
386906
716179
786400
65479
461380
338392
119927
657907
354737
595885
840566
595414
891648
346957
868961
723222
197736
299583
531758
726220
370065
739344
328080
790727
55759
746715
422491
189808
301980
509157
53523
97480
55568
168421
525846
640333
119103
462720
220418
364668
460528
875603
661860
79024
261302
373481
401502
108552
96013
386701
639924
482279
779506
606425
82452
305525
460767
893484
175103
482947
197506
500027
608568
666220
865849
408158
458696
603414
431724
82411
638540
484152
511878
177152
206780
558486
390065
586969
29368
72519
51694
469314
51473
92664
447310
99303
67857
369737
848912
31815
746504
211700
215223
879334
391956
515823
854695
663489
386092
266919
159133
699357
201609
408748
457576
649240
199249
578572
483687
719425
53602
447319
521375
504708
764664
413762
382425
292765
679579
255079
61911
627886
76072
673961
659473
395372
497369
235477
851313
250643
595892
829060
575878
308889
728205
157277
10249
539488
550105
190551
282986
415781
75600
515932
822293
137238
539326
220777
163239
518433
358086
897267
401255
335879
755891
441987
286627
661615
894365
376098
404872
217750
330964
218095
315613
186085
152236
632045
338909
265723
371558
331674
255279
681321
286838
535642
28676
202556
381846
498995
305836
318645
106823
441872
812629
305941
310622
521641
296385
524052
242291
453018
494082
297808
335458
498991
558677
840803
779035
507201
889817
639469
232460
375706
726346
718832
84265
108181
139102
366651
231893
821409
417371
856350
567664
663460
718611
654876
452605
725884
116286
19967
51727
120929
460435
818309
708303
406534
259362
368823
837325
693982
691952
108603
228896
156059
811119
431903
206011
343985
422105
623286
307151
203610
439914
693888
6551
692274
141496
134465
210628
550307
572208
593907
822693
281147
278029
254647
449170
424728
20087
661031
263221
351718
839862
499367
275446
56192
701266
599706
182082
129682
500073
789777
780599
8543
148587
47902
407727
714206
72502
815335
415686
32095
819369
568630
81321
857356
877895
503724
578941
570635
568778
270325
161865
308447
577472
663095
480962
192749
67847
52517
834289
167677
576801
10225
584994
548663
170996
125725
830988
763852
31105
15634
872984
507255
712158
707818
624112
805560
390642
454151
287237
446496
170573
305767
404860
412812
293858
254991
395959
596776
573697
669668
772924
637204
105237
493560
766244
554308
695543
639778
573762
219777
307245
514438
580237
453165
32579
302964
777004
108867
331044
709357
652574
829021
604373
751743
868867
193680
234446
83025
542634
822258
629814
441754
599287
745724
715226
375405
413040
219338
235625
105326
898085
763935
704335
140776
428442
313029
39276
297303
763923
888242
480817
521760
258747
641414
310198
61537
642704
85649
493370
574435
283790
552753
163352
591756
164694
316249
779555
443665
2683
267726
895294
596136
195114
59659
719867
65627
283539
689316
95309
637689
173784
701863
280619
499974
247377
778910
119620
496051
561145
478609
153946
810440
256152
368041
15165
676766
39118
83248
874597
677257
23161
893619
712810
485363
481827
490025
77763
485892
266892
666253
530970
477980
67791
156679
54857
625187
784915
637194
784051
516791
190864
831318
724769
596805
346364
76157
528823
695796
536306
89891
313843
561146
544125
7902
334593
560690
302566
367613
9022
862277
16664
488741
250759
395909
370732
343159
478396
189625
184054
825133
693655
60498
173899
145507
560419
884381
578542
638162
587419
31025
595701
644823
641441
265448
815068
358227
52599
8362
826278
455595
173405
379972
598956
184784
762823
575928
835268
265881
892442
180686
154062
213100
506692
717096
425149
853052
108597
276436
893569
141931
509150
862426
624621
480273
513092
870037
712394
70005
539392
287807
168727
558328
327542
848772
214299
493393
516080
21880
722921
548274
362327
367013
854575
818442
518542
36445
87387
710852
527402
769614
427369
735981
723378
128403
28046
2387
758959
598503
79098
830056
393807
424212
94062
455974
648541
742346
339450
886957
725205
106731
592657
164007
284454
713890
465740
455468
293992
809492
854775
79841
843511
163440
642556
277724
287244
547232
749610
842914
562870
101377
80641
140274
753498
128174
502973
828762
440484
509656
829949
484615
58025
279155
671567
593466
169755
388010
574394
44597
771912
476339
624967
875222
682383
756284
695532
759994
35583
33572
749270
603107
139886
797767
88019
397588
167123
278578
605882
70553
812802
92820
476215
623619
790657
94613
684087
243377
774411
4128
462124
382250
764000
323164
148637
619079
388422
22457
591566
50126
820449
657541
43111
768152
117579
231678
575139
558420
468016
619969
880823
195813
405032
98882
251229
421702
57745
686933
345085
185838
490729
561096
642071
237199
446053
477139
258543
496920
166225
630472
720597
658234
565701
833445
530768
459111
279200
55913
894342
149558
354659
704930
581770
368612
252652
514500
646339
150260
355982
760598
347957
598871
487177
888967
446671
274951
625068
186430
165200
81997
797315
538671
368438
268994
413086
667433
448517
508211
410561
294188
366224
12573
641825
332696
615302
488536
233890
270784
233244
696656
559082
478269
396468
573551
639392
32640
300615
208598
564263
683711
146548
600042
594321
882961
457765
684395
432450
518452
462810
89887
759746
683659
463956
409134
734878
636550
669600
853350
388412
587513
663165
602751
535097
665231
766188
322649
212226
866711
473684
144993
185835
400188
887887
492595
294158
743794
346261
580921
739779
201772
56771
787761
16888
393771
662855
694444
140142
314641
560842
242099
200657
816564
523002
745381
758833
510957
762515
225051
698177
794032
38922
620908
15276
130422
664854
838988
608783
203382
423739
294063
48566
71219
53364
537484
357719
492815
282556
453468
533029
525917
730042
393186
473266
11891
483399
125764
59301
571262
751676
367895
157811
775472
725148
721946
501533
547668
813148
356793
514950
182146
148171
400913
257936
127630
517058
887283
338002
625403
712681
636098
178583
764077
510114
301014
46933
520732
150966
180739
480521
249316
61275
879219
265612
877978
760351
124144
146036
586361
104820
699294
48714
665401
813400
128197
561507
524257
877695
618028
20925
301172
863807
22400
442488
863943
190552
758549
677646
264882
310526
557636
377360
179141
735589
436306
608767
821138
474823
14545
542148
858760
111316
829535
8108
627520
490359
378508
607492
580144
812737
880986
339021
714524
536533
121405
321787
683949
872463
203969
543984
41306
344465
292747
255536
218787
274860
84664
291392
40156
176935
587297
72544
571462
225903
603968
258690
511737
167260
847404
295879
6814
86299
127809
101621
857370
846653
398075
282422
206596
335675
793120
160879
432951
185508
584253
864891
315170
798534
167305
689796
130973
641492
871558
398782
710647
554618
840229
451040
840138
494106
22217
546975
777520
46561
76452
442505
128303
470316
301118
751067
894895
845265
710645
125312
71597
732139
639806
222374
494952
56005
75336
882366
30040
36130
661953
561616
476254
264711
37907
535449
30231
579014
259142
185026
493450
647272
318377
342014
403969
812597
53579
244607
537844
872035
725156
531990
443616
299321
498449
700869
441527
283327
232763
446851
190705
827588
384633
357163
801249
54444
370860
276001
292642
303316
107464
29667
123312
676674
361683
7591
772275
26862
793318
272151
215413
552423
730256
257445
13173
646339
527194
333261
416308
185415
582469
563078
247085
589551
51407
869092
470754
562139
663349
194541
366225
439415
461107
4341
392709
710533
613638
330681
560489
792136
441682
225621
503511
627760
482431
195874
622927
374525
628414
649648
468003
682449
553578
635899
421711
596023
860170
147725
875334
814826
605011
279440
268871
405668
8265
397838
428654
690820
270214
198279
110727
159514
307604
341006
798462
639314
539252
879744
114066
351162
852705
27906
882408
185554
719310
256279
104315
828847
503532
277883
98737
863308
802472
375198
671272
585646
741073
495616
604816
710258
592183
366373
579250
838326
868943
215478
648750
439169
361747
137684
552771
270575
6214
646585
522086
645468
599733
764365
110869
736172
792921
593634
788838
709653
131449
53196
515321
524683
481581
882496
107308
504294
86333
604392
372461
784049
838311
246113
355338
853105
384384
500657
247076
690448
812498
31016
257506
721701
436771
868946
126338
510722
619830
628949
728458
553818
561963
581518
808285
352428
31297
793122
584873
703633
827964
303428
235645
709630
308034
6242
544663
877558
516511
47308
784635
307216
238024
805539
102528
604544
599644
52537
329573
480644
332519
119050
809505
179853
367680
872150
612568
133640
873522
806747
688777
890440
284728
351691
645700
467730
544993
527055
464921
495877
142228
846648
226284
4804
437613
602461
226884
90273
797156
30966
336515
287463
888239
52116
437807
183268
690142
780090
342063
79569
64644
736956
842386
147808
99989
708339
258504
652609
580971
586011
216660
594065
286307
609097
440633
426079
279876
846315
822066
292860
500287
184126
421758
445791
482546
206278
441272
266898
738055
514414
37732
487580
878234
145596
887878
334892
210231
897360
474732
774814
38401
480377
324908
730413
747728
198388
741640
686838
858002
509314
276909
10757
489874
439332
580444
571903
354133
186038
441439
528875
125121
432069
51677
323133
754456
391886
511689
847775
272930
763349
113141
457406
364202
142174
96548
53679
677247
735468
601788
241437
517018
893044
222938
711953
549183
176797
530144
475836
405116
460310
148490
886403
141038
209043
226782
846343
402275
201958
877921
311663
493883
714646
431238
199317
870088
154591
435585
575147
128244
216102
117306
676488
748161
466902
558589
355858
396043
255004
22254
642473
42122
369083
583163
142574
62932
465325
481065
135631
776159
120759
227888
140560
32292
846600
273539
616854
695423
478990
609063
256531
364179
316693
883589
525386
281482
210748
24954
771838
296346
639957
177035
323323
449188
360633
138486
619808
499957
398054
660580
799336
883567
440983
567515
377332
539906
599358
18160
415862
725620
179616
140057
68125
157568
133933
855361
539832
798394
519962
742164
568904
62384
756221
126266
584582
568877
401124
153953
505518
878327
66579
458642
504551
21656
459640
555462
352208
57785
414029
779922
691081
569546
28073
198493
779131
263807
259843
166098
684069
173269
494596
66481
471236
536338
821703
832383
67774
711433
814768
662206
178859
506685
756775
654552
361216
28413
44368
880981
538009
250894
176200
815564
23459
872358
370909
469973
469187
831796
592522
617725
720710
453214
825518
557075
568518
674946
42600
427807
186550
457694
176241
562642
351595
269323
893494
755129
456134
557347
182097
238731
307458
882083
768515
601826
90198
372876
244272
440678
421128
395076
382294
411332
284687
17849
148299
712574
343043
301093
439251
769117
272547
255437
802843
420353
606402
114212
266869
468313
140367
539565
250032
778861
319935
172958
798035
595512
587225
745439
668022
325684
767646
546929
177084
297230
497843
373483
708561
886488
491501
423872
897564
656701
839160
825853
100802
691983
780100
852526
308631
614172
452076
267520
652641
888639
77604
822369
199947
4787
80734
786308
437858
595106
604729
77760
141552
235196
822600
831064
398834
19555
176378
309205
869592
205731
478026
548976
40249
756799
315397
120268
711217
186215
492756
813311
799192
212869
843685
228145
795935
89622
173050
519134
178666
180150
208046
383862
506277
755828
9087
200291
386756
434629
572029
386250
34267
882612
57069
57354
453526
678455
353786
165858
467958
866460
669721
488783
480009
775043
381047
431859
814436
122533
444737
610385
863168
791442
663279
234677
421519
399385
508399
851153
433017
601312
722122
418817
721751
221683
216661
141392
645803
88313
615189
819956
70522
554338
246703
256532
350568
286332
252940
68713
116494
264005
498438
569250
210041
184571
888722
429698
112098
137487
317674
891621
800646
610296
110005
498112
248898
164004
452885
164805
694445
595689
2412
105702
278386
585818
255052
197169
812424
538965
674874
389529
597968
447257
858846
293973
543562
788853
466154
597506
285907
125147
807652
894532
770399
452051
154898
816841
167376
888972
80673
675406
846225
107085
741394
647547
727313
417322
84098
427498
336575
536498
665108
885958
615582
44997
425341
235373
487429
230467
198571
400791
156118
66464
329235
728049
314776
770611
741142
413698
608436
418957
784047
122223
415849
655975
380859
571449
28108
496085
562950
713316
450943
543063
878990
258867
538380
327277
880758
135727
799999
106250
647273
167175
606334
94306
788041
680593
325317
356317
404083
831918
405762
814893
246225
622667
453418
586876
242236
103651
288022
297183
239691
243811
835710
602215
690972
553478
272079
835926
536478
757790
594636
64430
155545
107764
382015
449189
730683
474887
304186
613653
298079
584688
713071
448656
385084
866854
11304
521040
347207
677181
753251
716204
601062
767882
517358
74759
493171
354017
79899
266435
868232
569055
668768
5203
290061
363396
292142
186606
833628
211064
470667
384383
57613
814510
836270
631800
682947
688326
94423
541831
581074
187884
477864
373857
889547
346781
452324
897115
459845
396074
870627
517368
751754
816150
567119
522845
450651
371321
206334
899904
550945
246055
515596
278494
538641
377643
742132
750027
889019
390156
99242
194436
411728
705330
726392
545409
311885
97601
27604
389479
195720
289412
435995
345338
374678
489062
304588
229295
714134
608633
442083
806207
550174
887577
174480
311383
818464
573450
281523
845197
118040
686526
12279
107149
448213
486100
55688
653009
143105
4026
16370
153711
564687
207539
457176
622092
864640
157267
323309
673998
313810
725319
782034
649775
807078
773457
28429
497902
463244
346001
672802
113760
885101
99680
852049
106852
273141
409238
830443
80947
558459
601579
601490
104662
185998
804090
838573
13522
93629
613922
123812
861566
334787
368518
532318
179093
721230
632852
691061
654535
199339
167043
167059
236394
389519
5045
154155
608910
858084
93948
632438
55693
606158
197433
203112
638401
745433
561375
749102
544432
482177
324662
466855
78275
181437
478172
61884
747060
206825
814566
506877
772901
337807
222052
304346
311470
549330
433634
728762
501262
760374
108650
356284
212387
797327
330119
592392
168468
24900
636805
72528
885227
861568
368116
482056
738400
207861
428588
328159
201265
187981
199146
153849
434094
637326
663192
888235
115952
52137
488010
332275
668330
315456
78629
778769
562583
214737
65690
774693
651859
843236
654064
30694
6118
754125
562784
127068
535611
87773
372218
471132
9934
803852
578084
337341
132708
118395
163459
716763
537429
342121
64594
576808
325476
426996
101391
702122
681167
340650
564597
340693
195617
368267
192164
217701
189733
411516
803869
775575
416086
647403
643817
28357
847153
65402
131258
24733
52396
765002
305033
113470
68160
803270
558717
19278
395169
289032
844269
1690
527214
388972
703261
125322
204100
7375
155717
605088
674765
420195
53776
168398
873046
223346
3295
580017
199294
791180
324301
120429
353001
314064
587054
402246
819317
364307
806832
690169
342756
67503
482436
229301
33080
236395
266358
845305
276030
400131
90263
292555
159904
183092
207964
228018
793822
846950
755295
502321
659639
811094
167747
146977
394753
465023
63830
76618
697240
648901
362415
183677
819347
586782
302806
575760
662034
759740
410147
48311
756692
474971
213406
664283
404229
615620
247173
738106
450356
602716
672877
516380
297058
198252
232576
784813
39446
306157
757189
867547
750830
414863
59965
54830
182544
169927
32008
368894
835999
888627
80168
373398
805321
89707
123710
770660
206109
819814
15953
382681
220218
269830
65229
461763
180162
601505
160231
234468
119501
450349
579135
271087
146362
454983
661758
761631
507936
120415
113887
447092
260771
248004
165386
488491
537763
770664
676347
317496
211278
458319
22145
686755
771189
513818
882179
481884
255387
758890
676221
853756
420490
467443
628648
756314
829792
603199
509047
230534
760199
73947
325533
770277
674179
797762
592237
624682
66084
784708
234617
698893
130235
419091
460796
782027
358120
614154
430035
235962
784338
458939
751013
533767
598832
244307
218916
534990
318373
253355
256012
399637
522249
506190
46632
171782
191713
331394
69588
18375
395217
9909
241052
368407
190472
430885
508067
306759
532409
676588
775169
220914
465866
117479
164516
795
141893
523233
858583
593282
479756
632352
726400
619810
134953
865324
247202
782250
107811
753495
891843
117558
567501
624622
727912
455753
608729
55003
627005
16233
883882
128595
724337
303479
535655
785955
734205
822474
467019
251698
747077
87079
820281
769522
318327
100831
176652
487561
12305
27141
61901
849015
25663
281450
200734
391427
583746
368983
650899
793222
372236
125510
458816
452371
458151
529566
799597
6050
494005
774441
13927
895992
358546
297491
580880
536757
413526
444385
555126
159481
539863
127084
741857
531
387532
542393
452102
261384
673804
62326
630201
353757
859348
862771
810367
99073
461415
776538
828321
66905
140592
443916
121309
764329
423523
68186
725814
419452
538529
644093
70187
310513
767898
126546
686821
44450
723181
293813
412106
491377
749227
54905
521935
402578
431322
838594
110667
358831
486485
150015
285510
639452
797745
161095
316912
291928
848250
368303
235246
823612
861115
754149
674255
103171
13245
256172
711068
158870
843271
607732
358958
512595
862915
580533
887578
256409
891521
660424
260743
859187
431733
539970
733729
611454
842460
549230
142789
223001
613500
504518
494428
646472
404105
872174
587205
604389
256035
272493
710891
626852
28221
196584
4598
330337
739577
790269
813565
106376
215502
93785
311161
723072
854924
670390
524980
352501
771126
120757
273888
436480
431182
675027
52133
552470
898190
794443
105426
650826
533778
565897
806997
678527
554708
802694
606853
840366
450575
100517
441180
605329
329381
321512
682371
218730
714268
293776
1477
830642
743811
657519
857349
899458
729490
839980
175692
176247
282927
867090
303514
749990
650381
762325
437214
457660
225903
664770
504032
527536
528491
263074
614908
767592
236201
147851
561193
303781
729930
677315
262903
355212
664838
322578
45144
751793
659373
366530
607989
867490
679471
558742
260993
157101
407352
611460
4842
352591
257971
48528
732011
164602
686479
246119
801759
730499
588735
733269
864305
463109
540506
17539
564015
205877
245251
186928
631068
565603
466020
373995
637412
877257
213363
531018
347082
418579
404663
399467
122590
851628
517475
401508
296458
775073
426400
669864
763659
64819
161226
526969
43261
302527
579953
781253
393199
624354
366975
622399
11894
203211
465305
469978
122590
586145
774463
295876
199674
311405
478253
48221
397692
662822
465988
355666
313089
198135
868099
487738
835396
26863
669454
677293
374770
125573
763953
422108
746781
355878
410622
225809
789354
17277
99730
802948
493606
759485
45173
270806
544117
430862
356256
124622
563563
89009
139257
88750
335763
666674
534746
271281
702796
312297
622449
241699
792500
578669
798624
510877
120765
869686
421475
725659
678044
265741
401201
724028
726240
756946
596636
655478
124447
806858
170099
720051
650732
469123
51815
482508
183429
420069
61227
440576
72009
400694
202388
389104
769543
379402
165952
37595
896433
63846
537235
354673
354159
185295
631420
881590
158096
274836
804150
437046
305244
654165
233386
252479
720677
209358
550610
739679
525979
264675
587512
132987
706302
383562
281821
138281
893358
416944
46038
512938
543391
883689
419345
886631
761097
763320
714645
21287
295995
688086
150695
269739
787823
214755
110249
175207
308121
46022
659485
299709
681529
301795
295207
750134
684784
186872
498000
503072
740431
515475
667015
306879
416458
571764
298914
857297
837644
701050
129826
157251
865252
192237
793076
732169
213405
170536
133236
210142
775276
147297
327404
658520
7202
719670
745435
641286
179585
706005
66417
6378
810700
602440
193653
304813
604599
482331
707977
147747
421277
93451
795110
65084
397392
181581
554529
357028
564266
762648
661615
682040
656322
146673
180101
392677
854171
287569
308951
534175
773207
488021
267810
170138
296297
43585
74470
266377
171816
545617
225355
253681
372159
565726
529956
307657
163521
739882
12657
674992
922
615752
838270
315658
381120
851786
342761
867480
277832
295657
13953
18580
659734
626347
590730
888550
208172
713652
876573
850790
801027
629323
7851
198895
608728
191943
724098
537403
527901
20087
428297
545472
297296
417931
88901
882919
323753
848450
218974
733094
599661
147888
420700
842745
235264
117260
482155
711873
453367
364660
517373
530424
697195
280701
36046
85680
827498
190426
585987
880488
312583
569320
887948
368874
597458
821941
501576
176516
779362
180075
585992
790145
122318
849756
762892
446211
390459
14315
300841
95231
155728
570101
545676
870900
642501
802362
763672
205737
285402
332076
847147
13827
867780
391923
121727
2049
99266
722202
248588
37300
16749
324185
282730
239581
812782
483648
815860
823717
392298
577277
866153
410835
509016
593771
754220
630222
478068
57719
877804
22607
433644
474511
262365
23969
135063
208714
298405
422552
830661
31118
739603
740811
57392
109730
132329
789424
407922
446352
133402
823635
398770
102646
305838
839666
240758
769098
627139
442680
119484
326504
1006
878132
314083
896569
833087
173301
332644
854305
781507
163397
369214
151269
715234
601118
630223
615128
370024
158349
484318
137697
74945
10178
317493
479498
550237
591985
390253
90535
882388
340040
584417
706272
16867
406925
39844
387549
510292
502836
253615
252398
78844
227418
499603
763284
408381
204865
56588
439823
72876
823592
37942
296869
835949
463909
326201
381644
261914
178370
566496
575188
818275
637362
386728
763988
788431
491214
387508
755055
669632
622193
831549
181955
269461
757676
120006
442286
76809
309798
323565
207517
265880
463796
173373
440818
786882
325905
604449
481329
489704
454874
585684
309479
820372
825289
775380
202776
401909
519915
593652
254883
333351
152512
70000
419476
807665
787471
717244
539079
587144
857155
522037
393843
658865
744295
57593
115739
213540
580217
130962
882892
712908
571533
454029
613203
505226
843329
39849
340383
17753
293752
342859
890446
580813
593046
694095
872151
37173
860855
172600
142739
504703
283116
689480
349256
876122
266515
697772
132403
584183
398225
553839
196210
557065
727695
350287
737676
726347
275951
93036
324830
897953
165417
127356
365058
540406
636902
176699
170749
733284
569240
223808
755110
781907
109524
819403
64590
4248
543469
298107
183761
265183
488590
795580
246455
83524
230708
566173
234118
798746
662374
173503
541640
557038
172946
816362
603765
33574
779653
204922
369757
436931
423910
604886
497652
7238
100975
689953
33722
696239
137481
746313
297318
16320
472612
665565
639982
287072
26832
399324
786934
820347
580122
439688
109202
323911
279206
278842
780858
36705
560742
424975
425481
153238
759092
207551
248434
665374
333874
259182
824320
459202
274939
657148
847783
434590
518021
503575
181004
578049
137398
102256
500878
677362
874976
532491
16656
558189
86363
183248
198693
627851
577629
388990
595862
354528
407416
156959
840402
557853
215504
481367
809203
369397
674231
47478
877449
492125
598183
201837
115461
510893
750844
569405
755012
546531
215628
431722
580726
495623
138211
850671
721258
833064
20159
765740
285560
633381
171333
74426
530058
738696
333310
755390
260520
134413
446929
652028
440350
140865
724190
454339
789197
129862
83508
345574
759595
383218
543792
613643
881559
398966
17620
68636
409981
310396
275775
153307
30978
411082
583278
587187
587149
223140
668655
226889
569938
515374
534173
854322
19580
327694
36957
370205
300631
459312
249140
754225
577879
153539
65379
86001
366568
803329
460768
407356
297939
46092
538610
406610
28681
177875
45448
92431
458543
764148
406199
640700
329766
49115
730767
574651
304854
43625
723160
181632
318679
811152
164462
100000
536380
621530
888054
589569
864092
299690
319324
863920
315358
659514
389419
681330
20096
21315
25608
552018
236772
349211
846123
112473
291032
595801
275290
355004
592289
181556
640228
212111
625987
255081
776023
323800
832750
213051
767167
262718
801545
814773
406716
776255
671764
683787
93854
327297
72445
339263
314272
6880
782625
301407
640894
401542
33436
217323
164404
186553
475247
597268
246932
61231
847533
489664
294179
346556
483074
32842
796177
3308
633376
692615
57748
330412
636584
806115
209952
649218
79473
888138
772517
505757
539832
766146
853124
268358
728613
468566
598575
550454
93877
693453
146813
811394
219017
590649
597414
818386
297579
143852
638145
695503
286104
210851
154072
570330
180174
318407
693828
447673
660307
215817
508459
639148
636511
133002
454322
700478
13384
601213
319296
82967
641128
8868
568018
187598
207917
862006
107316
454556
214012
399715
156450
450252
318819
843982
432188
104718
144122
825689
863647
13002
727157
817215
258822
285714
107625
214298
661084
408657
343736
278533
245020
372127
643803
28635
205031
555478
590667
113278
888609
344127
428619
388564
748201
292454
396982
112300
557299
212620
521025
615774
180036
448506
51148
401553
733769
262003
9866
373238
46773
220419
20426
839185
794805
11444
118338
766967
31409
705119
15223
72339
148769
96351
779116
811747
162409
714625
665348
81568
377811
262455
800021
535771
219368
164780
715243
204322
817770
872051
755670
841505
39697
212920
248146
819174
98112
285144
565137
140221
759939
138540
505287
377306
566471
474207
596337
477653
353558
440769
203362
859054
847566
821
619916
215378
745245
183237
379752
458103
650076
174773
303170
553697
296772
677877
517251
508359
626897
361391
341404
441295
753682
244833
815309
767382
834089
83941
324239
779500
719941
309579
326852
727740
843194
632744
520761
711497
154618
896295
718580
559027
857458
632990
487296
571225
780035
640252
433522
765113
473596
747871
419704
357203
268081
229922
508925
320139
361721
519027
888443
33517
379273
682306
472189
176875
634729
191829
804912
534210
109520
205944
153606
624795
323170
200370
435750
473997
259586
209012
105075
861759
124372
608170
208663
53387
345844
630195
506412
873279
164461
558254
38792
657693
125303
871850
663234
117889
267696
134560
78309
459491
123317
596956
357904
631986
637086
455413
678951
6977
368436
250814
426362
842878
827311
556885
828591
486749
842896
617241
373806
607283
309303
52825
402090
58078
25474
594632
224263
82178
663875
406252
1228
90574
99869
508597
406151
630461
563835
471467
310263
810873
118381
392000
370266
130746
686688
111748
647347
883531
621560
353751
244567
728910
745292
67578
359797
153782
781342
827327
292032
22481
784470
183998
237498
107945
445435
857353
130366
715040
16013
784727
172906
409593
133185
747293
309991
288918
37722
330139
385591
827675
76705
636754
717498
766513
827904
592979
172381
295047
144512
406515
395840
841427
861021
822074
262241
747862
798915
190843
186346
796286
786888
234750
331732
828997
42790
407609
716343
704022
780114
266141
502415
617808
345470
893901
605452
184451
175719
15017
75798
238263
817340
343880
178235
360139
306956
890692
33495
171387
667530
660047
776383
443036
691968
580932
704394
576193
362125
470936
668444
392991
341117
411984
301296
165517
580771
54508
91105
623781
754037
717504
124629
810280
287140
471747
456679
132254
713239
470048
656943
112891
899075
488138
200912
156733
690185
578925
644670
413649
230956
168799
154314
641077
715629
776374
494412
13208
781349
882451
100812
794750
76318
262395
23692
564256
830702
287815
258550
477872
239121
70417
732765
117178
759619
375855
731858
184805
57335
114780
534246
510201
705622
466609
803127
683547
435831
714515
474713
558644
28983
773126
471074
430160
96086
318880
726449
777633
70542
293752
795228
146564
872528
520124
775477
39739
494941
401602
647609
284089
791965
748087
610293
607005
542624
341363
109205
621942
48655
447853
113642
384613
700494
161322
863894
8767
769488
835889
434455
686929
864983
185818
658575
336798
136486
617925
468716
553860
584837
894568
622392
37757
826353
49312
168799
707553
86941
887943
267576
461993
526569
129830
830131
560686
90685
73026
391101
204976
308322
514323
630899
268435
451869
888402
760256
75235
228713
735024
58420
702616
244688
82435
148356
854996
866149
326011
136408
366282
101249
31699
768566
671641
849721
621508
154440
264565
88056
710163
656747
604775
699934
188106
402615
288426
642453
823235
891590
536086
309131
895969
713667
574075
238129
463065
673681
360675
286063
28782
534357
384890
97985
71515
140417
95305
555986
96840
445021
446589
116180
524543
57524
804583
388665
490489
839576
146460
136210
186930
857043
636701
87841
496603
527788
706929
353340
103598
824338
398573
521505
760539
829160
574550
716080
763745
414477
202718
562378
123225
802119
195594
91364
761228
815723
672564
805928
378245
777579
291948
267592
447841
615676
24153
291839
497123
852547
466494
123142
492452
162012
475543
865328
418376
722567
658530
431363
716523
771119
561307
854356
455354
581560
478752
62333
89214
6693
125555
627229
239218
734755
48286
408300
87734
78005
454416
135961
386781
256252
287621
26947
804289
154595
235589
546064
787799
164741
757059
727981
377756
311995
161381
297443
687982
190822
833699
69970
185175
833301
621288
863373
143300
305748
93910
501489
675349
359857
895238
819747
825581
531276
84204
767333
136104
35674
142169
558421
600364
288470
679899
454435
649848
60197
346623
663916
438362
236228
105719
185304
106429
129488
746102
127660
60415
651602
601847
116908
352064
275301
690782
293937
304790
325509
645718
14019
452510
258358
872186
493523
447469
615662
601167
356984
230820
252160
830094
34628
820290
632294
415200
34849
780467
527178
5378
319022
203686
112721
185255
723504
35005
104805
344317
791255
351741
90525
49415
806094
505925
272683
436426
354110
755644
721345
207268
648608
31203
895841
684726
881309
617001
615040
37442
806084
752893
568630
205679
283046
472318
819429
317801
213778
381295
16932
419270
155752
755334
702727
239427
385180
680419
46412
811693
320426
818014
515236
796252
320752
770169
447676
750138
407660
841909
182855
416513
189330
992
482154
890562
139882
207083
472771
743681
147493
335162
867159
738206
436442
217589
403095
478127
523329
443164
493070
348456
17418
536311
751881
764765
290619
510955
810532
297598
154565
251016
808621
187681
265186
405695
303255
153630
853549
207153
124798
864371
579837
19843
299281
232872
466911
442254
773441
609677
814543
272370
610660
190175
547092
288235
107430
346409
442197
110107
215854
196839
396796
226823
379400
633894
228357
538238
493748
703368
4610
161428
247338
445827
241647
481517
56647
461353
687213
516756
441
28546
777405
107307
393028
319093
725946
554429
564846
406886
251891
191567
108557
655481
136548
510134
823723
787316
360817
374402
537107
521571
135070
161335
661883
735125
105966
725212
746925
839812
322806
131212
659828
180338
619420
558442
535551
613710
169329
801618
636821
403126
842473
279851
501654
143959
306707
158072
715498
846672
470297
888846
700968
473556
863926
204223
79973
334029
586542
602740
783991
512414
736591
541722
435524
632993
32610
639668
64428
114480
495342
845486
246192
319327
387049
361841
648093
111301
138236
464466
334713
137756
829042
224198
457641
530206
811420
51184
802812
231055
677380
678138
448760
664762
405292
117890
79071
711124
799875
395243
743933
735772
544835
318773
791217
783332
674058
107687
635158
66281
233522
171849
119212
207997
779791
562254
239048
341798
688293
424526
494901
221280
353156
326897
227141
142813
652577
254759
751160
37197
45170
195989
638087
269720
688261
117227
688494
190728
658749
583824
259604
520484
623979
431358
773272
15127
240133
666155
749689
19888
181157
604956
606210
653826
96225
745406
666929
535435
55586
783439
854403
219505
834723
283030
101246
552680
730376
87251
815193
578481
171928
861585
478188
860285
300889
254264
52784
666255
359623
108319
130386
225695
502864
25023
864601
632506
335439
647011
530065
376903
193730
95196
666452
843204
467339
664432
710517
5327
99904
387634
363528
522626
200719
383341
653393
831669
292145
142201
438055
681863
504201
387601
463685
248311
886170
574843
14893
329676
691426
364518
796537
760213
301719
502610
478816
60971
615741
255625
470497
204562
175425
13100
710894
699966
726580
891528
341848
721267
885191
394567
317811
663044
231744
297602
346406
371165
511575
220436
250194
800412
137455
41194
78108
425050
899444
273943
570617
537672
326189
809188
796309
345396
608798
624644
518592
743019
368062
280614
79829
315640
575727
645572
309863
200011
525727
135160
403851
30197
594810
38126
853405
793551
64874
597396
718288
38330
575148
175629
569813
425473
467248
272070
621798
481818
652109
321568
395280
826252
529854
495596
307675
407723
528029
274676
794872
814654
203675
558102
438438
825698
690265
490476
596384
815879
164133
796390
754950
847512
447349
455290
502183
743896
204121
246641
47656
526824
551328
442306
274547
490853
242122
488028
211423
214222
232101
66813
668536
515459
583719
319648
436363
344104
239590
652883
818481
573065
77687
224166
149077
595673
378145
445439
642243
573971
254845
764715
616590
182369
639725
403183
873566
357402
487894
602237
752405
374757
201371
895041
723229
666332
574999
248315
241392
231565
301654
118183
728130
649274
733873
84792
892495
407456
499877
327843
100989
891924
390287
396215
163021
259305
350822
500555
796676
471407
371668
182576
895824
627381
220050
869349
649946
533199
695360
640938
721255
12050
293086
148140
18409
828924
338217
889630
618216
438673
542229
118569
535689
613185
514116
623642
406169
510885
896512
683578
189241
405928
725147
896411
245541
282178
445504
224237
84162
166526
694645
317553
315652
489950
330288
386597
403769
208085
176531
431294
120598
427602
789029
144500
810972
312412
653870
732951
515782
174489
99311
341311
601841
15305
286876
12737
361480
654895
529463
172445
722955
590543
287051
518324
46044
431794
529217
888695
154375
331655
260962
769691
45387
562757
521033
142441
47368
204779
450244
319282
323143
343272
853287
444095
122976
774902
239149
427334
448653
84192
276013
183000
220617
62981
625557
37176
139747
614229
590277
842566
820805
451000
120554
99034
856892
534126
370165
833324
473987
215857
237335
178287
221072
778742
310204
713726
336571
843027
315042
94510
896103
223386
767476
5284
886350
157859
367175
306272
197581
816520
840976
241686
636233
160202
549215
177885
640444
282642
674205
268065
334048
632881
92190
494067
641911
18664
208802
717088
782580
23332
813646
339966
287466
813921
663553
452003
846000
718799
162038
837328
310413
34034
716534
866059
610853
285475
618327
711242
116576
187828
581300
664875
576307
826385
371530
29057
757198
327778
43757
803048
9697
249389
852741
111065
177804
437112
880936
597370
571265
720908
204373
615661
653848
499765
310826
397704
87439
353190
461219
589988
739548
715321
334800
285519
719472
604148
385073
877821
291818
78439
32496
264699
812917
753394
247900
693764
76639
147620
866301
830412
872951
499421
201657
296346
295329
24949
432578
810386
887258
25526
389593
566032
442179
204452
456963
470321
382380
702814
376166
806443
539710
770300
150625
12157
463204
707991
57958
783297
511735
214120
215188
292670
396293
572456
693077
556891
632222
684215
435664
662829
769946
483929
632748
706833
130442
884890
700419
77525
472697
324402
384286
804880
561343
432740
885330
232338
191203
633984
560695
535990
233673
180072
633313
569141
445727
30512
569821
101076
507712
503455
583594
96989
47268
47474
339569
898187
540708
727679
211074
99646
623149
465206
384044
392207
200993
348100
288217
883198
144804
648465
594884
411303
35753
27914
245656
581843
395386
520089
173606
284714
206750
823056
73634
539813
880010
518916
321563
40866
197703
514646
660661
247698
555451
773229
6053
285772
818487
375903
29768
252932
164284
346127
696064
560406
861867
832528
429740
603932
261736
710407
868099
161760
666282
431150
244173
762891
745122
753077
76894
701179
269701
405731
858032
416179
455287
525051
267004
254060
889814
230586
489716
371881
304256
502748
502464
70409
198882
218142
580339
407254
663839
435998
121289
99514
745401
557758
176319
476401
249502
200072
502639
735257
687954
673739
379143
81350
209589
455140
381605
251698
289489
809272
727025
23985
434819
781053
18167
773347
338755
784377
898367
481379
611153
742530
307915
565116
278974
386116
11437
280956
152404
554529
238978
16320
232547
140786
473902
362030
40394
584460
351029
756418
509086
23998
273203
325408
175065
473207
148314
843528
692450
274084
896742
420680
695316
422967
275678
250315
438350
326787
661032
571983
365304
530596
87145
706741
147884
143803
762777
99217
713576
534231
98623
800737
706575
300335
154286
288250
605782
562028
791547
326941
340882
173860
343002
299241
342171
73313
631508
796458
812029
790720
536359
716464
91196
526580
704602
594714
108257
423755
390140
229041
496997
191817
384024
793009
408184
847760
1558
765890
328975
571681
737201
791717
503080
389052
104432
679210
69659
22340
122436
245182
742463
310622
517533
635041
296085
80791
545033
193973
831285
356485
618314
311027
526228
141638
746291
814968
259311
529125
292831
768957
526710
316955
268782
627012
225015
420625
448188
374286
756902
882788
22047
101897
397287
275746
709662
270951
350712
717008
324617
228234
570365
625518
345657
147803
786985
501042
209092
757690
176997
634577
515164
761039
264897
794844
590438
746591
169301
849223
207442
863002
280786
656421
678844
496049
716809
182287
205789
480678
437175
115747
763950
656667
744301
336489
830747
509164
403256
86609
749504
601337
784177
672824
72611
292315
629091
556490
77965
791768
776499
835553
120774
691730
118449
697035
650060
184985
626747
815434
734960
764257
511336
424212
743661
736942
674872
789883
891557
533132
660373
118119
8730
167931
47365
115903
619174
247527
172527
305063
330776
88117
741768
280804
255820
43834
66329
609082
784805
436358
494511
877846
820873
113533
28222
42983
80953
63878
728883
529991
410732
364061
382837
571192
704807
399651
375990
193994
483963
729973
430780
441305
403130
634234
432294
201491
686039
196661
706877
204246
407130
692507
485338
84376
21885
120190
523214
682209
207271
709192
637329
882994
699490
216804
32618
297
267098
593814
479896
529276
839796
127146
446747
765827
501736
695209
199938
815282
269981
879273
793714
628228
164768
375004
809135
454163
148897
716200
290826
698308
132298
687799
798919
573152
65756
94276
109386
526780
40071
847030
201054
467002
196710
46986
713217
600136
246261
579112
305743
541254
85553
219896
166218
92646
828746
89421
320003
67084
217415
57695
751975
247349
523542
161687
497193
828116
75502
200259
171208
13622
841571
539689
588989
163847
220677
50232
542115
227950
577974
232634
219523
392883
781254
590343
366202
580929
575021
388499
522826
568519
141028
792198
586138
2584
643328
415628
65515
378706
487500
436419
360952
205212
508609
145970
750408
240776
880997
220698
434964
138872
398590
103396
765903
389244
166065
776633
402263
473786
167932
417297
230647
189415
42700
167395
150102
406897
263003
123291
802144
613215
110217
845513
498446
755728
632246
382294
806068
691296
770074
417170
412744
608713
226433
141545
580042
20582
748998
95636
765268
597715
891083
584043
380063
661840
793010
127032
212559
371172
838332
417895
231292
395358
899419
155161
631167
787959
274325
452376
511157
656116
168216
477701
248851
567719
395380
729645
622374
735860
186490
36026
122341
462289
145455
111077
731990
737255
647980
893641
760825
358518
527510
53268
330613
451221
332629
102391
217981
71542
211667
726940
844543
885895
699058
621878
141321
803541
74890
453748
92344
617387
742975
598096
449406
302233
431419
598916
661263
629200
795597
723932
570568
163465
170365
436742
890205
287141
85930
240518
383998
719055
713059
20038
528837
352158
446366
440075
524638
801175
545400
322883
695507
140943
695786
541530
823987
591917
447044
766635
684447
362478
889352
520179
614961
260674
242886
815970
501577
511188
454928
159499
328597
317896
238041
20155
688508
799132
794158
529734
520807
837777
565873
456764
613388
812291
567694
160955
305625
81011
868413
72670
458233
444870
121299
508627
869542
883206
840228
510539
698252
783686
863577
141450
173750
608931
623209
363198
336919
274566
711864
436876
826230
310662
643881
876646
92119
50827
701889
140536
192898
302541
680826
564770
48755
527099
212928
244960
892989
819351
85996
424549
522555
722270
266234
711399
457973
504710
423017
231347
817771
503360
230094
626401
108929
22076
381493
80738
899239
800556
853910
69046
820900
187649
510256
71994
706079
823697
800292
419486
250761
637147
384465
405877
480522
852353
770279
204965
659878
489043
619850
808255
510060
205581
675909
673960
823323
48086
809224
402646
235761
539145
838592
464790
833426
565329
169202
347882
725969
183758
169652
622097
496414
331220
184615
322878
522988
295762
268308
251402
500062
85072
455906
174564
852845
624593
367889
188519
184408
78712
341079
374501
745321
665255
808437
630207
477376
338051
21045
402838
549534
689875
716290
539644
317808
560839
368867
233060
27382
72086
492789
86136
503407
341183
485284
549096
435427
515921
821638
121888
877741
825830
739669
5811
849666
98410
492647
665364
108354
176954
744332
853091
501082
10759
224931
713092
802612
444889
820920
689323
427708
836304
145694
515156
441615
452710
813285
897391
805442
478929
609432
425304
43276
555140
549591
99716
679345
424437
663820
378424
249293
823737
344491
595348
814809
161900
222378
112621
686940
266285
85595
736280
176049
514661
499651
559841
803441
846760
339576
273339
258717
34772
419611
60275
547851
514838
257231
734013
512490
171693
865302
53136
878515
561190
134663
396141
161326
336262
800813
786970
425182
545894
89535
460494
850378
107640
92311
364325
575977
192136
439506
677234
748937
845278
19171
640116
196924
24832
653428
665121
177984
696373
851738
582464
387178
412420
114899
606867
19630
512218
813311
330737
157421
646026
621208
267281
464955
76718
175888
423554
271883
3212
314694
94072
162714
878101
12324
474816
849429
713607
238903
62229
532136
486033
321100
624651
798853
54006
34948
811753
412428
580555
90964
111444
30749
776123
440955
107654
439607
732811
558016
21053
702252
50647
716360
870287
394339
845498
755089
346587
75657
793613
65262
313435
17974
235719
329088
241783
58488
223266
6349
865043
419614
663198
815871
478088
571010
660735
479259
433711
608083
786482
65085
401849
26238
67949
385101
632381
471481
709523
184096
441577
667309
157271
669709
714905
394269
109592
442185
828070
734455
212395
749058
364885
122389
571127
346549
531344
322896
793337
666957
320530
748803
170919
331481
309820
548215
197586
234472
447749
17040
340708
648579
306606
870451
75017
710727
395539
367314
826123
125917
636989
389974
351061
101848
479956
209192
852121
319339
342546
740476
101485
339204
832851
640218
210319
627657
572776
689802
700233
565485
174571
488987
226801
256591
216781
125361
695719
715728
410187
443369
277825
686223
14495
482090
810468
720066
214675
730505
277704
65747
848784
831608
383358
434901
325556
589517
108206
12225
319266
162251
236280
772081
421204
576495
453244
842648
419083
160089
620214
95069
17447
729141
274561
80626
32978
382853
581404
600693
594454
760749
487209
507682
733263
99962
270098
520819
472603
633104
283047
108405
546894
277230
610466
699528
547459
592288
215468
616883
113868
807265
640728
168033
807754
240363
155981
715228
94808
593469
120929
131236
318466
431079
269152
803212
610707
575509
710476
813074
44204
377718
307454
469913
600336
859848
356075
140965
137020
184801
772099
799154
401652
27452
637074
57072
138072
356511
360233
211487
154870
80645
425879
296740
189050
332780
703504
615493
785440
293565
65008
635879
897993
715220
492793
54849
137355
483723
580375
301340
382819
713863
558917
220201
165927
817374
722377
457535
392982
385508
376282
160720
781872
22257
187586
561575
202978
842512
172094
803297
747225
409478
471458
432357
85752
694365
211961
623616
869925
257357
486090
488801
341661
799014
398455
642350
337608
263068
861919
212130
58023
205391
288963
444612
283914
858869
444486
676644
39486
534503
628013
567412
319651
265637
470726
359808
537628
97063
683940
24716
878880
48897
68584
500521
301805
676625
201148
110772
111868
276008
659770
8043
850255
583251
307657
596269
891079
605510
597703
110412
59219
814596
320578
700401
200994
192236
704128
386093
514745
373507
665694
275640
718144
794907
421781
872456
836151
733437
194841
309839
81191
55928
151228
364336
177427
440325
183920
143648
406060
534710
438985
756310
698052
159483
61056
843182
621146
842129
36468
757888
321076
649096
583818
278807
606955
502255
272630
325425
386624
748894
615026
715442
418924
105791
659275
441989
323541
857881
483803
509872
573437
252507
845392
378419
341013
774018
507468
710365
458318
44967
334150
182635
718288
755624
577325
799902
535555
793745
87821
118520
799563
410119
670602
870642
264593
71569
229801
291389
808316
63843
547246
244979
435230
647592
733504
320953
674730
541131
263113
742548
206404
595426
621914
116964
599857
317912
847467
464898
418637
217942
127295
657329
341372
806765
323206
6340
8760
452418
894364
175308
145993
392918
583918
500092
439698
721
214973
168603
767144
571595
839452
72645
651166
9782
607188
803391
98971
448363
733158
84885
880493
70032
104592
636529
734359
229315
672873
767034
594118
584710
758886
796615
139681
512999
559903
463838
369119
396202
660652
537966
843986
495445
649064
406597
562497
300216
301304
295247
24883
429655
93445
468780
508039
222165
57508
555532
354593
30910
375511
569033
754495
245522
576493
664993
276937
672233
333412
843087
653511
197415
417007
39973
610764
520542
215794
416232
664688
450170
510218
780840
683996
207245
733802
778299
664479
703192
711136
437685
382653
627218
148470
376325
731718
815512
756980
270287
793573
663313
34178
571329
286991
675357
282059
269621
135035
567386
664030
860962
888177
74738
469262
795839
358331
382596
239481
521750
805432
802349
634854
18752
318287
841587
377095
292546
183233
893966
29598
862148
589655
343027
875516
828682
830074
313790
113477
884945
527010
269180
741519
827303
48358
683987
31048
449351
74386
103630
567159
206448
392183
405992
489819
275426
462428
155540
91153
241684
516626
54983
93425
534420
464677
550787
789943
740476
881902
503904
883615
745997
462213
799097
119433
742507
24116
760241
733885
825653
474663
639552
796456
879007
36320
490974
72292
286638
732295
871850
407637
442863
347614
739479
368208
801364
766546
533364
166646
701932
71117
715574
630238
759422
435177
362789
346097
273314
663423
242080
519567
346780
165117
30893
203279
377078
325142
618369
396515
771384
458324
332008
196282
610343
805064
224818
385631
893079
800002
101307
214398
499662
465724
872596
688775
852215
8016
434451
294315
67999
486762
371348
266275
443472
816217
496874
896816
399784
400479
83847
206142
8405
81479
878979
42273
245711
653814
342828
779169
428306
561434
824267
271602
391958
170783
822767
22140
681901
153568
425432
607642
163416
403163
828641
705438
756166
868861
430571
58225
389610
561661
735683
810743
346840
650629
643535
817201
773533
301002
744634
716252
20888
465820
27193
529207
836856
43193
795577
461027
692243
727997
145448
545923
204511
289460
833692
668162
693393
617807
385987
328499
34865
58389
431177
265332
735222
616529
673984
878028
669187
873033
579279
292531
781853
552911
339897
582513
344392
627024
503816
145534
123613
756201
763638
711529
828842
549466
234232
868468
734694
443347
622119
630748
598063
707754
844365
458615
490498
680591
738537
243478
844630
686743
651870
372234
771510
783636
263838
361251
243929
275110
132782
75379
768896
42922
145879
854736
878027
701776
625161
79609
294712
38731
249611
223408
883129
301154
281315
195206
199857
603779
607550
280212
346475
562263
766589
505093
812566
83057
145117
257745
459329
5664
308001
346980
316751
100419
757342
481822
776087
833020
323491
698131
878971
705981
240067
391634
777571
668063
826592
202915
299062
721234
871925
466410
491860
628207
208960
254760
889746
806249
593610
598752
880946
545153
183252
478999
22175
583609
492257
89460
18370
728800
173594
337512
568132
610956
168770
282215
751713
695110
664598
601300
48997
482431
826912
83387
885830
735841
151353
674871
239357
418016
379384
231732
714658
391727
221564
893935
268195
358126
736209
534553
409120
133601
424578
638458
512166
872221
703708
778546
163719
589435
501275
458811
70483
733551
706548
731787
758261
465586
114109
825526
729131
379195
506076
754800
393123
863020
500299
471823
618383
459496
704709
413999
60581
77699
505264
559727
32886
212946
162599
153720
688969
893570
226082
798622
797427
556196
585380
295935
533236
691557
97057
172009
93425
112188
477898
212056
229482
380861
423671
890813
444152
885227
746991
181786
340741
896554
671287
438441
491111
677425
312437
610845
726298
311902
88799
442112
784473
213732
281765
647227
617977
7616
135832
42164
640450
407689
512789
365298
335179
491302
92050
592668
128401
345305
360676
592383
631668
648025
249803
578094
274766
277917
459066
803364
853744
155956
69446
848197
685818
557746
157387
161090
340567
58629
777654
396827
384051
659686
680018
647455
629274
221546
398834
182319
207471
311032
838968
577665
489317
225845
770784
873345
602557
222459
591852
791665
301405
819496
728428
859504
537577
756595
740361
76761
156289
416889
898255
11746
129271
476246
751221
459717
562827
372207
662090
256124
125925
656843
892222
437573
226510
770914
232394
529797
501419
56654
269309
848873
204631
352318
366147
695335
660379
416778
440788
485091
821005
81984
372855
554318
433411
100348
575889
834024
400178
730103
654830
827686
644103
165879
438539
780655
399265
809668
352957
369632
528457
521018
29025
731855
323376
49402
464737
665933
867395
360987
273536
573637
600429
560414
4642
69921
602634
141087
855835
270059
331651
163559
568179
298737
542154
663134
885074
709154
385491
341214
353229
250453
835854
685827
716525
754248
594717
606047
637369
49894
739766
515338
644544
805442
59030
479350
321765
366848
833248
31264
740327
757747
179633
709315
307755
464065
576833
712358
560136
606818
179609
486134
229039
284455
298507
854350
627733
226584
547762
119186
792383
362070
111239
869628
687753
565791
823197
736749
101011
525295
235706
526181
738440
523300
265010
623694
637420
241370
520321
454994
136001
718420
630469
16750
286934
372700
597206
392638
533901
609122
620899
591159
757831
266369
767370
614067
485679
462783
622132
516423
59999
704947
472459
301777
253971
875232
752504
572557
558120
604352
815325
198407
188048
668476
280748
363530
668310
588759
250082
344055
52840
421099
608740
59538
68006
28107
421236
14454
691557
263175
617488
386632
374176
511214
443943
404648
584731
443118
125561
605636
217749
40727
179498
413448
393675
486141
465986
323088
254787
861116
234180
154014
437211
660790
242217
365894
128622
896792
671000
149350
116896
310971
30853
803891
13255
125477
586531
185071
95350
649008
367175
286007
203270
293347
211675
379417
831043
685660
444027
875010
62065
688591
120719
163093
592762
496456
16613
383320
327637
444812
683051
49225
787891
3293
674438
376398
220713
159389
456978
620265
756342
769706
343223
551114
83984
113672
778244
854718
39631
22172
573418
580166
615029
436276
882232
659426
329976
620932
803694
446412
439182
732779
524288
717730
481716
628884
579625
101851
310843
127896
174121
482298
703855
651841
538909
900000
118821
763754
119578
496796
727777
382946
85733
375262
860385
550031
766225
817705
278378
226159
175286
443782
342317
436441
370923
569397
202741
198466
81537
834079
790607
440668
232603
879879
216630
699545
79469
8318
331131
12333
618352
640470
40142
457745
855903
246990
144203
384196
38833
79212
201539
406764
131091
196682
214662
31066
680897
365831
102154
5035
163105
738525
870139
499659
422909
132210
180927
578453
707771
669544
47492
348629
240762
58256
175945
208142
553899
153372
261574
662327
845930
234833
672856
136416
236055
429083
175437
914
210101
70202
102920
790485
109887
41947
828850
713195
723426
680258
389022
465273
576987
351394
538614
688358
252205
862735
532519
750556
188766
673738
85638
254924
644240
801916
806749
620398
361975
811294
236087
279141
810460
282005
39203
344033
506125
789211
319240
448894
167998
344536
392966
408010
567456
374672
506020
748388
425980
790901
697756
805536
572365
287677
105215
337351
215319
567631
63206
671899
56904
227735
265718
625368
88169
341049
64655
506997
288736
163490
60913
823242
198086
725977
673676
200940
251328
790965
489058
279028
542812
481512
769755
658877
889930
188281
338021
164748
16820
860784
273158
799114
465948
649066
515072
266381
158256
677132
491519
874773
648204
456948
455938
124338
192301
749546
232579
572130
248685
550070
432165
834136
330560
65228
9017
825464
255754
284098
721677
247263
2171
757410
391922
597824
32712
564954
124488
860041
826598
698129
600488
272452
832677
777780
810765
160601
766088
799983
65888
680049
782397
884503
290687
746037
147581
533283
583242
104821
328513
306459
280298
136612
441054
880233
787933
271137
517535
853900
586626
622320
55679
819980
146781
813191
149919
489511
628552
555237
861354
371370
612375
144732
638914
714555
515206
89199
22630
153555
644673
290327
593475
854569
66991
284032
891956
282858
8604
540240
329079
360868
893186
275655
584845
55233
4276
391841
557998
482866
126278
784889
491783
637761
479996
820744
846033
837736
886989
334251
3823
710431
767347
222978
104356
127728
234770
142261
844686
776872
14179
613137
307299
248454
774749
578672
705382
108885
754910
381463
300998
669206
520379
64056
229044
55863
217090
568216
656606
556992
152072
470635
580493
230444
867828
811387
808407
348148
863238
4328
462146
261927
141542
362633
336118
106806
168005
793585
588190
114539
18034
634284
419003
519130
606363
139112
610084
623376
476893
851217
781917
707784
55531
21493
101523
11581
311
881862
314802
369017
366528
719069
144900
280491
519672
813244
307494
515063
496240
267660
217224
514344
388546
728933
1216
489921
705051
464556
567084
200209
308387
850550
814658
609476
505194
243531
493622
440246
637105
645670
248136
422210
524306
696281
174854
859225
725741
382637
245989
583566
879089
303302
191896
510062
102403
576837
231595
449102
768205
601448
214975
738172
11526
422124
134273
746391
641210
435475
179849
395547
105238
392608
425100
753140
639314
186718
834591
93268
733115
188609
890409
462047
133532
874916
16995
659811
507144
891249
777614
786854
805511
816320
610673
355320
415035
433271
285550
691431
413037
782447
216320
888400
343033
856471
201811
46195
472691
68081
471200
64320
198100
339515
297572
628590
526181
334376
348988
9451
361670
629901
786014
273581
516220
22392
251639
816870
836821
662874
625117
310294
464185
392581
58096
524442
145519
670352
860658
400835
322184
789495
503071
170818
834829
706591
803147
179167
113024
763288
575127
273416
75633
536764
90864
122694
593088
64660
497092
31852
248713
897689
88353
206377
891665
865783
96076
267164
497099
161134
767803
565575
774376
489266
103888
790013
367257
234451
10290
228757
832354
281143
201769
531968
607004
120962
361302
884087
216519
669304
695853
19853
409355
305049
805968
129923
678601
9451
855785
108507
409411
684758
402915
326405
603556
471144
613221
421333
767405
776856
111437
514933
36093
732968
557253
443286
221276
85732
894309
708226
302757
318728
436837
877133
585070
356478
446652
395146
103445
651747
134458
205082
111849
66091
243198
898367
477329
602907
607989
608814
452477
9045
358032
296675
454183
532881
5888
773870
288709
496422
396209
422700
158639
872680
4288
647441
267815
209451
789274
528896
704105
832645
49075
723741
732817
114162
105184
606169
874276
524401
282257
95757
370108
147084
14350
388354
750195
354421
276493
576493
26859
213003
712974
581272
874039
784188
524851
323003
386762
287236
751967
425418
684090
96308
406345
585480
31760
656462
802461
4441
241039
343309
24399
693045
342495
9185
241021
154360
10005
842199
630977
602806
866689
496216
245487
825388
404531
726984
184785
621297
796842
618766
772765
699948
577339
641108
16335
633151
423802
436036
248584
215937
65256
525906
182467
161450
47706
120537
513584
808071
487105
821277
236783
663501
78427
459984
197258
218186
59030
434096
122671
837271
28220
196717
794313
733930
85888
856520
129946
652231
853283
372919
59575
327638
833186
522726
112448
9489
327168
621719
752506
469588
231916
211498
310187
774071
153711
632055
192626
456375
459412
580632
574016
773232
647316
724548
349175
649895
425277
1302
269085
711619
227198
41196
448764
123036
339665
125675
863802
117836
863046
393600
855536
844163
659496
572258
377930
329878
267599
579155
825530
154615
721473
397860
160536
746079
9573
247160
851098
727016
311974
732065
11500
522904
248480
843111
639469
554071
715466
690887
31526
701313
881792
163800
143399
112215
170443
619529
880767
501424
776751
685637
580663
776942
544338
60409
647692
235723
792964
776172
3240
433745
723951
544205
639388
41672
741884
598795
170012
465611
288735
825725
396439
244596
496769
215170
89585
119926
408296
655074
775231
724329
848421
402324
732350
438815
268377
457593
594064
261781
372293
462341
761396
197350
603276
26750
373472
683513
177831
233052
316574
728763
316678
396241
162817
608199
473278
610434
245251
199650
370131
335219
660956
62339
376547
545057
534049
5263
492524
203273
789110
487011
790587
77062
714193
425130
180914
113208
19917
498415
408981
77759
757447
588364
298482
276774
102489
259136
99946
582365
168337
225504
871904
788287
842701
744932
595965
263443
803829
94242
141854
13485
864532
196184
271291
361140
120181
897122
496372
531871
422838
110796
70170
