5739
776520
78502
669158
290052
186808
850002
791579
679732
612551
89816
341011
218018
548960
457174
34221
718391
80099
198953
647118
549487
141142
718871
503114
153356
385400
68792
540801
523958
333718
838721
548069
702771
663
39630
808282
340287
828914
898700
768823
348360
703743
558208
8201
330441
305643
368663
809942
593089
661189
870668
880478
380367
367349
231567
521118
175661
707597
865624
680815
714885
40023
414664
774923
892212
206157
784535
817519
61786
12456
284000
794524
237723
813488
230725
492728
349398
261107
52768
178001
221343
471793
568008
357058
534138
758899
591804
874926
684534
873403
209903
846505
248964
339095
634096
377141
684403
547216
245204
629386
751114
811007
95010
323695
199361
85822
549691
830565
634364
710076
687877
592612
361540
792074
70642
114972
315684
93747
436497
69885
849085
67433
782033
749778
171590
148986
661998
724040
169604
94946
649849
787981
324610
587449
700840
42132
624941
385133
572279
421844
116719
545642
486329
603248
15974
752854
142879
397970
853088
135289
657828
597296
552149
327642
338098
345360
313216
848197
689237
706152
809051
74119
139291
519774
323927
510780
34692
571886
617845
631136
421483
839626
118116
818722
225201
168891
395511
246839
663394
798310
7426
519754
584934
91594
303057
688849
584519
167430
894949
74395
89530
813559
176620
400677
691084
812959
289116
700492
319626
819394
760875
404636
183757
764457
420590
878791
61440
199433
301068
876914
166319
459006
280767
672905
147374
788528
650150
398771
59587
432152
309641
322496
286385
28668
375627
776254
434722
281814
264357
652939
777808
109971
330725
392933
846063
306679
103202
744637
607771
802557
502074
379531
44314
468444
502570
865178
758382
155078
361897
364740
703322
266154
107713
27320
317133
477113
137995
61431
538095
57861
403943
407871
414119
383205
92213
804127
595943
23702
885139
305449
545782
476028
849971
887045
895704
599910
661463
626946
543419
218479
240460
320103
548672
264416
256577
365736
435875
747826
96674
875188
41641
64146
778197
382475
136102
140126
857520
639309
444648
890443
564277
272046
446948
138153
486828
32453
770075
839710
813531
634916
8648
516047
722116
354018
602921
423166
872091
110675
66343
802060
656770
876857
409027
716319
477764
312884
862719
549375
572362
166356
629639
597435
765981
754672
32730
820009
688985
791183
335929
796682
492585
11492
820106
95051
526469
881047
299497
207848
356325
533565
26380
867915
523585
284969
223634
757778
36071
861308
634855
374351
101751
567961
458390
785736
267230
460115
826252
879487
591341
565287
485156
782061
674934
675142
622805
651623
206979
737675
441876
339490
823699
847947
2343
725714
847601
431434
625480
605262
617458
332521
753010
526640
677291
742205
46027
793176
181933
129852
24813
209808
361150
741169
141330
288970
29781
7503
686876
50534
135826
436865
181407
436272
869911
646784
378764
326054
608135
803550
770042
677558
56186
105023
411059
454886
793114
759143
94264
871982
308989
799406
647634
704447
119743
869584
151990
89447
776955
618658
760948
734956
773734
682239
440061
424438
25480
750144
866990
651530
795703
768521
447645
1968
208274
253312
42751
727254
377816
355449
884307
813965
666690
82381
304431
698289
181059
635529
539461
600263
877435
245507
536209
668031
137650
472999
781570
484280
368407
728335
872738
9250
669525
538641
175684
101983
876239
304978
49801
149315
186104
799544
672687
134523
697425
773822
508407
567082
868928
388768
466481
349933
749449
401142
415814
546176
124460
137662
780322
118298
376186
402706
597212
885268
846453
435320
164003
99207
610180
654296
855302
477426
346320
162088
521184
696891
205886
294596
889951
84877
322216
423993
393072
761695
817370
788128
313224
178805
279718
589352
302161
170784
65861
407436
842543
27905
830443
357315
707822
278252
847173
174167
158858
331047
762258
475181
262395
640496
332987
575235
622043
388830
293200
159992
815508
823200
735233
281028
623179
172482
422422
309896
201187
34991
424363
74273
599856
143952
506155
184278
617337
298577
579847
155633
15145
802437
670867
678699
732082
40768
548830
727967
715550
589410
180973
66560
831123
688532
243059
187302
803362
630538
133038
590084
128461
595369
877856
698389
394483
491042
342280
719093
25817
552956
328669
260204
146902
265296
786952
555333
820827
783726
495835
823613
89757
600541
229137
790422
150624
1535
399682
513931
379650
342674
212035
649662
356706
75635
784057
727181
860971
899262
724408
627172
585313
391120
159772
799755
117830
546189
354691
101824
792457
172030
571045
678688
131019
749746
473009
863486
768944
380389
462853
375926
94751
106366
854505
93371
884214
352721
114505
662892
377133
637990
730317
234662
622628
704497
790135
314771
570732
264096
135225
92672
421775
51475
703888
790764
326654
742821
102049
840924
801845
445514
629486
347051
80428
552721
142452
15903
850973
629384
790628
286295
527884
895614
785757
758208
450200
676131
705603
841799
474621
496268
802942
759912
615428
712339
593233
271461
586952
55676
253556
474419
581061
555890
841425
15950
391358
504143
471416
161133
674251
3514
678943
863376
58942
639083
577114
640790
20880
879114
782611
817611
573549
814102
141350
849022
103001
180353
839899
527696
42429
400824
439840
662408
329650
821409
616770
602724
677033
258461
245705
591915
39796
79757
107342
740381
29493
335376
466585
2763
437633
750890
820859
5283
375215
696257
633188
441828
593027
551713
452930
687728
394610
35519
373944
171967
530482
660123
179414
499152
582592
780958
604187
668859
265325
130659
204035
485377
238373
601874
258574
733573
172541
301607
565232
220500
524953
291666
466478
388255
301111
462999
2267
762890
760283
44533
557775
235804
760472
527748
248737
14647
605944
642999
469409
405089
237864
296354
341237
852769
214627
136885
819533
215014
142618
802117
89605
498017
205020
196268
502103
606963
275656
276199
747066
133984
752940
99165
209051
802659
465112
126656
762102
802459
481924
337740
474449
177155
470555
535660
523509
163520
230627
446364
369162
568819
711274
267657
317070
343886
715503
579636
539090
541987
310185
578517
641233
257016
772152
456316
544974
350231
898758
356307
602793
218658
806394
869472
780381
801220
733305
499367
140601
688194
181465
830667
888569
233904
744707
855765
536640
442303
500644
456141
741428
288277
473392
482821
714615
746421
315668
717430
590269
98685
339799
257633
131823
181487
638316
342072
320538
125159
4790
220341
701428
463947
286904
187623
367085
586176
795832
845422
556366
564569
522191
491548
148114
627947
723889
775579
733277
724796
448499
662093
58300
3033
371581
546031
141531
414438
623534
770135
337277
324305
232902
260412
34427
247040
57717
441044
649692
706248
243133
477592
103885
332671
576294
554148
826494
262473
659038
314491
568153
17423
527434
855976
240191
464335
854574
211263
327521
351340
149365
436385
512824
411205
194526
623134
747041
1188
570115
585557
474041
702285
755175
78871
477840
554166
744827
215786
841549
724789
466733
642793
659134
464244
651725
184361
350682
885186
313341
334902
733334
681764
817109
175548
670624
98089
718480
357921
857243
852251
169975
373231
571607
400880
611912
95600
515916
442496
886499
882962
319411
491090
860304
316778
485633
358383
65424
45556
380097
762264
816638
74680
431693
520082
198210
751657
511017
677119
740498
744520
798652
262409
768805
267461
445867
125784
186262
862021
695508
557667
280625
77823
261412
415939
281789
651872
3669
304002
322374
782478
239528
888563
837733
870154
58363
200379
741039
180078
397287
447692
703127
503446
112152
707155
202209
71356
161770
591815
627748
177019
483708
103426
794330
598293
848596
103565
590215
281936
701999
66131
384612
859643
724707
625399
289607
325966
786355
595010
275793
792015
490509
32596
387667
655953
798532
333404
663742
772439
279526
8643
393830
367735
72761
573730
51473
128089
784182
620692
118242
802526
59362
707109
250717
145630
60517
118698
278742
238442
434505
440779
808379
211024
556785
839323
92922
238876
421139
91496
270448
163739
17940
661390
199664
876219
661054
490310
159596
874927
40960
260027
195586
12911
522658
80413
33926
540955
29604
385038
195432
197888
730866
25242
190402
339315
886790
495780
495041
852667
136858
362780
432717
346603
9224
770284
730006
82029
56064
424114
620349
746042
130277
663527
526332
156517
333412
78398
202899
142232
461490
158344
322672
499637
365185
76852
130970
486879
853119
143733
203226
786322
362636
561083
457703
344492
268885
159843
438732
18927
155538
824202
665240
429887
826904
827133
896546
76485
109755
790252
808727
804566
227812
506332
670882
49038
892427
233468
433654
179574
232786
459472
263835
153477
466557
264361
275315
12962
622513
123445
741319
89159
897800
377682
509459
51617
46318
816222
672266
840724
276700
408203
452583
889307
496175
473006
707314
624238
392675
332950
826220
510044
449265
134105
227639
189047
263650
118346
863172
195216
449519
582983
13178
808311
61367
131823
80064
202052
265276
582673
693191
892756
19226
482303
727031
8139
320933
260098
480468
502104
149374
131175
464557
265718
396049
475414
432770
77166
554478
355907
26831
275738
214594
256477
799193
64101
464498
843428
576723
536654
640084
288857
256749
24907
332713
137933
414330
107241
394491
416315
42973
387218
402191
356593
696688
834216
781638
307689
247056
519533
446454
470167
195336
792069
599776
524539
408984
452915
95822
124982
10593
319040
439243
65945
746928
495515
412542
58232
140165
193082
704709
298238
563808
440478
830794
77754
833671
569493
21444
425848
264405
669656
539949
103338
541218
764789
744347
751972
290667
401351
883262
169000
241150
448993
837301
64694
355365
748362
108333
180197
468012
416513
765398
575503
640880
129026
117028
891014
613286
217153
849247
43748
440454
425747
511591
523905
613938
567405
197929
677406
526822
29028
855670
283614
289278
67699
190374
191476
512606
696250
468296
772054
716226
865795
136580
801969
288483
772001
803408
870263
441699
102385
312043
367860
549557
736674
511417
517631
730476
498097
148700
558059
739774
47341
777355
759196
750196
465722
774770
283958
711633
821265
113637
91601
466716
550628
888898
820490
439564
442206
379074
736851
836688
109769
384444
814187
766584
601162
159095
819752
630307
642311
33993
95120
268134
266792
328144
860678
866293
51867
154444
139330
59793
888241
335768
240282
143502
513351
186723
164476
473824
81855
596655
858814
589122
342060
229989
614060
133570
347341
370355
324512
454828
184368
40484
701680
21841
538360
636218
134561
148852
288281
331690
735002
786514
678688
141812
534707
368395
643728
848125
707532
742385
6919
316587
403002
824108
552607
667548
534268
885767
538256
647907
103180
807515
897362
786753
334928
406581
88993
291068
57968
341447
739289
355582
447139
332264
401441
755629
121090
637512
891972
678242
297310
752885
823674
115048
481933
811203
611461
268275
316863
197147
41367
18907
768591
303939
161937
230035
650773
528582
23846
492874
838872
503295
837407
350142
581792
442343
256471
67128
476298
187481
601702
826695
751893
69374
552092
152060
640954
343483
206755
874016
566008
616115
189414
740686
29933
386169
30640
837104
442849
899606
371693
898361
87291
430515
642958
616604
671159
509220
846504
53448
282640
253553
86427
516513
373111
336162
96016
405083
220005
332967
898012
560725
207341
573505
507170
814672
192170
196209
274004
248523
651128
473274
380729
19420
723199
630037
157354
539053
362314
134161
419767
715729
507510
166469
115271
749922
340614
618356
651004
860888
4755
305724
873909
794407
425184
462555
362253
88694
231243
577342
168416
370551
740448
550759
641198
236456
139048
353434
644440
727685
572958
106596
13384
520456
140418
53801
838445
685663
771943
899049
542595
74823
756103
664269
874545
844650
823222
721972
114540
232883
764851
101813
67609
211370
181339
214032
776656
495312
780760
410453
5500
569208
857879
735472
362495
540032
816631
36656
756562
774923
847005
44147
787785
386461
627173
718832
787349
592562
12083
231232
5988
136667
778887
644649
832291
781430
133486
30377
9219
253513
768885
211643
82457
898522
522297
231049
389887
865230
800090
108847
864281
452444
382190
521959
19634
786285
824081
147543
291141
579955
454970
252371
850935
813955
885929
149232
343393
499760
498781
800806
577099
528326
119970
343520
627316
739167
466055
255044
730542
864037
134702
47897
383079
220837
801596
892314
731298
707948
421488
96566
639235
783745
891152
102241
332234
329406
872095
506299
891703
68173
275116
679739
295308
874011
340803
650808
134384
252475
172806
72147
402095
334394
638551
490276
492255
739130
190604
534079
821565
367789
91109
341859
507062
502672
281017
756799
663266
765601
574060
406465
696394
865887
750846
273180
150410
764669
408413
354998
606034
57378
662746
737196
644806
464960
50137
354818
759749
737230
848450
138442
457927
748164
448532
654383
513408
632755
714521
667616
824961
460351
129973
458996
589246
463003
363512
855326
787497
402495
188339
461742
197597
20551
392231
898177
756503
624363
252121
432263
389439
285559
39489
562607
290213
546278
731234
130737
6181
420480
73908
326775
817773
586797
693245
631273
207638
888980
80990
432852
865805
551765
71369
606454
846742
319104
466001
269480
364326
127664
61562
37448
853775
274247
590639
129122
99993
364934
760306
225339
470859
141193
194413
111290
54056
519998
752936
389108
18646
750784
216084
593042
339259
396340
366788
135904
329152
675487
96283
455572
640503
227522
381312
496793
806425
612915
458574
185624
898664
268793
51624
431682
387091
222532
510058
575900
167288
11718
367962
408680
741219
189682
898141
650540
623893
555600
661254
178977
700576
630361
139914
343033
171278
51765
468847
129262
165794
458255
239331
695747
679542
417138
127080
365146
391651
538339
499309
358098
727103
135354
756952
103801
208257
340541
341631
359702
104672
544027
105270
73548
34361
436739
502466
292076
339056
132958
517196
562618
894893
427599
865905
72217
818631
43910
606071
627574
538591
751387
383130
382478
187523
740941
18277
826685
581491
560599
706332
494756
29184
783563
512437
309558
106992
208431
200263
100191
355807
764241
474
63282
250207
372999
599198
6509
562112
832487
2712
842603
267626
575648
53719
110022
226535
511124
258565
216742
406270
709778
54489
442731
277210
397972
68073
182931
831945
693554
623996
512456
742400
600000
133405
714057
212444
626827
772364
77171
278851
286796
163055
868972
118793
354662
190214
3052
333326
894498
114908
322889
535493
487908
334169
298781
13392
41737
670740
731094
825191
398560
576582
387610
393783
233762
379098
490996
469927
607887
593920
369183
250581
297158
546401
586478
253439
492161
306988
53366
454174
541803
485551
322937
356973
768767
874050
559824
417671
176382
148541
495700
751726
553676
330857
110793
206440
600776
452564
88135
614692
711622
724382
255622
692507
386123
144721
829093
574321
780549
119725
507799
102330
233956
90753
651083
144665
776568
871702
314903
515172
383208
473733
250593
203747
65356
475977
745705
291704
559720
390735
188533
625816
31910
642474
41306
597111
749039
778883
568709
184738
401765
376781
38724
461158
280224
371062
73427
411438
293859
578842
23174
400201
821562
286706
389680
374314
340947
134601
768014
884041
350038
634575
588851
267335
883298
368519
883217
655566
858245
702171
666177
561239
673175
728463
317647
649382
308244
570483
886053
165583
77268
492658
486738
845244
641769
152871
498294
868326
518612
203375
469005
769792
461092
659449
48213
520564
51053
393754
476670
104229
76481
527774
523918
885491
616781
808761
228077
181469
691475
336923
677492
560065
419135
247873
425549
865695
259944
857832
731622
886972
267589
544061
591416
59938
391433
819472
292495
414660
780028
1415
163541
432382
321336
698159
552991
104187
757117
405933
416083
822833
717553
607538
82932
687016
720760
663948
481773
207960
336523
557498
80406
200431
695576
501752
221061
566961
856342
123768
277492
244410
754851
177394
626378
713183
818781
311122
492681
713523
726105
878255
32948
721925
194083
164188
451867
186982
560594
491128
28100
525993
534919
329984
23576
830532
59170
239140
423207
458450
234561
157526
238328
82490
651639
392542
4561
214091
558692
589611
362784
642782
827414
425925
28100
306333
348156
604606
889243
136130
121219
246214
70920
242840
781999
398814
253696
317886
579543
312324
687570
265738
345054
36845
99633
115434
317514
412913
459871
479557
206754
39039
366519
175072
127912
591761
454263
37533
357649
118267
195593
828062
498685
98141
171916
824519
843288
27096
271107
349922
515884
617405
301722
469275
15776
375681
555601
188523
368816
43277
167879
711443
667402
233905
726147
650814
874019
318072
304641
196937
814613
492439
546072
804671
734166
259616
584644
167836
767285
13811
752757
358931
505715
740243
214868
288107
746011
568342
876236
274404
19007
486006
540508
136151
705041
822726
71096
144860
833275
646782
195031
212357
518556
410359
684829
630664
462560
243026
607653
267834
775322
362962
471498
662774
248512
346186
746386
813372
578947
584081
32536
87095
639722
849586
172532
387735
447114
515104
456905
706237
646340
428551
712556
203189
201819
243102
109228
696989
434352
475256
519873
115524
157020
869305
22773
57358
372553
240262
537578
429556
569710
95477
700679
332296
737061
166820
439362
394070
345450
368869
220331
473414
171506
58807
742035
643997
568485
898992
869400
355363
868890
642166
381614
426208
425742
895181
389195
753664
379649
265450
411695
545174
176205
717030
50573
737692
344675
337519
100539
28056
639588
208408
183506
784890
254105
368049
542626
499649
714447
121425
557654
647102
66450
391983
52415
483601
446949
765809
255903
733839
622171
256955
544469
345797
681910
846729
95168
388726
244666
77112
152625
280128
109196
795902
708722
698013
604780
328378
385740
448038
446540
91398
327674
744817
333484
201065
574504
557947
326548
284617
720423
400896
505133
681725
512112
223815
890524
714049
93298
307899
327292
402306
491578
412148
226583
97274
402270
55957
339137
45110
824998
34094
179057
109266
440055
624897
499356
600454
703933
729249
55791
101625
214933
729239
426217
535860
646036
844991
685268
134706
78711
490479
209310
848467
838984
47063
602072
386576
172682
575491
424362
11784
662050
35294
667696
286873
37634
49073
182742
246571
478386
533545
699819
472934
443165
94327
737093
745507
801526
426352
878289
653600
758981
167381
289236
632845
259537
876429
227588
528740
232363
768462
268988
39574
395381
454682
217120
847839
376078
29606
131277
369051
561596
645110
489916
551251
311476
854116
842675
138224
14888
334528
606471
792624
56942
540817
748659
51413
229800
369114
896750
64283
841045
751351
488811
228066
163092
125383
558642
821865
206289
352611
58039
548252
460909
818188
114132
802116
539950
189507
239912
454301
690912
544466
833707
457733
274854
365352
237645
625327
794434
795970
872234
757911
492636
553957
632299
312337
552306
377223
488957
634618
242877
652301
671398
117072
203227
828175
275145
153053
871454
847512
92632
77615
429745
153194
19697
879811
180962
365246
522550
626271
608305
375817
64237
818271
440115
383450
47568
820582
853507
247551
126162
869623
433510
725128
752656
227036
800441
874211
430127
433827
489658
30854
382391
155497
251375
103020
40491
151278
586070
266390
38052
569672
635242
219155
39850
543220
467599
603898
8846
369671
265147
337812
775879
27618
850817
229430
688679
340580
742427
564876
597849
715033
55123
451922
107961
441905
773998
159772
193807
894603
11702
813589
79562
654096
410658
91300
892598
489084
833156
887530
319097
275030
290351
496072
51151
827105
848674
241342
423392
767468
175766
797998
98747
757924
64832
516799
197298
456649
640931
800477
492561
842909
395445
453374
338235
235801
199180
9728
624644
349082
524197
232397
772133
631160
371313
32736
749599
182231
208349
679842
264271
862007
879196
539917
178570
642438
97075
644722
217205
706294
419648
507029
55748
805321
522472
100278
107181
196647
530620
58955
409288
653842
134567
651784
356293
588241
430263
240193
668010
740105
767269
571718
503912
333578
508450
98861
614041
673765
281665
313838
160888
53819
398427
585639
705788
107921
59650
286880
279314
167296
263654
723273
415191
533929
886910
428127
584911
584901
562580
298477
610661
862746
703055
716495
484031
697833
135933
448722
620348
668996
35389
275096
218733
497118
569575
223095
179566
670395
335961
348257
320192
674566
378782
787966
841700
84321
93085
540565
17397
342487
58492
486762
264003
182926
351118
127745
556296
24856
94368
612353
187816
87720
341020
745267
708746
832737
663096
72586
780525
776522
154430
435484
177769
478686
417241
656494
485092
360097
529049
7951
43597
531852
338563
309787
334264
306537
8344
358015
367350
448122
282591
346204
591473
242708
26162
184452
73857
177513
399650
409026
842574
578467
552264
203798
619970
383756
629065
138046
264970
857706
194949
618064
38633
452584
770589
182947
567769
556144
290462
545422
793503
682997
789774
884488
726025
803596
651058
832590
573479
757210
443001
593828
253284
811272
761673
791443
660127
605396
868996
416464
32522
258274
489686
27004
431966
682863
116638
815976
350521
875526
524567
782225
232309
7915
116386
101033
231974
682548
79889
701526
572752
522232
473650
245652
154307
326687
713238
773173
673748
613498
136125
740489
737049
474732
756224
42905
546944
212837
259611
337036
674156
842703
407893
370477
7342
755105
515469
696068
896188
245617
710083
824192
260624
561158
809120
171542
752032
651660
494690
175523
405045
193793
41256
760781
459882
544620
106775
559688
523747
726605
196423
899061
497511
45839
558349
214117
717276
663994
26885
53531
778206
622438
419707
173807
34811
226890
663670
400270
672750
51697
52227
728351
132086
639246
356377
790145
704690
126726
751438
782704
358107
469612
390582
844742
774558
114795
262130
850974
163572
760508
484701
805075
278304
323383
872878
794919
260869
676966
372906
612544
540642
249716
76170
447341
719818
609317
586181
8647
589764
776095
41306
715090
427196
768422
844220
351875
261604
684742
58361
519323
787882
148105
333897
595409
743863
842472
8656
667981
583682
124606
404976
206129
40527
117048
867534
401842
133607
366217
25470
859236
396692
539226
47726
119669
763993
128351
194925
821007
623565
29892
828374
815297
122642
777542
867389
459991
323158
380318
422548
134821
382245
622168
87610
339587
314121
240066
87041
99186
38751
50112
887674
839197
870071
894940
121439
210747
165992
291034
64733
727088
870445
847530
250940
601203
233152
91895
578029
400299
253682
738364
215151
577778
389444
88022
823645
880123
342949
153301
499512
617872
613352
94828
835596
863860
6304
799079
708001
37800
539804
415132
219457
31657
109241
179451
78497
204694
192968
535839
441613
636847
297886
365862
864213
439609
473361
867741
2254
460862
317590
84661
588134
291825
27028
182514
701512
628047
97220
123937
755656
497185
510920
851561
27339
473502
258757
747227
83094
168845
330654
305604
767698
63561
615342
578145
200313
366237
550882
85873
218784
776814
20625
285382
460320
361752
467576
24341
605730
870576
291702
519758
15975
670313
171265
776453
313585
668915
63492
61358
501330
393085
477142
879528
316015
527067
715031
543984
104080
39331
362825
299318
337479
824881
468873
101004
376282
541098
686312
61915
484622
171101
646731
685424
86002
806213
388123
333108
463270
694188
854090
693305
336423
375978
251747
707536
544216
541931
427692
211543
290669
364430
330427
810479
397399
29705
716498
298156
1895
152874
869336
143782
633473
302841
465622
279469
506687
330553
21931
733561
420126
641229
6860
686815
224681
79671
883387
448511
190401
147163
889122
521658
850374
216195
457004
345538
646756
815452
617409
863177
415100
860957
765852
675483
191502
28327
5547
40264
843072
49992
787203
267257
633710
73658
566205
401316
175470
598088
384912
311867
136030
765969
112716
70398
107308
506501
394608
527089
398434
430732
548521
256552
389421
823206
556872
259166
707112
589421
323199
311941
647818
681110
185847
722168
769736
288727
466129
609069
410152
548674
162647
218086
319971
404880
523902
150150
19766
591417
255867
179200
284998
450271
875967
457419
98317
108234
779088
223091
779909
205742
858917
530441
424720
843848
223869
860186
701506
845128
614653
91677
821707
745865
164581
581701
800229
390715
514637
568918
264054
451970
623521
892245
734882
547959
265814
278360
60177
297516
592904
9885
450232
498189
538833
66231
244743
443042
811144
555906
180847
800401
28244
774008
602509
620128
629164
556636
266807
581528
659788
813555
278241
215685
123382
154738
311596
381242
686786
790387
722381
218449
171043
334561
14518
308304
466424
592563
325571
416359
677292
340630
224738
159510
410923
657474
260064
449548
221825
125998
251308
297130
22768
111328
203851
597189
609453
77661
110583
545002
226680
379838
487892
597341
678487
5059
739121
689882
1262
392162
665559
21276
194524
475160
879570
569499
567029
507072
264440
653328
39384
470593
822266
323605
153868
784481
389351
867015
347068
734840
233559
753133
429707
470207
493499
8755
293110
325127
314431
163727
623397
193222
506616
53860
625390
95117
302960
92612
676902
870485
52843
848785
653124
229047
177205
570108
496084
268538
357002
188527
459125
597703
855105
124198
316720
206681
734358
79383
501301
563505
609330
328306
170484
358309
53370
655652
64916
217752
39569
287126
404339
20133
49515
470258
603419
605845
434895
201541
499997
823600
831495
732096
333869
318800
850375
345721
195546
172913
721944
753678
314152
670852
433248
833545
344172
184323
368432
70591
856707
772223
312586
290547
1551
458100
757260
135160
512880
636383
893533
539859
11547
227622
501139
824702
99545
591445
596831
38793
66782
554153
404662
481308
276867
610149
829372
859575
571011
526434
793135
422746
36144
842308
294733
804864
394959
876711
531587
219110
822134
567224
356404
373962
403456
728096
69762
27727
558699
427323
788028
372380
619695
881671
556451
615428
384282
89560
795579
527808
799916
245672
677067
127736
749421
677868
94960
2402
52134
134817
95652
449281
874947
60677
68743
569038
546850
775715
161287
697332
205720
708326
356018
476053
894657
690830
791573
101962
87713
539585
849103
613192
888732
647768
98487
859550
546863
491706
671814
819259
80521
755143
317699
621292
458665
161738
127754
706499
308277
201970
47736
625875
504020
223642
620277
733240
64617
211395
353054
826868
789676
125379
388109
241619
409126
82135
162728
712688
839498
837748
166275
332880
121771
786395
198483
199724
265085
109483
334641
503245
686924
674961
778950
165904
564691
664730
445241
78569
717690
653257
421650
721699
382767
254307
531594
255813
524223
761031
471346
809009
640593
841916
175740
761798
697984
821027
219305
444069
182739
192588
568848
377872
195483
217380
219400
665998
650216
421899
93554
653708
309736
673444
700358
812701
490877
53253
819705
778946
884570
358990
438440
548965
376122
316215
514755
16799
666141
26818
667321
834650
882559
349296
455259
830800
397559
771888
503056
791090
145065
122417
2389
836485
67112
76920
239566
8070
374700
521037
94286
385102
731435
563248
728671
469169
361944
605385
882318
190625
809973
301405
506998
640335
849429
227868
437255
238641
70483
641240
864531
354623
855113
68336
406421
128504
510350
725706
764798
248865
484846
521663
637949
80045
565607
89967
505962
566361
664382
755126
685104
664494
341916
507927
125077
835273
223465
391476
844615
44247
408323
895936
168164
151546
86523
435979
865638
432393
426124
50973
116169
194323
464793
548894
648090
558020
110945
633233
622142
660416
713058
639937
681725
571404
171431
864436
623561
126604
819887
169116
694319
177351
335836
403788
113368
219494
271700
73256
576284
203900
229336
609941
539492
274592
103327
633551
247418
836149
172366
147129
899919
138218
862518
750895
333865
192605
652586
867256
853511
645659
776859
398136
10099
740067
560722
828897
408995
484456
692937
173097
450155
42677
4294
23734
789090
443274
849397
705782
664015
610149
641409
44236
739441
552924
691663
675748
662088
10855
216248
808
813219
550139
681920
29131
138407
453808
353175
252546
652888
734628
583948
683091
744327
445336
637897
496517
131320
360920
731183
730871
517103
93304
763535
125324
768247
424218
299137
435172
339343
245900
328709
646791
652593
475311
140852
258938
697599
805650
698337
761619
731404
362396
130994
503817
312069
491529
531925
264645
161690
332
533793
787445
70445
374866
681930
245599
531158
408423
387456
866067
511152
14034
618565
279833
76516
476059
194313
391401
278256
572462
8740
744473
242355
616279
733647
407025
216759
245132
54495
545338
669852
129994
32127
731797
875101
592536
616009
575657
341793
84072
444992
59124
531489
737180
748269
848034
387121
854437
425973
473403
140236
544486
458707
3383
436032
173815
716087
595341
636179
341285
208986
46185
287377
17431
333309
724731
361587
877196
710749
833580
555790
312992
363861
857900
59925
8750
302993
889031
875979
343470
767466
346102
860873
259391
515234
458097
30600
655232
281694
145346
811564
182873
671067
641461
267054
681751
690638
508043
490564
562676
424508
895406
756590
294836
490259
199583
760000
425387
191459
310827
53319
876477
296733
302236
263546
854014
687046
515020
829215
309015
34519
426772
156214
124746
310485
713058
508486
29645
527112
129065
552930
180338
785786
858482
862936
615367
861646
548081
607926
210073
13146
213810
896345
545332
398594
125938
350227
575621
221074
578442
660568
421888
225816
23302
190630
654813
533788
267028
535342
656925
95869
231192
742915
287883
788458
619677
97982
422782
90841
552453
716971
15579
370151
224705
799988
762487
84109
73212
676040
576281
486299
343761
872104
549758
703924
809374
835310
791799
291685
389584
233370
469997
384803
674237
847866
84868
841504
770001
747413
514141
322506
597664
41364
121173
181920
520763
261229
461003
359602
382077
664270
519583
352180
116389
79363
424022
103678
630462
82916
596218
227459
874937
223709
536382
109036
457244
145627
858655
420721
304084
297424
298886
785587
13382
712228
560619
724505
800484
304216
396435
650692
692571
314327
201273
472689
212648
584348
495179
239179
341259
628090
783563
18955
774355
782508
506134
362029
200057
602266
802626
409520
82537
857924
588832
850857
278875
18446
456001
590916
344576
284233
408756
675993
529112
13689
65901
46695
619072
484616
235458
736080
294504
391110
234351
381744
4483
375707
713241
221850
714776
540907
630223
876305
639989
769381
599821
35361
829347
637800
470266
159672
590740
401651
613170
528644
509081
61031
557502
118537
366384
816794
227806
352767
387707
317435
255432
233158
5804
358365
596970
601607
368668
631043
163148
422697
429659
292998
779857
479245
564033
711142
531004
249830
29507
576490
238384
221976
846465
444277
409679
505900
447421
525416
213892
388237
46054
738382
585340
213730
164146
791047
852270
583976
865898
181653
148092
51980
762655
33597
581617
216674
453850
868730
421994
718820
717681
202148
875538
310314
16310
329847
675398
798691
233385
564292
530359
546158
361326
754865
140205
322327
64089
433325
769288
554609
810022
251028
762082
842988
320293
133243
826833
555604
632562
15961
313289
279462
709059
790547
258237
90255
614234
486690
245221
803458
595674
741442
69500
3862
34295
602394
32641
225050
770822
641763
683709
834102
867059
533366
699204
891391
191954
591927
51540
400694
323981
285720
810011
27071
237340
412811
687829
644377
558514
292584
119730
391518
64404
296567
893590
335640
24068
153595
782138
794174
829436
259484
599857
223306
38263
258286
711333
309241
118665
662755
174015
666846
583502
686602
721445
567523
220096
135138
769661
714493
89122
606047
154032
27210
392505
54775
59178
559210
599035
485642
82078
53560
774431
542924
890022
469219
622772
632529
446600
740973
531406
608787
827221
721407
792027
566819
648843
489991
158323
179114
14714
368271
158382
822394
892931
616219
720047
45558
109499
734591
229342
203450
790960
588698
158548
33000
568451
556787
753487
598353
76467
421327
525957
45085
732187
249708
517046
104791
630001
558878
893530
395479
84911
111747
167641
142573
641710
581188
829657
267207
246030
71690
130034
291295
349427
228635
622622
343332
341546
186704
39180
413988
285929
431476
334355
231699
566708
98331
275171
2842
464187
879356
313240
864223
569217
427917
281096
811692
160279
377529
600284
412703
600871
472065
431259
873038
50445
10764
668417
845716
763551
884780
732654
36316
103278
448015
632891
733641
127812
358046
107112
887456
413965
369526
759313
655283
403411
46752
51039
437611
414945
469231
388538
61169
835433
895734
262652
284409
339041
148323
176257
254411
855879
642588
217723
741967
774758
875701
361185
262613
736721
60971
128935
530878
3724
822527
153865
733834
706186
753874
636610
659103
462352
110266
706489
196210
892792
531358
33978
433782
246963
366292
854563
607678
560838
673332
558709
399696
780661
585625
796042
89481
639453
480916
173766
197511
544154
404204
60709
358870
806089
318070
717620
665146
864008
553292
776092
355222
659994
305933
95353
11479
124198
274578
150538
399073
811839
235464
201473
81172
412671
157263
370969
169337
233580
231598
7879
356943
520732
613680
164392
410028
686677
455583
669178
660018
263789
231259
63720
307473
465776
179607
693725
36626
887168
71249
431130
822343
70711
600460
518722
157645
674408
140428
481298
286363
521443
351693
812078
643786
673559
775712
119351
375008
55217
129602
264088
99642
112387
331707
344160
795862
739200
534736
527178
768890
116612
654118
721367
182437
97841
708468
576030
618672
628756
404739
569562
398689
609637
873285
311681
131308
643085
595951
563828
46981
62306
537460
785106
369958
440270
627615
8232
623801
285454
146284
426307
576004
35670
295076
427430
269167
424018
820
840247
756594
182855
661833
680115
750239
114839
491625
326498
784585
723555
398929
556741
617200
430572
16679
434156
289386
157458
886491
516228
738480
608093
297407
568013
629698
323194
371840
790058
666168
318621
705823
592274
476838
21765
87665
410371
597034
636029
465455
36726
196630
247742
512603
228365
493940
197810
136848
765865
553307
854643
532228
698745
828429
581170
327325
367308
610250
756308
211500
784328
20629
279638
368715
849523
723040
261554
84847
580334
6134
580218
858890
99649
251205
179392
51968
419377
500295
671096
244931
452654
249803
396533
221677
315914
364645
600496
622489
566948
72142
471848
760671
84354
381017
785443
851242
741789
777044
269298
848856
649686
897975
838226
742797
16839
505100
222511
814644
668308
596411
629923
830996
388607
453904
167484
104810
798619
506955
433852
74633
637785
383748
191642
800139
241662
181113
484742
60946
715062
157366
886153
154143
255073
528640
66794
303150
701227
276958
285517
361068
5594
517060
103831
810902
812320
793085
874764
668784
533648
553940
19513
333055
29774
313663
711950
416932
412127
841097
397347
862645
486848
343483
429915
176825
807506
17414
633318
545343
147506
524751
731424
421116
492263
431767
250007
49535
581109
287494
387754
830995
810702
427284
96428
421904
29928
521876
629704
473726
861994
863997
205951
123400
480384
780341
488076
190105
744558
312380
419753
238197
498624
762515
97355
570870
818048
287560
858215
531810
666081
265215
269368
248741
598872
694014
529881
118993
323755
232181
380076
817422
38817
116488
56829
821439
228601
443290
508609
478035
679159
517656
689144
668388
868441
14783
34673
517584
409544
305099
319213
257874
65865
752253
508827
112477
101331
877895
288931
334196
663643
444023
508958
303304
257963
688703
249666
353966
718609
66877
508284
389308
717651
778796
125782
203745
74945
595813
853048
87486
148739
344851
671434
771621
839313
717426
330295
537420
821249
708707
352046
529262
4251
623695
625954
623774
382953
105685
574674
212713
878890
181234
49794
74791
872549
142412
772584
266973
847867
690043
330403
390963
185237
8404
543876
193261
658749
163060
368273
791592
109704
624197
646271
775571
764976
51312
775933
336327
657856
415967
867760
420004
854185
167053
521944
299689
446450
41261
560337
281775
714156
326516
99765
723299
722371
707940
711839
805343
280304
566806
871691
518436
853739
311810
730937
833174
492126
349038
38257
545140
833525
882737
480288
219986
386610
130723
864736
121205
761597
890019
832278
700458
705016
654532
714580
871715
84432
223669
416159
573647
20335
554796
123819
132341
848303
270382
102338
833197
13577
881437
181059
216507
525739
419422
368775
295785
508360
616294
70495
760959
393290
686401
42298
132866
593635
727743
690915
181862
823200
260252
791526
37873
747038
893226
821683
806862
175639
177020
88219
487179
876789
67889
892247
698832
505575
727868
248233
23579
300401
721260
895290
206428
447069
473917
186850
827882
819888
775002
364614
692257
820056
693068
313019
691929
345441
107492
73192
286788
135847
357601
297834
110467
379301
303615
463666
107269
717900
762684
249097
605438
582863
14568
777203
788896
141627
528200
39409
136120
762084
112359
454272
811815
296571
513466
115232
442811
348540
841774
288367
160202
364771
480689
30995
590795
851774
541817
253878
847537
215742
332789
652267
769892
704135
427630
101392
79741
802791
286745
385932
559774
430275
139932
59287
369100
37037
178330
513273
482987
507218
275101
820970
185204
39535
351295
438905
691029
878788
166197
287753
704357
310209
596409
413269
402210
294365
227442
686451
541225
561349
451266
164758
718258
872017
450988
812782
99013
868530
444159
132843
388540
742664
528804
751423
78519
871408
82784
47777
309686
792315
193766
267373
836375
596025
591388
482760
760652
270484
415528
101218
130200
78298
586296
505620
380870
234290
822123
402313
255909
652911
889118
203801
277988
455810
450583
272945
226054
100777
464840
746798
342914
86598
866144
301511
684763
514635
893556
496043
169590
183633
90757
104767
358205
877704
104878
7690
19023
468681
732013
345452
445921
887303
634059
599304
69814
217380
567946
869923
771702
432287
344170
691717
822478
734634
171159
850204
620995
92922
694035
258911
49556
489177
888924
431312
118956
119573
401433
365787
507265
545563
365030
767739
783820
16510
718809
222076
527717
751441
238385
563035
675258
784661
186811
707369
322507
666315
54816
316814
110214
548427
120974
273579
542394
175469
302560
481944
106810
647621
137133
870220
127504
395180
672363
17274
605563
519321
346621
418008
775654
595790
601632
64827
652358
86351
498446
34751
738480
558861
378029
708035
746453
741249
145624
489873
571452
446036
210215
279514
684378
146234
525277
136544
136496
170304
270830
265325
870784
257691
331051
387841
615053
390431
461356
736649
265295
514801
397400
113514
420496
390804
81972
225022
785222
274207
783782
712853
598765
578736
204196
644828
210304
303162
149054
125307
456660
439578
315557
612760
19090
132520
243702
691578
211822
44776
19879
103208
612200
214239
611053
325359
882559
77443
330888
369634
449837
888748
83468
657724
880803
172935
874956
354209
881601
565033
113892
395490
895570
569727
559395
327776
3714
836900
251827
236519
754717
880109
556807
621308
434406
462750
472097
789202
758608
398783
861629
1941
451453
694633
471485
155497
557680
355419
746769
534733
301553
700489
468674
760505
337821
551027
769852
493223
107910
532308
153014
123438
245134
419953
448095
204328
354876
728561
592935
800886
172921
578124
549031
543642
148266
426204
837166
324193
89994
72432
470057
557187
880418
137920
704941
310595
649224
780826
616420
234290
791538
753083
483378
809072
680277
737465
525251
668178
702111
493853
587092
390079
708204
171374
723290
183700
303945
334312
893234
892680
678179
695180
79462
266697
461707
208913
481561
859813
453384
392216
415408
21189
553081
737629
675676
77716
782214
367081
625928
716637
265121
436964
585115
305362
49695
119592
19531
862601
399693
21170
755615
604513
331376
291313
159518
262018
530301
737376
639961
104674
506130
553328
94226
305028
854575
386014
170792
361819
602068
107781
335584
297229
82937
712940
832081
385683
498020
848736
601388
344348
