2105
216366
508974
778253
299806
402894
317686
649307
525749
756383
28482
57966
584482
716701
805697
483374
139935
254348
683914
101356
610180
81474
861446
851903
587345
888818
853995
869272
674501
692726
406146
825668
465740
43160
68522
671423
130614
498973
307926
313775
102466
53966
87217
670756
874393
9189
22370
775657
655511
35825
752682
505223
293891
759269
531370
195991
267424
749571
343458
765474
843805
396064
284660
881623
345191
781044
275335
202311
96926
813505
793416
632961
236132
646718
833418
704101
795762
555231
274606
897255
687429
216962
42558
174274
74165
309560
220403
554807
700999
140109
10358
459489
864344
353143
82723
703829
504921
333303
469194
502875
105499
647183
723952
572771
659200
651009
420370
856807
771313
596351
467113
288444
889869
289940
190057
269427
567230
771117
10627
456754
443464
456966
642891
195242
639483
769293
170515
675252
462248
875957
328694
222733
374801
597274
108114
830124
832824
629835
139244
393276
818745
120537
546071
305210
535924
831546
213455
18797
316706
49882
522592
716252
209577
750847
221828
647920
108682
751416
258281
754024
332664
78754
201488
365363
749987
175446
218578
162222
5266
20401
170845
416345
269167
406145
216700
670936
782077
596297
491285
469603
589764
338770
141260
224778
894701
593295
114661
468457
483081
451627
881511
177412
458539
165937
113659
136767
813814
206839
145236
20413
233329
898887
468296
377043
233272
126219
711388
742631
247532
574965
136159
874410
242026
671401
362573
704816
362712
349544
296755
52200
516092
138458
183698
336796
605351
511446
179932
175495
708270
717617
664988
115981
668410
789633
241426
379452
231925
614796
693596
337341
344549
54674
844112
711383
198678
420756
425701
564768
136719
615775
69010
857249
343910
339321
395086
379941
714415
244967
509367
876893
92399
569176
126638
741459
456528
891378
772095
71561
378285
577271
843134
873102
56333
209811
224813
136988
286092
348101
547674
731249
789141
213511
506309
210503
444684
145116
127231
420754
72199
237686
460943
333302
805181
282721
352462
21987
437559
898863
49458
296622
571491
799232
630055
21005
633223
865581
252569
127438
48850
511314
198415
64084
787438
882998
347761
416207
883954
898680
27082
239864
87092
384439
827336
868486
380955
226846
369344
725967
671027
345259
385231
32383
490938
162875
735323
318990
552791
586707
551033
697857
666314
474413
688839
68831
219070
780893
356089
501262
847931
132799
483345
276330
417337
514624
72359
138945
508271
259013
344008
452942
213929
501595
732539
172591
305911
510940
192799
182277
732834
26203
16944
128425
34489
729324
203144
92005
708586
746131
115042
379382
724685
541127
741433
97596
4538
283139
592815
792987
586555
484745
611339
129809
427003
280659
833818
147316
198366
222007
747189
193767
406378
331990
524739
786489
687683
747778
427797
726395
628405
668202
763247
168380
495178
680419
285159
271267
709275
491988
117670
300455
9859
185182
274091
404398
278320
252614
725135
820129
453906
715073
596835
185416
633238
62651
488437
237415
212492
798275
371890
419220
818083
125495
102565
644532
484791
140263
830781
18898
217697
839081
749869
387387
303149
60472
712045
294553
762729
728617
265790
36681
198617
263597
19755
839835
608167
493724
802507
567750
487127
142244
820674
541317
384697
407821
320871
399122
810232
509544
185921
155261
652111
81332
612778
826858
729051
45292
897142
101860
816748
170608
742572
37569
451253
257071
88307
228148
705571
35022
492840
715369
814954
711607
543979
771745
606042
176289
176762
13834
737872
214168
618933
805849
236201
159561
502785
549223
234578
754669
401704
699142
47420
121935
533885
887998
210603
823003
877789
686312
435277
554852
644817
126406
863239
467442
290640
96252
567786
607367
447745
174800
882757
745869
196927
348218
560468
472285
848405
626791
151958
167342
659816
113392
29565
82393
613940
37138
752543
378181
67439
811338
853097
262419
657833
404687
848946
152616
170517
888459
421677
406994
56705
569015
691993
649689
665057
811443
606067
423876
677451
94239
619307
175909
107323
149784
676756
516674
516822
79826
764148
656705
202667
245038
500699
651855
746101
287961
227857
498477
386046
186658
857576
161719
145502
23189
465041
2546
429057
183064
801578
241746
286918
759809
642837
107205
258627
263954
266211
76416
624262
462418
105743
220132
296855
628617
447432
884299
345785
380152
432614
185269
540687
2387
149374
454218
41307
586588
207440
479403
709857
759677
787230
84250
206475
519554
126071
822050
827526
471568
206609
55653
145993
592870
291764
540608
845333
193839
77811
15261
570296
246880
212214
894964
791244
344756
245555
21502
541148
527394
257916
567129
337927
135831
744753
348433
264669
560470
558838
723601
635782
840777
441567
841637
774754
876738
664967
335307
64459
75986
368384
578262
122871
683365
587717
99583
446265
456409
302828
591976
785415
838457
465271
411246
203350
120218
787529
288619
181441
103153
222326
461412
82089
456526
726867
700950
550230
108346
142284
506552
6396
496104
757428
779181
155417
794651
776695
172744
459258
283476
897100
546940
84157
71030
51238
10367
490897
675705
463530
598363
514298
847814
570266
822097
880529
649525
579824
542730
513992
855169
870374
765947
800875
815973
134834
646868
617346
248214
50256
526021
815155
591772
575639
597421
866948
165325
794189
30945
725566
401128
734902
388790
128909
592523
511720
105003
263204
748018
435098
886389
757021
628205
249050
82440
439966
660476
46846
729055
338103
106185
291507
62857
31720
262242
155761
316272
365408
337970
182448
847687
535808
204220
857779
13935
92542
740339
49858
800838
432229
626904
405365
202669
90937
714736
686412
745204
418744
830945
468157
742660
195900
395370
253893
8232
334077
289276
495519
803833
790356
102777
866450
791717
758043
99944
251300
805051
722735
195025
758829
582358
859543
363323
750310
277412
746399
797088
418080
803281
842877
618601
70609
187605
852852
526059
588266
876022
313367
187198
663748
323323
205157
248406
786168
138863
360754
498080
666861
624878
77063
425531
232972
821903
372576
473232
328464
368814
244275
664591
509082
501813
870097
727207
46688
547750
247396
614050
800645
524680
207576
283259
47524
589931
260982
412861
162790
140281
177163
487289
599411
459804
332712
141059
537637
719110
632995
719850
397624
398081
77626
164370
370781
360435
67639
859344
625838
204397
514735
231329
782492
519792
882853
437063
440740
693149
446508
851361
112832
425912
71945
420998
548025
197400
36087
298430
585178
584398
521443
88637
161632
153679
248216
594397
209518
752031
476533
713783
580157
689724
201050
632925
551537
84964
555234
628247
871974
291044
430346
801048
712041
115679
802064
683420
832995
82103
896951
101792
796208
505594
182662
232254
680206
747244
650320
149828
257585
387181
718894
564720
724819
149031
740328
625002
567017
872151
576372
105182
429840
337781
219797
202580
16326
840001
777060
842926
131382
881420
683404
89341
435083
50208
854575
14753
628901
661069
574470
82683
134026
548018
397606
815632
487731
779396
319294
660060
171815
427869
879805
285584
294918
64836
228688
89643
214235
198868
129801
867312
634485
268652
12347
608617
679695
383539
81666
13176
820234
869254
56608
478326
658844
398848
557249
653226
43106
526181
559680
489735
125361
205898
389346
232610
667274
264644
626944
747919
734572
64811
104931
193719
674724
181547
473480
178808
783743
242568
190307
296377
742240
532203
581759
277992
524076
726061
184579
176019
14275
703134
755889
544703
814377
643154
755304
801096
667874
442410
201129
194805
138397
71611
506838
576791
107143
79228
197846
61758
622368
521905
699318
730424
7243
195599
851370
187303
440286
471148
239440
806654
503930
443300
493525
241368
201556
169482
485521
542932
21106
72233
713070
810353
517105
1622
398022
324194
25731
546133
747338
432559
181206
266468
747199
463112
1711
899207
235970
830822
88982
729489
523340
95199
99275
555
874257
393637
239510
160485
504259
198941
91068
419510
200275
172599
687469
273298
624279
577678
770843
204903
126727
560734
426917
145395
379746
898589
880913
555558
660686
5176
563032
705776
813052
755243
66234
634791
56137
289852
653459
156982
440480
582580
84518
2245
794557
696955
12885
841793
590285
783375
718611
631017
653138
491009
157616
179860
592707
818380
313716
722114
39599
832946
218663
235197
797282
25557
669516
182315
565664
89263
372846
429395
693038
50159
142163
184042
480560
656081
670637
585305
796589
703864
812399
223533
164398
769258
681949
619418
120358
643464
570300
576012
195788
31465
578984
665036
363907
380914
1860
238828
376250
834612
731692
543343
625263
181121
58247
658840
105199
862316
159833
755437
674169
388669
143540
263111
617536
47918
10766
755897
440751
77350
614733
716891
679271
144015
165439
581906
804739
401173
449831
633277
823837
366013
117873
833695
401865
642943
10503
547204
479839
392226
610076
646001
798646
219219
706821
491565
193452
154817
715816
69478
577826
453721
769388
703105
436036
691609
766320
281154
887206
207762
441752
94164
339850
434591
542081
130773
691711
633404
100150
602593
564195
857349
127035
173018
820296
795885
337959
327729
657141
228888
228078
95955
223971
548725
484220
785203
611464
185275
64030
871216
163697
140190
28411
155779
688615
402958
4768
245959
194676
558413
416728
480132
792032
469899
855098
93274
37236
199488
476764
257703
525983
79045
390534
24310
488374
885263
32609
407396
617398
375273
801295
881776
393094
332652
662260
709726
320216
827198
131825
493095
265198
868965
833105
862529
382361
883590
897053
699495
402652
492991
228650
8581
375343
813724
748690
717346
51360
414490
440992
300617
670099
326230
655173
274166
887402
750801
578567
596378
562400
574755
277433
267403
180016
400952
488838
752268
839603
416843
314375
205012
77093
1438
102772
831133
419529
377235
546487
411691
895459
789322
61404
798294
773603
682040
450020
573814
385026
141184
722233
537835
895236
307473
261052
178438
569917
874107
38298
19064
655601
616526
151837
103157
27380
295602
713919
233283
581008
589469
827257
808165
422340
251636
114297
478303
375849
771138
780146
537637
781840
359086
163981
330948
346567
169723
602398
440557
824603
679329
489041
295354
302488
418532
660963
316158
39755
837518
110093
137005
265800
825134
87227
257860
199303
574988
323323
405623
750090
585191
583985
794422
58105
210925
723848
516443
570222
472503
128930
748242
98029
770431
284816
577989
60107
885374
794973
438883
181552
815270
316676
55181
145366
579993
37859
854941
275281
522917
67559
704947
869193
851004
348103
483677
877634
138580
769580
318785
414205
182615
312141
547307
554167
764392
531642
198094
34287
73331
522703
484665
238725
486831
304392
740951
713854
543924
484243
92450
540868
311827
529472
766694
86986
170166
879061
20302
868333
603796
775167
835117
502455
291473
739875
352586
44061
762384
766643
726057
440487
256470
228476
127858
122032
147741
790203
706081
278883
442737
230576
841193
676101
522154
158443
699333
528850
255687
70530
357725
187584
179939
232260
309393
206592
7223
123112
363397
41539
328364
337247
111977
665720
485883
796361
315780
300019
826083
463907
30044
400650
806949
601693
407973
758617
83296
130026
533348
423941
554628
538257
109566
40062
194773
292800
370050
382173
275550
285952
627375
812109
6671
474083
663139
228550
502037
67802
824546
731476
132117
845763
387199
28086
254596
508032
533258
543202
888582
755363
400438
228422
131233
535813
535174
229450
729629
695350
773011
713169
270970
871822
198300
434847
793422
756002
5995
46292
615034
679859
288064
724693
551559
769824
664668
683340
237474
426651
653740
783494
265778
749849
619088
275866
719698
301731
869223
493418
887855
873578
106329
833538
755167
820311
646081
395837
368924
370688
217876
722310
609052
211415
669042
581724
313646
188
414664
845199
717779
458387
718784
126951
563159
323024
620774
314885
21099
38351
196951
725312
634112
15744
300168
326193
469345
356447
607888
801899
680109
298210
361459
554977
309040
893643
284908
234860
533662
238365
132119
544356
440875
686604
688120
351979
207466
74893
797003
745001
171839
658541
557097
793586
121187
720797
249363
468260
377268
101546
175103
660205
751286
808395
219772
215785
91723
812083
295875
233512
79306
696263
283100
410446
654814
824650
268970
209141
893790
29811
423476
821517
805316
309408
725073
649827
504013
741956
839439
648063
858668
214747
25184
199
195851
299391
786786
283713
609791
738387
878730
308854
97062
143932
423948
130930
9632
803280
148873
575592
663687
545990
703189
505779
232269
716717
538307
34519
273904
257721
738032
881221
55229
88824
700041
510461
472670
62626
407610
216046
640289
888271
146420
288857
427815
241186
587546
592564
521636
710307
118889
475242
331578
726091
370305
539167
783533
871704
87348
753169
865539
14016
387881
484027
132346
274787
249453
881395
727077
341785
337784
640851
48069
541834
104311
454613
784352
442076
247740
536599
364640
602919
827102
664957
801258
188965
829325
658710
357017
56837
30902
282871
396728
195646
114287
460388
775225
879009
371937
750285
523700
120071
508783
451317
308030
839145
784935
750829
747045
1487
96163
580223
844422
341408
36956
304743
796108
791544
505965
138300
539654
312087
292991
653004
301059
383350
237910
476869
704524
723733
351479
650288
218622
195824
423316
841879
473250
391024
352118
652071
543435
618109
580870
266193
367436
760977
615896
839243
277523
513768
366036
155188
200870
658388
636866
536244
93336
323821
180017
73313
638920
410917
726309
410846
354199
357497
407771
44318
36484
512259
85497
834118
793157
250604
661143
866129
541796
197664
198020
617933
529876
689882
613335
863842
197518
327006
417267
897363
591404
319909
744149
825085
546401
100403
69885
196636
891316
14276
165527
238349
188503
820965
432517
184718
734888
568256
22219
773634
821571
786927
7862
641104
200993
588305
120937
462379
813842
297050
878630
5165
41843
717444
555638
539004
226123
542372
854869
165230
551720
838647
849053
662185
584273
44028
224461
82979
440647
405627
669717
271208
468893
865410
360065
626298
421745
607057
541504
666355
663846
171595
331632
265734
314623
8461
742951
622915
793466
289531
643776
545049
644967
117430
183808
866773
156900
688682
710917
123817
424694
422787
471402
686984
508422
829023
418297
255246
668566
479390
403822
444317
28702
561943
206499
735170
119879
485765
846077
68821
13890
14526
231794
415679
256390
682051
863766
49878
324965
836531
890977
839972
739786
865755
311358
221478
232338
577832
13714
202896
419556
631453
84583
55054
423853
328736
404789
490117
846460
479310
79308
224119
323639
872495
298048
110374
252376
245412
278609
