6491
697570
876507
637830
4366
755315
320572
436264
115185
569352
465102
353672
601154
436713
122735
809649
261441
262734
626911
299335
97332
749720
408688
883176
641343
198778
405194
406382
792546
20340
880601
313938
665742
576736
30100
260682
101317
4645
103626
81235
815053
822569
672970
819978
263633
188740
719439
404915
573013
235215
191366
217885
186195
580955
471134
428797
197335
784575
346699
615894
453363
451049
98295
492091
431552
281461
632294
171403
604370
543739
756932
869019
476374
810851
25613
331089
362026
209267
468440
107084
200729
687433
824513
290369
411602
893381
520530
154689
599237
432222
192269
146038
256793
454676
377720
153452
662124
250597
807046
172748
508840
560089
117054
802947
22495
886136
186698
765314
705635
594716
828287
247903
833987
123905
470627
712312
224486
413304
453504
33592
726333
761307
185699
222225
126921
87771
287633
656905
370633
512469
139399
430322
778429
390083
422445
646769
532796
378030
282390
237345
411662
149313
533238
348880
99271
277849
442497
13286
579681
146393
141148
24645
878068
540315
630146
295180
531157
828544
319733
232950
407016
494503
798687
298656
113699
164668
257347
720072
41409
727240
136901
457809
308704
229991
141651
633698
572408
602775
493679
689774
449560
410540
864410
480686
485982
3392
519550
121547
817522
639272
291704
334840
639392
215874
437120
196315
671792
713930
105014
756684
874244
337483
375179
297430
185101
30930
105545
57307
491946
332447
684224
127157
116415
29365
882542
498870
869454
454609
540810
494224
107956
444919
244238
435793
636418
268487
850878
606439
188630
635919
306777
60961
64246
800250
836443
841014
402601
636998
105068
101054
438738
720243
432649
530622
716233
762775
58189
663361
771416
750575
106779
840994
853007
345904
457515
321031
396228
146396
881998
860903
790730
455215
365024
894347
204973
254393
334730
580626
238536
536966
338736
584495
87715
8537
28669
147085
493932
628983
248233
780403
537872
435968
141765
13123
709847
298040
441539
538460
223481
345315
37476
366271
3841
747632
133791
857934
264156
483980
464875
716848
7774
450903
60330
155826
774929
862996
315826
481576
830107
416409
36824
58288
646571
593895
797851
369303
832607
761203
813227
882549
652982
528803
876212
429716
605901
70996
385963
623534
53816
836504
373747
97332
100606
453821
687916
37355
502193
887848
649338
17200
691817
70689
617805
526877
759357
361736
841970
418755
686045
427749
798293
134967
474254
82781
784241
259433
124003
278433
537270
75215
378612
144768
538550
263425
12990
846204
110476
247710
491575
755130
758441
266060
707724
67795
599196
720252
343801
181960
806493
743307
669635
741682
85303
620164
15254
283895
601456
283268
410263
754073
477718
3126
453317
350888
732391
468700
529200
386200
483005
858959
493845
647597
402196
689149
167254
698738
658970
447986
782035
216521
192338
760402
766887
26493
406404
35970
579873
672564
147300
123590
294396
533152
627102
287653
751358
154100
529627
21897
644010
654228
835571
19778
414082
648325
460591
296266
358588
124035
492057
496835
634399
179890
821123
434269
705083
472940
502928
50067
709987
659992
340099
457685
131560
40764
467138
537761
673427
324201
843750
816234
839166
726421
889090
509755
89327
515046
270062
818677
432562
72458
104879
171987
490290
153892
388900
509775
138356
68193
864847
518653
468593
887048
442398
518037
728782
835119
342966
485070
727033
691626
510715
270566
199393
616959
464926
459742
401650
95509
77956
823426
338092
640363
119342
715910
304640
833765
185290
76204
759431
733984
242518
423811
182078
84391
518188
378121
897473
469470
861390
132112
111651
850332
519279
720415
699047
827350
221340
556175
10559
864053
725062
253238
867166
55433
124364
768641
607132
45336
481481
606553
501990
191663
697687
465768
883454
851769
83423
510806
853718
638413
325791
409164
865765
155553
84886
471801
493700
597309
600111
540370
118920
899211
179783
658996
620412
390058
202268
740262
215290
771393
99989
43098
53478
832464
73960
653746
616614
620322
817484
815903
540866
646624
547644
614180
533972
450719
307043
321305
284268
864473
530826
679212
525539
296985
465788
621345
651418
720880
690131
522938
332879
651076
753281
872946
642170
53064
728540
324644
143434
135943
737126
520329
721911
143738
396600
881437
730564
240185
235659
655267
402419
191118
163587
128927
445828
777989
410489
134049
360556
674464
177635
547842
337710
773990
180514
819046
885624
276219
745063
89250
75421
641995
176642
247415
523114
598016
29065
198684
372231
172884
102626
284410
482989
67008
10318
186608
833598
179314
503345
9175
438629
231709
258114
283520
205707
343562
120427
451994
778803
185741
276893
555343
877395
248498
568884
626126
698351
87094
118850
834755
892788
788147
582491
153826
28749
228307
263549
353059
691077
605669
105817
344040
241787
687564
17986
811866
506139
337013
298705
135536
494526
350337
104211
800337
93824
600673
528720
118481
246586
725632
400920
152184
857820
625274
281899
624864
307465
3562
689221
330557
741678
748896
240325
309975
730720
236786
377497
261874
200401
569161
218792
894767
107247
359901
188859
131499
379897
70427
706537
103237
864543
430178
584509
279325
112309
326093
874470
346840
275891
643050
549787
252064
294764
652297
363561
268264
228553
447697
220794
604654
510082
583660
48931
730585
10904
765123
259339
264897
709970
492484
293235
428717
587090
84447
328391
898296
444530
68560
102815
651597
239841
489655
881202
127122
656820
41444
384216
309793
390187
643757
410009
587984
77889
415362
647256
675090
794703
233335
875318
661111
401438
359936
77028
840142
662822
358172
36456
494315
817512
42408
569387
821540
170117
467701
603998
784597
165433
748851
850598
305507
573976
473132
405035
303198
239363
365645
799448
662431
129318
689439
158768
141297
736113
580788
39150
621388
299121
530141
297206
373692
649482
325016
114590
513216
270868
47911
619059
766702
771568
757980
848073
44117
792165
473488
234594
285946
560410
712403
878106
453156
811026
138461
151789
847443
162432
859331
363014
615018
560645
277382
761796
253901
676333
597445
34667
672614
891234
244786
837477
370818
175467
588258
115443
728
347302
821022
807604
402122
467389
118519
114672
210500
767207
275094
175649
797441
113406
56753
686047
191340
888248
621370
365991
242436
434148
77042
434023
785881
336579
857402
46056
407987
281921
650378
356696
874483
861870
607418
639348
69553
457470
191357
42127
395587
666937
540270
883809
818943
219871
258339
630382
657367
418492
54846
339729
373284
336324
492099
502853
774590
855723
577219
406897
825575
289027
728150
537102
157127
764979
637512
670774
777426
421681
222506
817546
247270
545788
15657
130623
727089
790424
670844
41639
118575
441830
876598
209656
777456
788991
420252
161915
293720
596942
172017
308978
430241
696327
477804
123719
154235
850248
518411
668014
877971
646346
380417
31766
499121
619363
814251
35921
713723
504892
626464
359389
13271
45034
325094
209390
813038
751980
621761
81658
121356
438079
751303
519233
242372
631969
86543
495799
437361
410880
189448
198672
190327
576254
232358
284455
13767
90916
743479
799850
267905
454368
433331
526533
316116
343228
83602
513577
231169
203484
485591
703097
720286
134484
627978
505745
185430
30052
168676
465012
681549
113233
390755
104688
162209
758112
319262
326160
736141
167826
629810
858878
718599
798551
699898
664946
365193
892400
436989
894140
599661
417573
552129
533034
673073
444832
343230
840310
684730
379844
335470
430960
784724
576493
121728
451971
92823
745733
210827
616710
116902
404864
832224
346785
828785
400469
71256
771802
205403
127994
598124
589627
244310
694459
334244
222786
639977
854646
804039
189477
257747
488694
518929
583007
405130
196521
843779
294844
195324
499968
346227
403421
269239
303492
486372
829512
428100
778511
773937
2287
208237
751278
136899
42043
602559
103601
164034
374100
639403
661355
667560
539664
44679
235053
320241
851863
280658
188378
432719
113487
573364
303206
836826
195528
179491
892656
652068
873925
864194
854073
789002
685573
224228
556255
278854
481358
423790
199707
221569
692086
485787
9875
254471
356045
794041
653437
128499
223818
768112
40306
28265
120912
151651
799434
140034
258428
3983
578201
856866
279758
474384
683813
615365
745426
277187
804355
739128
710218
649254
613198
722021
483577
666364
418659
376486
642799
843245
456667
264090
755692
93289
855590
569653
490099
771533
250752
595185
191565
330366
475667
463107
376278
459667
300105
197897
523240
874767
708844
360607
170913
758763
531805
17488
669812
389842
43693
576490
506314
285030
673690
825066
152434
724769
403977
90006
883372
524246
501213
163242
638702
630837
495346
212810
696593
629965
356217
860215
518299
779051
697840
801853
363497
209601
193116
93704
509945
761379
363782
131894
450578
163466
344815
60072
829072
74875
708145
98706
603824
830946
26292
510290
598196
277975
76138
412381
569523
800803
579688
185909
532352
107932
870689
214775
742389
509484
64480
144944
422525
609328
654721
19664
93755
321212
61453
875062
730
40700
96337
624395
832625
729589
169562
896747
653074
385161
638959
27870
772752
328506
512202
737158
447755
331110
634836
521136
749658
534576
117500
160172
501459
389247
368404
213754
498713
292704
581513
84826
107939
119463
135325
725862
686501
723059
850530
561308
64638
109615
88948
520050
768957
513172
275892
440014
295472
513228
234173
513390
595978
79665
242725
791169
64528
874260
582578
476921
442977
334138
623894
365592
19072
551361
127656
116391
510143
134144
710624
641414
518570
163660
88175
877469
817676
891127
424249
239793
52866
184338
590576
566931
874491
567859
6094
360818
725320
671730
524718
566704
86278
581134
204040
599602
37252
485805
229480
688689
327155
107296
210217
523054
887402
223204
291603
300003
108531
342309
521357
539476
133238
26685
389761
898692
671391
763515
529228
522563
303374
624414
597374
503077
441052
175904
699540
840910
347909
22320
777935
802346
671222
598999
100272
27097
592659
426204
288147
33223
566405
207268
71141
340922
223391
252337
145732
867972
766028
591851
247954
227321
137623
841692
895860
417562
360663
507636
138541
471248
189044
894957
820882
271860
626746
147625
877738
524938
868889
284696
623236
504206
628918
100854
58581
803687
341874
480785
873068
489017
703829
778152
289012
37783
621687
513390
743782
547668
695979
385902
518215
9818
278504
796777
892677
251796
300661
682843
880970
23398
227376
221403
789979
706268
346811
151873
791888
873952
767267
760226
359823
55013
727919
546486
563367
421249
660705
651803
669958
729143
653324
831058
298871
215058
731251
580551
743228
406158
336409
714511
203492
197167
150667
352618
487370
503381
371078
606727
754762
94568
734310
803271
395423
739245
136396
850585
643102
322555
797195
720069
421417
348007
86191
228484
226225
89371
266346
515884
392971
854757
60988
844778
380493
588619
694335
179304
296166
97981
499501
491726
277847
538051
814542
115396
464594
440373
227233
535318
669389
77162
462214
135920
317795
426887
706566
481577
127432
24889
636640
359036
326662
858526
754033
108720
160952
673406
146591
24474
472739
554935
106146
106681
3916
620693
170448
774303
532762
588513
654371
626543
513225
228240
842729
212737
505320
687485
462727
450595
871760
754097
166410
891738
262145
461693
517261
54534
385210
375178
647968
595139
626005
819720
117691
693515
803069
388675
572095
365529
344652
115572
371429
2505
432646
80148
74277
343260
223276
694507
85701
119191
570429
806886
277116
523658
657935
107494
20674
405102
197222
346101
434262
439592
379631
292756
719883
170762
134492
67056
807408
336281
216253
429779
253915
197385
66358
654007
851729
335076
684514
495861
855028
63145
190148
572476
472042
583985
681318
761693
59814
555342
582385
67554
474133
298444
351911
283487
527175
339289
240000
117249
53047
841985
789023
525538
639865
729777
158448
450751
47103
525245
266560
175137
113065
866910
475001
535063
407175
821939
611481
440453
675307
352808
36270
9078
597264
349108
500784
618732
251681
692284
435066
606424
638919
23637
677478
648421
318163
485351
150309
263439
896420
261164
138776
867633
749526
605880
329199
379740
257448
749235
723291
15203
768999
497730
509873
329523
662460
576739
857597
698080
217070
892695
248000
683515
224246
645178
529960
324416
251646
655245
554603
315275
642676
460565
610816
857866
287409
878364
91834
392270
383680
107830
420577
587259
811309
342654
504015
287391
340204
275102
338596
36255
404483
256814
471078
736333
634549
398131
148184
882678
145996
312297
714678
377720
747842
539643
4554
885904
386316
835983
76270
507121
760292
10431
799103
406737
748945
544226
889307
536765
796789
653769
665271
468877
77971
505316
281822
637043
291963
262501
470922
438764
338963
344893
27768
732537
513827
551139
761772
138951
845277
161875
695872
769482
540200
44659
864714
126632
752904
665520
324329
39986
241963
442535
576907
581678
758322
267615
503295
668751
439162
804116
814577
5958
784422
92175
37320
399474
150443
725136
326264
49874
228631
302062
825444
429180
80479
278901
740916
735782
432228
395918
50318
178497
83809
671356
551988
866629
425460
575682
421946
507751
209446
77283
265315
601672
773113
871457
821783
687751
39757
170759
228995
182871
687631
873538
847117
730347
866846
215466
100817
94285
239003
639774
335005
47726
176076
878317
207334
850583
571117
772817
577189
237822
321269
729302
440658
661813
415520
825241
470779
864125
698398
829643
429441
273240
86871
709173
897359
200283
404569
865557
574039
294978
606400
688038
140139
750141
5440
893118
53269
587304
294546
430128
490292
801945
453497
646770
53587
188594
245072
825850
223144
128407
297873
188417
410918
507129
381156
232169
636799
101361
140899
151419
825145
63848
892423
742313
158283
139635
356752
850482
593813
87420
317685
530788
250522
667835
745126
150907
347995
602532
448891
632359
175984
56505
186620
879436
664805
337152
744363
116388
313616
896592
715569
513951
608939
351909
325892
123754
471410
247731
536466
877197
152090
495414
406892
323631
138731
218312
73842
18324
851100
527884
186167
705158
822922
499976
204657
773233
630644
687023
230495
272456
606358
463772
132119
533030
428096
115067
558123
563343
176883
640993
135671
410965
171575
819004
99658
664662
759132
304548
279151
603650
848171
467825
866775
91034
61447
285799
96196
524628
772294
295852
423220
309051
391142
757882
355400
784115
371438
220047
464016
697115
257250
649569
55094
772747
158914
758384
372483
411549
224864
153076
111537
516520
257852
378453
453999
782247
382301
456314
782154
443256
62798
580377
517598
216192
70035
567340
777081
676747
667111
71013
334376
393714
528116
839512
136993
358358
688109
804215
242667
269544
851755
757691
526190
753259
829794
565245
456435
444241
58784
294917
50743
186945
117890
806042
386514
723706
709362
422296
211102
843794
452896
164128
33990
850424
100892
505289
371596
32599
777102
566292
715031
526875
556818
739581
539224
366574
757363
312941
762231
51931
85379
288141
38783
379508
111156
625077
766722
134543
639190
713122
889834
112587
794125
859045
501886
372464
338094
726200
781517
389813
311255
607437
229849
423323
630344
392351
473763
855350
516418
5161
548048
878283
285498
342677
612853
313013
348537
290700
127716
294882
379091
93644
437362
412347
582243
547513
264516
571712
356223
241098
444214
886161
188285
206180
617351
659210
745442
78916
455940
41510
549986
873685
426576
442404
830170
689729
793997
314727
726373
138340
276554
728407
755902
259996
96297
277957
70291
106205
627596
232331
441315
403362
445275
821970
226452
508318
575444
819341
294003
95056
231567
736163
279017
324884
788909
373450
396918
556885
398621
178415
752556
275681
231050
819954
451531
883382
848069
391917
450676
28440
229930
244885
608301
672420
800561
61210
194192
90910
52116
606537
607280
304967
134616
709168
93609
28523
799930
403233
388642
531094
870103
42064
627330
356071
608791
314262
724524
416572
403096
569816
437145
574701
139411
205474
123985
716341
492812
617389
737605
498794
816475
637280
337484
490638
90834
127858
568439
898174
139499
423693
790803
721863
214032
866446
76507
62649
720998
98697
561688
554324
82550
620458
441878
149215
883961
138070
608419
20151
79008
378480
794791
258948
436350
181559
723995
389576
275058
553901
178791
535888
329364
791314
706844
648269
854971
809167
191499
73948
113033
548238
636160
220353
722836
498566
554910
650067
418994
161749
367192
170640
693952
863654
873450
18321
193583
199411
253298
131897
703660
856484
686062
633895
873162
378164
599218
158890
629549
764948
7302
223860
846230
90921
562842
869863
288006
795665
216775
57933
731697
530179
214692
146884
224609
735412
386401
94101
105892
36118
438116
365765
827859
67291
327645
242437
298495
384343
606760
191908
70266
652356
818111
277669
622591
84606
627577
689707
535712
512846
797251
600240
751018
619781
799354
670901
364311
559870
495650
43668
602767
732358
572037
878417
216892
19095
558059
460047
195753
286367
85907
88255
507381
701344
81836
16914
87290
412305
895442
679504
27573
216994
616392
637601
888818
571901
34350
747689
288661
124327
532607
567121
809830
25701
170634
642016
770970
526140
510795
139017
575355
92241
260966
124797
294228
18063
345887
893153
388506
425318
794680
28506
672954
197136
867880
640133
59675
147184
281204
314435
709424
452052
596045
313137
767101
267065
539015
540630
793282
564493
280593
815190
838089
48815
730933
516932
17896
234131
478221
21364
849652
652097
245152
609901
888226
236957
739384
755230
460795
588674
255201
562760
117403
823400
155137
480920
275846
744868
274926
783672
491784
659598
571728
518363
331175
543262
319957
261335
35240
886000
705194
142256
649882
122215
195133
101678
469314
771085
400652
597936
748804
411575
849129
637434
21548
745095
715757
243722
612054
475084
447349
518697
470848
493925
470494
657948
833769
253058
784345
444346
841414
193259
232651
244344
429569
692538
788163
775872
179726
110371
54008
198177
827596
250804
847999
191775
75156
358551
493766
386699
232002
364404
612528
250797
56477
485331
750989
471005
779140
57376
861333
692402
514678
816071
112194
210
409726
82847
152711
781672
304698
461635
468944
721523
412934
588027
492919
517626
481962
814585
415072
697150
480925
224831
821842
539336
542196
218239
701331
631074
637098
215226
59934
422690
477390
80745
239747
99008
865316
452026
156476
762312
367993
387474
415592
214123
897415
500017
21478
815664
107552
701652
573615
587336
228378
624915
348879
255999
733912
216586
252354
468430
534993
521365
642600
248430
149600
715253
30116
25863
514407
598159
183511
333126
849408
560532
62163
653869
219233
337435
322687
427716
301483
791401
250727
669677
151984
177939
210236
183701
637470
298523
294031
81959
624492
176118
198021
439098
337088
338414
193016
486571
777563
748259
408683
160677
664930
772300
538567
607484
867786
777755
117494
20090
259326
839647
657819
846289
467984
450403
270924
44111
272218
58419
759790
17167
281263
820383
257580
582443
891876
57144
85107
662831
836724
473784
294956
517514
163956
754622
400470
846686
344020
221206
339392
314454
146350
100888
440449
669143
210191
238279
227156
551567
347391
179673
331251
582986
405167
766326
166446
717796
827293
502905
245256
614681
113383
195795
288015
141783
705514
355727
421174
886613
53845
428145
456944
606205
742895
467416
122059
714564
337506
100034
741031
508187
764514
307535
294514
451070
618750
724061
132929
91305
303650
190674
589453
376971
797190
881305
784647
552338
18839
410723
155001
112262
861952
786862
343579
42962
385973
554692
878287
661052
540763
4602
101657
12790
397079
305561
220638
461165
131666
11450
332473
376799
735749
468073
607188
204938
693863
212908
865769
852351
426608
601213
359316
751093
273033
384467
493076
825145
781619
762239
614463
181443
694512
705298
205471
9125
367313
270204
541069
743580
388925
890703
440840
7881
638299
103362
848306
464761
188925
616913
248488
457600
85225
227618
788059
260677
258949
826435
80432
750327
129822
13518
175568
222045
675412
677742
130284
580618
543622
810780
651026
494895
83189
855394
454661
888235
373048
147232
47803
120382
283580
746509
875768
811387
520469
450485
13090
799003
366118
344769
317474
363310
38441
185781
873846
461517
74619
698194
75701
419019
391719
789468
77024
823594
218189
244277
288321
80457
706767
819016
239203
34491
891704
476258
5006
456819
214793
130043
496925
93467
863202
585651
23038
266340
315113
606327
468997
776856
211386
573314
33741
104971
59019
161280
699405
265296
636186
756462
280242
25928
748949
777373
536702
763893
380038
466102
850557
397613
722681
418391
162464
272393
440076
352987
402361
100445
599090
385912
664145
501698
787811
790210
725833
848015
663652
504877
610059
631431
631150
456912
455372
39435
751294
804708
578848
438224
769496
20331
827066
765323
721304
731694
579519
249961
347095
147807
575622
223387
85527
634909
768846
309967
15884
419798
317179
152986
734982
753351
725167
147633
173151
487070
446113
536726
456093
206881
135325
863855
324964
316071
528504
240499
789243
858659
748334
4478
281882
298146
599353
454980
426189
53098
448944
593730
332839
840450
283034
129488
22279
452337
898541
441938
320351
814878
73256
885870
569927
326646
44457
378456
344573
777677
542603
49448
202262
350907
69088
759118
652870
801128
784167
220892
820712
365730
657930
562625
886922
629418
668695
295061
458649
814320
439033
237168
893156
804371
816146
760726
455439
39690
130167
498029
551927
569696
582760
396687
626332
847738
137323
457882
357680
637300
341828
682053
784283
716874
720562
73966
633480
711027
1416
488718
73008
302151
163143
611341
434081
210209
408277
665394
330186
813439
898717
298259
420518
101158
540867
489355
844066
366435
27233
360393
185421
764460
512290
226085
673179
527269
232570
133485
864982
170751
545089
459934
675553
608762
437227
896879
629770
240843
774949
644422
750860
566713
100429
737390
737566
635842
321134
415552
492860
426970
153719
464606
519344
52915
699959
378911
635772
225816
314520
643108
498534
693363
625077
735305
893152
615151
316537
644055
20628
64855
12693
382231
220937
22973
418365
229761
196276
293751
631327
63698
487389
725892
502177
481052
645196
280109
826391
829335
523281
127334
577982
252053
402990
516019
228536
495252
823521
430088
877636
510668
670705
816744
390649
837352
800052
417231
174815
495473
327514
507627
587690
293926
355706
511909
69747
120552
145464
717630
41269
373810
340463
302196
447745
340518
630720
689060
289343
475554
410391
838921
731298
363121
692503
880482
15718
882237
805986
845618
711912
793410
498278
58081
191746
354271
674151
508768
678081
15206
413765
563114
498885
704979
190634
392229
47285
704793
870738
620936
386877
199063
270167
150455
208645
321961
799320
723465
332239
145179
647302
699435
891948
463096
643915
443645
39035
647009
699511
174426
528383
718266
322440
760757
878428
589598
593333
732958
856622
24018
293911
259780
491046
212119
468501
873045
364258
735193
61578
222689
152744
374149
185077
296573
422751
419095
136317
147683
185258
588849
534591
342102
311617
808359
361238
270499
516941
6583
14565
574947
847904
815799
348451
579229
639407
303975
804964
435944
417934
261445
374336
643214
625126
319103
392579
26348
98997
83170
785872
240215
305986
272209
123731
612088
610043
566930
510945
872984
171629
890787
33198
395127
611615
735082
416683
633589
13356
763626
827513
823507
164347
666448
45135
176148
645340
438093
40259
244542
88706
489119
244793
174717
750263
4007
563494
158150
488512
280159
873663
541432
627535
653253
456419
136158
778751
165680
105729
264433
875343
17764
36807
454651
403134
227488
111273
325143
359359
850772
466122
247252
535673
376303
113386
356312
240606
45527
861549
421153
646278
765042
685187
581991
383623
56257
104057
174141
680787
69517
448539
547606
707055
224377
289508
726116
571467
653047
91876
472539
239586
721367
285868
694965
354256
884793
94873
535758
726635
846147
296251
82704
518303
299823
585921
608297
37066
34012
289123
161528
423857
263109
771532
222470
426845
582062
626018
284625
613398
706650
503986
761316
254298
852570
155709
866370
809273
392032
238681
642114
156176
443569
118757
507764
710049
664121
573902
733570
891211
17209
5591
682034
517067
551771
39880
745223
306255
542150
158837
426375
700755
267917
297097
503863
11546
7009
174960
744162
653674
85703
179454
643097
834596
143429
410559
34580
198110
499765
232700
429622
632831
84988
657670
666287
498679
805524
671299
689852
747544
71141
123730
129193
627285
77683
466172
490198
692310
194353
706713
232471
69557
808947
435612
40341
448760
898113
532605
219122
791371
648615
41441
207178
898457
288041
298215
48404
349127
480148
440049
509640
282317
417840
889613
893787
299634
136690
886879
341254
129187
265869
191118
820741
165071
825416
516200
745179
479234
514027
695250
90354
516508
76499
41455
341088
524461
135621
443212
338021
1904
492511
620518
644433
692801
27018
496665
234018
570748
590220
776487
96203
139732
525561
123905
632081
641964
825866
238228
672975
228053
708998
170739
412857
209285
257788
421532
887933
622704
48019
9866
31365
175878
626585
484535
737497
521513
710615
522348
459906
272009
199013
226022
257418
768861
399706
245766
81566
386304
750812
572438
848789
552966
347190
875571
607434
244666
229736
674267
46629
405334
627671
365364
684953
803581
277381
21911
549094
872760
698171
373751
793310
851307
728835
878226
355013
756979
237427
729683
688209
478911
840259
710241
133489
564424
742400
80935
780970
445679
191097
838305
676829
561
861142
199232
250340
299177
607336
734842
430587
251586
561147
707857
192699
428087
826313
874878
803617
782570
187912
879098
494990
563549
150435
330153
112136
847280
153319
591139
97917
10967
270515
328032
696807
3127
586899
439071
567723
271454
224262
549876
460668
292668
600122
196364
443292
436097
731674
649918
809539
644980
759614
491343
160792
732942
428416
450818
366332
294289
116367
715514
659142
35560
388252
732814
619017
481148
699634
622600
571537
360143
789987
658457
209420
44889
54941
100189
490886
468637
392219
773702
322989
790856
686903
264616
344051
58085
755646
483520
894386
698911
635900
12097
458890
503156
520374
803677
552549
150355
65655
749549
305851
400914
499618
489501
680849
329518
879622
639479
124701
144223
647279
846826
720581
146167
496953
537495
821829
300792
82048
254935
566382
292623
326451
355596
327084
289873
276423
809539
572192
90256
74823
137027
49868
730041
589608
26901
332302
170414
238331
589647
451075
540155
513916
408607
553005
259191
851368
370128
569775
451289
345387
594780
90581
441524
83415
193487
722704
368433
826704
629939
139935
742152
607333
520157
604169
566810
636569
828244
241543
430541
417055
854681
152671
464741
327748
329719
237451
265436
602502
127144
895767
403774
632163
479234
867561
220163
403884
493693
876028
876649
408472
519201
244004
16366
100565
776304
821654
604775
250297
135629
148832
504160
172695
653896
803923
62833
398988
652200
831553
47160
26425
718579
681601
418649
505516
86429
821104
628303
834039
614986
529105
820941
469154
23458
404821
315926
530779
310928
548278
311573
421068
54998
46653
666266
881509
198545
604707
160018
60088
880901
888565
180258
254212
440645
727408
324607
276553
93249
516812
54092
517627
134380
465366
205777
51985
448968
51317
700277
880412
263249
55661
421240
166805
262147
828098
408528
508623
816456
288500
525662
893996
489602
706633
844907
10700
341809
391561
409284
124447
835138
292067
658159
807484
728053
615436
3817
2346
688969
709447
350974
501979
877318
89152
887908
663449
209958
666547
736245
75000
117472
630506
656359
35788
142099
744835
287113
837107
574252
47759
229628
10898
387092
788183
142476
774366
465881
552090
31849
334737
747096
566737
677414
616637
41955
103987
893645
342492
727732
354004
631677
498309
555982
597576
358114
756795
866316
233318
196848
788415
750506
735719
763675
327014
858604
61198
405557
262470
70190
281537
569317
702218
837576
796182
55360
94884
512446
549609
72391
24546
407266
687081
596637
713017
685190
849043
356483
605758
72322
17493
318834
445428
221950
565525
212853
49023
213565
331338
662304
844151
855398
703720
648048
493784
18480
887001
809281
737334
50153
411271
469798
799950
779139
544342
612393
229784
39291
177454
299775
746937
174312
343510
712646
436180
227901
580988
449469
146528
300346
889105
855841
654037
335669
538129
649984
317856
261473
40416
791004
453974
645784
265200
300926
747301
393995
113183
826003
126918
311170
251165
390216
808079
325682
30604
549213
639333
713722
9376
627305
879470
888601
743813
146571
287749
276977
767680
214471
79110
27600
68494
153125
45385
409633
507400
394786
431723
875790
538888
23153
695592
672463
764134
344658
756166
88884
233787
183693
713258
608842
488390
871980
349517
789198
28748
627826
214601
884460
629882
580603
659662
794034
858023
169681
729618
778166
114261
238632
124708
414624
392406
260119
635361
838197
20266
832307
66656
785666
593414
370410
88872
686369
726673
103609
858401
491563
495945
718730
254919
799610
162531
710190
226299
868602
539342
633331
472917
405835
791256
74498
320052
864245
825707
31288
752501
659337
324976
672798
173346
614800
142387
401319
40993
715315
245350
151813
49614
686053
120416
816361
220387
269233
660222
43893
274771
375419
883721
601696
133398
271350
120760
759013
355006
311842
827628
481352
606761
658015
476697
529543
675247
552082
898341
837496
305211
30899
251209
423140
593527
105617
859412
110656
337247
705987
570927
270692
502008
708172
576763
1963
372090
471049
416183
130181
494823
88986
287421
383868
99296
827146
369388
499905
624077
732285
348064
747794
871385
560982
321725
75307
490465
283298
872075
405797
530657
618820
187035
250639
778927
356382
167528
251944
380707
524856
840633
637431
469683
249200
24195
648135
37950
750719
691211
811330
537950
15268
535144
671336
310080
523407
760103
78444
662480
796332
208584
622571
726477
555113
689030
479882
636699
248390
42740
821164
542200
138521
564611
189325
678790
275994
771232
145277
611015
143186
250554
285372
77447
15803
703361
274606
239155
877587
825674
99516
634151
609731
628879
672615
746917
876230
156595
394505
871842
736505
29539
395818
22490
674654
655512
604795
412260
670092
779033
791571
323872
542230
285662
356740
529644
868502
828847
895897
441526
396054
750666
255502
702092
57403
723588
366476
490927
695727
761287
800288
760998
711433
521433
96342
764175
67483
408061
329207
854640
201720
891475
538396
358572
116864
332410
874702
525585
640105
324342
84348
772141
894027
134221
242584
587809
488169
46283
389775
524782
303799
75685
773986
261836
728076
732794
749797
111418
460869
319126
568404
291759
27635
769616
684845
563599
50915
573811
746926
627353
374985
181274
130124
16125
242472
604532
550445
370475
782015
849832
866019
341062
883315
553426
423237
878360
160597
611146
833099
302207
39088
507238
793254
650149
418482
641462
9529
50221
589012
100493
412856
17769
857192
534879
867164
887081
855518
525542
781504
164686
49491
666783
20220
293244
197622
552753
503515
23021
85208
610701
820123
291811
217360
858257
505568
86966
854664
499367
816245
302667
56071
585611
808576
677925
3836
599849
836257
25621
330564
522692
744583
361773
634040
326548
643631
716915
53590
265543
24538
828785
275882
289096
665065
445480
772312
864796
461943
114373
581609
72457
209524
127596
10352
638033
330394
863569
393240
496317
573518
588998
660844
467701
600660
552589
364770
534859
813999
875663
569124
93623
530068
576230
525885
499965
507914
593173
683133
144619
342624
574423
649897
830334
567690
66452
17186
49828
73562
422160
722544
46365
69879
590014
667978
249691
581181
459123
810277
620840
811280
493588
815927
494086
538238
368721
351431
159665
83473
237163
329011
349025
525453
379216
282076
661804
849580
49000
356274
476744
582291
641480
351032
109934
427057
227043
456052
41818
29524
635008
617493
99183
776295
714375
415777
237303
800556
57205
70202
691592
599666
325456
899149
570339
890387
207220
606103
735829
611341
126091
84243
127456
113275
471611
874788
158548
584527
430617
471196
315895
662190
340283
853479
181700
164840
426859
332183
570415
872370
160248
261996
460999
23170
272423
555296
104788
45446
291910
517356
35615
93378
409025
896186
416625
674020
862126
799657
439380
22853
684770
297174
305333
802207
166790
728462
653035
357317
786341
828140
175282
620260
21116
469648
172944
630548
249012
510623
512600
332282
835756
556337
442221
480894
822734
293403
366974
441987
239940
514713
524304
158152
414020
156472
401625
68731
707015
423709
148584
334901
351447
837494
531907
157238
825510
634907
124264
652253
269244
326527
486325
87779
718408
714937
160483
820117
630967
366474
883980
676781
467779
865930
753069
829260
545090
367508
426183
502390
720736
767946
43744
660265
551335
69702
443622
529339
336218
205407
171508
149424
778977
740244
649069
434325
777407
125688
123396
675420
77183
400890
399710
542068
594253
142927
459568
39555
534273
285342
641378
816003
281589
34952
463605
755671
533848
477267
884096
317449
43132
792946
218294
298017
459209
481458
10020
226116
568628
77698
391638
740230
395563
765312
242105
160813
519143
551452
473979
846212
571428
451340
835055
413752
386860
106060
887628
5747
209423
891151
387861
735794
179247
306630
885939
307621
178808
348652
298943
375075
662765
835692
698844
356136
621373
187791
851392
790924
279221
498950
209907
616672
380431
228208
176945
115591
577991
419240
472874
739375
796078
584271
531848
198508
664600
349905
768912
829359
665552
59990
178081
498216
241676
49256
390138
834837
389691
400156
458424
319749
771290
865855
261981
283501
747206
507518
150444
6726
495403
884978
523153
218050
290971
502982
244094
250153
338203
676102
257199
833076
90135
647590
263855
46501
879830
265196
539124
392065
98888
68475
161093
362635
326588
439037
719259
402943
827853
269900
303461
837607
407548
688733
145926
388861
193978
10281
16026
378782
465084
711641
729046
240903
186705
526318
224076
818671
874671
133867
78254
13281
678825
591679
475242
413044
236861
349202
405459
824424
800713
185004
276512
665344
441566
409244
816750
594902
355949
547948
445697
843903
565918
466687
474119
509981
168128
204099
174269
309403
262074
580249
471180
198632
556512
537213
787435
80371
270178
119508
771464
265663
298526
147794
49888
382115
22773
756134
635243
662881
515482
792162
868246
770624
719879
15338
805288
442633
97930
834040
660198
109723
880733
738186
149426
476171
346611
312137
98573
162971
167342
667190
229117
147765
300878
421907
778
48517
264804
708876
272259
635569
258468
129952
480830
742357
124665
246928
884476
160159
869522
544546
408682
287044
774458
351250
274692
741501
135621
285718
167476
841601
880871
234637
170008
570528
408639
299203
163106
283098
834000
856835
472088
563226
349808
243578
223964
325106
580697
386851
853478
220436
727644
623829
848269
339466
555990
665701
14534
132978
241851
314777
212611
340762
492687
57131
43772
882324
374900
302870
364618
673174
433629
573376
215056
37968
687904
532099
439093
257611
497898
53913
627916
66427
13453
816996
47253
844160
759669
26552
296508
349695
470968
673350
564734
295992
590731
490853
186796
868164
721681
274015
215753
521708
344110
243861
416909
758185
29434
828304
35404
724019
775698
221798
47089
451208
400872
312132
139779
461788
124794
482078
237322
455959
210848
430384
410379
454480
60767
346736
512334
754372
894906
416275
457505
402898
783081
656664
857781
632118
58914
799989
245446
274176
158451
617052
337912
128496
676721
20713
632829
38769
649610
824139
688820
712207
558487
286476
69899
479734
551566
268223
232773
513192
837844
23909
832150
737467
656048
435484
178763
162445
639226
661061
659174
810084
162194
102960
781927
852391
806445
165254
554119
894514
474089
469651
522494
655930
567970
54862
715428
109694
569758
127462
308725
516709
521058
402507
192845
89242
174056
200085
158994
537313
159784
387125
14097
221877
858579
469111
65569
258975
847390
459408
148164
493941
418875
96106
365420
263757
595908
852393
690682
684316
368177
171065
399457
25295
505289
240470
503369
150629
833012
17400
293072
418727
732943
889945
378315
237125
117561
837668
33514
340783
298634
346235
676793
452108
571268
267301
58370
94362
437121
71250
237968
757411
131180
580524
507439
521593
230028
71229
476751
883950
788954
64695
416264
637394
802515
12740
391543
537897
703497
644522
207046
684872
545525
279866
669705
224140
356295
329462
447109
243352
57790
354973
127051
465385
582386
198548
704098
368343
684078
818930
638627
698858
864156
883112
264638
301270
386073
635307
480793
74805
66471
667967
356441
207552
457121
847106
346777
531050
207657
48531
381399
684632
415070
260893
822030
211041
676809
157476
567934
507966
699926
822282
227592
305741
549183
145150
197461
161512
511108
414434
252279
681501
650551
366839
620135
732586
665780
483367
104876
48824
591054
701487
78013
152688
845253
706759
802910
171582
729875
18895
889383
335041
99269
421752
454883
450475
450247
126989
570867
657532
319576
268732
239730
451573
531869
466180
781684
416987
79505
593948
729255
786251
325498
872350
193340
345940
452855
136462
176127
170741
349077
133579
567905
297972
229665
190321
668343
728952
319928
560169
326619
103108
548058
149710
181776
319665
575516
386972
107972
71238
92797
38838
767566
593303
607953
889652
143638
821943
735545
257384
217748
793339
400627
614507
777712
618828
197613
865961
688297
382952
394837
742822
30257
486198
510892
57259
484661
133925
169434
3249
825083
457920
799451
37321
861156
240015
68662
1285
633008
595437
593646
309415
711297
447618
196977
711972
809368
462492
182061
172948
504316
490255
869475
342840
273401
140614
642580
188552
883204
501860
811705
512473
244733
406780
634671
236104
675469
660521
364398
36102
447247
662827
173594
523839
167307
200831
602994
683528
678141
5753
424230
30437
472820
370689
846214
376948
861911
435175
92214
700537
88994
260228
242141
235175
342830
17006
388317
215496
716654
32984
18749
43145
637173
211268
381505
413893
682774
397190
710171
151565
744707
339350
663259
749872
591927
702769
48514
536429
580783
214605
693524
856786
716690
785623
392684
873135
735762
299851
78281
8156
367403
8335
831142
830212
853384
890669
347048
289773
255301
150955
533264
273957
149774
304552
353840
534123
611719
123573
364987
583094
381381
657901
21556
718758
399449
445458
565736
198725
463533
688326
780536
488602
808999
325860
836687
312746
119530
166521
206482
368843
433372
469057
122133
247622
26467
142562
189418
236520
623656
171903
173044
895686
845405
608570
306714
421418
531514
704106
182262
455614
166851
669012
450125
158932
542470
861225
483802
582191
787841
186588
768707
12178
772256
683454
697901
177987
899588
214936
94796
634204
665279
114692
675154
284622
434715
502217
720968
46097
550874
756849
823226
554157
722008
53896
768013
407198
316077
224883
575244
364552
355184
432203
336960
290903
860629
480309
69726
583248
489686
404127
324314
628666
154991
116696
514681
157187
638019
533293
603204
8528
681789
533468
259032
461797
238897
299479
778874
192813
484608
96694
867177
432999
423002
777753
177036
44269
749054
220665
624938
626178
522237
864906
327544
329783
527677
760720
855276
487546
685177
72026
373073
411419
201030
895039
403124
355452
96688
487923
467322
355541
240418
209030
876916
61634
586981
871258
108459
249289
303904
725248
87222
619083
776221
608749
155147
714215
898509
27486
707153
715173
58369
865797
51283
95846
563993
751310
555473
352549
509946
404531
647089
135178
410872
782455
365075
49643
386932
190435
376769
583999
710302
136284
60741
703489
505115
788157
448597
401885
192993
858742
331370
568250
805472
794465
52047
789892
370875
391420
237524
320405
485236
809960
670401
363871
425637
779069
162856
868376
251818
867016
430515
136867
651453
39682
42301
370263
660793
895694
637373
141422
174400
880014
143836
666412
613816
159203
481960
490698
760016
313183
482433
96958
871680
92424
697488
271017
754158
553708
120920
178812
290541
406684
881252
189704
602400
898822
155936
370817
659037
184979
52708
709902
788364
324825
477195
328335
273582
639742
660098
358219
506715
300298
233115
40789
185667
547335
655457
207963
225558
844824
772582
143019
275968
657139
66361
199554
502060
385180
553651
319699
615241
882496
430576
441680
215562
700331
378906
411511
332390
856198
11841
862524
160
318256
111944
757903
415042
404216
324601
621770
869666
575796
382104
346
592967
224609
11220
835847
139684
465848
454938
488257
634306
692425
635012
487881
781821
221719
448975
405913
523173
528240
167562
455377
493124
654407
251082
310623
511903
148367
279482
146890
544246
581462
876496
739483
277797
187547
797979
467465
99469
789774
152440
587808
776397
675939
34180
286732
7113
437075
213868
392552
250541
24367
251392
197245
278827
694945
241638
399481
283136
471553
106506
411310
410389
12368
246067
120804
39744
124181
462609
337789
207019
516434
123699
629410
756748
854338
564085
199151
259156
306545
858326
206871
364900
492184
407559
45077
456920
629715
594399
545457
300359
284737
761804
80748
465187
109527
275653
25384
323163
655490
482203
573302
166656
823095
492685
71261
154053
888536
763258
487876
216959
886438
24176
767036
133420
27838
2340
71597
677584
475697
103035
847100
527738
361731
438309
599061
106213
697152
513769
554299
19066
718390
128923
631113
547763
889107
46475
611876
487483
831452
425911
10911
837105
326
401632
807050
460394
242805
192506
585624
623798
562895
433340
252460
767323
641116
371256
497536
233150
174813
205157
740145
117121
537989
873943
710858
582086
460664
269008
385355
204177
824031
595248
194997
895371
569797
654888
672885
755395
120786
707757
131083
639023
322561
502375
454967
471312
311903
322057
687807
250419
827587
777595
639646
639892
628165
745458
740108
140894
456124
662690
69734
766189
780535
89706
770554
416628
310199
140205
392626
752697
355592
581409
885146
327646
421467
30816
740591
790076
557473
66012
438119
123304
53862
92112
640375
68439
693095
54929
176996
741342
753681
887075
313769
813297
1112
220296
703010
545485
736976
589107
309619
394866
860908
274939
589785
864360
394737
1547
573418
670754
748661
542038
816875
35072
243834
831111
830318
315566
124417
720791
347974
498090
352300
170936
444105
629059
122677
808174
805728
421565
89828
820542
636814
649361
179281
89150
444091
210896
230390
193355
332508
257032
78768
206234
452224
764896
242962
17190
365209
857725
513798
67944
255621
138727
365953
88581
441817
564486
231682
60609
310953
81062
816519
34513
810582
589305
244747
116366
450132
161819
299616
318981
556343
788529
747717
696524
893530
830283
464228
100687
435179
549161
844779
453640
488886
348089
223812
25901
579212
95774
547891
859748
793424
426444
221676
414545
214783
576464
46575
79248
735929
375661
802273
540157
867504
288801
555432
19376
688876
670438
887234
214407
323512
441876
852867
36444
185133
172611
869161
447158
829784
110734
886397
564507
201067
557044
844425
666338
818781
222841
695696
479814
379134
320649
749327
585111
690460
698236
544366
447595
195275
77780
189762
562482
768500
807971
728418
689831
378269
859242
849796
233250
387473
660092
657940
474314
601867
769666
568304
712424
489476
570839
857667
747670
177015
407667
836604
377655
569710
664741
733002
571008
608683
850266
596982
141812
417396
131322
887773
889677
565979
834257
872553
502486
789897
619243
847467
502198
657959
450905
890839
190310
148105
737584
741147
183972
384439
301328
873725
85088
259033
679330
767697
111059
541183
744699
781364
899536
65226
168925
556359
199219
679387
532989
432971
137430
254677
202303
896406
615394
183185
6781
261872
822978
784703
75911
116429
90130
96275
436516
391782
610391
194739
2198
596310
504649
317980
332604
382126
472139
403948
485361
501813
658716
688176
754993
858144
12485
766890
50140
765066
881522
856798
635027
328720
60158
84633
115872
325964
488486
765087
231282
400523
321472
94736
366405
94765
482693
137910
842624
738905
444233
21869
83960
811770
307180
375439
384594
277530
309320
414203
805286
515098
265930
140769
432799
766443
208318
345485
8446
388460
78660
730542
301439
328064
806463
105122
173939
766347
854411
239296
87244
312265
405326
162465
565815
539915
625159
829739
571460
386831
547491
356796
893537
70202
752847
587823
883524
2357
647784
56974
247879
380514
204110
582229
240686
191865
849719
454367
451140
324739
184448
392847
223203
153010
242621
837244
583603
78459
227826
727034
176553
890769
341274
59425
192433
431487
234052
298364
659047
872834
724094
852977
796222
795457
19786
454312
569731
819530
584813
807833
396508
2634
10310
269078
52842
541992
350044
245170
823246
500766
826288
358733
461768
24469
67921
62046
441018
822012
35822
671900
135499
888806
504486
428456
788391
326909
504571
766170
649060
384518
649989
662598
689759
558547
367107
849131
771717
876830
822349
511544
49582
377577
422853
469755
459395
84559
378475
276104
318240
635046
731631
623714
277301
137332
297922
410281
70246
282379
889285
231360
844338
106147
155203
8025
789489
376498
205435
640928
87959
