5353
471219
30136
537709
916816
21219
147547
960386
4900
652589
611146
430166
470271
542132
589707
623275
262337
284217
156168
883605
475167
824174
261891
560731
715523
552107
135379
320823
50935
280532
367517
202318
169197
865367
287538
22715
547176
49874
957893
306180
620043
243921
836103
706734
398524
786485
974753
182189
855989
800368
938061
574387
978471
630828
3666
295849
651274
865163
864474
428731
682374
942345
133809
352526
341047
975486
557852
495181
718049
442497
639956
809121
599664
946342
526494
190335
399209
404071
362056
905563
201651
464800
817857
607674
828860
504436
879638
605605
277449
63886
249413
743289
425310
405442
728320
68571
211590
638417
742847
324746
633088
926155
961474
631949
109702
844047
597282
22283
458939
111918
559187
825785
684592
221934
769977
918829
552915
109610
50531
810194
668020
826839
598824
667381
323189
476001
545052
320635
405966
342451
794735
752245
679739
366742
354595
97484
977602
824305
594025
432919
215588
253358
115798
498188
160480
532798
704967
926098
80734
334194
325134
452724
724479
565770
924567
310386
730878
801099
670300
895282
3907
412617
173888
349076
290500
928837
468428
674530
856
464047
736453
122214
609050
647948
395366
788886
766454
825202
281663
320427
934739
902641
431978
938832
587997
324492
354213
541365
456750
872485
451089
221186
481112
916342
569478
828137
708241
769787
411601
356756
541948
441902
393483
519102
881232
86442
72343
239262
588327
617393
713591
267581
199717
233417
475468
639337
307011
623169
878568
661058
667063
29969
451153
289585
181442
662559
1621
909049
887317
881438
435717
637157
27617
766545
666063
817953
340090
376174
51260
330661
278567
213597
409538
371916
114056
667807
925831
590211
763684
571596
528883
434524
654222
500596
477744
313154
676212
676327
661313
881351
952196
690513
539900
172762
414395
465085
499557
828372
793036
162298
98665
652785
334185
425883
222836
405275
958576
426391
80943
139234
437557
666257
921817
677193
694376
921075
577729
61370
301475
152435
779037
803737
242835
323000
901770
946805
74816
800341
805857
798363
809786
234035
478770
194309
423522
580494
469408
281200
501138
35030
676441
608203
977130
19893
717744
201547
990904
895984
522776
868891
418883
851815
133055
401265
303092
110838
909380
768316
68130
170174
984215
952697
269049
123134
367340
602597
921989
936026
685340
859661
771553
962174
516760
385473
445110
340252
512202
800871
739954
71953
263818
353131
854535
493286
455545
16852
652125
795313
954174
105650
249942
150172
229787
422900
54779
252733
171179
180118
365896
386085
538746
29815
457680
660277
123649
99464
502414
596073
575292
240800
412682
665848
907306
255789
126821
235284
191008
391558
884353
358284
308555
322844
962575
898257
495616
506894
585334
214934
240321
719131
213341
573776
383055
8817
468309
302173
954663
836965
782182
726593
926106
640764
94133
672459
209804
575334
852238
923990
636169
368330
585108
131883
797183
348028
982594
342916
438556
320268
590301
696876
355013
105784
490488
839746
775279
49473
731683
568731
769950
631707
489969
325703
33080
281469
457061
297260
914501
307097
972921
529551
784966
522662
91210
601458
454766
97496
467299
27671
371457
679089
622116
666338
187144
311537
810318
98396
825006
233129
258926
33364
372795
743022
4644
918688
71402
63912
890512
232193
318632
310794
31320
479524
620460
102236
969111
905221
592046
331827
772837
124719
715653
439747
364415
427870
52832
121291
145939
900485
639200
220462
214187
532394
531153
204770
574643
860783
937156
198209
263336
705581
584714
79997
299296
951481
660879
24305
468784
961736
397328
431186
205885
137519
74170
619396
126114
651010
508641
667081
41787
554718
146777
218324
831436
230403
920117
33532
818706
50329
334874
576652
777059
146131
766334
442807
183300
160945
436227
698408
146119
457631
717290
471864
679647
223483
674421
391673
164930
236340
435166
861999
644793
984782
404525
191903
17863
155074
147258
256127
616308
976321
491007
474700
35445
333657
577753
615419
156921
222961
219035
128839
428370
332334
53199
189289
238014
689272
529738
346662
196626
22807
833451
90626
591682
481847
864560
391058
58639
943370
217140
178159
704461
64204
686089
707270
621648
131170
427118
350413
133043
296412
71213
202192
864452
188442
285460
856745
647567
302410
355917
240590
250053
12751
141468
603461
748937
741565
90421
187378
106392
475457
758584
406481
598802
741598
118474
374590
408425
56530
677137
856177
912421
498199
824907
640200
350993
682757
450060
468797
145158
997524
821074
395319
191569
340095
230726
978556
743492
960069
467410
61891
288406
269002
11225
14567
770103
933082
299352
514296
441333
115341
653015
811052
392004
936645
830411
425075
526893
261204
792395
905832
351446
529723
1453
620259
562538
788941
471997
607275
960548
18227
296153
583369
598525
826632
189292
174391
563312
209508
197573
114168
38631
924342
394195
632257
594948
129227
474559
151765
110925
619691
938406
788846
954484
104354
719602
882199
86210
989916
448468
181847
266720
208554
462176
922823
406786
129313
121028
284037
600944
817313
915750
292737
366066
448883
571610
872244
231448
506828
727805
336369
440547
181806
310384
962516
297620
274030
441332
301335
585806
232336
803423
952323
200298
279310
390585
424003
622936
148280
650870
529107
216428
493173
665231
258776
810124
776167
795903
418890
212085
753261
781911
455244
437413
982338
660094
86749
999081
8258
702217
509670
506563
954125
153587
723699
370487
825028
674873
579263
255666
535601
415381
103399
371800
511491
657876
889601
826153
888118
993046
626886
659279
394833
199970
620138
290438
182089
330211
307469
345064
866819
609219
466441
299924
331191
136995
785963
872826
477872
990836
774015
880454
686127
316533
765253
187111
615344
460233
120960
617659
371908
719988
481900
387609
414493
869618
885903
598266
177832
600372
133992
649092
862101
224696
341572
928053
60914
75587
2544
397224
92597
37438
789385
52167
657944
499563
922351
986894
212959
650050
504792
708728
711861
998636
179585
816840
443060
690587
808702
131189
121540
343300
879283
64755
105050
639994
568731
328602
696034
288680
348037
319477
150584
475371
8031
724394
431503
831946
830187
860225
326836
451539
996814
831250
649837
24467
475719
419215
327867
196273
538685
601515
936639
732839
757745
782950
394809
931422
999122
418039
689003
923045
186095
1749
92060
729039
639815
515425
380088
468710
639100
319603
357461
640271
428326
352447
930768
138748
261892
632164
729430
40455
581390
635153
161791
294770
578598
551700
755476
224056
479596
55233
535793
564687
898480
592891
514566
786237
872643
530018
177079
533332
38630
375321
214115
73996
756900
402738
633026
446459
265148
141753
709992
672755
838902
104474
938854
846008
64086
325743
334799
219676
276782
59946
630168
269113
705230
554075
652441
573835
690327
995103
12656
270503
332206
290406
129477
845916
1292
478495
563815
697829
973169
893186
284693
460999
639864
793209
762970
5517
312326
42476
799055
316190
376476
642536
119300
340600
548557
167915
337018
553163
33865
967630
149191
281780
76439
751055
808604
514836
340769
425018
494115
44493
748841
726772
448258
165849
532890
357220
860477
979142
368633
560383
606200
191186
47290
535726
567961
209823
938927
158429
205132
22227
276891
889058
687968
749454
150757
684936
941583
735753
62184
828984
171227
248584
588583
806339
197011
633403
715998
35534
263541
367095
425139
887323
160749
878859
279564
341360
75004
380610
479354
490726
290228
703029
397394
146575
805407
423178
907997
527685
887040
640269
573349
660300
72753
479017
70064
803939
59115
454530
549577
853484
192484
892530
645241
826037
10451
474591
102997
193698
231119
540470
351857
732473
58005
839494
463602
30026
782376
333179
238977
555513
301075
780981
747804
454249
872778
528004
558150
746183
522031
358531
836191
994352
553072
472910
99982
523968
793869
783841
714138
186744
45239
223886
449432
431563
595732
842138
397887
662853
790431
847989
168983
796825
871661
858389
950352
259397
329354
582062
534831
67812
66306
959056
151203
15952
94332
859612
812918
538417
229760
951524
384479
438247
97752
188446
502900
768144
958677
214405
87548
361462
569257
138637
466339
330072
547505
913665
681414
576723
171606
347834
89262
523117
612937
946942
907547
464638
877547
554930
982325
642492
20879
748285
374631
146657
793175
761979
271496
575675
55739
123867
610094
968592
893736
725718
717479
938603
388740
853004
196482
31816
88016
379581
662600
108375
380839
406368
536713
687088
405795
813668
795536
728148
119711
255488
981944
572188
806934
516985
924568
250817
626794
771440
419865
33351
899521
596453
479529
857414
363018
954188
482760
70998
132573
212426
403904
940246
870465
676044
822130
523161
868423
922116
322506
933679
457683
108994
143252
108939
82555
301611
676328
417878
988167
372760
198209
128783
779992
306509
768556
7708
828838
188372
276316
455922
683042
17397
329882
210590
773882
366421
897817
392750
758651
979881
132328
835582
552656
788821
654720
862882
572008
114277
389693
63853
91830
453926
50538
336220
596434
266274
272501
356067
349821
458679
148993
167633
980609
872915
513946
835618
265719
372878
334020
551137
475298
122596
890860
479352
128953
918542
463168
157398
10114
465659
367770
911675
516250
694000
883287
997987
237585
913785
318022
696012
294322
784842
243388
658150
992736
394552
562757
508503
514907
110349
600693
254696
879394
182091
812124
860175
1203
28800
607191
159129
915758
871746
16323
198644
869079
729032
193165
87830
910650
104805
529317
168654
282345
306530
920977
60581
53601
850422
285598
282800
348363
96740
807281
709557
802206
140274
378235
242552
552481
461377
131659
882337
659854
481422
242941
889291
794451
339332
585360
267947
167218
454971
371670
944091
319688
265425
960196
197698
795050
412835
455017
526626
749931
437673
532924
930622
442746
733035
592974
995238
25320
671972
233758
797216
760136
900530
276235
966389
686447
729078
926052
759957
75099
670158
805211
968935
361136
805996
955097
516338
207965
182995
407467
956705
511262
45550
900249
220022
814810
266125
503895
265102
210796
157180
382421
398476
177279
372482
221745
450725
941778
91059
583628
255304
957787
188658
241658
194728
44551
205959
172755
820263
124960
901017
669798
75872
201608
792648
157838
719441
567138
548329
94556
100900
663056
296543
152947
312472
452310
449682
907059
884561
853213
780111
657038
155960
665364
549948
742070
807056
337649
539894
284215
608727
898902
592521
327649
625044
740494
431243
88029
32835
853110
69333
157856
383259
762872
818783
453246
880953
230899
923383
627158
27498
591287
353438
580268
305498
380332
42559
968532
648148
290258
707149
586889
468212
339234
57144
648605
504049
354708
833291
407051
890305
959098
745829
343272
917160
692169
732177
145144
734305
145272
597189
113565
597799
728641
670580
106410
279392
732869
307472
409558
476647
895500
762080
296716
618932
393194
620665
316448
674218
654525
644316
539547
398718
145874
559468
348727
618047
839335
781002
926502
390469
213835
96975
854668
62586
48866
794853
438926
355008
156677
57090
326722
420862
892934
870210
619206
227083
666577
598240
338412
431733
996141
740497
156499
882541
215970
50494
188241
893139
213621
915164
542988
457818
951247
328233
705256
669720
316220
19844
160730
237037
70606
749738
844188
883661
615202
919561
504697
61163
140346
21250
210696
408003
512394
420096
414581
278724
130574
834032
55162
698137
577752
867676
489582
602067
28904
904423
396276
365045
133619
730087
23060
462619
13446
445146
86502
993671
521924
208839
182506
659337
145035
526195
691573
679179
527797
77948
795398
23670
97658
521109
490103
691013
720435
98142
361871
797028
162233
735
170292
114820
23148
321377
950397
914750
990032
550057
648614
155297
580881
339858
248477
226394
661799
88965
800057
766207
994708
679704
548042
174136
578827
47873
882827
708362
996139
876789
148020
372097
97448
949922
382572
950010
45771
438917
323420
727946
156047
359272
212255
46926
852781
801276
760341
9041
332210
470223
36631
227667
313803
941161
927749
889404
185635
376841
376954
142621
906659
865335
399457
212766
210648
263558
424097
964810
545459
405928
27060
73268
328617
806957
141717
201604
21435
560346
690264
564321
245648
342626
698707
979645
888253
19908
907066
245496
690855
286208
174025
805361
400896
223927
146010
790576
304493
42526
799510
200553
432520
839262
874696
48174
966401
627852
931661
199413
62111
444096
934248
761088
500837
710932
967218
986351
284239
912059
264878
279838
831099
400379
174971
109692
412645
665864
689762
444202
984523
165759
690511
156811
238511
906428
183005
798574
132091
343192
895946
180693
306238
593922
260490
936226
512277
79353
604279
448861
255973
295907
49829
949732
126276
792205
988244
222384
985783
169216
855934
424575
749398
31740
223249
965859
95884
31252
206583
778407
251451
845861
610384
167193
258748
95156
683777
71353
123523
330019
905638
946364
926113
531600
3363
870333
621220
440907
340760
633217
539353
54449
344499
125733
144434
849321
573983
161639
423810
462971
337689
823181
207588
71880
47460
704053
746364
712746
426003
738747
399957
832360
813251
624576
765290
754902
357163
384669
676864
98183
371852
595940
465328
751664
636930
661455
530947
677531
876861
981256
702262
810308
551305
230228
715420
754772
563080
178909
269475
285559
171906
100442
810158
878044
184531
722205
727010
28873
524803
413177
552765
657176
231923
51853
153696
417490
683570
111282
664173
465638
519023
777341
370507
249669
197065
751025
645830
102750
509890
76292
299412
841265
910931
447628
505011
699666
770777
242694
148973
40572
749549
151619
588221
929616
145873
810544
448332
241577
851781
177728
174420
260444
107002
642808
297510
338577
971102
590230
433798
689592
251670
360095
230260
755371
270538
152964
534470
396766
417689
931312
391536
986501
515566
646641
723814
278659
748522
925824
562904
86410
367297
833007
405852
28307
304097
499310
893098
634043
783820
669625
181504
751993
706182
824034
210662
598136
173994
417910
743820
478293
360600
881167
758927
937655
111497
507126
72474
725317
917507
99890
296745
849416
950951
24113
191209
578975
600680
783634
791036
948889
356630
644045
100120
184243
354520
988416
211919
640109
636793
883926
862313
730635
839897
993622
510445
876965
859332
205766
830975
41387
329119
380793
841571
707449
366846
400124
435103
136851
177491
408473
656511
412989
452994
535046
359154
423034
877008
95726
459730
12831
371193
718553
500225
251154
196704
969530
285231
700004
332129
901973
757303
185161
60674
18955
822761
403696
329417
934339
731363
432323
218215
92215
179992
623421
263570
534808
176370
578658
124784
70751
585876
430048
980335
49009
854648
840000
935921
252974
67960
469833
47717
854999
988456
690929
366769
806297
415136
129536
707467
183098
723543
87684
543975
995807
450218
599531
98635
74936
733501
390912
652542
997768
110840
694917
607646
707156
62067
393897
138705
538536
117164
536998
438676
423808
973173
15737
51119
901466
791403
318015
119817
504854
434080
359593
951831
212294
258842
441372
750960
614552
496053
496808
750461
791197
260835
251362
881484
485493
70356
887135
940419
67545
336368
528144
363697
591749
614273
290869
495936
425088
514286
548607
246151
719689
402018
306951
456956
177888
718796
80484
878535
464366
744447
973932
70001
187089
501305
906955
642107
90056
444992
772793
325323
585976
705960
618011
862529
627033
558642
899768
188777
606528
392143
461718
758409
892617
338434
282608
369625
903008
683491
930263
377874
493549
574655
679267
3615
477146
404829
214419
316720
218817
792796
291272
339566
640375
125175
604635
968649
169904
409387
787734
652204
733389
631087
620950
189394
491913
74082
752379
530610
412283
126915
530569
809878
905288
110169
478110
370890
530857
366323
475600
946031
755221
603530
9762
464303
19083
765762
915107
863626
135486
791311
787364
641999
619804
65077
515924
585447
671229
410279
85050
512204
815205
324561
673677
299927
247990
536306
137651
793206
690997
972768
920405
153212
54518
192687
40091
80082
367975
933869
898185
893003
912503
985732
224821
748182
361121
198851
414756
579980
541209
327414
87937
592105
938577
380785
877305
621336
109608
574764
176053
891175
891824
318344
57269
51802
25114
545776
36550
640411
696768
345498
916640
54671
795919
934957
189022
428099
607376
681661
487898
185669
786897
743857
997092
13071
524212
138758
437087
589535
47635
649708
794425
105186
487119
523150
518725
63310
41076
329199
453879
198223
929034
459248
791867
832409
977083
201646
499890
376924
221276
273736
683530
589270
601689
403582
762104
466370
635586
953205
924245
672302
620460
977751
960531
436842
46213
131927
791066
386332
845880
253586
519811
830833
793721
771665
662703
50990
22509
494059
274117
748452
775097
80007
808904
632386
738150
895935
334609
155332
498926
296673
33773
492490
203430
931215
895509
780803
245383
134598
439110
695496
738266
571003
886013
483205
374848
522721
549329
912914
975579
917256
771756
746016
628317
956447
75815
745806
940779
836826
55170
821083
102317
228590
590397
514102
971701
743545
646933
46706
243593
30336
437086
975573
232975
539088
673465
905935
937300
494725
815027
703880
594040
437353
356666
678162
164282
20148
655805
151550
110108
247473
756447
897418
810994
246914
708823
555448
53325
553402
326503
682170
637246
448040
256246
265289
454537
855539
98124
266260
959848
254049
980202
712597
981496
620786
606980
737280
222084
881065
764892
2134
168877
447402
350268
660566
126195
969854
824336
34706
398178
241844
303261
593439
866587
744931
124002
405478
653118
255754
458314
984599
346161
806424
885194
623102
936464
808647
251997
275694
236529
526562
758042
656729
692242
112296
196398
573505
460194
651145
746876
591625
268072
124557
414286
277797
299220
743316
229110
631536
289888
368248
767813
760477
490211
825870
525479
317637
826226
442124
30170
902814
860723
862212
818569
639820
887231
656782
889801
10705
120307
139845
520047
343521
638932
953511
810763
771857
732572
961824
327302
817389
826213
896736
652563
660456
839793
362600
497301
53934
47444
594085
20685
498006
460287
487155
526462
56883
205417
422338
829600
177418
825435
608278
48892
99165
446169
322728
854250
99046
991720
370346
776613
531039
598720
994600
121992
173438
961616
411978
17576
569407
946153
70006
896141
946393
188296
543954
570701
176210
755779
320935
337351
56558
817102
208161
238265
141571
872938
187251
517503
409064
495212
221207
875049
643532
332774
998707
276919
582690
588148
675031
972467
625146
488036
558435
550699
52011
637507
835718
987658
598573
63360
930977
844435
386627
633856
945801
579833
485013
128765
15147
319133
903964
498011
469450
791460
363958
290889
806565
153716
337945
67920
81908
121996
829668
871740
958352
263805
428625
334947
468658
798217
494919
366486
303699
308631
216268
414756
681715
798735
799064
944006
954614
926360
325380
720682
589480
602539
795169
575903
580129
406932
424102
379353
441476
816965
65985
696226
501345
108567
633294
199326
376379
818142
948261
972345
836323
601703
522574
800815
153091
203601
676048
783607
601399
677125
490022
590285
177045
988435
333779
36378
256461
579114
17421
580739
50092
871924
583956
816459
468923
542860
408422
808102
820548
318109
429003
53019
437428
158872
922379
561748
153372
325137
49152
325765
846737
221239
320902
998327
784052
197998
205326
745008
737868
856267
752786
725633
746639
983147
212323
138668
253696
630640
453982
307247
191538
438745
243645
950833
111914
115645
349193
75400
349154
258084
601133
463653
292906
728066
730598
154077
636841
894673
360087
791828
888898
214282
245754
214408
410386
720895
850480
522167
917589
511384
988089
352687
818152
357224
731390
54960
419945
706539
921227
728703
123386
95518
774619
186506
781989
115131
229196
824115
587290
500944
791474
486907
794579
763579
225671
774732
101336
648452
400064
849698
675678
499735
223291
923351
240843
757916
434132
89227
355477
569397
742358
105901
604936
230035
125838
16488
361446
843253
384252
347116
398312
841663
476707
845143
825507
772147
472640
681984
28934
982734
74391
459040
393408
302465
696616
100510
232382
989195
916225
520246
66066
893359
894189
197
240815
263639
443466
226803
75473
699909
292856
420413
778553
220530
158317
611357
284310
533957
718374
223065
483391
316273
696760
390310
427677
610923
998981
653302
478246
138759
623049
827685
992260
988782
811988
376187
71124
137342
210898
131935
578698
312638
552902
629081
235121
893564
68054
18434
636944
915782
579839
818379
471464
527937
794856
961830
579419
614569
292949
688660
939047
246053
389362
960268
397327
668102
466191
123013
448538
284
219179
773600
477556
970805
828201
877621
257267
910323
302304
536697
194549
618569
776910
968969
536869
173266
167660
128981
226524
922701
360668
42028
807268
818745
568190
588511
800215
983241
829667
562069
558630
298565
588761
129771
173877
242813
749285
15109
736356
482921
427343
421750
732969
280738
350103
861832
834201
30839
797509
237032
829893
472685
342046
216113
276865
715223
96947
543187
184384
388429
117843
556128
384731
989132
523680
39539
919792
450730
924415
748477
200423
944820
219753
704493
791760
714278
423967
734971
903848
95558
267386
458834
358203
780957
3104
158552
292707
618579
831251
664987
822446
194150
478115
144089
408222
587847
794692
363628
662281
776849
449786
880080
383137
564454
767472
12306
845454
433704
192553
384280
282167
891473
490637
208263
732960
729584
759973
5844
276398
974721
914082
192747
713157
995559
354008
326197
818770
277192
20232
893450
844325
5637
366426
866099
25589
752404
189673
316058
605256
866877
999609
528272
714538
166125
847812
271227
643226
662906
684017
666202
504901
71028
118310
628279
699626
810276
651444
505704
878236
429924
905265
266881
930278
119643
616292
535705
979784
90707
102808
24631
192992
989496
320723
314650
170980
740911
315809
265250
929676
503376
746249
401374
341644
964674
2529
172467
167167
190642
390461
303013
859935
61551
369155
828805
757041
177957
43162
261880
192126
500981
221825
972575
961851
863469
127612
4840
595466
939177
906024
947441
272921
242885
591920
698324
924201
35133
458520
56211
873321
725220
413751
353313
206976
764158
925762
432971
805674
532282
860034
743937
341434
874959
903783
304325
287485
344241
285175
545647
326975
137648
480351
367386
934823
936942
521706
754351
188093
98939
6607
991692
586444
802191
162404
764112
69731
216227
919857
155909
200693
776492
644960
274411
938720
654516
597712
186141
293323
561175
265288
639010
417768
797464
170504
188563
451225
976222
519420
604900
477998
952398
998986
583888
78477
311046
24842
72613
225899
846770
852245
984873
531702
131919
737974
35880
48789
259642
302270
996379
742471
115956
893364
280631
910824
716661
429928
534543
730514
959081
969960
446566
782496
927499
636364
215253
508046
187933
687532
444757
412412
886145
273778
483242
598929
918967
297290
45677
440893
884148
478710
761716
314774
86747
509757
829407
112612
278619
238083
552770
70904
357796
940148
602794
301495
653766
376218
956046
804916
866601
189711
825044
811003
924003
637260
331836
432043
111609
207519
483373
942971
270133
971643
104410
435997
586848
484073
382225
472191
791133
453661
757856
263406
720354
149796
135716
506389
22611
88952
45935
732196
991229
816374
360725
658188
821228
234599
814996
36646
912809
581754
84381
675891
333843
803347
500931
172030
874392
856892
392127
677662
403217
385593
706909
31768
215032
472954
747847
467489
521158
154730
786797
113408
100269
793381
711373
41618
608198
346084
675687
347418
148381
727025
491274
639456
41280
437154
511711
853015
621817
461022
38820
177929
931229
134254
878234
645113
711164
68296
354045
801267
857268
457722
606510
637582
853536
149168
108274
581378
596654
290594
780435
523168
813518
856796
805668
822386
88199
940331
361826
639919
782115
375777
603510
128475
899595
156550
626007
322745
249709
908699
521677
970862
620185
837452
773584
320116
473964
609969
73487
165367
723875
894080
814604
811023
559121
71379
638308
24027
849259
458578
283565
41270
47681
933309
945720
475737
65351
584473
40501
576461
665746
1780
903222
767627
23966
552789
632076
381938
598923
51461
707213
710499
836969
442292
833464
144572
385896
157322
947119
883568
583346
247947
555618
160384
692116
812838
785485
385432
211607
723034
245399
372552
572269
964358
921563
356893
345351
616203
403588
174812
517572
565855
6674
154010
120259
656945
610553
402299
304473
771125
880872
351941
951518
427147
978727
298784
664610
917008
666073
279532
517885
827520
930081
119167
479364
324741
189537
44602
197464
338465
940446
645126
678104
28597
960703
716016
678198
225580
230453
261727
789607
22919
682420
95534
815092
154309
876062
506410
312878
243822
142849
372585
420606
80764
443063
780485
989403
938087
346284
163508
757780
332363
768061
651013
205901
436217
402363
778041
174278
18007
412686
685500
151831
769972
409974
427711
198136
955052
965869
588211
328188
63924
898601
618787
786014
160643
520189
10094
198836
269918
968095
809056
580480
440510
706948
704877
808998
616671
920552
886601
489783
51304
785322
879335
633771
714674
87443
26315
32302
688950
397239
47310
366865
759512
788788
334894
170081
877962
833431
561743
310037
67614
877343
748498
996640
754220
725017
974353
485671
923164
539754
74612
856781
592337
275243
430963
678633
794099
411182
277096
549721
569174
174495
66319
926576
66700
558534
430110
645579
822788
945513
235643
220801
612637
813327
696031
713272
72843
853151
806789
972181
104228
295270
144334
141771
41544
160695
306484
537813
439467
532972
755945
458238
369601
162955
941579
219229
783300
842373
599238
977759
695653
444888
265671
872956
131789
599315
761177
222220
937806
782010
930398
90738
608235
609279
529770
472758
339776
527920
609471
83377
898256
366705
206241
797409
848617
65054
588246
494877
396406
770322
769980
785442
516385
224902
627654
127691
338274
155153
361300
218591
41705
136589
146223
353988
711332
627802
22494
147794
803565
939132
230183
345219
138771
938592
465701
995078
98756
494204
432899
813170
338900
438484
513490
887192
230380
459672
141389
301873
746258
489706
78438
181878
310224
235774
925708
404303
112516
776731
429756
788835
901700
635390
675777
867534
751979
777437
306570
186481
276548
888201
827942
618658
518610
535020
545566
410884
447226
404018
206319
845554
984399
604293
176482
384853
391799
209520
204746
742294
606846
278757
292250
260716
976567
852698
823328
724566
403082
348429
930978
217573
676447
716585
17043
508913
58150
765249
870962
924844
125824
693880
330944
66003
981005
761475
261376
172947
51975
181436
322845
938375
20188
952394
998963
390460
58547
337497
872032
894821
592404
739394
878183
217672
331327
524255
642977
274690
399412
952931
266962
620785
85263
132373
607383
50049
762955
631527
38458
250390
966823
441143
825896
214867
247845
231329
873786
682054
563311
560062
157807
518896
894165
656126
852091
405940
242289
61470
342648
288666
717676
9541
558907
897345
111897
227713
911554
914207
43775
76185
858057
10614
713972
470798
441915
404118
66788
325619
142790
49736
372209
547750
184647
346142
221684
629802
347877
413781
3298
859554
432185
519588
996043
916972
369259
689316
279547
144664
401816
145115
291971
608132
966895
666214
248466
951445
266715
6531
447996
443476
358106
394169
314013
516514
832173
124964
178007
207258
28456
864672
6646
164994
123689
778066
389493
527020
479973
923662
113626
25839
745886
475240
400892
742461
141297
252506
844389
21793
629195
678479
906066
660696
845884
236746
770071
532233
532771
602166
740383
896865
555977
735754
404561
480335
320779
630488
905103
369561
350830
990003
194392
901337
743703
76027
430605
171224
49234
195399
994641
869062
708304
130029
268617
418003
205614
615536
320323
26092
370288
517447
912115
605269
435404
833542
873687
35551
337123
974379
788732
122055
219914
244040
725339
238699
810823
224008
352923
71657
232920
839519
312058
127318
435756
6162
468550
819864
381813
889824
571397
589089
834517
471244
545268
85576
571573
453640
637357
68614
582325
919103
419937
398601
418429
35775
860229
610168
217458
835074
903626
67844
839301
63960
722756
250279
687973
395186
107884
58365
141077
5773
646977
656635
398487
80696
76105
335056
928712
162500
716405
689814
597253
648328
169506
502261
707083
742734
210492
539221
759581
484830
636541
914685
160414
243812
144467
175245
410942
935104
462688
89492
219601
219754
951451
308751
816955
812736
431379
324415
583304
730478
52244
686118
187544
914873
732514
267997
408567
426088
111266
562517
669323
846159
117528
678696
52454
913785
391691
314331
870780
612593
194181
532595
974190
250093
955575
640240
600517
785176
880057
127530
846714
605179
178606
425607
292081
772039
489414
581463
143367
622593
969693
471116
120960
900298
869377
928537
230115
777610
278416
549413
353570
414649
697152
240492
409392
402826
91897
148339
439863
146804
990493
448166
232098
150557
863655
54799
466005
519078
858993
824885
132733
530509
469967
636303
427137
277699
325785
873315
341527
288715
169671
456256
154420
901771
376564
543700
518811
511411
606789
141291
544023
941831
598435
63493
425668
360906
947939
894162
196807
432201
966791
64204
301213
462145
860638
129137
667153
757934
667078
706844
885767
289265
345106
466943
819574
601116
790406
394239
289971
563037
234815
844268
157672
618758
847792
213660
814819
922357
923783
642851
155082
546213
116078
745072
495405
174031
967853
473671
685364
481150
599596
219798
41783
56942
491286
326903
226797
255776
138970
405569
670523
524413
117131
329995
410670
409124
758567
711934
857092
651154
259573
265302
958245
483309
345351
933877
691567
914669
454367
579428
37999
769512
533166
166887
241771
377400
162616
555643
565979
861322
136723
439278
99897
239686
123981
793883
183150
899734
351213
680769
456939
214037
79954
170687
770777
587222
337465
231151
162856
513422
706394
307548
113860
78431
218609
483681
688678
704322
116250
587615
412743
107535
681557
571546
34991
756780
2986
523057
113515
56528
265446
459384
379548
3379
976451
557876
933804
202644
62437
713650
20956
441702
998913
765252
883321
237656
717912
193049
134510
730688
615649
465848
382130
254563
906629
122713
524961
78691
768004
275296
909417
343813
582645
137270
508955
581854
755754
53254
431201
325403
542962
483409
553807
46121
354232
332079
337554
691335
932552
128547
20997
498598
960946
183001
391650
636281
193095
1214
812757
859551
528256
449980
317996
295147
913791
808273
208619
667404
253037
95819
417725
234398
968066
278178
683012
335692
482786
701874
359825
544287
366373
896467
11887
534760
86063
189654
308186
245254
303806
659679
18445
42005
590723
472730
948153
695923
821799
770715
977233
498416
566574
549718
34626
174161
445817
656119
602881
744769
613413
787360
934204
672661
28369
138493
273138
8186
866302
902852
400478
526654
157775
881742
685774
955703
322927
102861
268435
799380
607505
127978
788753
575678
455507
515004
770934
921066
620540
856358
473736
129918
373156
640461
335382
59037
570035
65716
693776
750033
9025
930935
142771
573908
725597
115617
90396
357115
485225
438186
875198
990784
233826
335120
694959
170090
126206
463952
210332
334747
314606
102977
976733
677110
425731
653454
557796
708266
431789
711502
371022
524576
654814
880386
693212
631421
434829
252842
862267
381396
774422
326276
34495
164908
711678
80546
530479
436072
50965
542886
774649
989401
681908
68509
243078
977437
806694
972086
209512
369521
871139
37470
3376
96923
496311
231801
403293
64429
343490
790270
853358
984630
255128
956719
912473
937227
624072
531956
978452
676269
855162
134163
303888
626775
771442
977102
742853
78567
49969
378842
710824
224614
483578
307383
547962
388342
189298
928688
903930
439703
241761
535345
286843
781781
2453
892544
112208
19346
562917
597210
255011
113836
720403
681771
665573
721738
635275
187304
999199
737416
749448
682509
441256
964285
990742
536174
302191
140901
248754
969980
189880
302320
521805
276375
635236
858662
828655
249930
964456
624373
351161
424
56288
561304
659907
777088
167932
385894
428387
898175
778456
615861
173583
898019
707626
249001
717530
599320
733333
571612
720794
231729
862554
448811
8491
348932
459886
45019
475852
349794
961318
872999
465062
209457
673294
884455
538797
344744
165914
867422
856671
433127
171060
95904
315050
30705
562420
172190
591210
188423
314158
52240
855952
808866
822116
765565
558238
650892
750492
547178
507150
1307
590989
713181
856275
374859
951091
846412
901239
768503
758466
970727
878435
163444
82998
685055
764477
585418
57673
75282
509356
361744
426622
262260
591031
4387
634331
890650
586059
266178
324084
623558
180187
773641
799073
971339
39458
87497
219601
492028
411652
149952
227704
457845
41490
460474
552612
943045
699116
163715
898221
168951
262465
620807
951499
883835
966898
969417
895746
662902
909781
824572
273080
201507
953686
866945
269223
335396
383479
82238
232237
199913
815351
278295
216512
918715
106449
705740
59712
515110
244635
982127
785189
865921
596495
549248
860631
286299
903911
892583
626461
427140
457057
986573
891053
308085
74530
971543
395745
920285
897079
727615
592523
274761
382454
896465
419103
106862
18179
944192
790863
719318
788335
635106
387764
625637
542650
330575
913383
687240
880569
872977
275696
773817
773203
344200
680278
605680
634341
791773
559189
445161
603654
108705
57710
789070
322148
227393
238936
292994
287373
111720
569940
175050
730890
73393
5214
608599
854373
958983
68287
368500
486156
375132
336704
553032
71694
250626
836985
225225
902786
943593
126599
247806
828743
765174
428508
448814
843749
149436
312431
534954
530962
291353
39189
50932
771281
728944
628264
391627
646197
394494
737251
401492
909316
720411
378256
708519
889270
614799
818392
253298
548637
680335
205690
106958
723806
571603
734039
224860
90013
730069
450985
449243
840887
190887
891092
870282
15784
273521
468693
911028
139790
665863
402135
812957
267909
422051
750884
549511
832752
755716
903800
353313
6745
796002
58289
836429
153648
305676
133731
426573
168176
343328
161353
29705
213599
452967
801686
837887
620148
687370
273833
532103
709970
179445
622942
292738
293043
327687
356865
842591
963168
960051
804765
655049
961692
520246
980275
589041
744181
16326
606579
635010
759986
937171
738855
4143
382826
545502
789703
386647
347087
11176
248440
390760
328669
277565
505527
501554
154587
382377
177889
755241
877425
236619
327326
362889
525472
677249
677611
167764
577697
234051
907715
112311
690654
579788
358954
662987
443079
197490
663894
312566
390867
468695
654714
844914
793108
258552
650288
722662
446836
707874
351490
726896
4561
218949
288213
941892
343859
74017
327794
656430
336742
311901
724786
709235
850681
904694
984902
242710
551697
549268
594784
479094
233770
741625
467522
629972
334380
401426
368929
433203
278054
280624
342325
611416
843561
75792
180128
39153
92739
750614
78776
783250
522135
497753
873907
705882
543382
928215
391342
638388
343260
645065
77210
604217
262249
987794
754307
542259
503674
902737
837246
61501
957827
649109
468783
617862
992460
811952
482485
220404
479077
230372
246642
340773
812231
885691
880442
527376
601545
472499
410775
467018
102588
499285
41206
805221
195043
716582
808435
290099
976914
355191
623356
197928
450977
943255
558052
397661
131917
738089
372870
137073
563245
378192
224916
653258
88844
994630
3451
913785
527143
701708
751285
327804
628932
417404
807786
574236
172397
313722
765059
532407
448712
919689
342862
126936
349588
983802
713415
550402
9602
890174
725769
987020
867309
265309
593041
853030
376504
256640
829674
962297
956611
560168
923387
668781
968777
14849
758825
381636
897178
968913
215978
24483
859631
49035
467048
298481
976111
517376
806861
704984
418813
665013
343473
408617
857084
980751
29342
683996
665824
25963
956860
267124
677170
756170
312158
452545
366624
420969
822631
74239
151486
617263
663386
449308
862109
217728
574974
120919
620998
802735
373418
819844
11284
799184
808178
105964
56107
523755
450158
926993
101144
46796
861091
546127
583175
567
750929
10077
633435
566520
967961
483123
783406
440153
5320
323334
652389
981421
595076
758703
878702
2570
328913
444073
784089
629460
697089
940153
631504
159219
986166
286888
666740
892710
402517
267052
281622
889137
945929
177317
314831
139890
219377
564611
552893
608850
761895
333060
459354
878935
105134
702491
118202
475541
56759
746668
753569
82180
287888
620852
677182
723309
733930
868806
139208
799423
449669
342256
408756
39742
984250
103484
760592
241307
713765
12498
447807
620254
947693
484475
883026
565823
589041
278656
986495
194005
252752
957617
852416
976806
78165
576513
354442
490205
311934
181519
571112
83673
109479
273984
275700
324194
790872
923911
895794
640374
507111
272646
440841
679170
554123
715982
439007
437676
268287
611075
661072
676429
367823
675227
79178
123836
475075
679621
795335
21701
126437
180902
40808
955449
108591
819070
159787
838559
989142
908393
475017
764296
709869
545154
200239
836224
259704
4066
468950
550368
792142
260678
619009
78209
547177
487182
256467
671499
135438
830434
347082
545259
23571
905967
384476
301859
813074
202319
892204
33595
357481
637575
521833
191317
372586
254314
77892
74206
783014
285274
675211
317473
633361
