7777
285489
550788
108456
310568
5690
965057
335636
731183
751030
184877
230745
387210
505089
837147
776065
739130
496981
270034
351766
250426
655857
678888
292249
865526
982565
891145
563099
931033
804413
829399
405755
420100
411335
727980
176572
443994
911555
653306
634433
68728
598823
492820
662760
349762
138700
702725
948353
56601
956472
347038
943914
582376
839881
997582
907016
169886
990010
733673
237348
980534
200725
740299
195999
776753
796405
105110
212499
532326
370807
415254
424328
272943
999229
769734
474064
86149
178206
419308
943040
314086
282477
181151
177163
556146
133157
807017
30012
379414
985390
50695
976848
388063
670990
300941
421101
525872
582191
919462
814659
119823
33096
317433
135230
604505
643883
162920
504165
702486
604331
728690
94226
219815
750952
747000
426830
17052
850809
419357
585032
801250
142068
834630
237042
162841
303773
109569
384505
898884
193640
130690
422623
505882
714476
631624
995574
761785
586215
592990
570299
964538
702632
998589
115468
996191
160861
918158
672711
469609
436345
173006
853761
330183
857153
139403
709088
765928
556724
502923
266006
689905
43477
308939
765306
14667
671574
340773
345604
952275
671203
230539
707429
677941
411848
582383
316097
520723
950207
286661
977098
775326
913882
658656
783162
993416
808969
931705
227373
267152
907785
144719
257304
251260
753578
788520
193258
105573
285242
389813
534397
124140
914195
320979
404217
991882
4286
326510
996806
127942
118275
733440
299563
307519
980495
299511
100360
624489
63423
226741
445804
845461
774735
756593
525716
857384
53466
606906
989697
393389
26317
226972
691508
387143
930348
66651
60425
629695
258304
320156
897134
454396
244956
138660
481534
821328
153483
870903
951038
179246
323929
766626
639154
439930
921658
871061
871773
178937
483290
356456
918484
254568
928961
573630
82366
561000
764066
373447
793130
395734
570369
792607
953037
944633
636416
228500
83991
682645
230724
504901
763568
853916
648456
368805
436692
907716
264574
308703
313096
641652
806621
174292
332599
826839
829772
99135
887342
11219
736361
818234
627889
805396
369910
703833
753528
14722
215008
209012
976713
524817
387694
823619
989491
557814
506371
686305
517348
169143
327503
448435
394856
346331
423960
644898
552254
562241
114465
127940
80921
63309
241268
284568
6000
893309
375633
162608
13058
262297
535539
405609
166186
166153
849211
753750
815002
737217
622524
866939
622711
441495
188898
418229
295697
553460
783487
422647
770813
75369
197619
317103
120081
220825
494776
884615
29564
79252
56520
341639
390143
915909
382251
689623
407756
373441
387168
18850
134329
455743
259239
591639
276833
492647
954601
595273
274712
500035
341573
185270
197640
159506
510009
431525
314541
445435
879976
582056
735209
859423
679565
318337
387140
781831
237437
106721
121860
17084
942034
116620
396005
727798
285562
299160
274806
852588
688474
797651
913872
330058
135008
372676
728755
97985
317092
56842
38910
724472
597562
584866
523851
940960
235158
896260
949093
364773
650908
449004
94503
6848
750212
686518
874546
304745
586279
18850
165578
626538
542504
14392
668813
37135
739457
289413
952530
594362
848873
926403
12250
700499
879839
439062
4661
816284
727190
319475
823605
133218
964733
839643
801927
619215
398954
231557
265971
197789
421730
873434
765168
331365
769735
310682
182372
324501
937759
796252
585080
546880
6205
604146
583061
170128
189966
859627
125885
584470
759042
65714
874504
925954
135060
679443
748473
670766
517944
197726
159676
391956
447521
509988
566014
268193
158700
75230
939177
542561
807148
77998
757051
859993
665874
330621
950850
128499
919289
327811
268918
925012
837132
852580
869106
856074
196629
958776
363217
952353
816674
571107
834145
689236
332182
331747
594951
852897
416073
704425
715695
543861
836445
967710
762797
165575
660254
806662
360437
970433
873685
811138
465715
187800
682922
951471
219272
519677
406131
644012
295330
91051
758493
218170
994423
932129
485685
239868
330846
64554
552596
432413
854986
131927
691109
765392
595555
97551
937492
493043
880003
47933
585045
413325
128522
668199
197070
518326
483486
669343
60962
749462
399042
254674
678555
678341
833426
454461
320499
528850
358296
335424
86399
663391
238799
878475
910137
129450
10418
443509
618280
462246
86463
220843
182830
532423
517389
63749
366638
846557
535303
643252
480472
98264
51908
604184
440338
379626
387844
76142
205252
259210
826250
624295
896768
482516
731537
148947
185421
946253
889644
333372
592911
733509
818237
214800
90772
916181
654609
534197
824445
87752
460119
775425
629895
285142
711739
719490
503349
692043
479524
965431
950940
12743
479174
284194
182730
152670
805220
816565
154708
952351
619430
305065
269627
127282
253586
652206
479866
872795
846122
910461
965935
378203
987490
561609
874083
197301
774141
256787
209272
305998
722499
372189
924334
379758
493153
211574
817362
757155
505501
348212
260675
105860
605492
472640
895970
635667
768913
177931
317590
764412
846060
88671
136440
14970
847998
355344
21090
351641
152348
513873
283087
742806
115511
614179
242991
959714
466287
789863
192458
279173
147727
997077
123598
259552
578089
538693
645879
279563
442767
421547
787865
139676
46507
605856
826893
456009
953084
754267
848374
724709
674030
776062
618031
895814
445460
417996
146515
577480
148612
114489
393512
56170
33935
850778
980136
164885
388699
778428
181678
547197
823455
472528
823610
730784
277691
786244
38049
402540
662962
549292
951572
529790
716741
602783
340938
318148
498349
996703
285901
463939
391732
430512
963166
892980
154608
600713
603014
261386
530717
129640
949115
286671
538582
741056
944619
56876
698800
134606
653159
189127
877491
364042
141295
257799
660342
345720
579670
122803
695638
547485
352658
717624
288914
982543
478626
680649
976774
3366
319516
764257
315330
574479
12690
598116
971975
750014
691680
859235
717469
816579
364693
321406
535252
824438
580732
345188
29013
607629
59974
433143
119843
453324
76949
181642
953140
462811
168487
190412
347686
677299
27229
471934
607904
78066
722151
310688
396998
443407
45903
175530
98008
836967
707614
190710
648168
967606
536686
105659
581046
383649
339022
641971
285673
322927
49163
150686
165484
969624
892577
791584
321315
592118
792254
519046
383049
498776
173999
459174
79144
778806
698986
278564
32883
272318
646711
518097
129859
148237
322363
641709
826605
339513
966498
122893
914876
963595
426856
427928
596048
465866
193925
540843
714898
827698
411955
267549
676690
408196
184029
149212
384064
901623
439525
155958
435652
881356
237778
589748
708602
184255
337237
216225
787597
26969
216950
750248
489327
898018
883360
244699
797106
329652
550213
352016
490182
25387
560175
110566
971280
497209
538533
651045
436643
701526
939318
436099
131741
89812
326501
476483
568608
65360
913136
924024
603756
883269
233343
936744
709718
42938
572582
46411
866919
855964
409943
864307
446484
207590
995111
479813
945301
211900
207483
300133
654692
270808
492175
855024
819731
353115
870242
175459
141322
737349
642946
954265
119196
135168
807279
832497
797894
800919
851823
657614
853059
334084
846318
776567
189391
740262
767887
216671
623222
720849
352723
77248
899095
843008
799908
136864
544954
24293
781183
834102
141387
161889
31868
54693
773043
454287
505020
205287
188434
379387
308206
731525
375450
206833
865021
265538
443979
532975
944730
244952
922439
465084
781793
544474
982225
666194
678123
898872
681958
501622
359663
700001
105464
804905
114965
168515
627139
582390
979225
482222
31182
522796
706648
160470
858112
93030
42299
66359
676381
127174
911613
927443
149723
424960
811226
977047
825509
774738
776469
35420
625515
397842
281574
251145
371940
916767
560767
273109
763233
158969
110138
760042
664783
922989
823201
705381
209545
571625
235161
22586
379992
309422
741547
854965
796552
264034
862896
302043
877160
728453
186009
61167
23197
505468
659609
633872
530787
822857
995887
744191
882658
2396
816147
722111
286696
559042
971004
684309
850185
214588
7436
814831
898960
227307
980825
868257
283937
993638
149721
265610
342573
282926
191849
449557
971216
267321
723962
84955
118090
875114
946521
150758
275480
142434
210137
942289
208686
780720
607838
265547
835668
512292
775113
93498
883610
30337
628731
348860
136953
481744
545352
923400
60424
478161
782074
479539
562519
559501
446079
824911
976940
93831
66352
928302
443096
306320
908862
481028
759732
772346
505467
336106
843517
884132
700227
986367
570569
882677
987141
873641
977958
96996
961457
777785
609678
207475
334656
528557
234632
946875
396315
419086
830301
274211
817833
966458
122997
90794
720824
64572
225359
629476
98695
654679
673882
196098
591469
330402
407410
213449
252650
589261
14906
647973
72521
336385
323922
139287
93358
873766
855285
800073
511938
995518
487538
364930
21623
140334
417925
685812
487162
909213
16146
626675
330805
769269
195453
298176
716861
729351
469288
175364
913183
433931
282954
6680
450114
801029
791337
700929
337977
906818
353076
368633
517288
577729
779263
409576
441167
272623
359899
637042
202936
677707
839953
803753
711417
448233
740027
650467
204903
146258
671040
889959
370775
628168
479274
412801
913874
596263
360102
317237
761812
987686
20503
199312
417793
659837
125846
145626
104613
6689
160395
356263
971302
629803
586977
357580
903433
359639
425897
936431
96157
929319
771277
352120
983304
12839
453038
527588
69932
93708
96733
292920
608885
581238
682163
961490
64385
929301
285198
100890
694573
561383
248232
56088
558200
806815
702165
385056
358871
649569
511641
634024
179541
85226
204643
801082
234275
41741
386730
201220
935235
208664
298915
949709
985677
549205
698844
232194
693661
297388
283256
543727
224282
462246
575367
367177
361699
926668
852225
431655
712727
383214
195104
802897
995393
633023
673367
5425
837919
784990
534514
989799
585806
159856
977611
858232
481683
273960
869478
171878
701960
11880
72810
799898
265249
154433
194045
510590
596314
443799
563642
227623
127615
270432
795602
149616
976087
263947
116028
661730
5038
521533
684634
836751
185214
3318
762858
324670
899065
454034
70885
512640
297078
561132
276920
390497
912245
559325
134556
87226
114000
156002
508116
458659
331009
933979
446722
923399
851530
506928
886567
707216
95109
244366
244278
471168
873480
492943
426003
488481
840180
633336
279021
84373
900251
693084
209716
667335
332491
512861
972601
455106
636347
525202
922530
142496
119633
749636
819526
508122
192206
69267
826859
680639
461847
918390
950361
552320
454433
166112
243866
256680
887863
983869
426129
686056
458475
258331
949109
203984
601239
729318
311720
174682
656143
126924
192696
425505
203621
843455
676465
361199
733463
519449
582236
513523
234073
618265
784537
47441
688763
174219
495700
718356
610872
305798
123047
298751
474394
586383
784972
102529
539788
966939
373565
591046
168382
715570
375402
697770
386991
726319
906646
165064
255578
406756
196111
951409
642879
739034
416008
290297
672972
403702
834772
879403
711144
764663
602945
839964
946525
235035
588431
670429
872607
915233
470540
451466
37949
902058
113165
866559
506147
889401
686155
390954
794121
10457
111063
307324
931260
799326
495739
723961
856711
309251
727343
73712
512574
394994
144693
194308
543398
338339
589330
496744
903236
702364
200745
627113
262145
578070
872821
209893
417271
749504
309026
977177
438810
172957
867273
812568
777349
284616
798598
971544
760480
684696
831672
14695
526188
210270
201301
203771
688043
647819
205607
865766
25647
575151
976231
936
837181
338204
544116
257694
127260
908137
757744
354265
880896
180754
658360
528650
718350
468605
380414
9369
200908
884439
444420
588692
873191
275485
491638
97796
843679
335799
568293
20956
107219
780926
175452
328907
35876
132382
943905
736689
457225
793175
42505
329901
679855
213021
682680
496789
186187
405472
517557
119039
314493
146086
305318
255996
333474
222547
764524
719461
226102
524683
229213
897101
485156
556590
308890
332822
838381
596034
647629
542879
816816
745071
116482
575451
664155
968803
286622
291965
994799
769430
563328
7375
507177
429031
18290
677410
670226
793701
75147
289568
815397
833067
629733
637373
572888
384931
678071
184716
192329
832555
177358
359534
158278
707668
108909
103077
502265
632903
387005
167366
471854
479618
815794
770637
718723
158016
412605
79242
194475
376823
282919
483194
114462
393083
555985
964145
694369
809088
47749
804594
360621
69756
647928
270049
943231
657899
748638
828111
603963
765676
267242
439861
493054
688649
557153
830397
678335
162516
873306
262073
991264
405228
349076
946038
788631
819167
485940
563627
528371
30633
909593
615180
843918
284955
638814
401852
707406
992919
974699
89311
512023
400696
136248
341965
677201
392974
268064
393570
475089
906630
193437
184434
451174
945577
117350
155930
633859
582651
439330
160754
264324
65795
628231
913758
645470
56875
40468
277764
285288
558013
737319
221655
722304
517261
930300
787794
549275
21366
431746
335041
472429
431164
911899
451897
914417
535825
279921
854952
295189
886835
170352
640583
884486
168946
825955
864556
241491
484303
675438
969467
632704
926272
84069
701501
994218
400657
41160
219977
733458
710628
62109
88094
151943
200665
140392
348371
685684
243977
277384
114149
928260
464235
346865
859952
575917
814233
68033
559161
861152
364269
926657
671016
178507
57413
338363
278867
442441
664679
738099
435956
244968
461309
821635
408381
399316
15489
392342
27522
161572
976884
933057
616021
963905
874311
588729
22000
948655
526237
655861
115722
406713
338856
42401
427276
290557
241072
595771
616669
798865
358130
934414
848090
779153
431589
281545
694753
490631
861528
286460
508044
714293
944439
537646
53244
979329
141612
558045
773643
703806
170657
531411
42403
330451
883300
964769
249709
950666
33700
410811
47905
488503
570072
811375
886652
517634
758335
386179
347152
684372
406722
30251
698229
786074
20981
700964
163421
123321
508860
810416
767813
656910
544970
27886
443400
537248
164613
965653
616014
863973
898182
121677
258017
613997
668092
623146
673120
513455
934575
477894
321612
481071
304418
185
871551
772552
647635
6839
978173
859
948700
279879
14051
792980
108987
280732
70972
243990
872303
60946
160883
842691
902457
430854
52514
499369
649794
391826
483529
44236
197787
591588
951258
488652
790686
167225
909936
535091
631860
598587
159200
373405
306737
910389
726568
29636
433625
648367
252741
413672
886918
10219
717920
591575
990049
721786
147880
593310
480141
397947
933051
642444
990948
211633
578877
373663
539417
266176
226955
734798
520637
985924
32330
122354
784989
535439
444313
175442
658760
531645
566885
662665
273518
931124
167130
767766
924067
566013
531383
317248
574723
979322
336186
995556
918064
880195
677499
65373
647863
130529
909653
762766
838161
298790
741246
60879
893125
936935
517688
14577
832811
366552
7072
128240
309195
433858
149924
573172
835811
900963
197010
920132
301575
59938
500747
6984
903267
300653
429718
914936
625244
320177
409489
73767
27989
762613
648258
557990
903630
988692
514443
37654
294118
564693
829884
940046
253761
82920
7939
392292
283332
463616
195582
663516
145277
601671
17585
308651
648160
677955
860435
205542
930028
45443
680835
83468
547117
136837
240280
10988
192986
560936
573973
364277
221470
979848
408315
619160
121780
248123
105721
642460
78123
378471
315711
111486
856905
720638
49520
352578
325452
619480
781174
584922
895819
671403
188719
854642
311676
793129
281861
64726
570447
574839
870107
311745
906295
387717
702371
499331
230472
217486
893580
636813
556347
583150
242457
718172
233551
759067
681421
601280
250698
821889
804162
201672
885790
100286
880474
26764
294566
887671
120588
744663
41871
269013
316640
671855
194004
40800
350198
690241
814369
830198
837951
45230
585497
761127
346831
905644
916403
505456
605963
584602
626815
220371
364221
607333
672199
381327
124742
952848
827536
624065
690483
820387
528448
583319
315944
535730
516185
138349
892664
513928
768675
371462
157335
80561
113704
177512
305831
635617
432857
853908
534062
702532
266702
407520
97833
35235
142571
2483
999929
14256
767774
544925
987900
533870
569540
754640
103159
441215
706411
469567
389551
901451
41138
307538
843991
21194
290957
603715
516835
857071
995557
644440
908283
378098
454044
227197
713675
26872
714606
475005
131767
240864
270835
946781
957996
656300
398657
579029
329682
519242
374190
390124
914461
426239
250739
544303
491203
171503
296492
497997
760776
865931
225339
909778
759156
374487
716813
376382
965606
533142
77748
50818
429379
592853
329972
872726
271943
811538
68953
885817
562363
446407
578885
553670
408647
199574
758664
813424
471711
158610
254440
889370
176025
802279
761920
884886
348127
142120
869764
763767
339136
846771
127138
896276
625185
547843
568964
228380
547408
193554
919154
678097
701881
945577
512725
394915
217329
370053
580566
680170
856304
921768
594021
935614
931996
798009
438742
775798
665984
551960
806117
72572
454811
878786
740570
300618
7637
251550
285000
377475
427084
485090
154415
838000
735053
27301
129
884053
279263
583297
783810
195183
781689
299684
825032
766413
344275
843764
90850
389320
5337
920412
623637
687649
799548
364280
198785
660917
343331
653657
97891
442527
518720
268405
636788
243626
308221
811950
555182
614513
286228
947517
111534
520726
911358
277755
561652
935195
558659
404428
25032
587424
388592
805992
532600
702905
945959
961287
30524
345131
344784
10985
78266
117828
422125
88191
888740
319956
765388
674425
739071
547595
463061
57453
706175
462513
960195
669728
510607
737852
258480
590389
795948
406289
266184
581232
98161
613146
746784
180837
984557
619072
138271
539393
802224
573061
905114
908468
338981
936001
7422
773370
42969
188536
546534
426053
27098
263444
763021
622793
223994
492995
875421
208163
906163
196271
325030
325415
682852
86230
50026
210116
295674
902407
499349
334870
434026
967352
715466
385160
650522
899462
750616
582820
489119
321353
253963
490873
253217
335635
923231
975336
267419
787206
307280
785035
263103
812047
247116
427137
288886
968707
742026
632218
822917
768468
702900
992412
284299
21232
90880
467248
454567
117750
122653
292012
469942
756885
787144
191742
75962
254339
554429
438129
767254
263575
270027
538463
494517
405444
512896
154868
633291
339059
958404
104410
769204
658620
140866
494086
781816
166336
421313
748191
3120
552741
657937
560454
723586
123247
636704
345158
879111
853688
954988
759002
209678
728076
607763
319509
53562
137635
89414
708402
524742
827131
8476
671352
305897
856786
521795
213129
84308
334781
27537
276744
841881
162024
663032
788325
383973
636779
258264
269831
243566
871749
539119
482005
200616
799223
589803
853856
182384
141183
843104
434544
571340
399407
565653
782121
909578
145834
452537
801689
4740
777211
92083
987233
401861
215634
465111
225790
330822
948124
434548
725300
420753
213758
602762
337238
91911
39085
812825
669428
247101
852397
124756
941921
641024
90339
505909
942175
472953
371289
372842
645546
60268
971471
320877
654622
931418
631992
481457
48581
163207
936088
287288
3585
647318
411831
895041
741522
823120
464066
606495
223493
735043
979071
693605
380026
136583
454251
528574
872912
644316
457971
551961
686127
803951
76299
142785
501745
190395
591213
270090
207086
309580
609329
229799
915682
428448
121093
991833
864317
309414
569738
978754
167304
303272
67468
911704
166447
539652
159515
941557
986031
6549
981130
987210
293148
442674
671876
672564
749583
673996
298438
819687
503340
343099
439484
700166
832972
15314
779580
991253
837195
45102
833561
31878
359279
940302
992101
466735
780211
318364
721543
679837
267376
419274
739572
168322
151719
607000
201997
760777
368749
147826
410069
304266
630835
466101
351182
318745
205233
531026
853615
527609
463151
122443
84483
983598
564784
146395
626528
208496
68731
38578
378051
586492
573703
749598
203397
841860
422082
890885
964732
741702
290366
941583
126385
658938
540345
167200
496313
728164
198983
807043
665202
41866
232990
145954
932188
724416
871742
776113
18705
350303
653563
355115
135842
828884
757160
184245
159952
739540
142754
641438
772004
751853
752758
743240
12459
620408
964784
531168
365074
988459
616193
122824
935705
985035
645323
882135
128631
783742
178381
801334
100171
235006
882470
722923
410810
577386
620935
544754
587241
110390
939002
904071
445080
360963
689289
831745
485465
6794
492108
688728
132205
105649
580499
433927
395194
630912
931756
419149
858410
995757
560337
867341
899810
113107
102321
439189
872157
401025
480601
667707
758245
896687
745791
199459
822382
642764
186603
326558
899471
462195
895362
49965
725533
82747
987441
372515
879142
919853
602034
545576
961415
508689
677182
703961
4011
354657
838031
19853
396192
925663
778641
624499
670807
99266
483237
488599
341560
623628
533072
744899
911072
538679
108870
546818
227832
169613
173135
703616
850547
977303
878036
90061
247843
559213
960201
813440
325177
255020
677878
292600
224343
45574
886435
202366
577620
302964
779231
871558
199307
687366
788589
222997
507936
210330
847116
691900
66385
569835
445090
168258
983489
915012
94496
614675
975814
421348
46053
632992
659961
384984
307898
648982
77435
57539
159552
907183
5895
62818
957973
634492
325183
977269
430582
605604
142945
902471
228158
888699
379160
151580
684237
706814
332335
395319
751876
705449
512672
276165
452460
426741
380811
944105
646390
1585
951362
437605
709021
284860
912641
253793
102056
723613
325435
285148
182091
19775
461199
569260
464045
291340
431898
293043
450117
607524
141542
72928
857565
18682
10623
89759
958393
570379
814502
736479
282705
586940
729887
291005
809017
395856
645733
790354
760289
364995
824894
429846
322873
359685
271465
812079
264941
300310
26035
606618
439566
963322
19176
945140
508880
977818
676071
769446
930544
850423
706511
166315
74542
566859
745749
767744
682168
46398
486456
252967
648231
775298
897931
453463
181282
911435
231153
11395
246432
541038
876456
192709
347980
782037
697787
505895
670913
417117
801435
662222
499380
649420
929353
899012
226417
77362
67626
919776
625086
968731
919484
358996
19996
527597
294632
203795
361195
376997
742893
838941
656557
872488
528636
65640
216867
474121
441379
175341
154195
127190
701665
400780
707755
58591
691416
34652
764224
458884
68320
675859
46511
889722
174135
69903
910372
298010
880343
885951
616761
21413
776992
521072
296374
63704
516789
795384
255799
11752
770851
745593
909547
685659
412410
887058
96312
269571
728640
507688
180668
203607
353595
680268
828655
761519
732973
971081
270692
88476
707805
40653
67566
388257
867791
421234
776671
901778
949781
655143
309420
219016
995006
970047
153004
994623
186029
507990
885759
241804
671814
225692
509772
819581
211713
475583
368034
870287
738912
378745
165440
92678
790717
756467
397936
292461
123837
108500
911117
505770
357857
180139
293094
549437
92731
750645
906043
972437
298301
5131
308516
165391
586028
81451
990481
288076
456308
163809
455852
557933
304278
137681
993435
103534
928125
374116
76513
799644
477358
810637
151204
457588
967132
363063
535241
125402
302619
854221
431291
50418
71213
641893
922763
264991
365625
253194
773810
594326
437145
313444
386929
691102
881874
178758
573529
47462
746591
261204
880103
129986
496614
836879
321159
73412
718540
744383
22905
846707
710948
390332
305553
791147
239170
893848
43160
882832
399406
632876
670033
982320
666228
344894
359126
4789
341785
283660
287584
576579
440360
177143
503204
515892
306730
770767
9115
688301
714547
557559
939547
564765
867225
170997
199009
729938
14912
502040
768432
902775
280657
320582
972114
799342
324361
743585
68605
513350
273709
93014
186065
722265
565788
643074
635326
435141
204220
763520
62019
950533
959382
383571
236881
456747
45246
380973
644558
952380
531563
598426
543861
355368
16357
599820
253786
31844
899420
751427
661003
312486
995028
321753
634578
253820
115518
103
764248
314186
281891
113816
834916
63710
428921
827656
917184
916338
15384
228056
513340
895037
984390
612561
320652
11126
830254
462578
243852
496486
476144
271511
362084
932264
104530
668808
792199
353216
65171
923484
257749
123286
812832
751880
27617
751182
597600
123593
931404
128068
331562
158633
480400
333161
115990
766768
315609
122101
268913
262443
355021
558984
870218
800210
947949
179233
389033
32152
245203
740217
330591
526996
105883
958141
644793
722567
243039
455655
66062
858313
689626
289080
325688
831253
745582
9812
368479
385261
785920
20857
548785
655851
994625
704349
446574
703334
927432
13220
308383
352765
21659
80891
34086
119491
327245
964308
255537
990983
231041
810174
874760
591358
252748
834592
453254
975568
260921
131857
542629
824444
436966
580311
140850
933032
275147
602235
36703
807113
982299
749701
767927
313003
630594
617562
344748
871773
166607
797166
982092
279805
206764
991463
271122
561947
169224
892560
379097
591053
500693
860214
411436
602703
394285
851107
79928
88020
892176
794740
769123
431341
734088
976729
920309
82133
547437
311081
595060
266455
891141
842912
747471
131036
501635
213814
129968
839957
829488
742044
577844
514753
614055
314134
938743
216795
194106
108912
609672
598500
402163
657310
933436
868168
219700
281076
287454
948976
691328
688190
259012
876387
894354
622269
608445
581209
707115
7231
89126
80862
210730
17113
380188
747039
793299
373508
517707
223125
501554
144658
454117
624587
700312
982091
692143
41421
562820
74472
42677
34415
446814
135787
49886
893367
333212
824409
186330
577384
602055
381397
527607
110124
943128
398107
795475
309917
90108
642389
650796
391152
651191
931997
973971
884734
414628
23696
440511
775088
132059
843531
449470
956423
546603
900293
617927
665286
720134
556297
886122
490236
703612
643086
840744
758706
766432
532085
649311
732525
160007
210526
878558
154400
562414
955942
916759
885169
983739
10817
367026
824102
215068
918001
460414
895084
80460
468513
465794
754628
466420
222240
227570
818890
52718
968573
721405
913571
20580
956987
13827
69187
644119
961649
920996
682649
993532
500481
568052
891863
69120
989426
858122
703585
113965
760813
570872
675537
332453
398865
529300
685285
798794
167923
768373
992838
41344
440181
541946
368373
297738
254977
18372
675476
675345
294243
649475
735375
523523
695489
496558
256037
749208
33719
390924
640151
371184
162003
349168
414443
260697
756138
296066
596253
209132
372885
557559
12771
539734
576204
840354
470876
193780
209500
789348
353300
538200
323656
852991
587318
937897
744634
733001
449487
596967
468516
917436
674491
482059
19832
58026
922734
838156
611072
203918
583649
375422
489242
926269
992278
130837
841300
423483
341642
221192
675168
548457
319415
805905
594804
253212
800707
956688
625153
993802
420744
375823
361293
704030
238849
90657
58479
83307
384461
872419
725223
158972
113123
452388
412503
161545
87507
62945
879202
927303
602037
952233
967712
513047
608368
729247
629051
313886
971496
268446
517673
822196
242821
684471
476614
113333
631069
639637
34828
519414
177469
980866
620786
169938
375321
316994
551455
550242
942157
211421
431562
223178
706191
94587
999472
216496
717108
619047
14384
782664
936731
775542
28038
872267
49082
416257
631010
390470
316355
765005
463588
333071
486514
266828
999223
200210
424310
896188
891783
273225
971385
987566
175328
117642
487950
928097
869541
499898
651318
447693
976937
641759
955919
439803
204589
463252
744346
774993
961207
908053
641959
366892
249739
879994
639967
765606
930376
103489
644590
253303
46178
702404
546571
674807
697208
930889
606117
739393
683090
891064
860588
927924
848632
143847
222713
626899
412849
440273
520474
432396
429271
382822
510398
523350
519187
967228
559097
624179
4859
260835
419317
789397
228997
64406
51702
32157
772198
885132
139272
937726
472523
851054
444487
294336
16179
805860
448715
18337
940263
207241
630830
143830
51799
936573
720315
145583
644179
719320
610804
501720
126114
850299
937792
785019
119299
925315
585903
70275
40829
338967
497132
783164
216997
695457
731134
692950
380652
102490
810298
251144
491042
33469
485577
472978
620747
423069
396690
861722
499612
473810
540227
187448
880211
785295
844417
958797
648432
656527
661482
513038
212499
929710
30531
345055
414707
899540
290179
142682
134904
405004
869435
412590
862006
146931
456800
7524
664647
853963
735863
772861
593988
95023
257755
471992
930848
867297
223150
431856
806817
205311
809754
817249
281979
947285
408899
458379
917066
758027
605707
39471
731435
750591
890241
778934
90296
970414
684327
618353
130399
574347
94622
790459
751391
670002
124144
268795
122910
894710
423418
741766
793513
199318
149684
74081
886472
165135
343518
943076
184829
265227
863433
944889
4569
955127
744000
540036
200316
758770
813393
856925
494759
766241
492219
427768
668095
204511
286261
407270
545825
665938
574361
582452
570524
970265
668076
821489
479631
869985
882058
886670
420576
382487
332402
786589
581206
294839
13676
702588
938900
379075
380179
749003
727219
472784
5507
238040
667387
250234
929183
741404
723709
487672
718527
338911
956111
42378
273269
771062
162469
930383
696059
91757
992328
42355
730170
375935
478582
760325
817721
913794
691479
295654
743648
308320
297047
983069
478888
59583
198180
401224
480802
413762
961542
930221
823200
184361
508373
794735
815108
478548
43804
965980
906979
201253
282569
507363
444117
755714
310733
748643
800667
496378
255638
475998
436334
864831
900902
933900
258208
973009
48208
819660
863601
885884
105551
55350
542001
4919
980547
137419
943820
412462
94089
621006
807095
308634
893813
112684
56374
446795
427247
425878
843015
18503
926503
887087
192238
727373
718262
543265
75934
130738
333715
598154
600833
222189
590446
120084
468580
919406
82924
525091
65986
999080
947008
938471
249772
474864
697826
134481
208530
106621
980847
462370
3312
878799
825053
716382
393687
595501
420121
109792
123798
200583
720063
184071
584326
558521
933557
73166
9775
77616
202021
918970
394138
483751
841621
740460
385524
599499
306788
107542
351708
857725
959971
922058
983306
589813
87309
92014
162587
756676
287269
258380
145917
263346
386155
91334
114931
824197
835962
494758
169093
184547
138945
890004
289672
284943
28635
272673
67461
165775
322702
981183
385481
257006
215581
106259
537865
43870
845514
200611
354287
679797
16428
837354
268421
742744
670696
641547
571901
779509
894031
975970
178586
8746
92436
899381
666687
779075
702760
240585
86162
921632
492404
462801
18637
320565
903922
420738
826209
346540
972073
904322
810310
714213
21507
561790
914980
822045
593100
156122
936663
45100
434313
876228
877539
492712
308275
752930
558324
930920
431887
109865
8528
852963
287979
748751
600539
640246
407159
909784
224262
796036
713597
49805
350166
832247
135294
922828
360716
958437
925419
14200
912822
192079
246268
938704
939538
585795
424305
971229
972954
452897
177763
314757
591345
707258
745606
90046
256104
719252
251710
68316
12909
913866
505946
465738
538384
411792
159089
195991
372019
753301
720664
677928
867854
791297
249021
898060
977181
228189
900067
46189
716646
777234
715386
345185
537194
260426
729818
32800
393256
752307
406364
935440
560072
6946
195733
234045
419563
480660
394544
329956
582860
567375
392167
165294
985491
392551
277982
462586
815286
671900
756508
580627
54540
7969
774694
29249
857776
35895
103354
722427
964942
173944
61733
564154
25869
330032
508225
264104
734297
746278
474383
385271
375244
361016
118508
941263
592632
495652
936307
641503
805267
272931
433008
281621
371200
267567
966524
308904
775798
381350
609850
202706
234447
167687
436652
59932
299951
943129
856307
42577
717583
309162
593569
755412
528869
377461
512060
289166
180594
98589
631634
512063
660839
300310
307316
836854
186229
23395
914512
309148
489008
997753
858351
811306
778911
459715
967815
191674
76386
842175
428542
202555
25280
292549
300988
232127
825869
502120
514987
518639
346164
623093
965070
978974
982055
20120
849147
128378
652512
710687
269366
155103
152658
244246
922540
184645
898033
942608
526345
440730
840603
46343
69238
719275
432353
737563
913586
493371
457462
915830
428044
202870
198067
802833
50746
293759
202565
57999
116570
911142
311604
433479
412738
344245
626000
477087
9093
679337
293690
779795
919493
171326
183180
474965
470320
539620
437158
185615
105497
148109
483798
554948
846707
350504
683235
243348
507756
50088
708854
258654
755236
279869
495270
412992
461704
703012
953567
164474
322511
82842
703790
758320
197265
304492
672875
519438
187903
223722
539394
787974
635971
720057
899488
283636
762805
926984
509304
650275
448054
618907
964463
471017
758637
502595
369706
30317
60956
382190
159537
937289
450014
609882
356096
991498
982527
949861
154602
150036
454328
602113
358699
906339
252293
541123
399496
840300
860901
375962
921509
892834
202158
896028
773475
895828
378378
289724
658611
649267
410194
600216
711484
448434
41029
704431
180069
98822
638756
671792
475839
234061
749486
961325
8658
305995
182451
714607
201667
561615
110999
104611
43102
768308
393638
38577
548998
162627
762766
397037
41654
935414
530173
778086
329907
331607
261464
741916
485840
572231
173844
713360
605277
610907
716661
597875
827822
905377
286433
439040
536899
397056
105056
838181
102873
405565
849523
546588
655500
649050
163662
115161
199079
569753
992883
454876
983498
772446
804203
889830
950263
201394
170852
338312
794361
672804
935778
998806
333425
20106
477155
885435
843134
53861
75348
422118
258888
533090
892201
817122
370601
915069
969757
642052
466297
876800
79686
111229
713845
179113
125331
933968
971979
103594
683750
32797
614725
120714
812232
521435
884943
196137
22029
467876
881703
628704
271109
107882
727584
451463
369116
10823
338962
994000
308111
727475
265441
912720
632523
257103
580457
112414
524004
779422
268163
427092
94702
923155
940407
611443
519356
954372
413758
53731
310387
151166
270066
271703
402569
253619
607188
608719
162080
423695
161977
151287
341305
429416
146899
886125
718614
492884
566040
249952
775089
917204
3793
560979
903634
602541
420417
227073
540113
708567
84656
204187
501544
184527
355155
337133
25012
894087
941081
625438
787208
138622
28628
114518
747310
429930
378882
653370
53627
703952
503992
995347
343822
983862
97194
18508
995685
42801
830681
737498
615259
889624
474393
693750
475202
290585
954046
501062
441177
856233
926435
373658
670698
247511
900374
222161
960387
11962
441315
415708
721998
843081
515196
285018
284048
901193
58114
441379
357306
45985
432690
750688
454255
516489
976431
552983
375059
345825
631463
561925
576396
711326
526309
825636
900761
771423
802611
559884
398475
693726
904234
39990
41251
362625
434328
40027
685770
43536
387596
146683
786599
617602
211520
107001
787233
72368
559204
226147
291249
549035
484867
560848
404770
240041
579860
767138
139048
733082
637471
81004
98778
876889
243210
162989
468750
587390
712768
102905
740880
985168
739325
860216
986878
43031
636920
193928
663363
136592
70700
269566
117742
983098
858821
970442
217262
283150
348708
502584
40940
894667
103183
518291
339845
250415
555640
370212
939875
835393
474536
564824
38071
824331
962888
959743
752597
336614
754700
988529
122987
544941
707260
413643
32223
213844
338017
530391
88005
72465
594120
39178
351674
824
651125
959782
57376
757284
665000
511168
797686
61073
303557
446940
246994
472903
941218
453684
891326
812145
350258
536663
567085
983756
414216
763054
634584
863995
702283
373531
633466
914679
606709
811962
27684
530339
65799
183241
893693
636989
224077
318052
670362
599217
347465
837481
711478
235272
924415
920698
917966
156861
958748
127200
565916
145200
836292
524109
224237
60660
709303
380474
937121
420867
152479
273391
902975
142353
533432
138273
910130
194429
75356
611829
521892
980388
185450
833955
333878
607568
945170
184693
837849
979662
881984
419375
365004
767261
330659
255817
219698
923330
806617
341080
250639
56185
18553
121931
576927
180294
817148
703440
514835
611881
192136
582806
487017
396143
398171
908398
401190
947877
926801
499787
251123
542696
568337
814184
732178
849368
13402
164488
782395
572587
638630
860825
958679
267933
377144
329778
199960
550213
51591
460219
569843
840195
909511
985644
10235
686678
385360
724910
251355
46666
774765
470685
160496
803662
64772
164463
600065
203684
319581
536494
451932
917681
581008
41313
771150
384756
781903
875017
578750
427923
513294
938183
615462
827409
670667
278043
736367
945564
532669
184007
717801
790211
742557
352209
354980
223237
217419
859816
533293
51205
629407
18334
116392
161049
488333
905684
80967
577857
564276
723827
48484
536756
43203
360662
339329
597654
513992
510341
90713
745031
528087
566429
126754
404117
617555
280459
176866
366865
75100
184823
442091
698815
957077
165693
895989
48999
952784
598166
712790
691464
84249
935381
279136
606956
412252
116366
195479
634775
239027
904081
872397
429273
994896
387412
458332
208067
344772
268654
864704
722614
8681
986688
185999
613975
509490
356142
943509
224862
841485
295819
771856
69902
773554
278419
881477
954751
986252
542161
719037
796119
215104
116065
759327
995607
372318
252304
994987
499729
921507
69215
246800
960568
353512
296039
874923
965903
85611
938134
158110
975492
344889
90647
818376
221206
771636
159824
783590
243056
653958
268293
441862
432922
254371
576922
440803
76357
498228
4405
846306
466244
180837
513090
912616
244762
29324
28240
609366
375086
214900
645528
201442
498459
238406
773214
207443
510052
354067
744753
54296
943621
636225
874764
667334
557220
872783
96927
792557
959526
119430
390503
215893
94046
976830
2745
898202
52065
68746
317727
336225
867637
5569
379225
492534
111656
204138
750149
270852
236284
84547
421465
431664
366336
591022
175564
133522
699002
451961
128084
901456
841024
326024
469579
675417
302501
29665
580523
784123
559953
123284
965560
209186
70698
444485
770685
603118
918190
849495
477614
599023
710051
661239
228780
847488
357285
952386
715944
215357
744478
272660
97247
845218
501205
691310
539203
729793
912349
885059
667002
758367
508525
812511
225663
97388
259856
825141
949031
17246
930035
785923
250686
779305
647132
101156
987984
591453
760186
794162
577411
433435
144471
96277
108065
805429
212969
204973
805108
226018
936072
500888
825674
124442
147771
148832
31320
500564
484075
627268
769915
258650
228729
920865
770329
70853
109931
422653
37606
503963
833985
313201
650499
952769
522150
389040
66816
288414
590530
813688
150210
733007
121324
817299
164928
807168
175421
838154
945895
645165
640768
942759
698910
513206
486725
809830
968164
666712
350421
280440
352533
325006
48319
190195
378763
551683
971025
872217
693408
359282
735139
532994
65042
634268
914381
117545
413504
336357
243704
525329
972049
601420
112018
516754
509492
521029
558491
221700
27073
343413
67932
680454
847742
555337
318776
798892
970558
868084
562971
486083
570725
918403
223375
937665
644934
224286
611245
757838
953389
148317
907632
980905
215992
385156
252837
236921
348128
512733
464959
633329
725013
697776
85255
65502
321096
924642
620016
743888
49346
795752
801224
261666
399281
409318
974155
706984
297668
99496
896082
687925
173355
45115
789352
716294
312129
178665
120445
623439
548550
349904
865972
715359
105477
803934
54039
382642
809684
470124
5994
665043
222714
92595
930589
155308
486443
183535
860187
162988
583278
905806
698111
987859
681823
971669
955110
671069
735441
667152
441119
94216
682315
291508
24191
34756
725875
843091
996754
684855
3465
222074
40747
370474
122634
557162
610845
209235
244725
747698
812610
445375
666217
995173
272312
515612
356717
270717
737196
550688
906954
199884
269006
936474
554771
415451
675236
781267
879749
382433
812539
165408
7049
820001
603575
817927
946198
547937
447372
740364
55475
634946
637381
417751
932378
922369
729410
119939
869112
517257
670399
530693
154257
328562
496974
53559
306497
698778
454695
710592
978653
881502
266774
112034
773240
481014
686546
424736
853122
5483
983086
240650
657994
256757
710377
890406
702116
818101
691552
29501
265893
85579
775330
931455
465099
555925
59428
647060
492858
687621
231371
660544
97185
462174
813735
522737
270267
218891
468288
611688
412786
366428
384072
501890
322269
313565
64111
574434
591786
602325
979030
290877
418647
426584
636123
259394
579674
945225
339987
994276
818081
374832
382934
800261
70132
938804
452019
961536
451574
997173
896452
773587
424394
849480
266397
321256
514449
87760
706014
286974
651154
557557
873640
801081
688179
594052
275948
414978
908708
554403
918303
677340
716635
281839
141322
354309
7481
13876
543869
526789
377548
132936
644579
86
204910
280452
53105
398575
960394
524384
459129
404143
822270
389546
445787
454371
69724
866723
696090
423796
790219
567606
521740
973104
301707
421142
717035
92531
845206
348275
340234
288369
41697
85528
897761
608739
380930
805668
86857
330700
201963
514339
419907
630503
952212
419016
425522
916271
750007
266505
343657
661450
55733
382231
669023
145619
448406
339129
173055
876547
510126
149892
313116
673915
610394
110457
741634
591856
599274
399099
756391
444787
936921
481643
938433
950812
545527
358882
620977
897426
719847
590730
275549
19770
418820
811545
198619
833978
309471
810603
463176
390249
891620
349436
30137
774869
654491
69311
667593
712047
610698
101277
764178
81495
400631
787661
346551
316544
939722
353356
946141
185472
707409
791482
571193
337911
238494
824593
874628
55321
96523
129986
154572
894233
74590
98349
803684
281459
794503
366461
779452
609686
468550
273951
604107
717101
80425
792221
77608
743625
998451
406299
479672
627693
519833
418028
154114
101813
523174
303570
393759
106979
97598
217744
994637
327751
411967
337582
529442
173963
468483
943689
632669
559064
2434
233684
533208
84585
471765
829807
83162
432362
449749
136866
551305
322636
541986
537142
731452
728680
309503
403888
567918
83789
541979
610923
547599
722024
145899
466449
70581
173711
531698
270773
258673
171050
890466
384848
753404
584574
552604
842647
608591
880343
872788
473461
441041
278866
970640
971242
109611
603460
412559
480767
228024
941707
250374
367013
159064
608239
581061
755306
92964
819571
946297
106583
272699
326206
621002
633448
218107
826081
397669
830760
331084
82949
846036
642281
687702
380786
395080
177949
307730
347518
936441
938645
917886
45776
616036
368275
539370
704208
257587
505485
831536
336877
400891
641665
232129
956298
824031
496559
485337
293574
576337
573368
372884
563302
645817
545105
232283
723489
825710
931108
367415
159432
574497
843331
891078
813457
756761
506697
223946
530303
610712
502095
627870
778991
471069
378632
78341
703424
237315
747322
261083
209248
10567
134553
964333
587952
302503
529794
464996
705619
970981
28753
476636
453400
866154
875231
185299
842305
677704
334811
488956
434864
695448
115972
242291
281453
644418
8512
214604
264022
944091
951772
603652
70692
230889
607585
276505
826453
461825
517327
9013
654780
929617
515129
986117
184225
694330
12604
646889
133014
441557
466333
791108
450775
332567
214846
224562
137821
435535
377725
380057
224959
663756
926762
589337
736581
608795
643490
256477
484107
669229
939788
760723
80143
745624
733424
412856
822743
543220
104943
549196
764097
931302
24419
630053
496105
417721
272724
993760
504432
980008
130899
930802
486383
510328
671479
835292
416697
921794
250993
534077
427653
720974
616654
444673
6656
313179
474314
597751
985134
774652
176395
62977
211001
169372
454209
451301
602136
70114
321175
238336
443229
38511
797142
564249
791131
574980
220055
418323
530097
960257
929763
592893
431288
13129
892969
196100
936453
627969
955226
883080
941595
17654
586597
902411
116848
582238
88650
840902
838298
427958
418973
280086
109846
28939
35802
450579
808181
590805
287903
36417
467620
368829
911498
267488
284822
735296
879343
207198
826448
839339
346358
600685
66320
60230
437904
757742
158555
17613
340244
440524
264482
381593
127162
274662
148944
83102
521906
192996
224563
36109
100770
344171
353348
176794
381499
86635
22165
578584
659510
531797
307606
361472
290929
939754
683203
887056
356384
452591
848238
27216
613361
121597
227428
920687
51520
88565
914687
484300
794868
293200
5768
91026
886708
720276
63238
432187
291722
524514
44647
92085
828626
241196
371338
523745
710558
510853
983655
768440
2858
887889
44444
902152
228022
650907
906517
771933
161542
816453
349398
194875
779570
929306
599208
647110
969002
921472
857182
8516
605258
999817
913730
749819
450070
418280
232161
443637
768402
740480
176624
429794
441345
677784
849626
202780
580600
491371
981607
912453
889373
7645
491146
699212
303425
755335
887943
202959
750936
554099
751871
711451
99601
233763
424089
502670
793942
437388
722895
889757
150114
478240
390610
788722
270265
88521
119323
844974
930441
865329
484880
177484
907163
49278
966542
165669
351222
915035
989337
780112
72592
13874
376286
361889
732146
552246
927840
204306
75815
533404
931527
851072
437152
950889
160706
288972
94695
701990
390292
582754
874366
371249
127554
227414
717076
775022
916248
113258
766883
208090
320339
241324
557609
694208
247854
211708
982720
867012
906444
423980
780956
754716
207102
128960
248865
445343
183986
736596
277727
800501
649273
825309
832619
608238
425075
354375
919707
263152
807577
528062
45853
921608
573095
981961
848308
597345
433124
917648
176592
150034
859151
100606
315850
107281
538088
119105
91385
822213
725336
380142
483827
574330
677310
235906
902564
190446
362582
288452
262468
762056
6856
98886
770616
264936
440843
801738
281735
926617
629108
749760
980727
135971
341023
165485
983556
631614
234360
648936
393532
274656
775271
329535
534010
952375
398230
985334
625724
220211
211680
654127
399075
354170
395479
190053
653192
18815
672370
469714
519478
368941
210897
423409
167943
936061
350191
489950
868126
219943
498019
390425
733182
852340
858195
284393
634757
321010
417141
48861
57161
896386
952899
811886
879950
812747
458299
646016
540896
787857
425808
404231
585683
874784
20080
714886
234197
494562
446451
768947
493805
784528
395933
975607
897810
296133
978192
182801
238890
931438
817809
543258
395358
803422
463925
735587
468182
66238
317607
653242
643542
983714
532761
242316
760756
291894
864709
504356
185653
276759
539231
762258
7748
649790
8537
654758
422926
637911
411474
479643
927357
482672
797212
590994
365390
950093
535528
954867
555601
469976
272145
499320
723901
829813
447297
876869
46765
332980
563844
314991
662523
512096
119463
889885
588471
426420
143884
75532
128197
627437
538253
992556
857552
105595
108043
289896
97199
587089
914898
467907
2514
652763
830762
971101
960552
678543
137981
416022
972177
462557
769056
697673
814459
538048
546368
832249
730651
462134
711594
637450
66058
760844
455862
893798
265274
424531
207569
562816
789843
94383
143974
719221
946734
105357
603945
35598
872109
833652
181120
675682
288437
666805
846861
595545
930953
150077
229084
386443
533636
323465
629350
516422
918962
914168
245760
589871
533196
568956
763491
825343
936271
196522
228952
966063
716152
925618
402560
192623
332062
685096
797053
463439
718443
946368
21761
70465
405048
764889
961329
294581
637381
468656
872949
780964
972626
382261
472735
943273
763932
648250
447925
402697
719607
443912
333725
840659
612484
305548
481892
142883
546896
349103
54954
75520
949706
470147
129262
460261
353950
393561
118194
942685
260210
239023
91595
531271
341692
6406
305287
800249
985022
823762
924858
248321
551711
727691
173671
752007
700455
142305
123720
578766
902807
38924
602427
421593
810211
804865
982345
512362
671053
878912
38675
384486
367647
688586
334043
777172
418565
870833
933612
827972
276741
327559
772903
993420
848667
158712
466092
934446
213429
325684
880033
355989
514055
71620
465506
329918
558156
223870
27781
850100
669467
237076
655880
431987
426722
248518
438106
371630
443841
408056
59714
755820
146309
365918
568816
683725
686911
176339
146399
433899
735552
313097
23971
755228
770740
540123
889812
774675
387097
738879
1431
480806
640602
968983
443782
874730
291340
66342
916539
970554
947076
203935
750526
795287
759506
329241
808200
10729
23327
759712
26484
642788
614815
733861
244161
59206
71858
654037
801158
472956
208477
661895
455155
538468
135071
606862
62591
314862
738547
892526
440883
211676
727394
146156
715987
78440
320577
559678
634148
615684
83406
417890
218847
772604
119907
862731
644400
285176
426965
196661
340011
985693
871596
890074
700940
682644
962430
230653
255273
778082
70442
60067
116022
985142
155374
272417
146357
725954
538470
588689
821304
371713
378786
962334
199124
38678
311650
57343
757796
781909
537456
101697
884599
253659
791770
688060
110295
666519
76747
637671
89847
227820
334278
847944
58360
726959
661950
543812
810968
417355
561492
448660
18807
287748
409197
829336
889095
37336
723631
130309
95184
949377
452121
375099
213278
121048
663101
193266
994376
528531
115610
613010
838365
986095
189978
715553
313772
934953
836004
121686
814320
623526
998303
840013
412182
906930
412037
831956
959853
515109
691999
685218
93545
175778
800418
842279
253652
777785
866854
383
643154
116652
759551
238720
718031
573967
846778
241138
275399
707592
937910
314974
129969
308726
21788
470463
931529
777774
927164
945558
253561
781281
527173
321881
16931
609817
214497
920331
774733
91298
448107
403431
76138
40005
424782
369142
236289
295152
229051
480256
695932
374513
374598
900191
79183
909345
10206
217070
558531
936158
827559
359329
843614
447088
818358
321839
2673
84941
616360
764649
862078
53239
49631
233390
370371
469507
129178
145015
528872
468150
531376
544590
330560
895176
655977
79196
430783
553226
205817
976799
114361
9123
648858
888442
147987
488118
547269
268518
798472
297055
373644
662599
205146
50269
668759
255257
732691
45706
142521
91977
203702
721668
166318
19040
658055
120304
247475
391386
733172
751957
943490
758101
48287
264099
901097
325157
779081
339031
916422
114948
775580
232310
771489
644967
651284
537206
822438
873259
214668
504828
973501
839598
628705
3968
585096
729979
716165
370510
936632
714589
202146
301029
994893
624532
936104
763586
261096
314086
512181
122167
953934
604364
214624
266612
803963
148237
768162
377639
411360
748329
524642
862976
591932
457515
823580
720909
909202
770017
47853
524869
644876
285800
4413
71200
319148
232225
750345
14307
616235
133696
728780
712250
832880
785539
638601
613309
797934
411007
927544
841621
50778
658325
645962
416632
405960
764932
311835
457103
983969
873945
180084
714105
236995
647105
547833
622185
92597
252095
422069
819947
54277
518328
756480
388
352705
266539
549323
828150
872846
953919
11976
368930
296616
466741
421496
784968
23542
937085
929618
407530
275785
18468
795213
105488
677681
840362
134667
576740
530556
934962
272546
883069
188236
935506
102023
994169
364116
112266
341849
309571
298351
793746
675528
989428
469084
686988
460704
186709
285274
954265
209270
359555
642204
536648
951277
455851
767530
879912
170597
431541
439124
12350
572993
774142
41747
191186
450068
567997
676157
964068
877096
176391
73380
224636
678378
410861
109965
704223
660149
405955
81480
896861
301433
450812
880305
743559
896776
978353
807873
474047
605949
579392
787921
772904
39625
166097
524205
235580
234971
180340
939473
286779
879595
755302
886723
849857
291812
959987
168204
76401
366700
378101
440660
82957
759313
379386
376857
174760
999761
624515
648844
89906
612550
768233
300296
409074
71212
370587
662639
231507
363857
561346
593507
903253
444376
478469
495262
664356
162601
962216
335535
492870
670520
948367
820434
535597
959601
971617
307818
368684
304125
229064
797085
718087
460084
738772
97164
186595
209375
237887
939694
757916
94440
981835
175432
74549
401697
260104
320203
387818
25773
138098
143113
361250
987919
864886
284309
841664
483661
169493
939639
196441
69376
939234
906697
947968
431867
913381
456434
753404
472214
129570
224828
759579
966038
9011
791123
965728
758202
930322
879196
364887
131492
921971
77359
502794
675874
846286
430003
725964
553625
310266
708821
866354
133837
154037
329829
422626
718095
649152
978893
173251
427012
483751
909742
246420
434381
745439
333400
10136
28632
984455
149030
683183
36675
182993
71284
410625
838312
883834
425599
664083
846985
989173
174359
181563
97817
584486
468739
859184
668645
25865
549553
425787
587229
420403
218776
706314
657731
136497
25836
273763
643951
585869
698813
472950
757884
450095
916909
296331
843923
199839
575244
145050
431506
599912
297490
315769
362904
405528
252920
63216
56048
845285
574643
853352
548567
873834
76366
653058
790571
277454
99362
750789
151923
753413
655605
228271
609093
637424
700333
535916
3032
924256
443631
907364
209446
360120
725145
194863
56637
143408
934040
90340
279779
485494
14054
106959
932964
765231
633123
534976
43066
174555
245391
44736
657623
736982
473250
408031
113297
528442
510728
969513
243434
780386
346492
922935
285883
759882
720832
265889
747901
425810
5942
238353
933556
613729
238495
169779
653433
218726
610605
680584
313506
603834
816198
46234
925584
773921
664472
640202
370068
538480
721043
116805
788670
135944
661512
838037
911748
364416
131932
166227
596748
598241
311656
801019
928406
172490
714801
781720
888713
817524
977663
153950
455705
940304
318172
447318
819985
419085
689002
656820
595074
7030
157089
697156
606344
95927
759973
580419
900021
425343
167936
969418
745885
784961
988033
103333
462398
740502
901488
392450
960521
968957
92652
647109
119377
19458
521507
866808
308367
706684
804974
701472
279056
382959
576711
581803
309820
895442
340584
37893
67587
558700
84289
43785
662949
619928
499284
363861
546142
166951
554225
162678
855213
727844
758985
282178
905344
420082
928178
197765
319742
500242
239862
281939
675376
455809
266264
599805
58893
719870
31204
321310
150240
617065
611762
487701
240792
4039
344631
191373
825900
613282
306951
428471
164393
696078
99371
868761
864793
8326
889050
49664
329745
608948
579416
977105
652312
414607
947176
710654
750319
988511
163823
131732
292418
112092
389543
948720
848553
179572
730940
104786
478811
802860
433991
50313
186288
511326
