8371
73800
192767
849366
710896
755324
397298
263135
701576
149047
300446
266724
243642
315881
717824
726978
437245
365312
457937
49005
614111
388226
255623
56066
592914
50326
655659
824889
706260
280035
891890
890742
91801
777232
542586
166655
59799
250443
611842
712456
370222
139461
587815
678762
376722
734458
400375
159186
782646
77582
576724
840661
739383
746259
254983
855489
153122
742183
94877
198191
425763
300379
205507
35701
194507
772014
679609
401816
579197
7319
445462
182014
889845
345986
170521
684865
89621
453745
253703
207200
852942
486500
572197
758224
739847
223028
392819
736175
433837
866329
26435
14297
335192
623819
137077
26771
211957
22661
645617
34117
29013
337253
102241
129829
715185
769072
773000
374606
466456
819539
499650
489488
715671
83205
71769
311648
764452
284712
2977
660144
294215
314766
641809
157658
496934
523320
174846
454517
500555
472345
485974
779242
382324
27673
638870
118657
219063
608501
206345
256052
686319
286724
879101
237605
177575
121173
153251
13835
26018
357236
541315
509160
822053
668459
5978
861462
642466
523973
297521
403487
427746
251982
291867
724172
812173
565430
146954
594165
863801
653140
804111
577880
690349
694023
540812
154949
755761
364536
156600
622421
672916
623131
45518
322234
268985
202228
835026
170738
540287
629111
231138
540853
755660
537831
295316
362286
459989
395520
769490
117223
259245
805617
418990
119868
93223
607744
794531
721682
45449
461490
690411
469056
166095
75682
50935
747467
726841
464654
94830
512048
344595
486321
555588
322139
274015
86858
409718
54164
163904
271516
660640
66969
520261
401967
262427
709958
329937
347413
117398
336721
480835
226118
883792
319890
668679
337580
620624
846271
674392
823867
604161
760662
233808
738968
553581
821268
431629
306138
325044
635779
321506
294254
526857
301775
412727
635380
788745
326041
347006
714983
168025
602117
278068
228954
367580
385166
473615
802270
778606
595578
416202
486464
413599
30664
699018
184911
338191
272037
533548
449083
764930
119678
308718
758585
364129
470863
360630
440323
838573
609850
447203
534876
641280
811796
69454
17969
335522
212857
560252
523451
473668
260671
739043
516898
170621
693352
636758
2491
790143
737682
538671
311121
714773
261801
835001
653794
60220
551100
847319
613472
126778
78156
642227
266776
714399
566336
552487
709935
398327
631414
639906
510920
766504
866004
478648
311747
860495
638716
508040
351008
426513
375518
890283
335840
60768
535752
654678
641260
574797
567161
157740
96911
322405
782547
544452
347486
364617
508462
864690
628569
670510
623721
179412
341865
294573
218395
887675
792712
716999
714248
287252
271169
126329
576847
592370
889772
418200
507296
881882
232956
717258
540651
814827
79892
75009
582867
66600
520019
680020
635522
322339
733169
215515
204886
613671
725665
592999
95513
479426
505430
174363
88590
824493
529218
371243
522055
124506
894810
5264
416308
627033
430837
320677
84213
893350
597459
480162
49
425907
673498
190962
898079
570542
875804
556339
492865
270766
404276
262377
70385
858303
133231
692799
10772
17896
657256
377691
290859
49685
45612
667773
91656
236934
419900
164404
526493
140499
196688
409597
102736
723514
325016
596601
610091
277063
281694
897257
153999
700543
555176
190729
784841
389544
585913
135942
726973
479256
590071
376829
805983
693433
404775
220466
824480
690998
36596
256297
234917
559461
197903
898757
887764
479281
408528
308219
543304
806691
641787
23634
72195
84940
160702
740601
891683
508529
21687
376612
492877
811539
14514
135013
401158
717753
30159
790147
739809
282845
539970
765498
47314
367025
112820
697102
112673
190892
356647
107789
735131
588404
661239
649313
458434
417193
51036
404782
411204
518412
707660
487182
343561
346986
746205
140294
384197
199049
212680
153413
577518
643566
860041
833081
288776
728649
568355
541229
869244
481086
607713
139683
164391
630384
440215
391146
322287
444555
342502
512700
811152
841806
580798
672727
409908
76980
789854
13110
44513
382654
748151
163627
271627
297534
81614
13115
530059
885794
171008
808982
645544
336476
218337
248433
304050
527818
304925
72866
310798
516358
102335
270839
828074
599148
716591
641620
841618
464515
72182
462855
655707
594154
803230
139785
455293
594465
805333
709844
496638
178961
482576
298268
494409
569081
339595
586123
661950
533014
574766
643516
164099
61006
308780
553843
648600
670041
429029
682424
325799
577356
578603
772430
869786
325443
897186
291796
813191
743210
660513
79864
119303
457321
647125
401331
23140
634858
245860
145701
731248
438440
530638
870509
752850
250070
184816
80580
617628
348584
94627
380119
530392
738402
811553
561376
561152
26620
661416
425888
428781
283438
329814
512187
420936
40670
463892
734543
307868
256707
378224
251346
543308
252885
99234
600072
167008
609555
447344
6302
835387
716272
293293
624166
210472
531322
517980
342383
123859
876393
498418
335488
860724
579169
856505
91536
8357
815140
164273
36613
143605
557303
871378
889224
32181
76079
256748
774081
100880
1912
579055
418005
450584
792514
155014
117528
870203
805160
240382
872752
871477
119966
2181
474120
728638
501142
781806
719405
102244
162991
514609
683945
720851
96411
166158
509753
601553
113612
183154
599821
742343
220634
713874
327644
375129
235443
123380
514018
622262
301504
651470
1111
73866
872847
361670
295532
750033
843618
334008
822117
273991
378996
292246
641709
686939
381539
136361
641339
103266
224895
817654
874240
140103
57485
579676
284905
545888
451160
826810
823895
21148
696981
165198
574488
178328
57553
72887
308545
748209
333785
342012
149355
314995
535365
869157
584904
52176
652259
732039
790080
651021
113308
664702
861132
640534
313124
856466
240654
357074
91619
130140
762251
92081
219259
662242
624294
318593
287990
388766
668315
496864
690062
288061
190516
618540
767864
152483
234987
27894
421518
277323
599997
511062
829271
135788
673767
189975
347669
839000
177120
672371
640842
212158
816595
382841
743784
293743
829015
857258
723220
624797
113132
719332
174902
168544
418005
824918
877760
267218
635692
343890
856024
544474
817478
731808
551972
507206
643141
251887
111121
147569
739700
258630
655168
558084
59106
596729
847662
113944
555806
785239
797822
816954
772235
473568
194597
573864
362816
662804
136721
243000
709823
283303
413623
884343
465295
414000
265784
697230
142617
325953
726319
781601
251836
433905
697497
559762
390669
699412
146177
9346
880686
850892
543656
73720
468201
259065
477230
547450
635306
853868
72959
663159
655223
776761
203389
836839
522732
503435
848037
610218
96311
480145
819041
183053
898829
684214
736266
798092
282407
735822
199031
691345
332924
382636
100806
794874
559548
191281
683174
676409
276359
562688
715039
183285
521736
732204
420958
443085
195153
75154
737025
165533
45748
635683
337115
26265
829307
45594
723941
831286
767236
41068
853922
532552
107325
406653
403565
631558
357784
318126
557248
863210
755627
895444
780451
642868
478279
242213
270096
372174
358866
323884
207583
142442
449315
99548
180211
805032
470905
107712
274848
185492
574201
745041
339735
433900
96931
207137
459375
484159
135600
651124
798962
481840
565577
25678
552673
466586
760903
623239
345029
167853
830018
544027
532563
697271
439992
380703
234971
91423
601981
744398
120621
16650
832953
185505
780713
520960
793635
850813
597154
723240
629656
471333
88877
291088
397207
103408
392300
740425
109084
468822
231729
475215
770423
517797
397169
692743
83176
404816
608264
744641
719290
520454
215938
754588
71961
549472
547661
518216
27441
835764
695993
262759
796132
719143
136840
556205
544264
371200
32888
728391
266651
234711
620906
603672
723075
292908
615534
99582
792775
579987
743757
773394
694403
772557
605522
207662
148492
139411
173526
721738
889985
169931
699592
160095
746409
824221
482549
174860
36303
534655
208985
329463
74711
368781
138050
237227
899068
299220
238524
112191
829159
77325
856735
117496
758798
866439
574130
62213
461639
318685
860730
831559
662119
675815
25539
399188
653755
252044
668937
342289
473218
805268
358179
807836
758149
374748
703437
415628
508660
591427
441777
852944
822687
346177
268594
679188
863213
580984
223220
807971
544284
696290
101931
764230
176694
324842
662206
216842
320013
392470
769783
10047
350227
728514
16971
532604
720472
671624
241889
459040
312928
96091
557792
306900
715552
275028
341337
542893
647445
681187
350734
514893
85282
27303
341597
830728
87300
814296
893198
464964
133427
763009
604597
678298
635287
20780
141603
523418
337892
50486
306127
567371
254164
217441
820957
326895
158144
725416
229993
595620
333467
654509
404722
728391
87178
548846
852902
170644
33828
822967
809413
412200
635522
870481
258676
699943
836962
473303
357313
3706
805150
196169
882606
195824
370372
598457
438396
54597
391026
524099
500438
648384
532753
517850
140086
119766
32139
51901
751639
390092
368713
876649
332313
34329
675341
740200
106795
487466
693896
48583
465240
43520
317050
573573
210928
535924
555812
789767
761170
828282
685195
28232
67027
296643
5868
122510
751053
5980
368950
637688
629255
88596
61768
526963
673853
176763
513000
50732
676652
811494
267325
894752
828700
746415
836330
609710
371274
825594
340232
708430
893873
222930
664190
334332
242805
61617
38144
395180
288523
137214
757281
40705
106536
53233
682038
819897
442213
671218
204936
687104
195820
71264
191669
783237
696993
854893
393476
424009
765296
313766
465092
537235
288239
758801
868128
892961
162351
321583
718560
193274
336805
408481
765727
723774
118991
345510
341893
332382
667845
426370
656705
783240
433182
522203
160868
682619
346940
819997
492988
607193
566901
19454
858347
146586
262559
144219
534180
532605
782615
607680
716482
265466
758861
437127
847237
452307
159376
520920
834506
329416
206130
287151
459365
199209
471031
791772
419966
841318
158175
754883
516997
46531
33806
98179
175411
740551
283093
37780
2622
740212
89086
373353
12537
190097
50009
878870
431846
828002
168254
239339
400857
120025
562238
520862
40586
354982
571659
303366
298102
135402
240768
534307
851699
230473
470734
17340
738670
143742
140485
91936
172035
818216
647259
693710
560056
220674
712956
662544
713143
232593
81710
328226
422822
172150
527199
570033
217572
513475
358253
788478
41090
878058
763890
198209
127483
838033
520683
304330
308594
443170
90051
134243
761831
447295
343072
405810
251605
609235
421162
547035
302987
545475
92499
700193
529444
240835
299688
213869
48358
56581
873938
806919
438228
861484
618569
597441
783760
71070
358774
7380
387985
521880
483299
313634
793116
174652
868642
629818
681474
18566
803543
44089
498198
111644
702946
41614
261993
169795
337261
483862
533988
392238
389710
269766
348705
740306
799737
680071
878311
671317
79590
710908
374176
549444
681562
133407
325944
809924
213333
696489
196916
181472
404919
348848
380909
443265
707631
622890
370440
142780
378850
818800
502707
87204
370388
774142
854941
467553
722359
734295
39571
147609
419789
110758
709779
427754
746395
116543
563951
830265
116460
822819
179935
63365
747678
719907
128995
657077
451470
710587
434132
824656
41979
139360
61382
598155
625945
787892
282813
188508
471317
890166
14376
355150
310688
347735
315966
879213
424666
557734
400915
123873
225340
275790
50519
122840
85537
197909
145708
98268
150290
137701
362947
483108
595021
565864
896242
812133
602609
480684
830579
234281
87273
743334
522171
301336
262354
417362
826197
39283
763243
291385
481883
611872
265912
588043
498544
491934
509459
810156
299389
129114
619504
822955
859111
601947
120522
551853
891785
719928
177583
505001
99284
842442
788166
537612
22911
601724
295896
868764
896812
707774
569314
60794
775384
106744
367765
641537
522654
170716
631208
228203
298730
289620
550811
501074
539381
876923
717096
895411
62530
744071
608008
838031
782803
161028
737376
789676
727913
748092
776454
30713
623734
106386
378291
439790
658336
316431
819975
235825
165109
627091
782580
478773
10822
173869
111464
365597
619777
632070
196154
19135
488463
821783
818128
877219
341126
645019
804139
648682
2380
93951
621424
328684
117801
676757
323955
504602
46631
403208
128514
211746
884425
574474
8619
791312
14757
576489
609803
40913
44319
20449
149908
705843
714276
124299
391642
162121
633280
152530
601435
54635
12764
715654
333289
394490
400663
266505
430645
456288
422048
586343
771769
490550
91277
156548
280289
115199
799899
538477
332407
19666
123491
465552
461387
723061
834069
361959
749435
246148
317140
433487
79652
380721
269582
343799
420261
532326
195798
110516
836621
346246
835679
215889
112353
550193
107735
642596
513707
140902
463229
381372
114817
472770
222369
514134
54897
554183
323479
829455
368967
432985
510776
170836
668795
586977
609397
502933
623290
695636
670904
761848
879727
32142
127801
8489
750413
202616
804217
762639
278012
388905
553247
138906
81981
197768
301869
368088
372156
398287
822686
533064
287153
879243
233246
894118
276467
228992
90502
786948
452890
36746
110002
203417
710447
740702
738721
219731
402418
275470
610729
189609
342503
771756
198484
627947
575103
19654
13434
342203
354270
629455
536029
261812
295854
107071
627067
229224
246976
92400
215188
577385
344922
667305
53272
860253
616321
409976
736075
696756
90628
309304
754873
373909
794178
222003
560560
649620
380922
280992
230494
884608
449389
273805
615208
355098
586258
154072
676483
740640
879990
117015
843699
481062
526189
307863
717534
457926
26586
518338
200396
865519
670614
344730
857790
259609
514657
511490
375624
31608
445506
502747
715115
206766
826204
746027
857203
863291
636816
649531
305514
271504
308425
828503
120312
725090
268168
848248
266232
865209
109932
580382
410776
49256
338653
688567
58764
571255
423734
318301
836687
580507
641421
230619
221431
341544
115008
152687
38611
857629
201021
758763
706404
596285
186829
426998
842038
191326
648671
564368
460058
615610
736141
445906
456097
337955
360813
306451
277623
764084
818806
52360
580697
379138
553997
104931
185204
30961
34475
724220
760924
531203
385900
539309
431493
438571
506295
301494
453922
655392
334341
278529
458968
180429
779888
312961
42589
139973
396377
394419
709587
463091
11734
695975
832859
541072
102742
599672
133815
20014
666131
744501
136001
649233
634131
97956
248193
146749
467034
215645
672495
132427
40271
459826
437541
820693
490313
45870
898016
833712
661206
340475
821427
96314
728873
468446
321096
244713
832798
817789
764148
34883
296298
509120
31542
290444
276740
43253
890092
424121
30313
202990
568529
594691
324913
400741
782551
408855
484524
141919
704893
334155
69080
685262
398317
135211
561379
240209
535189
875537
657879
670102
708191
465331
222086
84992
771215
455958
740371
304259
340345
829473
77115
651820
676061
128620
213054
284766
156704
474647
190510
350167
826568
177687
794739
419889
891988
596555
456664
387396
234037
144109
638677
346953
401132
64196
457562
509369
831266
151061
645269
579379
107422
683034
797089
832189
146246
698315
686795
13890
28246
26361
532225
440826
617046
170842
316794
235687
701339
616830
398492
661339
234076
585216
565582
389815
202575
485656
173146
744911
838944
50829
517566
51433
420557
161128
464112
259716
762081
662947
422828
174261
30251
492512
811259
343116
521786
591927
347745
509237
690839
339079
842691
16730
480415
876174
674964
102822
869308
456948
233307
606853
652959
522273
181602
449160
713788
594318
80508
739908
692289
618841
61236
765498
705908
389874
81615
382737
511305
287378
711166
655678
272189
737676
6914
522022
346290
656380
102491
17082
834022
137915
651119
326113
327506
699541
199252
24020
498877
370609
287738
596451
546331
379119
708024
833589
181605
881073
590257
573356
189398
771952
771394
668231
40127
773775
285196
408353
298887
200620
820952
811255
482755
681299
57484
871910
792910
811853
218216
375314
859525
611317
545757
694468
697506
110731
232683
765547
26002
369250
725237
322179
52405
760116
795940
676947
873394
170453
281972
304496
660788
73508
466047
550335
140165
899102
887204
659384
236198
415437
89332
256006
34472
633758
164377
469771
358122
290800
83139
422240
787855
838888
411344
789529
572155
30210
384854
391783
255242
20418
721840
892088
439661
723208
44804
247993
469890
76865
316205
531195
580046
463738
572714
343219
87290
884720
285058
82012
857352
189539
748562
351223
252528
346281
282516
231698
546299
187102
851053
81255
442747
495161
625940
895931
768037
5338
50202
547111
497196
112256
459002
309651
430843
863383
763871
891326
66959
180878
681996
192058
185615
656135
435788
470453
26313
374407
869079
161330
305034
545037
317
388246
606617
803040
100562
831070
876752
64416
491126
591181
683192
217919
339328
106468
406881
717481
110534
680522
422427
85405
695404
14219
427187
262016
895494
744573
292269
237447
208908
325661
836155
370610
594937
228568
66967
434329
592383
430214
331299
759934
526636
195664
754042
32289
737361
633874
335666
689266
645684
66236
669585
640577
69620
339858
724745
247090
261972
21396
257394
615117
75303
420536
168386
598769
18934
161266
736075
186024
203088
131701
101841
168214
486639
212084
279846
861963
124579
758881
165956
36728
80477
656727
336135
536574
888826
188691
432133
59842
242666
775421
773194
687580
728796
753093
701972
857999
74088
241672
606151
308211
639800
831473
792366
528910
776756
541148
643120
262849
126152
275254
514315
100286
664308
342464
736847
21816
835825
64178
566361
298515
154011
375069
780298
67482
351071
325769
66724
301231
614018
729853
509505
481117
706667
224508
141871
881737
302286
671308
840588
722055
270966
818643
375450
494153
135598
2746
712255
296658
44653
552947
64187
411561
325276
395319
426471
465257
604708
148840
796519
66069
856249
296277
541963
11849
385085
364988
431848
567979
63794
817289
890926
878560
552832
781181
619909
118044
407007
331402
230441
666865
447330
810075
70623
784712
512224
884880
625011
200622
173152
728998
392880
835077
501504
535701
591386
678172
100354
430388
347564
620345
433428
184055
624873
91794
312026
654776
553665
290811
559611
21492
568610
196793
296196
341228
750264
885429
498908
727819
704803
398285
244742
517287
623251
412804
829100
610977
94851
812089
864399
55239
867663
382998
357576
163449
366835
785471
846265
239272
599649
167946
36917
770970
175998
156942
143912
252427
145018
495859
523748
561613
98859
764425
175082
631184
828485
153813
199569
570492
204696
843046
421270
134235
318245
789126
120129
323572
264254
739340
72815
146610
888346
266542
380545
314659
31025
151091
272001
513020
707482
268582
795628
89658
657215
78215
362656
823459
544889
85436
751619
362827
495822
582821
713997
778643
608099
817741
799380
230827
22943
319708
338290
402552
255871
806826
483989
273393
765327
457933
222338
704515
844235
703571
248743
797365
753042
15051
284540
239653
451844
787198
255381
408689
49144
120987
761767
843954
513949
524368
420116
30115
10315
243413
263221
644415
652996
61154
204387
500552
680140
501344
493537
864388
120322
384413
771114
466498
856506
603065
794418
787739
619513
328478
643644
653715
296428
143820
252792
807070
441189
432722
382998
892287
148212
131513
216076
534604
890590
286874
674143
376589
180508
667856
227697
415748
106354
464680
708328
691206
105610
225813
533527
832871
347532
97440
381131
760308
102909
296476
665748
369434
240306
571351
719950
870692
886223
761837
591243
850017
316128
899351
537855
184580
634546
169121
474631
59269
886799
899096
686230
708645
263029
25538
267422
651503
620146
120904
497303
182233
898718
254158
823248
456874
462293
351140
561423
755797
17424
476661
447270
641988
241086
526972
609204
601072
252420
469814
97397
285580
410894
726738
445320
882242
482513
336261
121211
94229
386911
408187
506260
194598
846213
552904
459422
343505
186116
369532
866158
357143
741898
458420
18
451959
501293
77389
163861
217014
4836
9588
791793
464382
137442
878905
710449
348610
779504
52034
73314
828127
608901
555068
706518
721053
39748
876524
83060
343413
105299
344931
622559
283374
754451
58672
776065
363104
800865
432911
772468
759513
177608
372223
625134
854013
524128
573617
237638
884392
496871
688541
380391
265807
414138
286191
102480
685573
874065
823294
105797
24505
848180
737565
501877
198653
114686
596971
788329
380641
287213
822533
387878
256254
602210
419899
560063
373295
90587
420319
847131
771353
305674
632697
362686
245035
767570
873944
120246
277792
63358
577860
702341
420961
612030
289839
883013
295400
272094
427466
704637
107840
46117
26899
17759
471816
502279
536299
146715
391926
880711
891078
433571
261272
184685
51004
867708
342229
668512
463068
847006
359282
778016
777344
79144
322577
777986
749372
423459
792468
209993
442704
622161
519903
542333
772477
189810
801116
717995
820372
779763
683159
294937
552938
95123
324618
118596
653192
845267
787475
779000
757278
364762
665152
797451
502808
799010
477165
856214
227880
574819
798693
760817
614339
132921
302724
514858
695144
814932
783805
879106
890810
696796
13271
205412
152303
390655
168210
374979
647330
153689
415304
61359
307843
589407
148462
466131
12077
492136
866073
364718
62872
724344
120126
536492
316325
715273
653042
466784
558391
428537
628624
23136
737409
452267
258713
493981
391290
664922
847349
418174
499277
57249
596855
432216
566061
255072
787263
898412
216166
543212
533017
252829
378703
264694
348995
552172
672443
30934
59820
242514
589998
64404
689528
827641
252333
69234
676416
852919
657998
269113
68950
249096
387375
54783
293350
407495
755938
787474
265272
386570
680710
295780
365905
291063
652337
226195
629049
277638
368073
80691
748920
236052
342514
835610
19066
605888
708257
701287
536370
110375
846863
882096
687258
549271
174058
436007
607288
363857
823333
557129
400700
272096
1808
650883
562790
23889
260226
348001
69924
351246
686290
818484
43577
15579
486662
851774
508121
65643
814530
882941
321809
385855
532930
177970
721380
519965
72707
332526
371312
893002
509083
117784
346832
856676
692425
299325
756474
439806
597191
566484
886951
719640
324572
320397
400755
766522
844910
243381
768314
547725
873044
281416
511811
168534
189034
94324
371065
240016
502494
114790
418452
486885
764007
826612
809943
392776
661429
197286
601234
184210
60067
642529
691879
290968
670409
64850
448842
798085
43502
436883
666177
294969
675643
298525
62315
409245
155019
544906
99581
300514
567390
832805
690023
632150
304237
718801
469781
628386
715767
361075
254674
442402
837946
20508
56199
281153
271998
651351
535809
519217
237355
171468
203761
884612
121370
724878
402253
37195
164329
218535
498483
96552
725064
237374
541261
522897
808433
194722
151984
298660
789877
385110
338046
514433
447057
158873
878220
639081
437023
726672
476830
645329
351528
82963
114542
823779
671479
444209
797292
555761
493705
487840
355967
157462
228993
77797
717322
460651
55320
43260
270346
340899
769297
566469
473467
427396
157770
812555
704505
415778
759215
120658
363300
372570
862857
680349
489406
208392
209812
657305
443150
377477
133774
455177
86983
852352
811402
478222
761602
41848
337701
381491
35495
719955
550320
516179
334187
288606
300843
85095
522355
694274
603827
371216
520375
670271
550995
454813
636162
561544
42838
790650
612054
560122
350044
424725
268812
403322
555786
545166
229017
783466
631260
261338
418956
311560
317750
428020
422707
376228
12952
614337
239358
683579
441007
857054
193211
467988
604072
148712
883616
686231
366688
253608
8648
659973
32087
509881
222068
870200
310244
98967
627827
250648
41729
892582
449020
430678
38566
817724
25464
189033
730643
647980
266685
685922
619847
439728
132660
366382
24590
689778
888348
632137
777624
267735
99176
188057
116772
570600
195267
361198
374043
771007
701012
458931
872249
218379
380252
764945
555461
670623
148188
264417
121698
881629
709588
362700
806687
176954
707782
457153
377353
252526
284153
171121
133152
660987
782810
20043
281446
833208
413052
582383
139476
543097
556320
391057
720039
170652
141968
355020
650999
590514
278789
108385
815849
141415
90568
42859
547738
263473
819701
183167
121275
535857
501500
110661
703741
648521
867074
619821
378466
156507
44356
613073
878003
1689
748443
757574
225967
714478
829531
230973
24224
24263
508885
24604
405610
676288
365277
428116
579613
826823
589445
240350
544874
49615
745992
628567
477075
480276
521892
69558
125210
316837
150558
201798
494267
234259
477161
888356
837078
335860
490977
359095
707076
407764
788530
373670
264715
327577
671094
4122
764172
467026
618203
72594
740346
866396
714146
729309
887493
440560
752196
800856
397076
468363
504527
590083
842641
405915
406798
18882
222015
271331
805511
881229
224070
483852
621342
64148
451119
461065
801143
537779
654923
849285
334137
171950
414029
435147
84525
288905
877848
65361
767398
708487
32563
426081
620474
687613
627994
896421
248814
105521
32110
362703
773681
197236
793676
890627
874591
406522
345850
190786
45573
527666
602206
60724
362564
390086
66281
292720
78894
437777
504784
195307
385774
352663
752028
89467
158468
862630
470871
152038
233006
351943
33607
369996
734018
270785
372952
292814
880631
768106
592785
148985
840036
655083
675464
183667
319168
522319
593265
884385
500617
483111
461969
244466
733824
27517
325010
70604
86929
263603
653135
594001
460080
484664
400015
527757
758655
614758
560238
114335
269644
638043
706967
480513
665079
159281
375246
534838
271857
566428
258153
702416
706593
34592
744863
773979
582432
548941
318521
848489
519780
856120
164485
727354
375545
135927
777481
841319
606219
65400
841108
479340
362913
776894
851152
387152
620035
525881
725812
788402
11196
176066
733302
831761
409274
369648
47901
528696
228946
396057
190133
344165
713473
92937
213084
491957
855789
26680
875705
861037
688299
652427
23180
107271
126329
478217
180896
207063
447819
685016
710301
461145
524067
866932
444539
732026
79513
453003
706993
431487
514170
466392
833099
487445
71373
31961
498713
475478
868305
742415
699172
729173
260482
357875
3515
330854
453626
780143
90572
815245
334228
840896
84623
368929
157675
803078
522908
473693
741121
295749
707133
156899
50685
306683
97085
588109
889772
671038
241216
155985
678695
839921
838508
653808
310613
5507
2853
635420
728071
105285
595223
75460
607201
156390
50252
194333
835833
770573
571101
279854
288280
266833
215205
658712
373501
137272
795538
200576
494913
61483
198516
639227
9813
730546
582040
357301
386087
420721
332430
372093
93764
601598
880645
93041
277879
556446
509529
390977
634767
680348
506531
138531
727359
480549
32623
447922
532863
254019
370411
640227
525424
258547
125467
21735
653341
828965
607593
300822
536605
304656
833305
574078
423636
444271
503771
173895
765273
451932
308794
199042
576627
372871
486385
153198
54172
50900
236669
357318
7496
823790
410830
211434
667390
899691
5911
488873
497029
560222
125317
16136
63258
97043
708012
497745
580701
187627
114108
564251
362732
715028
531314
499346
482503
704835
589195
63907
643059
754673
808980
403655
331066
104656
47358
854537
136719
817896
158285
400341
104367
234162
169935
515358
797539
400432
328489
650476
894242
163590
105356
414849
20723
9626
898183
560391
775857
104964
398518
322967
555047
179633
421912
656552
137210
447066
681951
802643
881446
133724
865377
476031
646401
827188
25771
355117
6811
845977
585396
292354
458183
230165
859151
309516
771411
405985
831579
523955
461811
308061
59477
59454
103133
416009
290029
568511
681293
350562
726230
59260
614984
167964
375734
891355
447613
729528
450269
47881
409575
51427
864659
608263
897232
446348
898858
232657
204144
132159
344243
734604
260627
378306
735532
680044
607704
645675
150551
197183
468149
852412
293669
634810
734712
547484
298417
585502
171369
319955
532170
127685
817195
457154
698088
721135
673441
266237
319136
153956
48141
229798
525906
256805
662323
392551
405408
875028
660029
711116
292569
223356
440216
420826
232819
453023
387867
180720
600214
330106
633895
304121
448181
342903
723786
734250
272056
24654
675006
794174
11093
50104
122446
210252
737694
335955
153721
780161
27539
629835
86575
365728
111448
722827
867864
663763
147137
685407
441012
511916
698089
245445
676061
429404
136066
58128
782313
605263
548615
891705
827243
724483
10382
743746
127673
749635
636185
265256
484872
522852
795627
305253
227059
567419
32120
888702
636603
60536
341397
686416
713160
44996
870446
575154
263694
899858
182582
97575
232619
206181
508185
16738
805932
323998
693710
432278
237711
51488
390984
310969
722371
409187
125228
308693
778732
640976
439324
773003
250947
623487
34578
474916
561530
293355
345384
508469
25565
463887
698900
62990
450260
789984
388338
686719
689189
250150
545465
595495
700534
430167
81007
161755
393008
585554
351576
899568
385215
330901
376746
860453
704342
133404
252156
632719
14607
403063
793308
30178
74640
403910
821568
378617
110793
724275
642261
500451
124282
81004
141939
496874
637074
63708
382386
501793
665234
294502
272917
53001
111696
506653
871332
730752
498455
4994
33943
414823
741483
816442
594638
383502
248746
133355
470143
292446
493102
114132
215335
183778
487695
744390
487425
247347
767430
681891
655220
358943
535437
889426
556006
624949
95489
825659
73679
618448
41097
693413
670376
78590
452145
674474
413762
340555
681679
726451
783187
122735
347238
217141
253964
787760
809193
358984
284262
542581
269751
842016
352762
527625
470276
507690
3471
506472
317561
548741
641838
826697
633778
445306
323538
524648
299461
30649
280796
858703
381155
306289
888930
675296
586838
683660
246983
446242
436298
210949
823942
350181
246312
639879
613096
130259
404765
434563
32405
450486
849402
164237
610375
40512
666805
427380
340154
187547
730348
32572
110399
773421
386249
567578
741712
542535
744161
609387
706878
487466
631959
606065
792038
333911
275102
192107
591490
89906
27227
174640
34939
665650
402633
95368
480828
493896
469429
181255
818498
372713
271338
233255
832176
60697
578855
470241
42143
453110
666060
9383
692371
201310
396276
724705
430664
795134
501308
784514
589707
306873
54594
885158
595333
870161
339497
467242
33906
734580
389560
753960
416336
746950
512386
421102
439891
205127
843808
271482
21173
521601
607162
604404
258251
395153
703174
219592
178290
787759
79719
544638
93288
62875
310934
343832
58232
394438
435134
258983
248621
411834
539201
791179
461831
451335
859672
877701
384972
333772
633976
661402
9749
467038
96688
665158
781161
439959
595727
483706
419912
228382
758914
629365
658621
480110
114555
882362
104375
843718
17101
864563
721137
343629
424180
222498
307372
773312
219346
456192
756126
710426
498483
684244
723332
894943
686130
283345
690611
652164
294548
293676
47276
583710
98130
369433
402318
873285
533749
440001
491942
60485
756666
269570
577985
39586
386773
656579
251778
673893
401201
852850
403246
824583
132245
117917
30117
117432
270563
449673
397963
802252
434010
270482
294884
453188
60507
647263
895103
107509
349224
142529
523593
744918
771944
573160
770754
821515
148968
453858
38125
70281
818716
599249
414720
675398
774178
200776
499516
451294
123527
711490
328758
108196
44227
604958
353332
759715
655360
313435
174355
849136
121656
441548
60901
893423
513628
558649
299736
16094
256049
427410
356433
744673
225364
333168
253496
835883
359422
485865
370829
90597
805539
851855
534776
870047
875349
129543
58430
21104
271301
752833
191983
738828
865929
426360
566365
778817
631737
291048
433511
394189
182452
182983
550899
839296
232832
386306
699386
710218
618350
195253
802172
88097
404411
248230
545909
591280
336786
20222
92264
862335
313103
474981
715543
773915
659423
410617
376469
79427
741316
516075
659378
300558
739829
292854
84822
812220
147265
168988
831881
803991
482420
412511
35822
511173
130962
687193
48944
843181
595104
617689
490837
308548
58338
52155
548335
863923
46303
762626
447601
769959
299968
482324
829727
244660
698328
572370
793726
279398
452830
524499
751914
571206
767637
728124
180294
257510
295596
558782
57102
12201
468609
389387
32841
151538
485057
32630
502747
811751
855723
808551
773270
559393
320818
234104
586416
583731
493729
423024
359695
331957
249785
492985
896961
127052
899445
259519
343433
361655
227695
272263
824723
257657
131547
694409
716777
615230
139377
850764
276222
398827
65096
677373
703111
588775
646366
845675
19466
366976
211316
363747
512270
25243
787030
163235
607666
866364
133464
785660
876570
412270
737500
684233
483523
339823
816881
360358
602840
176411
603029
128559
262237
101588
748346
36983
482249
681675
423175
838722
32688
19181
92085
145087
695838
394061
18362
801317
256992
800682
362947
274504
226301
407421
473657
251928
407650
503649
857606
710231
659514
368094
337298
177845
131196
389908
196262
357578
181758
881601
604753
859471
29160
307472
799336
417017
414531
86846
767656
183443
265489
250058
276792
559606
177206
491640
390538
478728
353139
600161
581376
799375
560467
538139
157739
588272
482815
358753
394798
195113
374636
211263
89857
624582
285396
41820
620178
728676
647394
660611
666821
171104
58951
620752
586044
176891
751241
376308
625682
750285
473339
383621
7170
422594
282376
792390
287173
868757
579113
509070
71703
238536
75830
504311
587099
841149
430905
711525
798485
452820
169982
62128
641045
825026
65030
121328
517300
430442
818203
94629
337974
352155
141438
58944
246223
113093
322236
356594
206755
711224
236319
27311
101094
477084
509537
322461
300514
11815
314555
457343
268182
187486
29883
102585
128443
63276
617652
711807
58242
803992
210031
690878
839577
888741
69088
157703
488653
727915
850195
41076
48842
200238
831973
599736
396477
894872
804079
412391
172250
315896
659965
673918
883385
284246
248797
485777
465244
119825
300371
311344
84555
170615
346186
740469
72256
18337
479300
262508
494335
192521
27154
375135
57117
301544
216223
288861
472418
689328
203366
398951
264456
673731
142309
837175
667107
20975
158409
195181
656315
834694
448489
488023
493684
158814
564750
840763
842863
176897
126383
743621
469481
882802
696252
725960
688513
10973
174801
830227
283959
33273
432970
885457
514640
687038
752245
709180
487638
766621
381058
734560
76636
309952
404567
788936
50783
104222
730017
165415
188745
728603
35557
78532
629231
646106
437237
387267
531449
82240
30782
491308
298210
89767
370205
370171
379285
866267
183154
333379
824567
392372
176909
296639
25412
480945
752836
137911
688690
875949
529446
89451
331250
625281
742442
583775
615125
863478
376481
3395
433162
380517
894251
748862
127333
776269
601541
624566
254716
444655
103615
143775
75051
654698
119564
732478
511127
504334
886867
822584
291152
17471
463458
359644
464815
859912
150338
227817
63999
767257
645413
714077
608760
716799
152636
97596
328294
528735
598469
567673
196904
415758
155074
162596
384308
528560
389125
467152
305592
190283
808967
63584
395484
764039
424600
137517
548611
559812
752784
139830
748113
428824
27300
14533
861254
791684
710837
693626
294823
847729
484482
736790
355006
410508
132861
295558
50968
210620
124507
865194
496236
124412
193669
811425
809308
276537
220492
838579
146356
575785
875801
585083
133999
674662
1506
740014
816024
83462
719193
141836
801678
830008
633086
837922
273025
757501
94293
364666
238393
156257
262386
175040
172791
762837
217521
121745
585074
731722
867906
73122
141635
292715
36353
601610
828893
768791
710692
796493
231667
633050
18541
323686
108414
563880
226111
107057
617782
139413
215534
840498
144509
886580
800815
210661
530459
435209
371215
23651
686660
214445
65215
337965
799510
721662
167660
1625
562239
223520
509133
766742
559867
836757
740405
134333
178970
559092
110345
105878
425952
296168
208236
444740
177607
111016
405
739246
40191
337198
466946
737483
266581
417207
52326
207881
883505
395158
762621
470682
273017
594805
348449
529852
365299
821417
407925
321828
13608
76976
94334
73606
879300
589642
221426
333955
308890
623665
275592
744431
400837
330967
850127
583805
35273
588858
481691
110666
506295
244007
684090
596995
246607
104040
546340
821556
827264
858187
540977
459534
729355
893233
814596
280564
162502
53486
215749
339139
445468
529700
556173
310043
711249
269687
502554
888974
873699
608877
411394
752835
201197
377284
591365
463911
41125
529999
341787
358930
350405
327887
812972
465905
201863
459082
272798
741654
436585
147882
424841
719224
480079
43636
842695
463047
520488
126275
800871
669360
538025
461730
442016
12617
776406
694787
186371
590779
632479
208958
318793
271305
575399
525000
109963
641121
439423
331535
656817
460477
642129
221424
707298
784822
330457
119542
328346
204295
369038
851824
301081
477561
823966
67629
57336
881680
708279
519030
74167
536977
763362
372264
312818
97454
515081
876748
94258
138512
436633
485685
789375
551616
16195
208758
232947
523346
702589
322301
681994
896590
220710
816240
76470
25372
808742
598914
528943
292395
31827
741458
661383
519743
492720
292097
122235
105333
123248
569998
684805
463539
191032
608687
871246
211793
811971
451694
77954
874238
578207
776094
615964
660689
554740
198712
332512
321581
532581
669174
304551
128431
890383
173739
165205
329751
287534
762782
684230
557969
339839
311489
93031
60383
601280
712242
135682
483653
342836
257965
586929
223824
177122
255819
596723
357539
197629
625788
458844
717344
259711
873405
878470
84400
162350
629621
898662
276847
409408
177714
855737
540279
534203
392123
191806
895271
128309
61361
768477
52079
731034
281575
178468
433915
58252
824923
891251
749530
331525
724688
174573
235562
446200
102793
247663
610721
430773
226340
497277
898938
363595
721713
727992
597434
524743
202798
156204
456351
85179
550560
868197
884068
299002
542672
199457
237203
881024
77792
672672
595144
511535
444360
427001
255005
469044
525009
827943
223895
533767
585772
171072
53868
526481
42640
107749
163088
665832
856207
439285
752187
577334
651060
724861
501144
196120
783484
590090
488428
436290
266926
277919
888033
504864
455287
67330
447631
196695
173702
161424
536582
503049
120545
199825
537978
299032
7618
286854
388459
190978
407346
315903
445039
236970
1633
169609
311679
370007
398367
781317
676667
190454
514553
191955
735162
626299
667987
212493
403347
320837
670814
898576
149313
252511
570839
419093
205878
175170
102044
560223
275743
676088
530923
632588
613584
338619
555993
661070
73868
705948
699916
152052
29874
497216
27254
233089
406407
360933
862958
385854
55133
778658
674445
536939
300381
871244
191553
884080
800566
734228
315089
648530
159553
873454
815726
188994
34064
610733
457490
409999
422387
510858
626489
537051
847847
257124
678680
383083
543356
883233
124862
858488
97281
385426
190341
119971
257229
399316
357461
156966
101101
733875
849750
234725
647397
600425
79407
276355
9125
97668
1152
38736
756522
214438
332952
592672
374605
42854
42452
500119
188620
296052
753557
452993
849267
877689
612733
123390
133319
558940
786021
470202
813327
290625
455870
741723
788063
415149
536706
314803
515074
812005
259510
880822
524675
200403
377567
731525
617432
274186
598813
776552
790700
865985
326536
149755
296391
781243
894182
838111
897437
601096
559943
549745
161808
879076
651229
854744
300930
614301
820795
580408
643995
759282
526600
713539
223186
285718
504672
815023
739932
891412
434856
848707
531247
313261
292940
753867
328882
555133
642902
238795
673891
223899
52941
463311
724804
120607
465608
752129
782243
266942
837933
280116
200772
616592
293035
799805
455053
599091
490800
712930
432558
327496
222280
364043
824106
581627
500723
880852
855879
113249
667329
347108
269742
490074
618764
826680
505055
554325
609394
248089
255957
719411
580910
852908
844017
767235
457490
359208
388486
638285
355779
255394
675392
247850
123313
836836
707825
726288
586226
472220
317882
736428
882746
718960
409266
734408
54488
304208
58070
764780
761392
76644
117901
323776
521072
15076
763671
225712
634674
652166
491730
144936
817133
586578
429352
652383
103096
777586
857112
667376
668
444293
106783
429442
563285
322675
577219
733834
856005
632794
890812
93799
650357
520198
108159
231659
228329
449952
455336
613113
765118
825949
565828
125481
513250
892535
599513
430697
257648
609050
804114
614302
378919
415924
669898
135784
205031
522895
871220
436675
266023
40059
385189
109097
221141
81188
527711
49973
286091
576355
545754
677571
306986
820976
755537
520404
649718
696085
346983
461325
195470
374238
147828
599038
181670
856909
119695
697344
438275
44746
397530
287224
167090
318679
890053
485944
329157
163777
730464
858277
215947
275954
898656
30515
746059
308164
76429
488780
281725
413360
421958
149647
820261
281989
822385
534997
177996
260564
811171
437295
563453
338055
770280
323948
128761
264114
539888
183959
384856
380385
212374
557212
450109
84881
206350
377035
518548
186556
349067
239253
756106
89932
143434
424308
583625
491664
638
635783
50383
189836
592217
671514
38122
807370
794355
395044
336274
382959
440122
69674
775587
55689
475959
11265
377109
275076
127097
745713
555866
844700
134912
745492
602035
249548
520231
423262
418767
470021
276751
288471
460257
31226
603397
561443
89501
276632
731599
509251
273359
746451
464664
97749
541241
318972
639061
120726
37159
118127
824563
363495
23983
31368
64831
571597
250538
775285
349490
721970
233482
789095
416791
655946
799512
836706
470843
377264
723339
899508
32431
587662
819270
736610
536412
407131
707150
693950
788197
875391
590758
722485
571314
113683
215562
675557
32862
167523
468069
83179
256478
816629
213071
310714
688331
752003
853478
24392
44783
569795
745767
408162
170921
454569
132649
331872
483516
408578
254423
127891
143450
882753
253320
120475
87080
2487
624093
64885
749871
239867
635254
595570
779167
51433
882545
395683
605215
259975
766240
1807
231189
252706
214181
622151
694318
109175
316909
438193
815083
405357
49415
785504
247817
698048
452096
8549
706475
377881
868924
87743
280710
810904
576178
441517
461417
482644
715236
732292
555110
805881
835642
29661
823778
75216
731930
695750
690517
319996
839750
426936
439933
201536
792403
647528
120934
726911
834657
822871
583374
642555
35003
570308
739384
318399
329069
707874
423632
753976
747869
325988
174933
829822
92392
375508
590760
25232
741210
743651
271856
402013
599593
349050
35623
179935
825390
574095
120900
564482
314145
304628
339206
380803
314448
260970
402297
636371
851163
446355
674728
825147
776623
804580
839872
591769
674270
758873
96541
786504
443415
586850
695091
481918
580743
208859
727803
267662
77356
340090
135896
839822
549714
495009
468037
448692
695532
354900
228573
771225
801456
302340
452518
662687
425071
170154
336762
691951
539151
266127
163700
360795
232168
860552
459348
778818
671831
294015
487151
869425
583106
469868
832950
29479
749289
805442
65440
763697
688101
888038
716695
246132
621152
765083
205405
449322
394992
231929
630936
762115
367473
95196
266145
544076
4734
225912
545893
391277
87436
636137
571222
306669
57795
223849
722033
494608
454682
186683
81452
402912
794510
236645
882684
642537
326590
605050
235200
71966
238118
885813
888494
651258
707287
466242
849976
316801
253423
427446
466715
865221
156762
691135
14692
106244
777764
170005
359070
801710
116313
3984
382844
720836
18876
798835
425535
713564
183520
334566
813957
64769
643462
811394
871919
233175
541460
529478
416334
573725
519022
3334
420329
435467
229972
766563
80877
264091
549752
341813
166161
719748
503130
209220
753956
143041
503618
387351
16086
370896
75609
120995
614752
743350
612868
777253
307472
661311
560989
308139
697365
498628
189616
341389
890980
813541
367920
654201
549061
872918
639252
679212
137885
98999
363761
257468
290488
624698
455252
835122
169362
629097
539836
106869
363651
428672
135794
783841
713349
290710
449767
51159
732547
213177
826856
240750
506016
818295
184128
658727
375680
108537
99818
488734
866711
275338
393937
416764
82796
6997
330183
428426
144138
54220
361534
331616
305635
882245
452326
463739
144897
167391
520740
657484
232459
470690
392331
664525
169360
585508
535577
564303
342259
631144
530705
604880
238131
841794
620560
622312
692149
120181
177038
601890
889488
669853
169012
862119
860885
341640
397172
435829
886137
501182
63529
275503
779393
524034
430316
550991
618569
532881
716687
264567
595441
645256
835450
237956
26660
829186
722849
644003
530950
680702
589950
897566
671385
487583
389712
792175
109484
171117
1071
784149
325633
469496
796266
325060
764473
238429
1567
283031
208927
626018
385751
46881
655533
721755
357852
270336
563455
717551
508503
143667
588754
707956
198250
400322
377112
289238
287719
863356
682844
179863
571307
323358
576780
242929
477947
243631
28903
43799
459033
214249
604773
448858
343619
90929
617149
133318
286184
192008
302903
358540
104935
882106
727663
31355
219943
770003
850658
88264
362797
140305
652729
586156
496925
439829
151631
21676
39472
336851
41728
401204
470829
71561
432464
371325
593895
19693
569301
99118
751156
333598
811778
114142
409286
632221
356208
866039
569831
219092
675115
675574
681717
743924
357815
351023
133048
50173
759006
393774
560732
7926
512535
323288
105264
112572
85843
192496
708217
782999
307591
791957
775763
187752
624657
418952
867974
690975
258154
248108
876705
34314
680391
475366
854773
235207
762443
755940
526256
806458
676268
771450
350037
303962
79040
892455
312181
144965
331716
179094
571148
209812
363976
607521
135226
227978
570971
644303
633276
430150
596015
622142
24358
661975
503593
436348
675392
638735
569255
451919
670010
782384
210798
634837
351341
857539
274894
318597
813520
615144
284180
312212
646516
793096
314157
59572
301532
568678
584658
885943
565788
715124
340565
635409
454509
520897
221893
234811
374121
238832
729441
336276
50186
604260
516887
633666
4762
432631
490616
274422
212214
595370
356954
380302
257956
427063
286185
757396
850894
486178
52747
186275
95674
327854
54926
735305
571527
328139
254417
713128
886662
362541
443340
47959
537010
468601
687868
447270
200302
678328
316623
755871
622874
520014
208456
896743
539954
24164
793872
240003
168387
515521
864794
882040
748041
672343
306544
442667
761898
419610
371199
875367
597897
649740
56764
627036
318057
249811
720017
520804
137694
321515
59272
652834
120817
271256
326515
865572
337680
6484
873302
792583
217391
824615
481106
366425
110751
71733
650094
842777
299145
632529
738468
823994
721992
581135
178501
7207
112224
80022
533450
308833
526622
269236
308184
595908
365710
632140
824079
600712
524499
805803
195087
305250
75399
29561
720072
362154
231759
11402
120028
217656
663481
633716
585459
468168
440245
440571
115547
239772
253709
84423
615738
144193
44003
762583
492914
629801
641669
654479
525487
513495
304751
756301
777840
693914
379902
542042
849807
176304
75244
240987
114191
232524
145037
360679
791201
405811
340421
351571
442099
119808
344387
672393
124406
597863
98942
795000
656330
58998
353739
528708
610920
620983
866904
695934
328331
16274
893480
168590
162428
831503
627404
840652
499641
94362
763706
155695
262018
460927
197484
233725
469919
738133
492535
686016
192017
816951
636518
529274
835572
343981
644595
348463
889773
669737
436450
393153
315574
684525
878970
894745
570883
295210
822657
828033
746032
866532
172563
781871
227113
645649
806750
115067
772597
641152
767132
416977
524736
215318
502062
328002
876068
647699
382098
64533
26547
164051
48353
216891
606180
600241
359240
739328
186519
3622
405056
213085
895655
37263
859660
746667
441227
510221
74799
464306
256456
714597
458631
302847
805367
397032
440490
102868
867598
32589
16123
147993
681198
97049
468297
513648
482697
509857
272581
722534
439341
516358
579293
142661
46578
660544
251642
811175
354428
499478
362802
513638
670892
455016
369771
620686
455273
595984
525325
824563
233543
511613
308131
93663
538482
464223
833486
346084
372281
729505
876229
658863
160761
763887
776780
778525
470565
54649
481136
303080
392751
84688
20317
264922
683606
321774
412860
543683
82540
66578
473709
386117
456642
362440
495420
249099
246098
881735
58595
887770
894824
653972
781980
561984
823503
678565
494977
865097
327732
400127
457859
448081
420441
498112
22435
24819
326072
438425
571695
266176
639953
290579
838268
292268
325234
497523
97309
416610
45603
690936
212222
895799
633995
840672
687103
272540
145890
700171
620976
410509
534227
317431
801606
27014
343853
559274
30103
735862
403912
225550
602647
818763
522063
133143
868624
820493
48717
531904
617623
64455
63064
76436
372945
606847
80565
573960
55586
867079
787878
332357
159149
326572
624759
76707
162605
313068
784385
724081
470158
120133
513976
201202
316745
190152
984
567841
869883
708075
111719
37749
360193
794718
470470
710655
659665
578390
615002
139056
796568
522629
44177
857240
375756
200299
500851
116169
71053
136582
807527
791066
505821
104420
755262
527271
568216
869913
503168
132630
226994
108940
562898
380244
840652
122252
596193
44638
405075
351488
327758
376316
22037
429691
92629
48071
202336
287854
361371
47340
441305
711704
555539
410344
477846
807033
183021
676307
240377
365284
110461
771161
93385
311122
24227
625763
891118
488275
837020
719669
203401
576960
513413
59568
287246
891692
892519
311127
501343
258297
847715
785231
152422
527110
601658
804416
550606
71494
673050
407768
803390
255212
647393
72335
614644
591298
889615
729509
414010
207065
401004
814471
570472
630427
651571
893168
412278
774748
723674
140140
490555
359759
638559
28920
3495
480341
556976
40741
479769
429200
810935
650268
422206
185749
463840
446139
263655
495360
221993
679069
661445
212706
404709
594968
292516
570613
879852
78400
417153
329424
704419
298057
349865
68117
579395
452586
594384
39720
802633
128732
503147
594491
758778
125953
450826
586340
18384
177602
594421
574288
443525
701105
747426
86096
666682
565037
387280
573938
217157
733188
621732
457131
101270
698771
884957
225392
657860
697896
761110
739203
21848
90536
549367
668554
14165
546285
660408
625564
106083
55399
192884
676885
722391
40292
334662
734857
138976
887114
888482
861429
666449
399392
626450
554193
619366
296045
771467
860641
164789
124024
625964
513387
189970
437998
24435
393987
348510
370083
804636
806017
390733
774799
660886
883348
387283
485049
270532
120784
433003
120146
542573
65443
14980
250584
557856
880422
668296
857947
608871
533295
684713
528189
598503
32739
582603
70578
395986
485480
48328
461894
400681
798648
461412
698910
80785
895697
452942
281878
250512
371018
319919
412938
526948
408832
414034
591184
311329
72655
472176
646595
222149
693564
90326
505595
323962
46287
141750
748631
590023
443870
74247
781820
765683
116228
209850
196151
647799
750800
742586
80126
710623
4058
107103
378357
782365
607568
25295
19597
158601
635631
189713
417990
785753
347053
397200
698133
217145
573587
309096
889537
585352
346313
873904
226600
601519
808041
52227
685086
664766
157557
437741
898069
365572
825028
170927
806584
283146
149335
342959
515409
587053
872170
798656
310827
864535
152806
406121
280593
12921
606036
351892
268117
269543
668876
857845
249325
135088
246539
618965
188184
55576
474915
755770
221311
26867
648364
636693
695702
303360
713816
202599
261665
50976
629061
168208
704435
395219
445675
823926
86578
447469
139221
21391
841783
694489
538092
765804
599601
272298
398735
488930
860233
308314
144863
191285
886016
330145
144471
92834
303092
840916
487192
463882
554721
472855
431298
581367
265701
782944
321056
221004
6524
741674
181914
103885
332810
342546
294797
695976
873143
176754
742392
26238
425684
600
217197
383378
512700
613538
160968
705133
710389
17496
332795
863692
679990
525797
179207
581703
832419
820115
480424
34590
472595
449859
10568
655233
62386
490374
205171
639132
418307
578491
781418
477822
739709
409350
398449
381317
694039
601481
316963
99784
214910
52769
574213
677697
531874
894911
337688
197108
652913
607745
504648
806848
601211
292429
771521
811649
265685
203497
469602
79519
850169
170938
40649
173590
27370
549911
170574
866883
62165
225098
692044
593640
65458
201859
698074
532189
577579
521720
302807
10003
9268
295324
286212
603334
338808
153850
92235
114782
136692
826671
373085
180450
370588
39810
543482
220058
426364
81377
688521
395295
495514
113433
435464
378849
724598
97905
91293
195444
648755
745764
642282
586264
533295
41433
11231
635428
814286
564545
156586
533199
255957
586732
322761
620346
197714
300360
867008
180221
44377
12343
612966
441836
72458
388555
286394
652774
191662
272353
694227
617467
848095
492760
418965
397783
371527
611116
178367
757486
29281
866355
258369
579910
266332
845972
557802
17244
185118
477247
298240
379604
718117
369068
654633
730592
713545
215156
150854
185964
768573
584102
453696
296420
845396
363719
398906
25763
142944
506569
418470
889977
87829
276391
182387
89816
209612
145978
611844
130779
481188
129243
51484
351378
119652
665974
819190
772655
519579
886727
4177
455527
639239
808147
830280
99109
639508
115909
211615
86577
245725
305668
87609
731800
429262
552686
600231
817112
186026
403892
366011
674666
729096
767505
186810
371181
484568
603943
208
268203
567492
582584
748254
478186
255281
849438
167118
504369
629893
899495
578535
623892
773090
813681
758940
396703
653328
339998
124446
719643
201658
102900
221778
272063
743502
882196
769533
30999
600008
472852
621756
569001
316520
28763
481745
826986
818975
499865
65815
100508
350281
384129
59126
188770
229109
92004
735122
426306
546656
619306
511998
346869
222366
578543
729838
852238
340410
550104
152810
488292
416406
296369
392574
170174
523115
80709
123182
67802
807124
453177
323847
256602
530182
888389
234353
802380
118999
416432
814304
174389
617792
37447
426122
736793
435773
470329
271507
293897
643761
679538
515716
719593
786406
899218
180954
262397
333458
707946
512442
841135
792149
15858
809890
80544
218495
288490
720347
110473
573998
675979
507466
235084
817237
503976
863814
210844
150553
485511
714373
22406
65301
156342
520655
149338
360189
765771
48371
64314
315519
167837
116056
765597
820453
304856
586187
103776
416727
891457
839608
514795
783422
39591
109332
458684
351587
888290
774423
363250
105686
158987
320487
308375
510251
792599
750159
683178
689726
388400
38414
331721
505207
164978
12780
855864
269769
143167
619784
314416
10804
354880
122380
116391
277642
375993
838882
629591
78895
328
345760
148366
529593
696441
677854
349074
785175
25513
575593
716527
242286
607157
740815
330622
290175
483326
713819
374899
582020
811451
455259
553539
243289
591259
212732
886800
434615
392374
96951
479059
200027
335054
195781
795205
12998
107943
717166
136746
753661
20864
585119
414874
788273
255566
510778
119757
591353
336660
863303
786179
344347
44672
276329
94445
751498
498788
539403
96411
390152
246320
29913
329251
865837
671593
466378
305451
449920
95848
21019
244339
459618
341105
334776
434754
396426
230446
312467
629707
849450
891784
58967
158427
489041
850178
130837
297666
546026
460402
811485
560028
267970
787292
326794
172091
445735
299660
490036
474899
570379
649520
165545
343425
663784
487216
404085
467417
707133
818795
319677
386059
841879
277359
100236
731984
563659
507284
359077
336375
538815
87478
105911
519463
780776
691470
220590
259312
793838
367948
222118
2162
710412
157874
472763
12489
713268
237904
821948
474100
227568
550583
289725
96448
820994
230876
476652
343350
870988
855596
671035
644702
44332
364518
434492
208751
271263
428026
839371
732948
45703
261692
800741
100668
442983
348868
878998
539037
795371
842437
404624
7526
753988
386599
276279
679776
350065
333156
363578
591233
389881
126460
259676
838349
313941
587542
435472
760168
704011
164051
16291
695965
345332
165712
552147
718052
142431
44920
763070
681267
520655
765539
125621
245124
883167
703280
635535
242943
127846
846394
425530
95364
837014
34234
393964
439863
577982
121688
724503
223688
213647
21039
343739
823325
151835
58525
274614
573311
244409
45283
390551
456254
341253
867679
846736
6594
787461
96228
802153
134351
376295
5139
430576
813171
627750
627032
51694
794448
535499
834307
875798
10881
673103
319073
204631
33322
94591
475574
284209
66752
524888
758937
201444
687698
533010
119181
601123
699539
107929
460600
58536
128581
165942
14593
566689
181924
839565
895403
730184
539500
18976
281832
675280
603207
750832
488924
600667
179223
106179
436240
773673
346077
487233
813486
181226
512899
460024
602560
868341
434988
162048
159360
757521
867702
608185
198075
305648
336969
111056
807783
445820
846431
857665
704861
287561
66512
786230
755509
588554
886712
371117
572670
882208
223239
521175
114582
508013
67526
6813
244908
470599
85441
755005
752047
289352
853877
865107
170035
487137
120855
894451
354816
280655
321886
515922
677014
529510
80846
772260
521953
894954
193410
270591
324276
660156
549333
402559
364997
148497
878669
372740
258630
408159
396453
238293
493179
718416
698614
893511
141885
62969
735841
123577
753162
432325
206395
362839
845638
173994
711093
339934
26898
10461
801479
557471
648519
48353
140249
532285
50575
182842
133806
670544
228577
815936
491693
135404
658455
696975
605069
124731
286093
247035
152700
88167
858168
61953
654444
714996
259009
476569
140091
682698
541
325831
783261
178256
797354
648593
729544
348723
385832
76459
29116
167015
854705
130318
764237
602245
524246
381351
606990
325810
833080
59979
848444
290912
236032
312680
697508
797933
87260
432343
744434
131721
826614
112654
198103
343542
797394
112562
501014
777448
410083
313449
6283
513291
243019
171533
861336
852772
507598
492413
424366
83888
493681
494062
314804
239784
793877
473342
530007
278854
526026
490377
500078
189345
372273
819220
596809
358004
90066
583495
499414
190910
426870
362456
70543
368258
153922
689058
255427
68398
510449
731349
443007
568184
763469
72742
630233
845125
354858
283847
736729
632515
613951
661778
861445
797078
889346
568703
804583
719024
744670
211028
875613
621785
642963
618652
748156
142383
462379
73520
459554
592742
857076
85010
678135
382480
619935
683289
153599
615512
740244
32871
306687
898473
232912
638166
639497
159851
832540
229136
306053
674829
133323
100542
236926
517086
217968
12728
521351
201941
142777
78812
159848
622737
319404
504794
192713
480731
136124
283979
