6616
796426
679925
553569
425141
216207
678293
240822
454462
389811
7437
503025
846279
827856
745965
310498
661928
824578
71062
443878
768127
870622
413133
661613
90068
717331
618923
377574
663158
431196
214672
326153
393572
136030
598807
79840
229417
522404
425637
64403
563262
651509
170267
580271
397107
302863
721868
90418
745769
469314
76840
599189
393302
686347
699478
437270
489515
812971
763680
33665
503794
629732
806728
308795
54641
454704
271385
616523
434892
850589
6904
199494
706503
689705
477977
447701
422088
734326
381486
473892
585211
807018
80858
561641
174095
899493
421700
443823
92766
680544
734215
176479
777130
716895
621542
896394
135234
307794
68541
734741
232612
513230
190962
850850
429596
826498
476043
8791
219403
166041
354137
259757
278691
842604
31217
173238
610350
61985
341212
769228
14831
894980
690724
367571
24640
824288
93039
50154
727642
526393
701672
88307
763571
823881
696088
30844
368514
174262
194740
230409
875454
370925
475344
811200
704228
464701
162641
525969
619095
317170
468256
489344
380930
366828
871867
246608
113369
135899
555077
465870
494302
123578
655326
185367
185183
186789
95533
591047
695484
519128
127577
166367
756678
281605
38935
500722
572259
75857
409438
439916
353486
543084
311222
543072
126300
81740
71247
279276
158009
242757
455022
325611
654417
427751
97698
219447
41675
201907
142261
823864
373775
313883
221150
241550
613703
482901
254707
213111
508548
549692
550875
108157
831192
165700
416034
799391
210592
13368
461637
196410
171525
417809
125549
811028
147672
806293
447290
454533
520506
116489
111284
848355
465278
84372
574854
706984
717670
75314
873607
880962
186986
836690
250925
795543
99575
56941
610406
528562
683027
178531
52801
315247
273567
761652
147719
740254
538870
816311
704840
231191
712722
743035
312111
749755
859758
896247
586615
537251
305125
100400
420375
147400
608825
166119
897720
486030
714096
351740
354536
746989
513081
245667
246119
886493
794732
784833
339583
682781
821680
747587
201169
30496
841078
470971
182313
437782
722306
631449
122931
204498
628042
404450
891815
694045
248150
345647
117248
716598
233383
80676
463947
420963
124757
354731
39163
556217
534833
628300
415929
561445
59529
241676
830424
858997
595882
32128
254983
573093
482591
612460
306015
354537
224983
845820
280764
512532
676485
204253
874185
694307
645761
543673
471476
823946
858028
741326
94368
200728
437136
671370
560985
368873
411142
870501
168419
638664
800241
407099
5419
314431
740424
534405
654175
696029
13745
42450
198393
492226
820937
554855
877782
318186
330688
662800
61413
69075
37633
752161
406715
14637
665679
408655
637668
754686
76874
638276
570708
370703
637745
485410
53467
382966
264066
144919
590230
860928
625277
828441
422210
398651
534182
694559
91244
29533
264233
157884
244676
713461
885400
117561
70096
235436
231248
716397
607901
574327
674970
897627
510480
335164
889421
152105
348858
581919
553904
199160
588714
557896
204349
567173
442396
655538
834466
295707
182639
754482
879585
854066
235061
337698
605335
515304
40803
103017
422329
155066
175016
126889
78874
668928
577947
517253
284073
491650
75725
813261
247927
827995
72861
713319
106231
542665
701130
115708
335422
349005
375523
424028
738890
344869
72186
346222
595871
538691
652536
810425
697292
375818
453578
872808
397037
673829
134008
802141
578025
438404
258358
671701
445403
583219
99444
74483
407278
187353
679312
850028
798753
497450
875691
319023
72714
70857
474457
442895
67606
708766
559346
369422
452623
414160
26693
104071
262839
757535
880141
876344
857041
591552
635195
548331
521407
745014
511634
482111
444229
739049
758034
196280
713196
340582
332237
792639
583651
584627
756949
129303
757376
258061
497398
818238
201445
254784
648992
847131
654429
390690
895132
85034
126149
211212
134047
495202
506727
71830
247005
823296
803906
870798
716757
522321
572454
143989
707435
685089
468507
284214
530259
425467
762273
254724
458312
793179
758897
734543
618844
832792
404547
576354
338986
344968
550569
562652
384743
201455
278744
630760
109783
700968
505127
829788
165980
367406
552368
537387
279049
683111
419092
149191
511445
96910
286363
318295
132267
860667
623353
96464
181791
549745
7564
485651
92858
578757
649953
39779
694646
895782
817686
637633
52965
318348
549274
14566
785803
597793
385169
550652
371597
367943
676180
726937
103361
391557
358293
692217
193509
345842
448128
67447
234027
516028
516508
834984
262386
839348
382097
805941
267248
595034
453732
659347
139147
116417
695774
66976
451815
207807
47435
205723
367193
630068
543837
705249
365947
411924
379825
587872
324792
454290
874441
821593
624391
199530
606489
673687
135284
488555
241597
746695
612569
509984
483271
425939
260269
604346
324471
147678
763091
584252
865250
211870
312659
3266
342453
20657
574149
13486
241491
523710
533289
208592
254874
548970
692884
389138
407972
327699
53285
749437
66217
121644
569814
799116
523170
255829
354318
895787
37384
342742
73875
714379
463899
502360
240796
447205
338495
451200
816869
558472
138368
99433
838140
876097
305366
842716
602040
767750
890115
139215
238345
894495
292794
79192
103594
195921
387034
123500
280947
556360
147351
224889
114795
311937
252986
354364
369691
602161
543774
593951
233470
261237
620252
665267
84052
762456
31361
658886
592246
15802
217722
213312
780356
711491
220850
172256
730649
535172
113938
74958
675808
136869
575239
607453
64928
166641
288802
154047
883475
690395
127928
612548
725908
387179
823722
495473
641015
45448
366143
29209
129906
451268
519884
42299
482905
17663
23862
882167
320136
167160
135503
483726
282041
685015
564860
305813
195157
679024
121175
475701
791111
373301
882160
867587
553708
894172
371310
802231
466535
494695
746836
195659
777681
652982
517790
853394
52301
453445
668234
349202
453338
789155
515572
221919
476833
413905
391994
109782
600750
235058
35806
440659
301244
406165
312554
269839
59273
313084
121741
359417
619401
393289
122724
396048
124854
365732
133396
885082
859108
242827
149107
591172
348147
381175
538918
155511
707837
376102
338277
174163
715920
117098
746491
339307
371286
32334
735594
112572
59695
685280
36331
213931
366784
314496
868530
7898
323429
357859
586192
419495
46722
778500
799283
477698
37303
375336
29160
305608
391954
198252
361089
893216
321374
254606
384721
832882
810936
122164
719603
195871
230531
288252
627275
586785
479346
102274
742596
859711
651650
160615
772729
894413
677866
395652
880399
430910
827755
164107
11935
115687
723969
853942
879250
124114
601148
276591
153637
787547
123464
669627
812043
179115
243495
103780
642226
52942
503329
52129
202845
564019
497714
660036
185169
836704
626242
34080
198156
308879
717554
756596
105391
317545
263921
846201
718236
843357
455950
89380
895706
417180
766824
119224
27189
592757
812481
690571
863459
705256
767826
117811
467650
19721
623736
70573
812604
777267
607980
588938
150732
35591
573744
524695
445243
639680
816068
13767
607683
354067
400377
252319
495829
378568
307261
332317
507093
161903
209845
848486
774147
380802
587273
514571
818133
156341
115320
559351
261279
550940
41901
219000
366677
864602
620617
682791
149735
894273
241312
326870
71115
224362
418528
349877
241561
608018
405323
847296
473743
136368
89125
187241
292053
289551
466409
264605
376187
207308
276791
88662
328638
198030
747688
507069
575977
703708
803426
220857
884568
375775
690150
659608
98776
245782
317959
343449
840779
175792
878005
850228
252615
619946
330871
137639
419390
521796
82232
110141
776760
63522
46616
790845
412636
681628
691107
479789
388846
873282
295166
403808
604210
303504
252733
168195
698222
586314
425682
715776
761870
649236
646145
339341
207553
871569
243951
683637
692801
890614
770296
397632
381264
472297
493087
426817
620158
357499
150784
128668
854854
60224
417185
229906
242232
808551
447688
794858
146258
416314
533446
402622
327591
741044
105105
628927
863393
752857
553487
602342
133155
787671
669774
796888
17959
180119
328304
313461
865415
761632
130148
225086
98967
689224
111664
766112
410735
399287
811690
210305
882150
543483
734118
760454
804409
849858
564362
718143
654380
433079
84541
226735
562759
439484
840157
76859
32642
108192
167824
730895
583803
511997
25523
585575
554276
187760
100878
693441
416090
205782
76872
834685
169487
238976
590998
623277
58089
16819
295919
597343
527620
109695
475804
432676
6034
26073
520363
81756
746179
35318
779682
867776
66559
849991
223024
763788
853392
402988
247391
833031
449181
699030
481670
444272
417553
772574
365531
848295
304763
827291
315142
502965
457870
331587
690928
46744
555720
136546
241242
429231
375183
31824
891658
897439
129111
510546
184320
343680
467489
28719
348200
511143
544798
174637
753160
656656
169457
669799
243352
579655
330130
93934
323249
893588
180878
390714
396350
47553
273484
568842
149679
359848
273995
449855
122509
471934
700230
13682
728488
277623
222234
118893
31691
874068
895390
780493
824721
621776
18961
481874
69681
886562
285906
252256
363989
823599
439944
749141
882025
118704
539714
697223
284206
161436
125337
615673
173326
832434
444881
704858
484489
854661
575838
41947
121262
858307
168580
152299
123302
136740
141238
743025
683051
454060
205344
719268
407382
805341
434689
499914
217845
215356
723247
338636
896795
306365
117694
661970
239089
804846
540572
763936
641642
817470
755763
723564
87285
759720
348210
616987
873771
419328
403269
336856
274728
846296
212352
482864
686007
719791
848443
767084
520262
594999
410967
283052
624281
665601
20415
409341
516826
409895
738345
613879
103406
393110
763196
46677
880194
425239
475372
300209
827588
323512
773696
523035
279182
787867
498741
621590
1758
813850
545147
252144
120001
414678
363005
57276
524205
155803
598366
758862
583022
660305
142687
714418
571864
52354
532413
39849
817339
543555
847575
650785
72085
491648
441261
269263
324833
205065
64260
202316
456205
529811
393926
570570
205385
276076
709574
270961
560283
441183
187841
313690
467632
570560
427008
90054
653773
168340
305082
571964
220131
274720
219766
138399
362177
519757
120110
676264
15843
548725
855568
793828
733193
190605
448702
469356
70530
365966
155157
208669
235943
837601
330250
79060
846404
672007
518992
408424
777169
254754
816055
586243
339551
113316
827022
600958
71053
208530
112745
560889
155962
560628
767997
109268
555989
664412
320904
734668
602673
617488
858927
609813
91956
306006
601663
293200
864398
873243
335988
809354
184263
652383
90328
324209
609937
588641
610979
497908
292221
378371
723360
379414
254345
356089
899089
711662
729367
485044
588969
262238
58009
213957
173463
272621
486728
46224
680002
83811
645107
325839
657552
418881
465716
593311
349601
38043
529503
65771
153464
813203
846069
633684
583545
761779
224373
699162
744781
815591
438001
537225
53763
452468
378558
77026
890514
482457
193509
496453
544569
75585
677942
551704
598983
279361
752957
449975
17430
27476
518189
418232
540913
480593
154136
793081
342839
533189
813504
359433
49272
255731
300872
379407
561628
600997
544708
552091
830595
396877
25551
251335
462279
519516
344156
843082
389309
133726
372004
759961
815739
179537
265757
666938
341651
293152
234251
670726
253405
732192
607888
548858
464820
545862
192672
247835
326166
881250
321616
194403
39631
736797
396428
18444
655279
824202
353831
691480
746487
571116
586157
286619
692628
518372
828309
39814
363010
18773
179730
803472
356049
330583
55433
52770
596037
73939
726876
516384
364823
6113
523045
365007
76601
338172
161118
393351
357175
29055
219421
769111
879065
381375
551134
169872
857893
274276
845848
550511
468481
463428
159441
649258
191158
502622
892557
224565
523312
340464
302050
203057
501506
628758
1767
231155
562950
738720
88491
5805
548738
543022
393185
577627
181286
485386
626361
183915
784434
77250
840970
328618
511189
476865
871116
160231
461936
10538
825890
778343
192472
510896
895348
864964
69530
526356
626587
109250
884633
610683
832789
251792
33172
790635
739288
112887
438307
374275
129539
814051
33727
889908
340496
303562
192801
538784
644454
730909
706210
206638
299403
423211
334530
498790
733719
141837
195077
439311
216739
110385
243351
112290
303808
747654
339920
709099
153445
813376
359443
475388
583840
474985
479888
163022
461869
656357
338762
220149
533956
604704
804178
335358
665549
350262
35314
861096
797839
504382
630022
205948
830213
681236
307588
317962
250546
449953
220860
87297
135468
477482
605179
208907
373779
33810
308746
595811
202373
557741
231667
424980
677898
435362
776483
233679
145610
108379
749643
507816
569151
681996
801760
856494
593093
478366
414723
783557
647309
819415
587611
3010
321937
693352
723966
756770
859138
654323
597263
588071
13245
441462
295553
490928
712444
375960
85529
718900
806632
100015
434577
558427
576940
431788
477817
569817
317413
156132
605656
624968
573174
879547
694065
869345
210137
659631
282785
802102
799439
866142
486212
478799
876600
531254
587383
886687
619197
855511
61720
869122
329450
149446
343561
676181
404858
336017
210964
85682
358155
787994
392265
13511
393905
53922
176386
397618
356582
464051
593031
202971
269183
184105
600493
627598
830778
102942
306746
119123
311539
366770
181988
545804
193301
107348
286807
752938
462893
122607
288437
32588
56859
332243
61143
768310
390050
349086
19986
267562
348575
87495
144629
614629
816342
841767
442575
631640
602279
180133
396397
586306
721696
541661
5953
856198
200588
629740
439998
869998
389865
783258
174240
594780
880983
302212
139112
500073
436556
597892
153157
532220
352229
853344
870062
231624
878903
253165
453708
369058
533284
203389
442773
289310
424712
703308
448019
292453
103763
238530
33699
309461
197457
45446
704601
609301
744229
393472
547840
817267
775733
283049
447551
679229
417182
762034
414743
212984
861031
823277
664618
377888
399412
331099
718294
793692
230449
291219
408990
594237
235886
111148
623785
890643
868682
243911
496643
487756
771656
384700
620226
334634
10911
88384
500036
692192
323181
725616
406484
58089
118219
774172
644779
879684
443195
811955
490931
527728
298013
161190
90790
502496
745186
568124
444469
126204
310456
629682
91972
382580
418724
628236
187667
425856
95342
644797
666680
39513
50646
752943
564008
18446
483812
312303
310356
118564
359421
207352
408272
101390
614450
309306
821647
491460
167890
435047
124106
885091
544255
593050
146175
63553
13118
396068
712726
780459
87080
703924
579999
724957
876766
734850
286327
540029
155481
551737
879786
281396
249023
187295
81554
560202
315986
803362
115325
751517
684930
491776
550893
724254
685475
91379
404184
171528
566841
68343
710928
170269
268271
893913
403869
583903
293672
430911
732102
410696
590348
93006
555311
782471
424836
888795
162429
808888
688001
122034
340820
855998
53399
859548
401345
196351
177223
860049
319668
96860
733113
675418
50660
603755
848680
164545
200631
310516
172280
686999
230809
205476
390883
705058
650281
511089
234960
816961
185108
590027
874853
719710
424217
778843
436339
591695
469611
307995
412816
308104
564053
206130
327875
82432
573015
824522
548087
450942
506927
710479
628082
23617
816595
251398
419584
50249
644283
880103
488936
75877
84891
561433
52064
278938
846542
457801
892828
704140
690382
535750
559874
282572
843104
589788
597977
278367
226221
461196
395616
8390
17962
686532
518139
220431
308409
206528
718887
43256
251336
68188
883279
691227
182072
748660
492023
25018
255544
812283
48150
473032
697231
580085
395137
501138
486777
474449
755873
256680
870953
574310
60774
198444
549676
749576
572726
406166
367534
295047
727166
787617
379446
663077
882665
760822
91276
94354
473806
842675
873467
208646
256963
394167
43730
773306
271696
533356
830276
559875
324511
84082
894575
454571
448591
66276
192986
627982
307239
291881
897623
138287
48999
78906
406984
84053
80347
117003
449021
682725
204745
756759
138876
858109
32105
503884
56218
260041
60468
221296
802981
851430
301557
795471
301924
216241
144701
100130
758518
37067
686995
29726
354839
539916
72487
169174
630305
119872
799751
382349
281167
62754
202475
747740
355165
216820
231787
547292
200299
633592
895153
130481
441280
517230
548297
324180
347724
60139
8181
563771
419077
495826
321340
47782
671571
585330
175426
130729
64679
145947
442611
651729
453990
260989
5081
712981
176899
565728
145134
677147
264522
41050
491435
105667
540090
189808
832446
411220
74474
580812
212442
596577
706124
5719
277960
106616
635534
646132
409340
64839
547261
226137
709091
271435
168932
560362
141719
15638
670131
243540
219765
778044
721307
697123
898598
640571
515701
745312
628345
298884
263042
643338
535762
237578
587629
791183
208251
486630
202573
531528
739672
244356
144327
473679
766329
824526
253552
186845
580393
193812
892303
861380
756900
675988
825185
483078
280101
154315
654486
341681
38364
1464
521433
406167
48927
831593
232654
2190
245720
178885
695667
593856
798428
632085
478793
249552
654395
582447
248972
209290
572691
557313
595197
148517
677439
522327
833569
403449
57389
63593
40226
618007
538989
280451
668019
428073
387110
677554
208241
447718
578978
472136
72229
681042
525674
418605
641862
318096
109836
428258
326236
465349
439192
862931
316639
820043
124747
410232
519550
711502
666306
445191
101883
771110
611632
727674
3891
270194
382378
173401
797628
671149
99648
561572
361255
661424
339846
635840
461444
674660
657457
362491
431877
535170
251837
477308
160667
137257
773002
352972
572636
459770
662280
626939
805415
689523
218247
203857
63326
653255
851505
5042
330641
409399
8499
19181
834172
344559
313270
637249
736454
346847
168748
615213
746026
555636
309798
265490
864563
408243
219427
374598
522337
852049
367042
519960
331432
503058
643448
785116
335127
422460
724285
82834
122838
693975
510977
87703
247432
890755
760124
373895
395184
549558
126915
540716
186096
766033
459479
736264
392717
264797
783959
313372
218862
320455
867893
746643
833380
253302
16006
230286
663971
834853
794451
752940
390349
248353
691085
367029
182320
300224
615165
618883
352262
17404
1946
549230
324891
496139
642611
296818
395340
663196
358220
574080
369386
603952
840261
140734
79677
145107
794966
158075
222629
739894
463927
590803
73468
716586
370875
58779
627576
290970
553821
720394
856972
536197
270643
690437
50510
616567
204831
145957
679539
243076
696517
522022
582359
386528
673750
728687
625433
206430
335146
777753
862306
129666
771309
236797
339718
884453
417488
421567
71811
56293
72224
372273
223814
88294
228468
724965
160814
533417
232351
527571
279848
261096
372486
693187
214553
167659
654188
99480
220954
676330
553736
362362
168445
735135
684760
428445
840942
380902
452143
147955
124277
761973
877802
693067
52536
864306
511744
260260
248734
194230
400055
22674
271918
284604
426836
698923
262645
677957
714570
255695
880646
817675
488852
342770
761947
739200
244541
527656
235418
743106
72092
804939
329076
753885
766846
740876
883239
117598
97211
561844
854850
238256
229451
350741
271209
572661
331665
695858
522926
492513
478485
734823
172351
759894
528368
576951
871264
454040
800768
809936
347629
641677
425468
843293
271233
123539
801953
54888
888117
823517
42762
359785
610816
208971
258046
793264
589308
386246
429539
246539
160969
856725
685009
530068
852619
615486
247074
491034
82607
482556
671877
414027
276715
253146
382737
423259
330947
169577
507255
714483
883815
430468
742000
132441
617337
792669
836821
595799
544429
620419
487246
450987
518602
228051
677154
648683
85933
742936
630445
211954
864812
358561
812784
371755
757048
441661
344705
774521
876859
329781
712579
690433
513121
860998
499857
699862
296660
37529
22772
537502
462239
880129
77141
832485
112596
91889
118955
735198
44457
99735
555797
769969
701244
323897
734564
665606
518424
809962
61584
56173
756560
410921
317291
715559
245383
77687
242162
80020
61362
547827
863071
150234
794390
794323
703996
143342
870667
31745
125170
664899
309986
492752
611007
880204
130947
298777
121254
64623
134862
702966
6848
349065
462595
456410
535761
898424
50046
546220
609782
603752
208602
758622
359833
803261
782102
775598
194023
212314
175540
389880
707033
220429
354526
86005
856142
790295
182372
189045
514522
871675
218304
566165
613111
117345
159227
428156
362522
120008
436072
728664
854017
206982
748910
869232
761096
335645
517315
467205
613050
673629
48211
378474
143205
54991
23072
487549
167942
257989
479875
504897
808036
583644
402801
625817
228184
836971
19290
875267
168106
326251
80842
710415
203991
70978
223954
308123
63214
857997
267137
402892
577690
23210
821035
285035
168665
487744
696908
310105
96396
496747
828326
632881
364423
895687
857253
803833
582216
36793
507332
633315
281860
418037
826825
653574
178685
899631
460747
103764
506768
400033
830452
768568
550378
825686
731777
426447
321499
120369
22630
29056
822402
482109
603182
433816
756392
102065
339584
423622
27850
430527
201790
114224
840045
38938
16775
804112
642038
432194
414812
239727
51185
427502
70400
529629
356335
444820
245848
429962
325869
867607
590866
514179
225647
177006
467746
330476
395851
455501
128518
365110
822274
626706
699915
204702
137257
76751
180362
290882
151750
858447
449802
32096
377463
553958
315497
525517
118987
742969
893845
850255
130996
794503
731668
7800
102612
430467
619295
407316
659599
60316
196253
414996
507494
878096
224480
523004
777254
575668
11119
683857
452969
122425
105595
716772
623807
487571
462654
219204
353017
506459
91412
535380
714772
872176
725746
696694
21407
229432
171847
103783
536139
399716
851821
815876
407503
516689
345932
305386
191893
514827
456844
869244
113733
836524
861204
107165
622891
145506
292836
236509
204871
650223
466859
754448
332369
780138
90246
662106
48775
389602
827638
755943
788949
693827
655997
212279
645120
82129
500532
567222
452143
179121
47884
136746
881430
369767
407903
230885
425760
206746
639058
283291
289848
205908
417066
236973
274996
355238
501991
870692
508287
207240
293025
282105
311842
294813
177758
802960
66414
622613
501422
669158
710504
450924
420259
870079
183249
704080
602256
774114
405073
619199
72220
253697
94080
267887
94115
773967
138097
369800
625898
738070
384699
656140
882397
82401
544068
867414
242662
533908
110733
721056
252812
816156
293716
486046
19302
771360
259274
26792
370362
452854
495922
425366
120791
230931
357234
335203
156875
109178
222682
39060
66978
25398
38222
808466
696284
157219
400657
812434
279305
194310
772528
677974
255363
614748
138952
750093
151912
87504
244149
568245
486707
712198
834872
113345
831350
378421
547427
423605
349398
242066
163524
462830
43555
527751
495149
288095
494579
822754
552156
611542
391354
252841
33932
402589
753127
488012
105750
382652
725310
759571
578533
797531
617133
440790
455797
856293
776558
169260
779687
769289
688024
12250
36708
460250
99650
52589
677547
9622
855733
476195
561017
67908
876845
537732
828148
117494
821740
1422
158356
738062
93979
320526
765135
149021
387902
475018
280575
575239
632242
635994
665073
2658
484549
261976
575789
557692
149298
621325
24541
766236
380120
125322
301980
670049
240342
353368
188061
402376
451014
846439
521909
574153
709459
781347
518054
78112
735224
185701
860905
788457
318262
391398
572534
666628
459857
165582
196243
122585
192744
275434
601719
899477
463023
116795
539098
102450
739787
309867
492955
153172
36073
749435
141741
599312
814811
796376
389407
213159
428048
254509
500519
467856
859439
384049
554122
417524
809968
716864
148650
683091
780919
738376
767532
188932
813677
196154
252165
377497
455133
5536
304226
431233
226408
158478
834768
149287
440038
304433
640206
318391
342394
149220
665005
283809
208368
561377
197408
406998
646197
450740
263814
510063
168147
585835
529714
605582
58408
117450
821683
432444
426274
289596
393541
493329
103609
400739
409395
793393
789353
881872
572166
638548
356106
721422
366351
869566
255597
98329
661389
162893
587734
541036
839196
533906
731377
400696
509626
852374
422514
131760
161335
45789
112749
59553
745528
444360
364174
656128
644808
564788
284119
467643
771068
770848
311508
204945
638881
212493
203579
751741
670405
149246
30213
81645
222942
791006
210340
321874
792859
348320
500033
161808
343589
253282
806387
673429
571153
654571
832893
48711
638789
791219
344804
271349
390916
833154
149419
234831
208152
93808
458798
29394
426139
410764
162936
492859
235458
439672
628705
577885
858823
54545
831175
237230
589169
34285
400327
312987
744674
201341
197656
103420
263965
766194
146853
67779
237073
844988
845669
117997
227335
875277
171321
168411
126692
94556
531265
612954
821275
821989
256283
546974
360115
625613
287769
683246
798703
444932
758141
127224
84000
406307
707540
557029
294468
333205
697325
358087
639256
855698
166133
140783
748706
81574
645360
879292
187380
590929
782261
831309
25885
542343
50342
885624
248178
500919
13547
535379
117428
541769
557578
179695
20030
698945
775973
432516
522798
648736
752753
201095
205261
898057
442510
244537
424253
280545
326183
30105
170494
635088
184424
837594
115452
561060
254327
583631
583321
90548
474321
542178
705587
83010
818050
206916
513169
873594
563519
149470
763439
656439
508708
27591
897252
160069
135813
139982
290444
895617
827219
700087
129367
826012
634446
132611
372429
822942
110273
687559
156444
82952
746655
793983
660127
403922
151799
331547
89645
507538
133046
818007
348572
154558
312346
375689
676208
796681
80335
336788
420483
175849
451752
785977
681522
775418
405371
653325
637826
497147
244985
501701
162414
447093
63592
805101
493038
788060
417055
119353
374053
690766
768158
717779
175943
394649
113960
272723
799749
808761
22878
279213
306007
854751
534681
446947
12484
504717
27043
375899
321841
237501
468018
604588
768804
274658
69954
291218
791795
610758
692974
625537
843598
678418
78475
724021
548838
138956
492449
243848
667993
665755
822343
33437
457211
97542
764410
285914
723137
373946
246329
167507
185037
603210
12608
812192
250738
849425
879968
580080
40227
662099
840215
368503
45852
244225
188305
555171
417260
614491
568858
761516
246686
524528
42686
609898
134306
69889
690208
500257
860573
758692
734099
548855
718698
385541
388408
540326
457579
703878
731893
102956
283120
676742
101550
321919
601730
703808
859331
367519
196749
860362
759238
507204
316360
893790
760951
406486
546466
262390
360638
772700
423307
322512
437380
5484
742908
325713
840686
895488
27492
557702
308502
753962
538672
626885
620808
90814
724821
337074
296695
371438
588413
422750
803001
559539
566060
445641
897606
270406
163855
369224
282056
860527
484576
126658
498399
309781
325815
271476
292404
248564
66544
390677
440088
126381
671029
818291
832664
218551
325929
200604
541919
541811
540113
606649
141288
190909
849566
538100
114782
411710
582683
75387
237107
145087
124591
162333
782329
791768
865904
28657
705344
453318
777573
830166
706029
769691
274197
536884
258195
94190
897489
571841
812752
651924
710747
411744
392839
725063
747826
752068
318581
304674
736059
127027
645298
412335
528046
756741
771910
269655
180985
831276
493286
100569
800757
42189
650
7222
836163
898412
618444
859912
286978
646790
431742
254387
361233
757751
761640
688724
32251
71965
663870
257206
339620
79540
230746
708131
757870
587199
474555
382007
60200
41224
321529
113392
124084
651551
383171
688994
528852
577599
521047
716936
715600
589646
334430
598101
628454
108355
272897
155016
114094
864449
144908
484445
703081
112418
313758
677408
630726
596079
25258
526844
639088
133803
738349
61650
452696
883792
124652
223429
63834
762385
299465
715154
635022
703230
498977
275901
744142
121094
77254
797255
596575
417175
255764
364860
189150
505505
280658
143496
732264
870424
452936
585994
121317
510936
345623
537664
315410
801603
22680
544226
588330
267526
656085
408555
896689
880282
539070
510129
636733
310309
716042
587382
329441
826561
438443
704311
307543
661877
306379
787681
534121
367679
462696
258276
872540
502131
368682
249344
815673
779421
127517
437884
214265
291522
343472
227061
75533
544741
487432
736179
810855
203333
103841
551928
829801
229251
47971
280721
240008
312258
759069
552559
117980
258919
75872
108751
160903
325824
179802
54325
615903
441665
421518
559224
503962
881961
82189
97814
757205
526723
871539
203848
844385
577032
704768
290865
745642
646114
639793
462128
514917
600652
820986
129268
503254
50901
808003
795983
455228
471171
204572
600867
602745
869972
177310
122010
474433
178783
284064
199218
563358
572761
49139
613140
312189
236660
11610
719397
829018
873698
206825
441814
282051
696791
342360
284886
529003
423724
804
897128
100653
274816
616484
673295
234779
241369
683715
710277
56418
415016
742846
748075
587612
191627
170555
200571
776497
58699
35044
574521
453802
169990
840703
777640
451413
275335
597067
390041
523118
751089
193977
27389
202896
67163
863460
425948
369240
835445
517711
717599
470129
893544
199482
486791
871458
786364
313376
874400
805840
692371
326513
458992
895953
236690
557158
248458
683183
807424
67494
888575
578580
197799
867348
724596
73624
713624
717203
25454
658629
723403
818743
737866
743171
859715
491145
650825
376389
154608
482295
520488
244270
743374
613077
335598
54561
748619
763828
532959
43589
433446
684061
563662
113201
238227
639211
579087
617145
509019
668930
712330
455253
342464
409071
734955
543274
46206
507582
874582
259480
456876
777554
304247
272672
881698
716869
373304
569999
192213
173948
271020
408139
813566
826629
382441
805624
182840
818640
877779
45512
99656
498887
538194
438493
199319
812683
398501
534972
762779
298509
55536
677904
138676
712198
512401
140472
729778
584628
161937
633806
171283
846129
714774
616309
295946
245969
420756
747518
174747
263064
575299
800343
676803
477781
455020
466353
230005
742271
174782
803916
562079
870091
793277
17025
220587
18055
654362
720268
878497
636438
295101
812020
287274
522857
29470
740888
360847
349014
813588
721079
396192
358999
499429
472252
214192
721857
181884
347845
837886
799231
187480
886894
13839
317995
870433
561887
256630
145801
556245
651086
865301
6304
270689
425650
170429
591286
231243
206886
15122
36871
871116
394614
628714
471553
398075
374154
56788
814494
238212
208844
84277
656191
566264
485846
322413
531298
239326
308637
162488
890240
147207
455508
878257
103814
161503
379199
18161
510061
827487
477941
280821
804728
253184
92496
837725
168042
402314
330421
824657
699681
138186
744186
677310
172691
63362
887577
689214
332963
219706
721232
628374
158720
469236
858001
426009
500347
885245
46317
833385
594914
761440
421208
401501
131006
443988
897657
478046
595909
185686
319921
484460
356477
720817
195941
597086
675150
179833
536649
45511
760355
516664
607947
485395
481117
50336
431834
462608
785427
877311
352561
573834
899209
539248
843523
606159
93804
165037
532228
225745
349224
384834
600306
448617
179942
737406
552511
384473
19046
212547
461148
852138
194900
651516
814243
171028
830250
497390
110721
782012
565858
215783
182590
781207
373398
814067
638762
692749
91062
108462
3430
379993
871237
501940
271725
529517
875761
43859
322973
282546
100909
343554
677
818637
584621
196523
833548
117276
500221
21603
163643
449216
600413
647355
784457
854005
701181
818063
306466
271229
475441
541307
607475
372987
483890
303086
203540
121402
628625
817686
634130
625326
701592
317467
774648
587410
648511
869736
897913
5232
895176
98083
601693
450112
360952
696254
65638
203976
347282
786022
661534
122401
89137
611929
18846
768122
549601
127349
465885
733526
700667
792427
499027
262800
777468
761234
199977
488255
6496
819223
108608
205844
225056
392594
829850
314464
496390
47061
851560
803411
83816
208637
520849
569119
66249
112907
86652
882587
825416
546540
427995
454755
852706
338772
195604
116893
252075
342858
616364
8854
693124
667421
277394
821675
280953
857044
198086
119236
404859
121218
119524
683354
110037
244696
444497
545049
133197
225941
865409
698209
753209
601081
624898
234854
181082
642999
431272
273720
339354
554280
259094
484701
760350
844860
73158
800409
48264
172012
748341
503408
477899
447563
378766
255362
68907
413883
535665
310389
276689
694331
889376
196721
658601
284638
258182
862628
42712
599383
533988
721254
14493
598608
843194
354038
333250
533083
864750
196515
101343
478143
542587
193960
750955
624660
393209
2415
787872
746601
233509
281494
162570
791906
259310
366926
431212
55840
148763
897215
277488
350873
131132
143402
518248
172582
260523
768711
738469
413275
567295
55597
366771
836337
154061
376048
374959
44447
599418
758788
418342
432648
642690
221919
51148
884941
260190
485341
351990
433347
674678
576125
720788
341855
169347
390313
43470
516910
151743
798963
116410
493282
670252
130554
253655
493158
157821
210828
714346
109586
299941
759077
650322
43258
357754
218454
383530
192416
558662
668737
218234
250699
891690
794657
115226
739311
640430
423334
767685
510891
494985
565213
357110
87506
34346
687727
419841
42337
231649
642752
246032
424688
237389
194423
189272
84708
793379
114782
729848
539264
676727
552991
428270
143579
591755
129358
857782
678637
264529
834310
373535
787747
467518
494603
472684
577074
552013
659311
835972
42440
474508
441936
870358
117725
858375
68702
777292
508937
656624
730138
757547
573360
550824
272762
734885
280504
509709
98282
199003
12443
895743
874124
793266
110584
242352
802624
373328
820995
580488
220350
736403
210493
735346
285056
121103
418974
809127
712861
560194
323022
657749
39376
163446
642804
847019
853015
205586
876870
633220
448920
295837
4159
50445
257469
310256
481646
455957
656128
79895
433131
134640
381186
686212
842852
526760
285780
773007
168246
371904
417465
146062
521080
564934
34243
542221
104240
310645
203258
20811
301481
113796
317531
678161
602588
129071
489437
519182
701515
161855
137519
25556
859213
487033
182460
465865
710147
863456
832913
613771
512361
131207
839733
446180
333257
281207
613367
316773
624169
259481
852550
593410
717380
744578
697913
358250
114102
487672
670223
390401
441457
638980
675856
310395
652365
896918
260307
557527
277564
71119
394425
262614
751036
80784
725014
105559
146213
214333
71696
206897
844002
125837
58303
709740
264220
275664
97909
82876
706738
341309
272599
127547
447493
884023
533865
543201
415984
442684
728553
98083
519349
352778
710961
738853
3826
280558
273823
99485
189746
17962
451346
608902
156351
456642
70315
326621
707638
243396
107251
330236
342739
215314
164795
396657
112331
862317
170653
687130
877817
101471
763810
66495
822160
58276
373469
742443
658191
532342
39669
321544
96786
560340
257313
848119
543173
415279
350347
638953
499347
455409
302198
265853
777597
644746
602364
632151
242535
189880
398704
294456
333292
32242
711363
405184
435473
478545
290306
533597
307799
892892
385020
366606
194954
831566
218241
807768
843383
208710
401669
519556
835066
56939
194212
376020
271189
572666
185600
145152
409916
555757
767526
441426
834509
56970
871919
659386
225310
875685
469282
709902
102767
222099
490071
843649
489726
360172
764886
663422
49625
47164
232125
296962
157741
783718
750016
513044
899997
511061
534987
694210
200047
79297
35907
388665
415777
327034
45643
117824
42297
439733
860259
131570
41082
215696
766826
847062
793617
168258
666212
879357
47087
512772
730934
440023
674962
114359
670158
112370
226716
271665
148544
891056
759460
240423
594731
374403
364811
855032
740699
718536
160359
412051
525255
193246
206556
125926
75034
541441
430633
5125
819663
624967
803486
129939
528085
360343
454379
778512
191794
810817
458355
371999
360868
419709
25503
308371
705442
598660
665071
415446
220834
559781
129740
619061
554644
394885
313369
64842
696266
657686
488616
399335
513531
805906
464617
875485
281917
74357
2492
642503
382672
583861
579975
627670
316762
339679
687588
763545
692845
291182
332818
192488
419364
872330
215116
274478
727212
91899
446198
164752
73376
196937
79571
842110
894444
95154
584724
174165
853075
748647
534027
854511
39212
833091
54909
74600
132103
184264
445558
99597
386254
337656
723415
684227
239366
749677
268170
224593
481717
878965
441526
368460
877277
651470
862350
403613
174246
162458
313379
252208
53818
674079
461146
416284
381450
10942
653433
273738
898222
79437
419578
367684
113098
171411
168834
131867
273100
839616
850667
127477
768785
418503
631837
743953
722759
731545
842492
131512
207405
574782
782587
774338
718295
735762
673262
14402
697358
446554
466173
360175
544596
139586
755252
553776
893701
274357
249815
541796
456697
591864
871859
758859
43238
653763
80048
481716
191490
623677
850787
200675
809702
91347
668639
6110
80878
330068
83851
629013
653212
307020
27727
14989
610461
132891
796616
896263
486627
659762
531931
749137
558546
50697
865702
686536
805942
15648
593170
745416
256881
207696
864389
708659
194611
627788
468659
461626
375457
830298
804341
749290
669688
308808
39474
692181
272844
860044
372601
18364
335209
66141
687249
674071
424954
121863
145928
436865
804327
14127
209863
490754
267097
170628
257607
675162
669209
136926
588380
389127
93751
295638
717711
735540
445767
168352
590026
786590
320005
215177
565837
655555
348281
112874
728957
552361
570197
17222
899036
380713
245948
657990
85460
155926
526141
30318
244300
18094
82364
738524
24477
478460
897266
396060
409982
555334
550251
699051
472988
442426
744813
378374
529510
392144
583992
601518
782532
558652
576681
771770
42567
460564
305304
108249
747099
351064
136866
521283
119130
402786
797857
114714
243674
341003
253686
666050
137894
397110
193801
816602
284107
115358
518120
626871
421160
180280
731339
531676
518921
154916
141368
642167
684813
188022
711009
825274
150114
402939
7467
273941
170291
549578
485194
141837
489112
856744
396104
223323
103531
392376
852229
588867
235867
129949
567609
672175
615353
400813
278420
707848
426160
197077
193958
890225
800754
147875
724314
253376
653581
249588
618013
456089
692988
314554
769949
400520
167129
730312
55724
379899
414193
599038
168420
512314
182288
19564
649220
770596
251515
370117
14905
631911
190173
852322
799704
433435
211321
590799
118119
662620
195230
473846
219643
358691
808985
463238
820028
507712
844963
232383
864581
840181
100155
9693
558344
532977
410223
514463
176878
806856
809716
143475
202972
733740
232245
203520
348433
482347
58759
298031
94508
493508
171067
852214
226506
127558
483117
815554
754989
659656
259674
678977
653752
454911
66734
404682
561110
757535
77339
645065
144795
85712
690790
427947
62338
603820
773915
886338
109974
55667
303552
634677
351821
546316
863399
809928
73069
719224
649661
801987
644114
113172
441760
232609
334152
227531
38830
795512
642163
714549
749304
842463
406190
31249
769685
710049
662128
616826
187475
544285
279562
538824
202984
644183
694029
87750
324519
107711
247817
222828
801070
23708
642001
428825
880827
824980
623770
263854
339775
647643
175105
600169
363531
106933
179180
206749
324231
307369
608585
855307
228609
698213
553170
451071
223843
660360
653170
602281
839613
618384
275970
822549
735617
323905
563852
101450
489582
99630
657489
670364
844420
160935
693030
277775
495895
284383
376376
213321
2526
836888
37744
640689
236394
19277
543762
52266
405940
329756
305023
109830
698159
402447
294939
258761
751069
746726
681929
168924
328126
692482
445234
414057
433826
727568
234820
827482
203072
34704
727063
456265
147519
241825
773131
680739
246257
616362
478413
865758
327072
86184
165144
130035
326305
238927
111512
711482
115493
223775
161706
161122
224685
785189
43520
298217
258782
731274
428257
731358
133258
304284
606732
375728
278446
731415
786524
277170
290427
443312
250823
35279
416907
217342
227201
429220
278677
6149
470015
151742
33148
97280
151893
172400
405697
594474
524384
530544
870329
293226
84447
279567
830746
872185
226492
610516
145807
199344
458345
896885
344042
102387
323878
297937
372313
349012
781662
595692
174833
883173
567601
131591
534695
639998
14157
494395
77054
683335
296085
794642
626426
355458
294468
6563
592531
571545
46186
324296
561445
653215
357461
136061
373220
685766
820299
578647
323501
623228
95028
866943
191352
603042
564180
40138
584490
509900
174006
423286
659974
593774
66468
210083
314659
831080
306514
168331
98649
97232
296443
452383
863797
855385
502372
168000
463372
713277
810524
380535
817965
28620
651173
765041
587886
575761
172172
849179
443016
834301
811379
572662
828991
499507
792689
130422
302041
355535
887023
884285
314673
74260
126323
458095
363907
845904
161945
514641
651367
559118
643389
180419
302395
653655
134998
520408
1432
244838
126428
243086
109927
297959
621450
131918
306444
82091
373598
613441
384512
190187
95006
349132
302525
812439
41653
527914
508371
871162
184698
885477
252408
721963
37553
571217
275227
363122
416555
303781
858201
717332
48457
336407
711529
407774
498782
644722
357202
741482
846738
712982
661628
894257
809538
29517
548739
587213
201669
123397
286568
745577
467626
772847
323459
551368
32093
276723
4467
628335
106408
593742
722901
23696
739862
475721
797811
546996
677235
651255
858131
48260
326095
710315
296497
345299
750337
646995
486567
357675
310120
841077
725896
441011
539117
616516
723276
88635
550660
427775
863301
415172
695122
687014
729137
685710
441160
347450
251208
87806
722157
283216
765909
413932
844474
696018
649954
99111
153374
60242
321068
878053
242658
814636
413045
336267
661287
540983
225336
607350
171979
112679
398295
725827
449515
729858
281808
499745
565090
100732
590446
611633
533040
637074
726876
417367
454870
880704
732692
728992
541469
853727
795221
93551
7062
752127
166804
663494
17468
809244
143721
355821
681205
805376
451850
829218
825752
490357
258870
673406
664489
896389
600583
453248
494688
520208
670762
851192
734567
203433
233515
439026
513442
5486
142665
133436
168680
153826
242568
865622
798992
769416
860966
782837
662215
16926
329829
16180
53662
417204
648615
315864
91008
567175
476376
885311
524385
240703
509989
707972
599186
18017
496362
71185
628240
546897
366985
502945
561534
246888
284599
97872
460775
166862
152496
828834
87109
124725
192619
23181
723423
757617
71848
496037
253804
273303
539013
879522
716631
468145
657424
519055
286747
362556
808055
439281
576813
466974
787515
139730
699225
700647
726339
527721
194437
163651
382221
820520
561106
794233
856767
464482
294432
429059
874172
201623
487313
220202
386290
871741
151174
874557
249711
698604
484389
888622
169396
573094
614364
510537
764514
634530
482207
609650
658609
707860
670222
359994
625536
61722
217490
592893
487366
101989
2758
333723
615751
22594
2642
449522
381570
21956
249554
711732
23655
207600
657813
590026
258758
618277
680353
419013
323554
818278
761460
688156
558437
851397
78214
755719
845229
594989
217002
511031
468292
270732
478195
839408
684013
395291
146163
548996
792538
761868
791167
299533
428987
792207
790670
76774
860785
370337
744288
230534
624704
446129
96636
585211
271298
294512
871057
677247
265881
744949
329982
180601
294013
76618
523437
374227
403827
725686
141721
82707
317790
202728
330673
305305
312431
156572
526677
263060
358648
142382
241149
277377
216447
396984
517785
676577
870350
310409
177043
132021
831975
379589
722961
146201
843028
866163
204726
620410
170620
671367
360168
221973
697810
865388
576812
197774
821800
24461
5325
251402
454945
866944
448956
655273
197923
688175
334386
777251
52715
198149
92688
661150
113563
202354
362599
768521
169102
668507
71924
703704
630028
502689
601443
382173
164729
736012
752436
457471
546792
622739
633019
798106
405198
669931
388673
624659
769681
71050
197001
379893
412766
335350
682157
248429
513881
600527
473125
481950
394255
211286
86281
765506
813192
273593
189519
225599
574585
278588
666894
67297
714421
886405
431459
738393
167427
705699
166256
100146
539915
558076
140834
250315
850571
556722
5228
284182
808166
386066
676527
731789
799419
270425
432347
265195
187763
18754
363535
772142
112948
305808
153276
335719
302899
532629
288744
247579
893254
200733
537038
255578
802871
532730
463682
861465
626517
514700
419410
830766
133477
261900
206376
783848
886037
483094
384749
830600
795377
98769
47208
390463
813871
690397
18019
671174
246628
258231
434894
76372
604250
276683
179549
84608
558265
556311
451180
153651
700161
514968
143299
93832
175130
613396
51573
762724
602627
358115
42754
322316
557671
667898
632669
864295
123277
567509
422663
290993
804942
289825
74810
820344
626178
394595
75330
658615
166387
290248
307525
167853
698899
650442
826788
864441
107914
257980
190073
547988
371207
765875
621600
780747
64983
306193
207987
406520
39188
26638
443373
841276
842068
573733
725520
549051
741187
647672
679937
442036
829771
349921
97009
783259
768975
75543
717111
279508
346487
5465
305369
662574
600710
760282
391466
283226
386439
492425
231821
264743
212742
49307
880855
256956
421787
302231
27219
736625
514241
526174
548991
586794
110532
423030
572787
400848
625497
82705
315394
889582
703399
40062
156472
504613
163779
112940
726052
189516
862715
492342
270000
807336
378888
379664
462507
216452
458598
377677
78727
66477
723039
412618
228382
467789
39683
121370
220239
78370
868436
266350
327143
43065
638046
898624
81595
455116
95140
863005
431506
609974
500053
202190
846527
819215
227742
495585
213195
149097
554649
398489
659313
472069
560290
198158
24675
832082
294826
242433
320267
693123
326565
770849
821483
263308
380543
886931
108166
659929
686059
95618
101303
378443
287227
858499
887327
176208
274795
710787
234621
22686
758584
550319
527765
486379
821231
314816
610739
119948
389951
504673
807048
708968
689392
847966
784339
872952
462893
524907
558172
505758
33085
636014
151481
484287
806192
852202
745715
580095
820853
161096
487907
169335
275560
531652
289590
723669
350919
454290
295216
219760
413478
854220
649516
303845
365145
276281
178465
229396
492367
813531
630913
672369
801118
623156
530875
623623
618521
710902
406144
755887
843518
656326
515587
787689
601067
55660
825113
206421
256657
869914
25343
58257
229345
61623
225403
115983
