2322
612213
719321
472120
940763
668675
301647
481927
848138
431121
552004
937227
704087
476522
794792
481271
871555
510124
73182
469082
888984
543173
926768
14640
496047
149581
88226
436740
904843
605376
445412
108928
365539
298710
321248
12371
213309
66305
330036
114429
86262
620867
364858
572154
170142
184553
208450
935049
221056
504615
403425
526359
884543
275665
604323
328781
255643
65460
81947
615091
673811
477327
984796
788095
41573
661617
627968
121150
391793
950512
828517
824350
926524
156867
773816
354006
374863
605693
388009
795314
583807
672167
38014
415614
998024
670648
993923
141582
414675
300595
778463
311977
702551
126237
773059
199696
594843
850586
790139
33838
637337
850084
821351
807517
417087
608934
226115
557586
426639
648699
147809
722855
52326
663294
616825
179716
627865
613645
699991
238184
587835
462943
790066
847513
191419
640767
764637
500774
533226
103909
525654
408726
663323
451823
922428
553071
262371
332737
297566
789604
808192
433590
936559
588380
928982
166081
719381
743451
809620
9125
384928
187471
427510
620109
332888
925113
788195
58632
969903
834422
915830
675493
108245
895594
645978
748456
956587
117960
592078
969126
155791
997183
501576
221250
375830
831748
911030
300164
722263
130040
116895
712531
10084
681463
946408
354319
162196
602045
375539
619917
732924
551668
632930
676912
365628
210142
263673
193696
739317
290267
789217
781098
17496
610456
971657
527476
941466
625684
384551
182235
13700
152528
339869
791339
655078
569043
737398
264314
660075
42967
842575
592097
604808
108755
887762
609048
807630
168678
770270
664813
920224
154269
20867
497889
720254
371745
808425
123679
882559
814720
562256
470298
732317
1750
937969
529922
657322
227735
250628
172322
555681
85692
425819
499801
521752
577864
720107
128946
763857
941238
393387
719779
854063
929857
827926
62111
92101
44111
358602
156632
414154
142267
861010
275668
542953
145662
270145
665323
231797
466297
582325
294299
314234
491809
838011
115591
284334
996743
927953
702482
233095
970627
701318
407188
986470
697340
803134
433080
180913
963095
663250
416498
245630
252922
254036
988319
289450
739708
17520
301434
123594
379819
608301
115256
674937
369273
933587
182530
537745
70147
932839
459533
709557
207999
713106
174551
914442
978370
909856
195071
699845
147692
57635
978625
637535
81009
84856
437262
70054
701380
965409
701252
479085
186594
276306
744207
308580
952824
874631
250587
20546
873713
428818
771445
269918
694240
591731
943805
412445
620487
889119
836234
718086
836290
371427
26330
23026
334483
52130
644148
967775
459339
461370
175773
880675
50193
726725
941490
722173
105426
571835
179432
699911
425989
204021
194526
924615
163545
498700
768860
100582
603198
274720
250667
763896
901965
176693
210960
477881
914133
172599
650278
556185
268611
232606
236503
665582
366957
506732
625719
701513
824699
854868
885885
371619
164786
98677
652190
524277
672670
548099
594952
45670
631324
111047
943864
42143
307201
87165
513080
885947
591659
882203
583993
896666
134946
879409
655304
728340
5994
194539
85808
517131
372263
237876
208685
532058
906157
135733
368648
766890
285092
536507
149076
69795
649876
984631
395907
547774
888915
236126
189989
436793
492232
919089
317823
219876
83227
146199
460804
836249
563643
18982
672627
184521
891723
61568
17932
133232
60522
853338
590320
792810
100957
59800
997652
24480
80796
634516
291553
391898
699254
158398
289772
204345
254177
671837
816973
189884
675298
515764
38366
650559
603157
569087
679378
455045
649562
99612
343727
256938
462236
228167
575145
847803
538175
569342
120797
157857
46629
680131
711846
991096
676701
916352
669920
188541
123946
113348
561207
532390
68075
999340
584874
522252
778027
237341
185250
410180
862791
607021
462057
188299
456312
447777
336905
17567
861181
815057
621122
512874
897830
280808
323430
403929
905662
211784
680597
405260
760918
683594
723473
827366
837418
766243
150717
379075
5939
465506
538743
819145
18696
930965
352718
663192
467762
44875
690146
193819
444491
31669
694423
256
498065
821606
496693
596100
657292
611002
188960
922919
297626
921554
356527
436863
793236
387581
200106
321769
689887
175090
484133
387290
846737
785593
49075
874771
409853
76842
82825
915635
832989
838862
440561
789926
591131
138338
323495
369147
535164
272121
431636
365588
273321
849793
885348
342518
560348
566686
980614
991425
662883
902258
796800
29497
782548
899966
39724
359554
705806
150818
147794
56811
471591
622976
616099
573409
664247
899711
309008
603332
853120
916395
142853
558998
822968
689978
607558
503759
117877
934570
156324
933455
957813
764549
979931
485291
84102
682822
496587
224360
887768
814166
492945
290374
878813
148975
161730
111987
572826
626786
668804
843937
216078
654579
994376
995889
576059
363746
368807
27598
686165
233989
152088
347159
202758
550288
666316
762740
439964
195063
940454
416330
456400
535786
439130
464521
326196
333823
671457
557730
112568
255086
12630
521878
849368
540981
343793
411562
974374
873564
507805
55351
990447
117587
212343
897309
292429
607095
950693
603928
197001
818931
863761
523115
383146
889283
800513
853816
445279
570260
218325
642033
803972
915784
51676
132201
418452
178773
745554
342276
234156
789069
263738
813773
970168
981816
301844
296870
266812
918493
427196
295578
596545
38688
307167
910479
193242
359685
612698
641943
569361
793746
958385
604325
205939
128723
659816
46876
858805
405815
868481
146691
792642
195160
936979
481237
250594
735064
106500
435381
916872
979623
255459
952191
662712
565152
746212
742906
403987
384723
550457
796073
290240
616158
222025
537345
860025
279924
540111
703732
81711
966335
45202
526508
751835
876386
192060
669267
576419
601559
392474
892943
113829
828344
317359
497163
615522
22681
578933
825265
347530
536018
613361
852660
266080
71834
899890
407177
861897
190798
179878
462389
559415
393938
358872
124609
453805
799566
499466
137355
687534
957594
498090
450807
381830
359092
467829
410754
805364
463662
374501
392886
447026
353061
599128
414970
309667
110251
701695
555265
899928
677510
476415
385379
596863
364114
747367
491592
536873
414465
170638
803008
378806
719875
249417
405809
677856
824833
327239
947112
335776
961794
690121
755408
877312
317104
393920
594752
244159
668341
775044
293422
149914
332864
553199
169921
221181
709028
677460
162501
959814
154591
146271
403320
649202
635383
812427
44929
833254
687168
265978
150848
593116
967483
132596
758208
678952
641369
952254
780105
39206
809565
262550
529875
924354
363743
828490
488532
790436
901804
450930
716410
768566
370507
312400
837301
616659
672411
132354
760171
431437
458328
832481
506191
980891
421884
668026
646668
707742
553985
93863
183963
34702
155205
55433
37364
308677
552967
758051
414880
350952
268494
884438
200941
602030
979625
569781
806907
358798
960273
825988
388980
85577
120234
340754
673113
240849
920488
398192
395191
102997
331855
539213
300536
222890
767955
165295
621461
519319
793053
313936
356585
615805
604143
268499
252193
587553
384990
463777
171536
552088
601278
563045
260383
250574
404637
613920
405090
102642
766181
264937
726469
74945
539813
860101
175077
421870
425833
128863
610811
634283
293445
653732
73267
659159
483825
151165
645019
426436
823118
502122
921334
167651
645831
900472
884913
533135
101266
76574
168301
879987
555478
770298
177275
112792
340839
890915
548902
89230
184876
678058
51369
339894
876002
525874
168833
329899
592249
884457
178973
287371
751900
131298
994803
802021
972494
638545
833900
438017
423280
781154
909759
231878
588831
879350
952604
708108
76986
800251
752318
27071
495681
861286
869731
206636
264089
767312
87256
348395
231980
28202
870701
537065
863789
335391
649801
195345
298489
244357
327958
96023
753561
135934
363356
386657
363172
716785
113772
302674
503105
590496
54578
629043
543306
397351
158702
144704
721549
282512
746108
540813
203052
277
351183
697043
106340
893555
326012
253723
29738
600871
982130
911814
382897
534344
701064
563831
404873
282688
267439
882461
546017
610600
310791
698656
108333
95039
497357
970407
489058
336839
542769
371012
992030
584253
922245
237629
648166
743603
864594
840760
823111
856075
809285
840642
308893
398482
623943
760636
668594
511094
490474
763362
10814
693030
418686
162425
716685
890885
844292
505109
152126
11146
96506
544580
332455
683446
595925
114458
630230
585971
801037
171354
988210
310278
765714
937726
412289
829617
347356
899876
276547
347752
723040
957653
681787
140397
654110
354290
728845
17994
916311
817725
806466
872619
297821
943169
42025
416021
596866
109472
666329
528391
531570
196727
568657
658219
620381
118319
210368
352761
476940
211683
307296
137961
11989
281257
756028
467090
849066
292991
332307
727652
852875
65172
605973
872255
511900
630960
747530
38253
298513
496192
128914
421891
520069
336962
230215
752975
497194
59593
53182
849982
811483
525613
408621
99021
58958
590803
384230
859754
383077
530709
375297
305511
555299
927309
689817
491289
834619
93315
304748
561683
400324
411377
314918
917370
509322
204783
442871
19013
479294
509439
766048
809812
552909
796663
525326
4649
265933
728775
446045
523591
533460
831142
136445
411621
24291
574430
943090
885327
822784
227440
753269
812890
277153
583653
815160
984578
994820
480626
855303
641762
17180
155334
832970
477966
828709
508916
418407
84816
503769
533048
367236
682110
187963
66024
935722
813173
404944
941816
71173
120820
211501
434410
384520
736215
53292
350288
247405
282477
448184
909759
930586
824569
46024
220242
59039
389570
334057
829464
782812
555799
476275
587227
753152
880931
883613
941070
164972
88232
317485
307922
638453
729372
752967
946853
762952
877469
593959
383783
225704
541073
286762
32458
486868
116510
128838
978326
126596
541059
57435
705367
672913
267537
127393
617124
96692
141258
626176
391308
708774
460564
608062
212318
871719
256282
75090
388821
540315
986688
541592
804702
627982
631104
429342
356360
819416
644070
988699
219719
277532
623460
289471
129125
10218
242835
807462
78982
688133
253895
715686
289494
752190
801677
770823
873489
813439
225027
465298
924142
641316
507540
269570
4329
263427
292368
212503
392684
662220
766500
66826
635097
373004
928058
166235
347191
398796
104944
449862
295734
181206
988333
640020
856608
946135
665830
790029
717470
984992
259500
354059
251429
111558
251183
880745
820859
674602
517203
442139
552874
959891
994797
306200
861887
948471
182618
946673
269695
88345
429692
408645
915816
910092
409682
203469
450847
508693
975923
267923
471739
654510
360551
592768
605804
49447
87586
254226
425417
306664
10846
740204
974518
864657
974611
739015
254062
809666
158102
373575
339571
663222
633164
437352
403663
666442
143369
527127
927877
167708
938569
325469
951705
712782
405705
594870
189049
618602
174147
522496
77959
105632
372357
928527
174980
412842
412653
5341
378970
493072
656899
768671
86534
879111
104051
812466
271008
456245
231333
833332
895944
588368
832059
337904
347055
702820
933990
107825
475647
595187
234469
982327
76648
607670
934172
904071
634312
139010
132429
904541
237750
881798
271541
211261
558700
291057
420613
467240
888910
102256
968699
232745
156699
478549
637981
959502
167983
392083
506770
848308
561714
995750
923485
730364
126177
104591
642358
936794
722231
304189
360903
263436
696439
653256
106688
934631
602585
480086
943127
884620
622351
793568
266528
99258
524530
891727
643844
81277
789390
531072
451809
513541
422534
854439
210046
503569
317798
980239
209961
975306
5315
447295
340719
771820
222417
751416
108088
289631
889921
620252
811068
516900
865684
95209
511398
94699
668097
109538
791235
332609
524159
89166
601575
812454
598512
466266
329501
826109
593706
894169
827400
375132
996386
714156
558874
330947
668023
854397
34672
475114
858265
997093
381193
899059
80532
741358
565538
683263
461181
623794
445935
228380
425207
807650
447479
69212
789730
296099
786445
328385
306786
619858
564198
634772
185991
927976
366364
754901
6686
415673
939518
319180
816659
95446
135761
837886
120065
601171
583912
877499
872088
443427
528027
310996
34858
66463
386471
879275
9746
935461
378402
339811
748353
410077
909529
38005
32422
888343
665224
952228
116218
438992
228533
310921
63205
507860
417193
229384
523024
748349
37260
441315
362376
722905
514908
388845
895691
198954
187337
690646
549875
594247
400497
817253
738556
951391
422323
885765
299252
575197
535602
944118
351102
506792
456936
682980
200386
830594
247332
17365
323061
768720
650209
775483
693312
395448
287941
802345
8719
87654
163827
84835
953657
738346
158477
900046
831943
747707
134665
19782
285987
352415
864814
526350
358175
640418
474540
195554
200670
576451
875030
747625
566179
171567
963581
325574
856116
127717
335658
786446
471274
659000
665591
368532
481688
262195
309898
767967
938518
191062
901231
484861
922601
239871
465490
604273
99536
701284
308822
651079
545965
944381
957396
812361
376207
38974
230003
672394
24408
632130
382368
344351
742096
724483
14314
930413
357701
709126
30013
707550
494556
28756
665529
999278
306233
766882
744751
236961
537094
656530
625720
397783
855716
605906
985713
675703
957292
262563
580886
79433
787040
496884
824250
766752
406260
655340
52000
908660
184882
157447
456762
63118
826894
550424
123131
80156
487302
83436
215323
321700
720565
98191
699303
178390
137910
864680
795970
920314
882799
567295
494012
853640
730177
210079
9100
113238
149066
436375
454573
41836
78037
637978
378707
199923
321695
589702
687241
911564
763207
398082
688489
20350
824529
397952
573623
967687
626838
414626
389466
758739
386636
606329
950711
450634
234350
766952
3435
790148
262472
102375
592229
26712
482337
504739
365599
966482
335748
860291
498423
383938
835885
222662
276270
342385
719757
599048
184380
24431
531194
889443
256269
202312
104502
228466
959068
105813
908186
20273
72427
286830
778720
4608
900380
765117
609802
664135
560111
685358
977649
557555
703961
490690
764397
231133
526397
404419
977246
205388
640073
644690
695957
461649
525104
891036
588643
980177
734015
144491
531451
32095
581790
746712
169222
394503
117478
863007
209540
77416
330457
94091
82457
196409
265026
667216
912188
23340
948266
911799
890167
413487
593780
64116
363931
782031
746902
64659
370628
231159
825204
687121
471237
201367
874139
376647
703343
484576
549782
18561
406659
23531
780401
330925
572594
394617
968072
199663
656652
84629
573578
251281
379469
437846
159952
381784
981889
615809
824916
63922
346704
18123
287311
746123
123818
909243
789299
109310
307023
179374
752066
400872
325883
380532
472969
870681
979501
728856
29437
27044
126099
35966
555120
871190
15508
664676
470896
829187
655417
590283
127549
5692
162105
381295
347172
554268
313311
391217
773564
718338
695770
381782
169852
211993
300193
52904
462520
538130
966017
150650
518646
514995
149956
112585
636721
305353
341568
931774
229225
28089
517561
155537
329509
151797
401588
229831
178759
931850
265049
675995
214666
22997
360323
969339
779354
108757
929576
770281
220367
373404
780576
958722
596936
688288
720019
933148
177696
771950
829764
734856
899984
560830
393332
918262
886625
771873
295284
954680
44171
689175
601163
783903
136751
611005
924799
764162
656238
324323
175748
261021
770660
673020
457406
749461
803397
49454
312117
46489
244690
710474
269652
331109
29559
496790
730846
345248
689924
216261
714414
537637
124230
198664
165609
861215
415426
748989
841154
754638
960333
133126
208873
731750
138059
882933
850449
989206
156354
627235
457180
736166
512730
213728
527590
547193
40755
362116
508203
552562
902435
64676
264086
120435
231434
67680
649383
672129
123860
131226
423423
761668
12683
531905
551883
623658
685527
634507
315147
48298
589779
709249
434366
504486
397196
365236
385964
255529
736408
353037
694415
497104
524305
452226
84191
455558
663469
784741
398009
608424
497083
979542
767339
389383
174076
296857
166110
289227
116764
83458
936545
922356
950219
451661
631822
10556
380541
667914
400347
685849
762810
188661
300543
24926
493474
987556
198334
751681
4481
146329
535571
311479
510987
367031
460665
904060
299572
642386
63447
363951
401454
940767
692678
800857
714304
460490
