5614
88961
781955
464787
464873
41784
804631
688511
191412
8600
407234
432282
408536
425698
39193
181885
59009
791946
165863
457711
61516
17782
84972
424313
821550
271173
370513
696566
736741
265068
322663
585574
367481
203323
659324
313474
553613
389343
747193
289961
461640
188640
233626
37593
749019
118699
70250
71322
224719
12298
767067
669460
537996
714382
163551
578688
884264
354927
474471
461180
388266
277674
812885
836952
28250
653289
650911
254478
616839
553409
531459
99727
710420
844629
362593
337943
867040
208407
447226
832866
852976
806127
229059
705433
889339
778420
751654
799301
501234
399415
383445
26724
224939
588959
652203
565688
547529
167534
207585
554076
857001
439715
810186
790643
641546
203033
74604
95609
46362
333069
235035
134427
809978
420477
299540
845602
255533
369835
282483
717802
640610
103168
19249
584945
549083
792654
462653
481386
49210
320846
766806
509169
777831
292328
694594
540122
464960
327537
678478
220706
632542
582191
746883
161927
784031
509495
283841
29235
608278
616119
287259
191411
181195
569136
737006
129863
85264
899067
211967
737010
128129
698349
382032
432432
25591
726901
568511
456967
867433
278914
34716
167671
133087
30817
172836
538219
234645
337027
284798
462449
785353
183678
515250
484422
35041
811530
298529
443434
720379
899724
196421
436563
297875
753679
32102
683134
795722
890062
384021
475040
449881
640782
123497
425434
293011
353640
545171
195243
750927
513252
560800
324095
326714
533665
515020
864197
162296
699474
859389
698655
157363
502882
869731
809075
322594
574008
721577
883550
190135
247157
345848
48679
258661
532954
344457
403505
202059
431847
457157
579627
664898
123551
663963
62754
701311
355079
97340
493110
279877
562924
562455
305577
69578
463524
408876
183156
721796
259148
684975
533876
674480
65329
740764
764033
718079
694443
846673
758911
706270
810883
34956
898958
426944
58710
765665
495836
784682
561
377560
382139
809562
851740
845122
827596
432341
337043
838550
687610
275500
321967
127244
43556
104298
384676
806676
84850
173245
854051
359604
533513
71326
532704
77437
332313
199711
470062
543976
645075
861872
499462
330451
111480
109229
655142
387602
271469
207976
758230
778067
74635
618734
535589
417170
544755
731033
408658
115926
199710
632242
785096
99526
468658
782944
533409
785580
381456
532369
595147
258436
810602
713828
288071
810048
809043
839729
292558
840316
282191
240694
594894
681496
334473
70975
701907
622712
124131
246096
746113
443540
301832
404178
540
229756
795614
462584
335498
457900
769943
402380
306417
621320
881414
263707
769947
398324
195950
496666
232152
8691
227958
805012
195970
896474
365369
771281
536059
409935
767579
4804
554258
186179
203029
69265
295781
763658
305233
574905
154561
557235
882897
806819
263172
838024
264298
21129
175171
184260
293710
432540
627912
751659
422695
296693
708596
787307
34975
46490
70338
869421
357852
353768
153451
233336
565769
661123
568326
484962
171376
381368
131399
47316
572932
468362
772072
111225
687514
653633
582406
455394
794615
90956
553602
702969
24196
193582
28040
640288
729759
337932
555820
591814
219756
872754
322800
736389
718440
781117
199586
581947
742878
334632
331426
831522
102962
523542
298050
97806
870106
74328
392710
688963
677453
312956
722570
657137
449715
128147
116611
300589
215996
159325
587197
450701
398094
885395
704004
266399
854134
157617
113567
711494
703743
304638
569494
661426
375296
47673
887572
678620
282319
122146
595079
268091
722931
59202
567940
161861
369048
193432
449736
193254
566748
180480
805210
369238
352358
551682
684172
249626
849110
190133
299552
195257
567287
610894
416454
265753
413969
521801
454883
50198
255292
125586
187534
550398
754286
802385
294197
473196
400597
895312
338588
39294
687841
242186
640517
628693
653368
680241
203211
111914
577357
118236
77096
247592
124043
586443
349399
230889
764171
256441
666132
541872
200101
540829
889919
210720
644898
149949
889151
451767
97520
856399
357859
541419
842544
529613
369764
875200
156393
820501
758438
715266
297663
326298
874077
431813
287134
282634
383628
401815
397744
142877
137417
691327
490542
107927
824829
119892
152979
775418
107303
239996
471436
329771
635616
64864
22412
395135
760249
653960
98236
92897
850112
554232
569488
623971
548930
501062
62484
752735
748298
252823
17541
722889
426952
329206
140796
632307
628620
764944
305029
292604
311697
643887
459054
266230
48312
336912
104251
754130
261385
823427
887158
464363
38654
77183
357699
346123
42299
67487
680018
380126
609205
544061
751502
789809
563155
734729
394002
198822
310418
519815
6363
854775
607298
897698
622585
409637
608686
108817
384063
299388
835705
280580
82169
580100
895619
567402
149757
293927
87340
454147
349691
816154
237135
296925
245582
389770
663087
573325
174900
812996
859440
375724
667706
51424
812732
65900
227665
125643
848134
369109
864413
752016
202059
33472
646923
622403
415412
767311
561762
28106
118616
858887
29459
527975
239711
391755
597355
121574
219521
615958
69735
623872
283980
773012
491558
24330
125445
762590
256954
309437
484421
219313
335128
551074
169317
533930
696752
509402
669813
809664
389654
456167
488709
153757
801726
278075
785959
664250
670215
420411
14827
744247
368334
657711
280458
874388
625571
685001
508863
873614
764760
763375
5871
386585
340118
510535
231305
475766
134762
539102
257833
144722
216573
35316
18006
343580
645377
757160
781803
777024
415559
887356
168915
2692
286285
215045
385069
739646
641108
833169
420143
845200
85584
182548
155367
894977
274009
782257
303197
783961
146495
187810
331092
472505
65370
454885
515727
360053
147103
636163
52752
53391
291918
124733
579388
218449
145512
582357
222810
792743
646111
309366
81946
628119
669221
546721
14482
659165
61126
471830
168196
22183
452818
672091
414523
221961
74578
283500
103316
682302
93852
355263
493850
122781
593954
746194
446697
506580
673316
254292
520852
423043
90438
734092
172770
719191
864124
118314
72947
738689
598881
638409
865665
705746
54087
663229
702594
84278
33993
712126
792713
511211
720925
11889
12364
793788
776517
409008
275168
786238
656036
501301
853888
178918
338221
646472
863213
309252
232983
97698
676239
76289
334446
653086
675098
816561
65251
34395
618156
511348
561955
496432
32402
601007
292133
222221
801258
204257
153980
724841
259012
869765
376588
39021
821122
646468
165402
594909
821726
595763
381980
784542
664170
651472
71248
55721
305042
492693
791273
109386
728574
850135
776835
776789
24691
779230
715480
598022
107290
651840
331115
790867
76920
379068
328641
484592
886044
2352
591567
596415
82648
367288
151183
512818
534759
32644
894284
719358
312460
32500
746333
809470
860955
509490
541039
415841
529009
507596
78330
778737
897181
765101
574645
897473
388002
283960
294534
369426
200693
35392
104274
829698
832801
436262
591570
291857
566410
460815
321478
364049
777998
326209
776867
36394
487239
213819
517449
795464
185486
745711
799856
62562
16537
407932
149056
358183
838181
35084
397951
838918
623503
627814
850372
745978
360348
594577
766731
421072
514424
684711
159394
861911
77083
2065
897568
669859
226632
203652
80149
314942
57263
859448
601085
178316
181426
255329
793070
534425
898757
735148
91408
788481
856238
68792
636172
700987
507756
750158
306589
445315
167700
372734
403236
524291
574231
798039
96631
168445
154367
741315
90425
1367
811320
663005
12357
670756
529995
120720
44036
895083
500966
870157
249310
608534
792759
362216
394605
331737
266903
802704
822284
796477
161540
796457
822959
196520
80486
249992
470317
50411
673107
463498
241495
182888
632493
854673
45548
859389
437577
54652
421221
123730
551756
715426
328524
243802
717678
52299
495818
876489
147456
33131
887549
532339
134281
174620
524488
220317
364876
370807
344996
845250
525253
471630
33941
277956
212499
422761
705591
479917
561008
27739
604183
495232
127322
599712
852766
398049
649558
605045
406536
388542
403755
568660
848531
739641
7337
819467
151763
299987
298189
296920
875682
641462
820732
471043
74581
363774
686604
608760
864873
348230
862786
752255
837340
745323
118934
58586
148153
585823
121428
662266
776491
73100
151323
190527
300114
518050
158120
729130
494708
156415
734413
258528
752170
306970
869210
376861
184027
524268
294365
126194
546119
305148
678918
869758
166105
664262
250851
284292
400671
329639
702059
84174
291862
189031
807286
853822
807039
532131
801897
164109
619790
50262
555312
400834
447073
20227
362371
456112
380525
615618
689899
369420
298963
385604
203070
362890
428146
232517
37957
810131
32119
887822
121855
760741
586607
188163
122303
166311
475165
840431
728177
37095
861222
774698
287258
128979
118633
339365
476988
887504
890701
407538
276216
643514
452307
586802
645230
82264
45387
393116
231840
411451
399842
542247
274102
466355
122680
768533
520058
526542
318480
410812
435331
321486
480032
753841
899439
236710
210152
169459
360745
151761
14592
225778
872746
369646
745898
889754
8571
46588
871143
122624
170105
488334
762118
253223
353521
646764
377206
117999
891787
592006
258012
812891
350564
404053
518368
125182
505139
326031
100418
482306
324397
477990
539594
421300
570435
626015
884861
632623
622569
659754
736107
184067
385202
399491
618277
6978
353847
718499
349485
569927
185782
870115
532838
713091
329879
41839
23562
295013
246282
161539
36281
267013
647500
2373
823151
126222
672873
649790
740751
355686
510683
650230
785947
311195
29072
112427
716358
444747
168105
880462
507648
281936
715455
890170
444880
846790
228929
128625
732833
410555
295512
313845
216243
33106
392363
250176
808018
530771
59582
540033
10148
194322
218069
125524
381275
163995
310135
602940
133610
668119
466158
458111
853269
328606
280618
598142
464865
609433
602917
632912
460458
272370
394369
354042
770643
829979
413326
895501
555320
434423
98856
470683
701536
178217
235484
620023
91118
875287
46091
38185
857239
780698
640360
8875
680334
82661
40027
616100
772058
310288
144680
61822
345577
247136
807113
857381
211102
82388
157912
593406
544773
503598
17353
55457
665256
531420
801460
3189
348762
405059
76240
225415
839888
733063
663067
174631
364752
726457
464438
822559
455169
341374
117229
112880
320706
504343
694293
70570
511158
711474
232493
744488
876349
579629
35591
208358
898911
425794
504448
350305
248257
536819
542443
262537
437113
240531
661324
631877
599166
170191
440927
684899
12441
127287
626361
486298
6296
100525
669255
457470
170625
871817
288755
577119
669924
82598
862085
719615
546793
733421
173925
459118
708968
712508
478654
517860
437847
571506
803390
603450
141950
349466
155835
425285
849382
310321
685840
350544
342352
158485
472516
824756
211139
637549
811147
729431
802845
214511
216902
243583
127594
270770
191590
388785
58770
494960
169102
299083
374957
104855
786102
53466
262450
278637
514508
422296
122861
510814
106293
601125
264334
406628
116497
607745
708254
124625
141500
534500
43597
7387
783056
854906
201415
39940
642472
501310
703525
401637
415040
347698
714335
714487
785016
540024
82175
185406
206967
817137
582833
91987
529516
25487
814230
482476
42448
138072
167320
894858
553671
854330
174328
136094
787302
282053
101539
857880
265998
741642
533443
64014
886486
591822
405841
682694
436199
638570
328585
715648
173888
717187
313270
485539
731770
591937
214156
79939
686118
220590
839668
261515
649011
366092
742178
94348
488652
158163
854562
337410
632509
114599
397489
262015
49845
589842
594536
344471
849991
504771
872243
472328
820396
387778
317888
434307
825315
344686
540531
324283
386424
643061
829750
493033
318210
829872
748526
204634
818309
483865
316233
272566
537976
355178
81971
463981
313218
632499
448487
644255
805470
673462
252675
722760
664765
612387
188724
748519
896234
341163
860784
578282
635560
109540
660835
871128
709496
428792
452577
801978
639895
689162
93755
839271
20388
397574
206220
576266
682175
554020
26739
87154
142285
599001
560539
738070
733048
437273
170453
11811
754964
577197
23463
55939
441308
192076
315294
210539
543098
821466
129215
222722
728389
343770
685692
385865
496229
480977
73410
332972
347698
332505
496558
257315
53338
180734
724864
6661
404962
100889
642151
366250
24996
640006
856156
769274
312534
722468
164267
818711
282987
215880
155660
683493
822195
879102
790096
206258
369566
108798
789399
342469
102813
784903
443678
208775
403753
862586
599989
290568
240285
400566
523727
332656
893342
128939
553299
149988
505948
835037
659343
898864
58672
573847
186988
30583
506501
344233
297532
650100
93939
328320
883888
794187
375046
65697
478982
510866
187165
486945
216064
92310
191119
191140
570864
75339
399176
56848
639087
618643
565232
449453
242541
9354
505901
271483
162338
295884
138943
559056
837859
352067
655913
178253
568784
734769
352976
13020
840075
582455
73723
386184
725475
580960
839930
639096
110990
734829
767876
335561
567445
163325
635896
120935
871145
186552
141061
786472
463507
657816
290213
479398
657193
130869
627780
407639
298877
591916
279550
680235
340239
344267
162694
430369
660003
245083
629124
659589
113037
172330
199606
607402
515337
849461
388855
848736
228135
52942
592860
494194
806115
259760
808731
179455
568755
421820
78407
211731
749593
433006
255862
864002
557560
329217
643139
828960
789572
104892
512623
72512
554834
384056
154243
195399
496782
871822
807152
117419
527340
474274
80279
208877
732214
546054
116613
297136
717540
364684
333110
841110
319081
551277
411675
568758
444394
794479
24598
637755
587945
749365
433569
743324
336864
423497
605294
164947
653866
121343
275753
245469
257019
669222
713210
795245
153711
626576
198887
878477
633344
806843
209910
260466
327249
108795
851824
634970
238631
107910
795969
821701
683672
638268
691324
812109
326363
679121
759356
338756
150207
261401
754597
135881
718168
698927
375848
761670
95347
824289
689413
583080
248555
798203
537515
562396
455476
305102
456795
620163
880853
550685
599691
4721
36211
588868
32710
618088
218856
278246
344560
55948
192370
549745
803784
632195
399367
812816
316422
658411
55783
298541
31811
792407
122538
430368
733336
716392
417880
98873
337151
143716
467863
647110
105174
342709
562719
547681
118082
434368
791658
342554
44431
184449
253735
622716
742965
560160
231885
603230
815895
488178
319180
589704
555334
660846
727008
536736
397826
754601
475135
828208
594976
598897
591985
143350
228358
516227
273664
265160
809747
396266
560357
55329
720861
777525
309953
8749
711922
242131
30381
269165
799488
740013
299369
268487
176688
251392
225425
804141
232364
292789
541486
580168
357410
448799
485928
262400
499584
813681
159097
335275
620767
256217
45501
714929
798845
150909
609574
649463
547106
113456
895627
139760
10820
517265
221920
592124
114918
766945
795137
543547
877243
889951
121737
807987
662472
538561
320703
240666
632296
817841
483759
356288
565961
515906
505783
863483
854803
802189
256248
873937
763145
260652
288364
486780
692392
356178
200439
632541
864940
497030
425301
823232
320370
441242
525075
184967
255352
689612
472634
860917
750753
99192
849190
156410
760725
266744
883318
154678
3140
487257
609755
607596
348427
796155
432467
433316
232463
840452
452655
440317
704263
627426
143088
344653
193366
576860
521457
518614
684149
428435
879902
479432
338704
94394
882914
191597
736519
445935
182718
262164
617204
353493
298613
419837
396460
371215
369124
249598
481790
88187
647215
188176
772825
401705
148375
697177
172971
275991
845895
319702
706083
897355
700878
351397
430712
828043
509095
89997
269570
244284
344019
776106
97542
511765
786089
859097
322384
25375
460451
128668
605945
32907
202842
193674
316839
640016
576716
604534
35252
57792
659769
766170
411398
267142
92814
168737
422557
34015
678968
868526
262732
833362
798458
742252
496575
168940
11322
337330
229723
757724
842229
67410
872899
629800
585491
855999
827766
146251
652565
219321
698773
132715
76395
536407
455842
211515
679746
657839
258885
285514
604762
230692
771368
611717
89174
505485
1250
248272
434797
40318
111345
532860
709725
58262
357952
156038
59775
59396
408808
241644
523605
689110
153267
381805
545504
839263
712731
21819
753327
29956
588977
879423
80433
452900
233338
701258
520043
761314
157652
84756
762694
20080
469846
161459
887231
88153
371349
850776
3778
768683
218307
764745
83441
207072
662801
449175
167389
527912
815350
214429
799352
653140
534376
158292
691425
184705
26662
580916
487678
28190
39128
124715
339112
576636
2958
830003
261504
448146
715814
534772
78144
811530
511721
450646
809996
215980
117973
9632
31366
195972
369877
476434
806273
493202
540971
502971
745838
637551
896688
119544
494386
64247
401651
122378
780697
325655
442973
207027
668099
532051
535958
851436
458556
367284
556736
894822
239434
813069
731776
467707
753087
773833
807709
740528
448462
447283
541057
801258
710971
187458
880124
515273
571339
119326
537416
851365
352091
686259
361192
396612
74316
163985
830313
838454
289787
411741
181546
476109
108623
259224
84504
679004
701580
621706
126546
847242
302404
109963
269036
65171
69389
184430
462094
479388
455662
262250
30140
182353
214611
838374
793681
801116
829503
629376
336996
569892
252193
366586
47213
549824
351360
789025
308545
590390
541488
643003
719928
469077
203046
264685
370736
726123
682248
473927
397355
765028
408541
365389
157651
775648
46564
502114
230173
653167
664801
405971
51179
447115
868018
853821
602252
616370
757472
441468
60574
284255
799632
757969
593652
321988
202265
609614
78962
96966
504848
557762
735605
487573
36318
127996
65360
439943
324212
868477
691568
816624
643893
227231
132545
492895
567313
191356
159402
276344
373107
673308
782708
56073
828528
315870
725352
457004
49247
106914
453717
559096
842152
303537
487057
806212
787189
722250
101495
238681
337893
584778
239759
709651
175775
313015
108075
25140
146500
891689
842061
144773
314845
13206
879974
416170
694228
834744
772601
70016
122046
686588
337726
318325
125717
307978
646819
166372
716292
381836
90509
662604
336092
125982
155932
482285
249604
652784
568588
388542
435597
734458
634648
384557
537571
212957
857817
404660
546655
645106
60652
42644
315641
869969
74737
353105
875867
574208
94127
566858
795601
509462
519190
751795
324797
237131
434844
95985
596967
301374
793321
845713
707153
476674
649806
166341
119944
721286
59568
434364
612374
526624
167747
386813
381173
31413
245009
178688
190942
495751
544730
657033
457599
179740
42709
731073
505483
578023
234996
726867
241644
563765
631781
309888
779379
302229
403317
231232
169040
358501
827472
161366
469853
452534
106435
651214
838036
699771
294403
405525
350722
587187
316486
424117
247283
10065
821614
896780
188524
789924
606406
601736
244087
641480
468357
22657
324505
727336
520304
729011
8000
228173
349212
298006
14456
441480
469745
464188
20797
694296
802666
15494
497866
435993
413528
810531
529968
141321
195110
165958
730754
362648
725240
43331
833389
851628
673133
185831
824165
428877
99
191889
1083
162387
477049
142832
354986
115211
822415
107674
531665
818560
539658
244933
186363
53868
889045
772294
254586
657658
399745
44229
859154
692854
193452
48377
419505
840276
55583
593061
795420
141274
179698
520238
278085
422251
732458
163672
769145
667473
175235
892988
127797
672454
28072
254696
187865
296415
777567
716531
438197
595958
709922
156059
308000
689874
790568
656605
505543
701173
586242
197360
47458
314626
870337
651039
528866
364681
785268
234145
237703
453232
269839
84023
616046
771263
416104
223361
32328
235144
256827
429085
442469
294386
109358
10077
238351
725601
225070
387172
465844
541635
635704
741884
641627
739481
178196
738295
531831
397152
498171
223297
437593
189083
162969
356862
178751
233759
800013
727461
508427
797818
309934
701368
269487
550753
595048
426783
354660
446357
156164
531456
526010
400945
738213
263102
849450
65587
479983
750763
434279
249668
465858
69482
399250
57638
88484
537638
210765
526425
609468
628520
596391
673706
702650
327193
233174
348888
415957
317653
23843
596132
396909
47848
637663
750516
281390
891816
381268
887268
417238
414350
301302
618347
433997
594802
471928
374053
637075
562338
820219
611298
861016
477918
344256
223658
860997
649779
15455
164011
229752
577587
404048
187329
355020
63853
291623
311968
691607
206447
727325
406433
78221
855476
149257
457031
180129
100011
736909
38284
560908
565798
104045
515341
721510
366939
478426
40623
362065
413339
350860
152461
639542
628748
675887
844511
720455
676422
776756
442504
612803
2406
505961
580444
214872
472754
796835
611596
74402
301866
608566
265840
695954
588871
840071
719792
474250
156275
653881
127566
43396
112004
810339
404083
299602
508566
787139
550389
627137
263364
6188
203617
93527
581027
387771
394795
749243
191387
637192
863920
418579
767299
856279
640740
313032
818552
504813
740220
695079
136250
758816
193114
841921
598051
297160
160721
804881
212900
498034
781140
524989
425693
860243
446143
73078
419993
745112
106177
243930
664132
407548
638661
150425
722730
75828
510492
550068
228046
638660
57384
65793
633795
858932
417447
635115
681802
192957
81018
429367
565129
503518
156561
526113
255524
145803
713237
370213
681563
212164
859410
667641
587680
781732
319711
438935
578451
299888
70572
22105
731548
436751
122438
261021
731908
241433
364841
93480
61904
881288
58755
697287
754874
461771
766977
881392
169486
52282
659704
442023
116767
533859
723826
420988
549252
341955
76628
214130
593554
276240
741864
881723
759094
456435
863883
890654
854095
455283
772116
4411
96326
272268
47232
190597
373708
544991
764023
527470
885934
746019
840188
676193
876567
394553
356342
24712
55906
710013
53558
605933
72283
564952
319364
840862
876945
115826
68874
635881
694009
231045
261725
889159
716322
21069
475556
436470
465777
481948
193606
547807
16729
224810
626292
237078
617112
851913
898448
819071
157585
337590
684505
230189
929
572460
766676
290213
795328
223410
431673
100514
508183
362389
832631
223890
705016
163856
20036
580126
95550
406471
794628
407879
66338
343572
430933
530699
11959
232312
365302
774726
423938
206931
185554
220245
501690
455567
45293
214614
321720
302519
11049
661580
474075
320005
112309
388415
147867
714872
565587
474144
846823
579460
454341
549737
167517
802020
476083
452483
743910
316970
539803
833025
113004
408855
858965
189322
325176
425862
607906
324244
785132
194019
254833
849676
292986
725306
529933
635378
513183
346377
291431
883936
602368
635063
864059
229899
20543
36190
749505
224995
151002
671363
387699
237653
224480
29255
874230
485615
808944
109590
859207
79939
422289
221180
531523
512229
689096
591127
539986
121711
290041
82568
812210
493348
276861
233091
349756
83888
419963
439270
57716
116526
170343
665383
395922
783108
283220
114821
659112
129129
509271
707936
15312
268903
51161
169221
265524
622876
442681
87618
297881
73114
207196
539864
476104
679245
773841
701005
615578
813980
286790
100737
600640
549673
419744
205945
233836
369012
152603
278071
753184
810428
33535
327243
79729
839940
90043
470434
410263
890100
846496
209725
269652
181878
158460
497533
252958
180577
85266
651321
649675
491028
817139
93042
424248
607128
491675
438334
766646
138535
114602
599840
269458
752875
643965
397049
183359
21790
14920
109656
741281
148465
149171
602573
710009
270441
623534
336699
195752
25732
813202
270347
441058
328538
107382
494845
478545
711102
805131
82010
646435
588066
412436
205669
820401
183962
211045
570640
410220
772058
360503
714
274630
159801
340005
504790
541754
500854
797190
469431
57498
134233
630343
231399
775123
301651
861156
158023
871775
434559
300643
651504
353478
62890
107086
303177
733810
708494
225707
798962
436270
803578
294137
864988
99577
851694
300649
549723
619917
339297
899447
239988
150663
609445
319267
383120
491154
56611
221936
614995
113621
884192
793209
406118
480597
140449
167467
795216
216712
887083
890115
468803
286648
510563
517028
699187
356751
116884
83732
651905
662661
546383
106677
816150
460132
376684
779451
640267
367540
799726
703823
460645
634504
247909
235647
657662
351427
130445
788927
55902
660072
534740
736416
150825
155070
457721
503755
894289
446940
560656
642011
718700
503382
155202
232884
118113
815044
73969
513028
853372
387212
609528
882484
425505
863051
485137
258122
388765
550917
366289
161759
444056
240582
408430
273144
475366
645428
214432
252739
243709
334388
798437
598928
378016
724053
493407
113673
339354
297820
6424
663824
264519
428909
126534
235251
723532
214259
359625
797966
676391
871501
244208
884382
66945
679606
296476
175933
750815
171758
272029
476895
804504
15338
315864
22536
316737
158804
593034
9576
284932
264896
322502
133268
338223
156909
284442
821249
823849
682996
284240
591199
62399
769617
888304
412081
432381
650155
115171
491429
464472
147713
722482
252404
894983
311890
77164
822583
269810
397001
544359
459235
405539
33572
1022
300515
333146
767391
853529
714449
182620
333730
142859
556241
378379
490724
512308
181226
812752
424665
139942
665378
3957
552639
69252
474965
196303
302178
34374
316369
714393
207495
486554
602897
163452
198811
592741
719443
728778
720696
88999
623928
227818
726416
887773
733656
733869
686425
456351
3648
417535
119862
643721
436745
597593
419870
364952
294294
592340
137484
695562
170602
271256
709538
426023
624931
245170
101690
692863
87159
376611
593738
444361
801641
626133
42387
683371
807400
158858
501990
507863
503781
295981
98772
502578
488718
608041
401617
884944
634092
360728
515812
714011
893781
474771
317710
107891
361007
705961
374964
798895
769250
877355
285610
487873
671993
299012
858974
707096
545621
109669
268543
859103
224077
344510
286184
294083
680197
861257
754188
242225
543082
887713
258751
252766
737288
766512
664319
384352
13608
759205
874878
783097
867626
707780
26989
418613
596091
88120
693318
682217
139314
580068
153078
568955
375084
795223
845029
93760
837954
761405
436292
36352
882469
832274
424657
286486
365238
292017
348650
283347
863011
734123
822796
299331
477793
381172
691782
169255
559683
771831
62207
865985
313365
241161
796801
443119
151895
461947
344192
864270
260089
92041
42123
429183
175280
699599
14446
645959
65746
135643
543553
723153
468371
843710
800369
657326
701309
288221
565417
622941
744837
178308
574621
551365
598960
2873
540210
618558
280802
514574
540077
479152
596510
37840
698487
372916
261311
661949
642633
447095
763665
762354
81722
598364
66157
468226
738178
213120
269680
635043
395242
535097
259895
802435
676787
678872
329336
473400
789343
284590
230432
427284
884191
519179
742597
788823
580346
628449
12071
772511
750039
149991
274728
128410
682952
308026
409636
87260
574259
541373
36015
150956
899454
336641
369514
717464
728053
158207
747842
371049
287003
271746
471333
207890
273419
754211
258945
268898
472170
803340
2267
161241
120108
16957
79401
164406
490015
689741
136525
107215
820567
94920
514606
871354
290839
491191
148404
223208
580217
716350
672032
366770
455962
848350
681798
264587
831973
148603
769704
812309
898650
665624
390352
89103
133115
116957
536265
29100
318483
312283
179578
621023
670403
342438
402721
826834
626347
433665
318792
641782
354961
326520
553735
782837
547153
313798
469430
855715
497665
852119
272524
429811
535807
40744
190201
500646
489401
663595
566044
121118
560441
774182
554402
616112
577291
795226
666684
489176
504172
895586
13467
348007
171922
41586
660555
369399
761714
352382
789897
893279
92690
379804
559810
540993
5931
786242
384554
36865
208858
613993
426102
523089
336739
62708
239254
125287
240226
212105
630290
807216
103024
113661
320672
780061
144047
893871
138880
469883
76147
232874
346836
578530
182380
26414
666046
661731
171155
400489
329592
744516
395665
221342
835467
889192
321383
282343
419500
66119
849693
758839
256441
368765
270795
457784
754572
203038
558173
134003
412793
698855
492262
468655
872586
460496
132933
191824
13845
326973
243564
707296
52214
296660
144691
530092
61390
750665
28920
10949
569336
419476
732496
763911
332996
563108
769871
89462
874866
634509
335472
517923
548140
92381
590241
723599
106432
622797
791694
200743
165945
632179
42985
723629
318329
358707
867859
588343
270901
762838
8554
145552
765453
429267
28430
77885
270086
742505
671857
710747
399270
241231
762651
116579
238027
654498
6487
878511
455561
646238
366430
520822
243230
577384
40510
39667
115860
183944
874758
873956
792946
184596
866673
488398
709055
510503
364
78174
248820
798736
378118
741706
614205
614215
888563
824726
635244
741594
330941
26963
100697
516038
478087
558722
366938
82753
296863
698326
804987
703604
675104
754199
331067
803142
748929
822626
774147
360340
221438
13869
666979
102172
620545
653801
511050
813049
704140
323233
771521
491945
561893
431679
286341
253897
410654
550798
148640
402978
639328
332410
483107
879133
251797
338995
717474
623890
430607
282928
433356
410142
148503
659503
201509
777907
639093
282747
855201
741417
173273
793319
258304
546002
365797
243031
455681
661995
718167
286463
139012
182351
47990
774178
186207
299942
672184
804188
654140
536474
84781
777467
195566
149706
874572
59816
168015
458871
539544
448228
447991
689979
730671
833357
776251
777242
825391
94432
884575
657233
30693
440632
606137
190443
629588
618772
619428
259699
369918
757463
309757
180483
560657
772073
566366
23323
447377
350747
715285
155885
777086
885800
552224
477748
496066
276663
158823
330117
727417
29020
463989
802942
799229
404254
7189
265756
104461
810995
91333
780008
181370
157928
403705
5553
484974
513117
40431
114357
334233
204141
31275
410360
105657
518347
128815
160824
306341
162791
501080
284919
405942
383120
412311
730839
872275
42164
689642
41860
162871
653251
77367
6954
38177
676466
529540
547528
844664
774299
665782
705436
554905
399617
35077
278398
218527
423377
387992
5033
764013
560772
762562
429747
623386
786529
101528
856670
645914
816319
367629
777735
697925
600360
370669
311644
145159
46234
149138
678859
641635
44007
39974
590677
58884
650972
847638
777409
252738
139870
633359
162413
119981
893008
758904
144927
341754
419569
717068
873529
712871
685411
580658
756139
195308
664838
711131
61731
30719
435683
877303
211551
175972
54821
778164
612579
672560
663521
32116
320742
621272
605558
636873
658759
21691
245711
718608
8989
415208
552390
111368
487915
15885
718915
90989
137107
565022
754337
520054
825857
700862
493490
867847
8936
339629
251705
196755
869194
405263
525845
392849
560113
58132
831869
375866
185019
81097
367430
508413
882514
40154
324674
660287
31577
469250
171171
448914
593954
778993
219549
445745
289340
667576
201546
808373
46218
100180
853287
567031
215151
476149
518011
482339
365093
589258
476599
64501
201646
706155
262905
325714
217313
655587
625835
695014
385286
50071
590024
13045
506301
685271
87103
696480
164407
775169
367152
551127
149032
396940
817235
337205
778229
67255
86904
114012
899720
169198
570600
581870
312194
235766
464331
724997
390640
506615
881027
485871
727446
541347
814422
871210
633703
493510
233737
702648
146263
722988
670439
216063
480776
847273
66017
524448
55328
130089
403439
32049
595900
758069
827733
447353
582590
840126
279712
678600
32033
823658
3056
821745
743693
61112
190224
365413
280902
55281
396416
233548
165599
849613
52884
699170
522412
208671
802293
720621
142229
318399
539717
239830
511366
66162
572352
603307
298819
771703
867678
873392
242489
761040
735636
172222
577680
410699
795098
686585
594620
681068
58312
692433
450451
698970
244698
385717
437529
638435
297267
157294
22614
558124
75229
732608
568074
853304
268302
699736
133815
865268
158566
103409
755324
371389
811605
645354
113922
25423
845146
206108
382798
368460
517893
247962
737335
713317
164126
101450
511634
743719
621503
315290
176425
243525
73948
8928
504075
630461
449091
235347
438301
108682
530910
204064
607597
523078
269782
660841
545223
593434
777905
240640
467264
168899
119420
864028
389840
373570
26692
19670
674813
509057
848701
558915
565714
752253
757766
298861
578798
67028
98628
116944
722585
858956
421610
378542
600402
451582
652186
771664
310531
762525
768038
41146
475190
847399
499247
564106
784737
553927
722575
138957
169692
748836
383697
400253
685107
855785
418110
272858
337079
214834
867731
724260
264207
512720
156909
567666
306189
437529
810855
282899
748187
229583
119386
747935
396691
697163
677187
692088
820014
818150
387587
418
882644
539140
314368
502620
544498
32445
171080
202011
77546
207017
172021
644066
639236
691143
633420
344639
779427
653259
544064
133444
154194
252578
104180
249761
64860
98115
112733
395067
592315
635827
244165
824651
753001
770773
587756
266901
514450
537420
552649
564355
65291
37134
45711
93374
526587
577384
19946
385961
432535
385128
444041
111418
172236
61547
264149
629077
785589
113987
657279
766118
812653
669220
352313
106459
116574
636363
861050
771516
701944
64683
775621
418920
628765
149622
774883
428269
890713
484837
74764
701827
780559
624324
323141
448806
170478
157533
126084
211343
640770
716959
371215
59982
407879
465611
612322
245637
472473
867578
23951
611620
276263
664014
606527
842172
21093
459540
219383
74530
868128
796147
603830
208099
851117
566132
382330
847902
370235
714285
10115
314947
21159
230732
302415
452390
827725
803900
593796
300927
569756
241015
881421
210177
888739
380745
340764
701396
763719
747196
581485
127538
265014
647493
332555
843291
164982
846890
245547
537942
790359
213199
470678
623428
36391
721276
115141
388642
584772
228460
136581
880027
301036
5269
342425
95559
309936
270735
761183
170341
652583
438658
497771
575856
42303
752816
465679
239713
512750
669276
569084
765408
465510
566550
579266
7368
752775
624261
778451
359479
454703
4527
808806
105614
597676
134536
216216
347243
144338
585236
315052
600033
701352
788187
459539
606673
97373
322376
615431
177991
353080
534461
529425
676179
790829
208567
9035
870466
575531
898138
605023
147960
856658
728153
602254
897292
17474
361892
898252
579105
413422
734766
688937
117405
594352
732089
589131
522344
831350
152064
515894
791970
774330
746241
773518
736992
327919
289254
108372
276101
42455
66735
567723
523770
726577
324989
54014
747786
248400
51677
49211
421628
430695
751791
601943
608013
25601
62738
881269
36905
694765
161774
803778
740646
645046
750973
531159
114173
37232
70646
509025
399974
692846
23992
831997
888400
521585
699856
538173
182362
455771
633319
494439
458064
379714
650667
131485
379397
482144
272120
80183
549097
155302
468035
689164
250599
607729
589731
169680
504254
35285
507580
226967
761338
435285
855241
266008
551406
751957
13510
149196
243312
796423
363575
636630
812338
769601
888280
122813
175832
564432
366497
56340
215483
492966
171126
888890
687097
781582
47913
379933
425622
582049
734668
95930
716787
505136
224407
101183
394025
542241
57362
822642
845090
407128
693600
34218
170773
355178
303688
598363
588188
416407
481409
237199
514547
666384
198457
268144
66767
443123
706
420930
713017
873048
332121
108141
812518
486307
279637
168632
211028
803610
71753
300401
650723
80145
317269
845833
241101
787425
391183
467228
382467
508983
822506
301102
776294
622888
473120
130225
713407
459170
325186
279427
536572
365406
419800
640565
166439
673682
435542
269606
688996
569955
764062
211245
686182
376535
509868
224118
494351
581384
103299
85379
874403
616885
537553
710708
204712
565267
7905
394402
653468
537952
490045
486276
290994
588472
860925
221045
263466
619936
163184
274669
350252
226976
568486
648747
412513
344846
409657
8308
60366
776037
419926
114133
506382
767125
161419
60517
549387
760403
742702
721926
460345
196113
60999
133258
94831
822985
459419
529009
889475
817362
236535
836785
629440
39605
556597
650031
864838
593914
344526
82537
475391
413499
765628
214902
368538
895290
746955
227461
886341
4590
138203
17570
432683
111129
669364
395735
325288
815765
487047
421615
49509
249612
4925
133109
599413
570535
773215
284476
185611
838334
83296
32888
346805
528430
274827
823945
5817
757129
834276
4760
646122
365320
447582
524601
307015
73275
612665
772144
777584
461056
467701
690673
193830
531282
71031
73535
749886
866265
555767
228790
222850
479807
862916
670181
602629
71235
554229
347058
338400
117127
153100
787905
653005
345155
109865
164464
439007
170172
714633
180249
247292
886575
409720
565147
889849
246343
11194
186994
477040
166959
178962
252034
457216
212098
644077
518803
547489
676061
796910
185206
615267
804949
283607
576614
878754
307621
690480
520842
433512
892896
806551
502935
284383
287973
444421
444434
836497
310897
454105
305330
480606
481934
99299
419716
294073
780104
8143
438568
863104
746240
422571
94553
32054
801722
15767
781738
38302
386801
841609
264652
477814
887243
813273
590764
370254
566119
130896
606137
660963
749234
830760
677763
651773
423544
310431
475135
866145
42424
215198
492487
533459
582641
222272
497566
749356
94168
16258
344369
669172
631916
242406
392601
856381
93856
329763
646782
635644
800215
399724
533941
554084
645167
435611
731977
586816
224948
878234
621560
403052
540852
768814
802292
336529
847699
794753
424746
757083
23989
79370
461791
418233
815480
793627
892214
819761
700805
835015
102671
397757
854555
77422
583497
173638
892203
809926
749448
91547
779779
472263
334482
560494
722434
862068
29747
53131
456010
638177
376608
592086
172403
349029
309272
261248
341851
859421
849351
616741
68668
578266
644452
742054
653814
135337
333818
251710
31564
616221
303748
344195
867595
576923
856466
183610
268452
728386
880296
629751
66010
449813
899941
781712
272631
377638
417761
666237
790425
661632
384079
682543
368074
222705
93058
286762
612109
321170
113164
169952
339988
604085
827553
716395
435823
331722
720187
428102
692318
239054
799799
309448
749160
530192
580540
58879
75780
272385
82012
353157
271796
239512
147282
55681
520562
74047
119979
161245
892227
543869
508546
775392
76456
250721
64644
585319
247347
818536
206898
852004
411702
607435
891716
29299
76567
878856
4938
188597
393727
809194
290030
348331
653170
294648
741845
134513
622970
70392
652389
681556
206044
459390
382433
758481
856684
307349
363183
738508
321083
376072
633082
712394
222254
472557
696563
357003
483115
296462
220370
411303
44461
254262
599291
2500
380374
750357
59292
462449
438660
504112
327794
374435
143228
146312
9548
426409
537475
389509
753991
184301
619948
846878
203352
567338
880171
489416
789928
808485
314440
376601
361849
401417
525359
284056
487111
752675
420069
81826
588170
752854
388629
439611
654520
616732
375720
427600
649799
336763
181682
171333
588336
256863
364521
518848
744367
250073
684465
582288
75463
521012
604243
236667
263011
859055
372588
763843
676726
633148
780321
42485
803300
258965
229585
546766
690906
735862
604963
702345
94135
859162
614781
374665
126126
694101
514230
846432
519460
162891
802660
870170
749268
490956
499855
156681
99474
247789
848423
24685
690349
26532
167728
361120
879597
767136
693531
595643
161147
378498
186801
170824
281120
133724
