3130
96980
362121
448389
204725
443648
432649
179379
315697
833588
794224
780815
123335
535041
561812
81773
925211
20488
650998
689303
290975
9942
305977
188293
639973
72359
340607
300138
474758
717068
379871
519531
594472
551527
225924
453482
414382
855058
268773
885121
896706
175583
944476
532939
810936
613946
866918
704860
118623
331307
33206
559056
832297
113464
326966
870849
480436
928743
23899
90130
779828
85729
351331
656104
742719
116402
917422
677625
391221
901933
555318
579772
331338
198573
512109
936384
434418
653750
857586
607065
292904
284537
866799
489460
391834
294198
250065
275660
961588
535036
24165
930805
920711
312716
968396
222230
735702
143580
719450
301044
455869
698551
922001
275753
501823
165185
583797
352563
685354
343449
72844
278888
599209
955159
287284
384456
42278
149620
273568
330795
990873
45897
684785
877529
583538
622000
223213
284792
460383
931975
150430
299872
778170
994579
403337
189131
322963
382592
378634
415208
870229
216966
472137
840782
253463
90984
304475
6285
124609
717399
574199
433121
104793
669939
650002
268544
902889
832689
752730
828050
796495
832535
8012
763521
670113
828900
366963
677862
258426
272654
571966
996642
574886
566563
431484
651150
581862
353105
434486
150474
764704
275329
140905
772978
847846
638557
218590
668463
435105
959859
18280
580265
904217
797873
152250
199194
307172
362064
684898
192126
157866
158542
339814
80295
771152
3027
94457
558124
695305
159221
745946
227905
394933
609047
206154
443746
375924
991084
936168
817834
739020
784025
783210
511616
946291
700025
541178
859696
423673
727290
765675
142104
901972
385764
643670
608313
336394
567994
310357
308013
567285
296825
643995
708408
800566
267325
310895
503286
673145
303619
939075
650740
364448
680137
525365
686747
149902
543698
391457
221895
338451
961990
829409
457719
753903
741429
490594
300828
400773
231420
90724
630228
577181
302784
3085
971440
400086
768792
679595
336625
960422
815943
602309
482002
833615
29670
631260
17535
139489
964001
140483
292259
118054
441496
494680
353247
551341
658853
433694
483030
74742
6589
358712
576997
6071
998319
201092
116400
886793
181770
130834
421464
652082
83868
455360
746056
291983
728724
41460
108847
223774
234121
533556
612104
423078
622227
739173
431060
252099
204055
276830
269418
135058
548385
511144
990500
645109
855786
920468
114619
587971
819064
265273
74797
249487
317093
853065
323674
406739
475447
161295
200751
986426
975726
963464
704377
622855
509085
8603
957531
124133
363952
241717
821275
443851
721932
109893
192086
676555
4500
268945
371924
832504
658695
221876
308022
521074
987782
914356
420364
80
22643
288196
687363
667432
830262
33235
605691
11517
79449
895630
863607
838150
632787
535481
59438
457047
301666
869605
249854
732783
519313
863503
280064
421597
944985
325973
375734
168463
444772
765078
679777
60984
660652
173540
52272
44317
898370
756840
839890
776061
947755
738131
179180
270043
416613
315197
286759
335017
59015
454620
148192
711570
929990
37665
982467
42532
515604
625714
949362
7897
347554
16000
685278
328257
894343
264646
60473
522317
656569
597533
25922
98490
823159
950973
414143
656855
703305
471124
814921
789749
882399
343292
404865
318443
496983
593821
325089
47171
341658
836703
788269
794373
720358
28553
729223
801117
605094
434107
883234
626283
60284
46020
443599
42664
469409
760801
471347
527984
34276
454099
533658
919792
31118
83292
557348
332588
158951
227925
923485
846445
728337
854895
199211
273670
597073
481156
552160
853762
537710
3737
348655
316012
738610
585331
684604
58875
261581
576210
637068
826391
258073
823502
33372
298060
192633
777805
162125
534410
213978
433823
316860
382166
277659
514166
542320
844369
482505
625157
284333
310179
206915
641395
641509
219652
277309
228220
745038
240423
728671
408101
358095
1283
69325
421146
539348
145535
804546
184741
212288
487481
319701
47245
983618
214835
930014
879433
329217
964122
855410
906783
873457
992116
710537
134174
292295
657830
593537
794100
752265
165216
889276
245549
325246
676326
493092
134921
981125
528891
147278
726712
486338
916716
612668
367540
731315
41590
349565
464315
982113
100501
906095
795048
649393
292714
347813
99885
419354
4103
13283
954735
616945
38427
827846
161726
761759
289333
343873
902832
357109
487414
119681
81305
249878
424600
662962
402728
497170
960981
2907
337185
799508
393397
446629
910258
22257
321399
307897
862325
292896
966939
276998
954049
352073
583690
227554
309933
338230
405603
826248
757730
750694
373155
981568
682140
568384
254576
580764
45117
621093
102466
738206
668110
288542
607279
957495
940243
186613
943633
483626
977417
348319
626261
411471
482238
735446
359267
660084
584269
652165
871909
208286
145141
157981
218487
66605
767510
907461
39657
892765
82823
398446
617203
351913
745942
449220
467958
290506
242717
991808
424619
937245
308669
743450
424234
399074
354810
704540
633433
184864
654067
588818
709551
891303
385246
964068
43885
307098
213352
16439
635930
43738
170738
837339
172319
338190
941641
420031
671681
366181
367447
569
556788
786214
528598
394254
745954
829577
578463
619424
319691
891890
697568
331701
199558
107338
307052
936224
215269
705212
444461
191630
704758
293641
212404
411054
369062
70089
976177
448702
131457
707903
849598
53935
233620
747863
327829
860532
462068
146814
12323
655148
804439
446366
129460
81578
49951
702005
226829
930013
779639
506001
517720
6689
448598
613930
606458
187873
992033
662812
282881
544294
398381
475967
145785
601729
328738
832933
116702
859537
227579
321839
778667
905970
703465
175884
524881
964098
341655
904911
114435
476305
649289
685868
222318
889573
907998
784
916230
916198
252596
125466
320188
780204
671082
500985
480587
100388
111168
654307
576626
515673
134619
578990
281340
365093
333798
472399
946043
731059
709394
881966
299027
67375
749565
817058
999218
17165
882864
329486
427741
272883
887043
904343
850278
778820
821019
672001
234746
432906
34196
925157
447574
720575
99065
554385
380058
475128
532016
749884
177846
741551
996659
221540
169729
762731
870649
851142
753448
219534
221427
305593
90051
221371
860466
371496
466307
529250
538917
869226
430280
630761
885568
782144
490127
635832
814969
656426
980105
47265
197868
306534
753414
143211
576223
267078
364304
753466
969887
773677
532181
192988
261129
928421
575292
636466
120165
368672
969944
109369
879276
357450
672634
425268
906346
628679
962208
630136
797246
678734
449100
703507
758335
15137
700848
214234
455993
461160
351173
561550
58965
780649
653819
854954
104790
496103
36683
388492
271232
574228
569960
923197
232211
258035
808019
17375
234677
338191
770574
974450
130541
87185
668072
198275
875723
740034
563703
189745
199462
475550
48484
426589
57982
38673
251936
524013
565055
737425
469877
981501
138151
827287
996535
228132
660670
96059
972377
127838
220100
715819
6172
422555
757289
75719
73121
263075
461750
163996
691744
183524
49737
385404
869233
392922
201661
287094
335624
274457
878696
99704
772286
330746
346686
922045
985674
144800
795794
713460
904590
233125
644541
385519
703310
164070
341143
714500
815035
879592
615522
276292
707309
45030
482631
564053
254384
289848
928824
56559
715637
403425
572852
385455
922090
126901
889897
195803
646628
87589
483187
839091
331191
663465
428291
615472
531752
630153
316763
448604
262330
879623
834805
787021
791012
860844
963331
138303
115684
641134
709522
762189
799789
915962
715592
323084
338876
77924
550924
332420
650377
63337
987332
639244
386392
337565
530105
823617
196270
508149
482264
172707
236705
653299
536722
300748
175753
424106
34018
164301
897299
434925
617070
413222
32116
861016
736647
839202
880313
31994
826251
665165
882877
841630
528682
826963
70901
359477
979461
185015
703717
419617
778034
689004
140981
249568
400796
769235
911006
315667
121416
978386
350911
757546
157874
197261
521420
750766
83414
781316
20453
330923
287498
858505
853957
222200
280776
653724
40401
833893
488458
370277
370256
545663
542798
610317
688634
257922
603193
317945
351785
371484
322456
72291
609516
353114
264385
164631
829947
863601
61592
407560
115012
44651
927341
154701
603684
494061
249091
590715
138481
412769
810348
353119
277876
948356
54159
260888
591220
474829
291532
704463
950573
859833
230006
176021
360224
14320
709375
270999
984132
630421
445682
195968
946394
17967
427609
319467
880734
926319
191678
474244
873689
576733
161359
447098
340243
552035
448282
571426
429158
155190
467256
863275
159470
626525
318471
577658
315741
866335
683344
552802
612779
388237
790471
551617
224874
634793
895152
250554
752823
646962
708958
111818
673741
811341
291030
215241
915955
10002
22163
324672
284182
401328
624931
468001
315185
753725
402159
454631
882984
547293
178776
177291
889077
635342
963324
316960
500345
590927
454487
834443
554548
938859
87878
515875
18448
321894
713959
870497
514776
460034
882333
460612
718662
13102
733680
998212
503417
735820
6353
376496
64965
798238
570234
76326
469221
333644
475572
630959
513867
318932
504434
367861
750936
956430
733467
532769
898855
224859
40997
869205
953156
583530
878045
313987
483899
148518
106371
954536
889738
816064
7377
48105
527096
302484
583068
422088
849343
130810
969300
493315
279908
839724
184358
260105
589352
277775
289344
132121
89687
310560
988212
962682
249917
553468
44406
747921
542584
59915
480128
29282
160681
193099
87253
609830
929476
647029
359841
850052
653639
466061
954175
939120
837320
266315
988053
398301
797926
524641
992794
607776
362465
217065
550712
187106
389446
318701
748237
350658
852931
706066
599051
425349
784153
420961
457342
563706
456302
369843
13485
360367
406210
373753
346842
755081
181946
930469
168997
531844
908824
719737
555277
824648
381132
208042
690709
17188
825059
646256
762117
44777
368862
792685
844743
614309
510878
711671
363890
485563
62202
129220
147365
515548
39793
645897
740772
704447
965295
227832
163155
660737
679179
408316
89766
87386
329112
804911
72593
366233
761594
237378
112348
514446
819666
48922
340887
80700
365889
927957
683195
981100
638875
960171
832927
949022
925034
360367
125908
38683
478044
740275
228701
222438
789450
958475
356622
382993
298981
287915
118976
805995
517951
958122
697966
161815
7667
772071
354031
686264
204275
734538
189584
337544
979820
834084
408013
244552
935832
270000
532652
284497
924127
267259
319031
684874
623275
560543
86420
72883
582855
678699
392834
448541
647282
428767
891250
116028
231430
731474
129664
772373
545152
272438
767564
118673
390571
409652
412473
505972
867246
226481
544898
124711
326062
56434
754484
119601
587169
179676
122508
817796
266033
1236
384493
311604
801928
504261
574653
299650
316094
793408
640158
461911
731933
639677
151428
215948
786957
242047
77752
735590
89633
917270
306216
381919
275388
825918
585448
774943
407905
222693
541833
700554
273303
753610
428564
359858
383541
108545
301668
666285
856591
467539
213597
801090
141437
34242
849037
827517
760261
878633
716829
889442
475172
654018
790195
436798
844926
953858
128168
903897
487135
58335
519585
899975
643245
476785
105356
700510
293549
12022
300089
460993
949102
129008
923410
729371
807381
26729
697209
512104
17542
66967
231612
563437
920620
541850
99447
635272
669542
586721
777927
729762
323855
575853
850726
462080
279143
488238
678696
6137
19939
926217
596881
242370
314765
128251
486033
803301
41113
167383
944925
374608
522310
835051
44010
744970
789869
771329
822536
942720
35370
735169
906842
429054
674212
145140
190382
80825
271162
842403
632125
932424
998411
363101
464320
702451
466274
661208
852460
677732
53053
407727
122508
132155
691832
734730
610746
979389
920027
225884
1338
717868
72125
354053
457267
448369
713746
549783
212747
623286
597016
776117
437726
985168
506075
491479
504090
182874
266720
43627
627962
308253
702196
209430
856860
795499
811153
957336
361857
438411
965545
793678
287137
151950
502930
795536
266985
158656
649551
92730
972498
566266
41079
864521
259807
127445
665989
241691
503603
603321
884155
229400
316492
394643
213619
598576
603488
67364
52803
579770
641170
919734
338572
413180
961873
860267
948191
729992
573646
974254
589581
132739
923095
210058
328458
341825
923925
803353
467901
792908
446622
537172
269223
798404
811512
709066
925933
841760
710123
3308
131459
264594
168578
363077
585463
790473
729886
589958
819672
603536
603830
227583
541761
851924
464622
803626
91973
616194
951571
152866
612408
472271
681649
666737
544856
475793
809617
403654
621207
100298
462547
324101
498886
959750
471588
166585
163295
981082
989275
210981
801327
948876
923125
24952
604830
133969
435947
446942
537757
655153
147630
126899
175082
938503
22591
934738
337283
415140
307052
849996
401189
706260
461994
56053
370047
666744
256908
601432
299704
94482
808350
143434
789530
134688
936224
374364
772633
287903
750882
839338
361988
375792
933369
858896
94023
777368
745563
591740
535450
333154
215260
490719
498826
449311
886662
724734
642338
692110
431182
477733
834486
732310
283577
166202
616267
713583
82635
778095
479206
169953
429607
452177
464368
938213
166792
871230
59138
897960
34330
874419
540819
891885
412150
641219
250555
321873
731961
942052
613283
869226
349184
424996
366540
745481
700737
243705
68216
45087
698761
129973
175544
765436
708686
416728
429075
684018
675824
570816
257552
373528
550801
547067
363809
546987
461453
401597
552940
471310
869464
546733
787575
394226
358323
5657
611502
143248
142987
505034
205140
484499
510190
561075
745284
652372
193514
385411
155299
370493
311556
579546
938981
501390
708882
270167
825080
545342
284150
871568
349264
94073
51895
138139
770000
83208
86973
763273
548370
255759
705897
502835
588627
428527
921167
41068
435710
441484
474897
140950
386067
337257
197977
386640
771828
921838
138802
635981
505356
519564
981635
573696
116828
857015
253162
614451
862180
694482
316529
234615
96938
630313
839280
911990
744746
926807
352511
477028
464154
65224
337109
48084
386648
452249
599874
770407
764530
858012
920197
31199
349138
937527
127307
212305
547716
456875
987141
136889
196133
253875
891620
412776
362219
213827
263284
638872
504331
666543
311314
600608
885003
559533
430091
900354
423140
702771
823699
541922
166931
447482
972959
362834
951548
541221
660831
26248
1339
125178
928795
647345
637065
346958
50537
625118
180744
621824
364105
854044
28140
941275
672605
319971
66693
178271
984071
125796
37804
304218
802017
639877
165834
194799
733204
865897
597184
895352
316245
608168
313974
238600
546754
746654
641220
28809
761109
796831
299254
824452
360194
853768
389503
476416
78323
761969
265790
33089
53726
191486
928357
584689
776319
449237
11532
32093
339831
454186
949393
408918
103681
219509
314665
456504
521869
126277
882952
151623
58555
743790
920681
468084
399029
910366
711034
918784
97321
942606
941863
65976
255714
46868
336578
387294
598018
601876
873100
984296
335134
571095
426147
630049
841270
121076
698119
931246
111823
393322
394
211756
356079
367376
784404
352308
809908
984099
342480
19392
888210
95039
718519
481831
68455
765929
877367
731972
644157
288457
157375
442421
810587
550837
775402
850303
224328
850280
120325
947535
432541
932625
881407
294491
306502
231432
228268
320487
901781
874843
207094
512932
786754
462343
536160
95475
141635
613698
942520
511367
285892
248501
556697
525096
870468
610503
886106
113043
75532
95701
167511
347134
620236
645821
133530
440122
22163
139290
137701
756658
400746
169866
25630
657808
363406
460394
836439
105983
553481
827939
94009
864459
167916
271710
625742
597220
834987
221715
249640
433153
838037
452927
515120
670048
295790
825588
741390
591404
976682
641994
491058
816120
399881
794931
356030
120040
790922
756460
618320
236400
273997
472336
901167
747763
811720
664903
472657
844173
81381
662171
107846
937196
60279
228651
894725
179161
655064
259704
777297
445973
166880
415772
308424
942238
432388
263387
961672
870545
263880
587090
911358
398889
379746
357708
414541
53477
95213
491828
44695
937736
108166
430436
800554
763962
476551
322268
479882
634060
698014
502990
750231
20953
989257
185173
33115
116936
155184
430470
962610
909933
277342
573471
186006
692559
56350
34717
501894
343428
670638
615081
44499
470137
368162
938738
832391
369102
562904
443158
818290
366558
501972
509881
622482
991708
958392
450041
545566
750232
574049
174520
348079
686561
342944
874200
148428
828613
483347
469061
304528
424308
644384
543595
375482
669123
226573
872777
171793
557452
721535
470877
764658
170802
379022
755007
915640
742786
492737
790858
930054
434293
846507
419892
239283
596818
662241
737407
923283
18992
212438
206408
555742
277081
195094
598589
799616
659147
236891
476716
556732
468504
973199
216438
90685
429677
397663
877922
33275
807471
575032
977934
939206
303809
691681
119488
578867
407586
688437
775834
751840
259636
140667
670764
150437
344023
35428
434148
542552
356404
443744
537888
261565
707798
794461
293796
964937
121202
304925
201383
58513
405063
610930
626248
244052
293600
926937
546270
570657
113783
96305
386540
947238
44532
75094
567028
896983
849810
714015
294498
176567
909987
618032
714921
805190
496874
750396
294315
44424
61222
845466
741074
833709
883118
547779
170492
316450
871735
964326
158867
866227
267123
320360
279098
914139
441684
16315
867939
618346
316718
826458
593213
418129
391355
519006
951115
571277
1848
599168
718608
632302
444332
513836
801446
580419
839176
191614
902127
129764
284330
48283
678050
730652
739964
305007
83015
941872
665273
942270
839806
951824
662928
66537
392632
203290
866401
506880
9225
467909
647844
995838
662294
832816
686505
638309
801385
252423
49337
784311
842979
491919
857628
936782
704593
438736
444020
371992
129047
578332
107847
81971
816136
334527
462234
121057
41688
710405
879352
215080
444329
303074
997586
118985
677377
190594
631360
446938
816797
847278
141734
328002
615455
262103
99185
225617
711522
421507
516865
848890
760686
679249
574369
173166
297479
498154
368625
19349
779360
78918
672101
573035
50925
428504
779366
609142
34710
556120
894614
432479
934791
516331
76849
202356
181988
487280
470799
861433
348826
937513
430597
847591
15761
652676
237931
922498
995389
338821
153209
195610
45588
206291
397131
437662
42458
550300
995524
684759
998551
690277
670286
666825
579499
215025
725567
849249
130168
716685
509591
454490
351485
232758
568294
189363
543875
862504
764619
187973
39087
459717
356950
587651
110648
77470
582223
509971
508851
611680
435024
733507
116682
258590
675085
512425
427468
537206
999348
946524
245342
490851
522735
558153
80078
421663
755335
545330
508424
612723
996514
527433
257057
88796
170221
932133
575505
368731
523349
409439
122814
620506
560878
597452
71667
499126
619959
250518
131183
89709
496373
67385
661594
655781
179387
133655
246483
340311
774859
239865
920676
970582
87
371235
588631
505792
830048
128915
190626
871488
511104
968086
222269
352701
703554
104646
835092
280098
623599
557283
599448
665419
987236
828877
365616
786249
192606
497947
337550
924498
190936
203996
115036
457928
574603
240808
439700
654948
244180
703777
800495
870335
403572
682315
527093
582205
433009
137989
62835
863830
800281
864100
798475
309442
194598
525995
148133
434240
382141
940456
27652
305348
384785
173485
918003
326715
642277
329770
913693
972732
230958
405668
384572
242956
32726
580692
231978
670478
80093
688862
793299
995013
887770
729260
299148
249159
863328
738535
489980
551937
245435
339282
1784
298913
702490
4227
827501
506468
549382
294462
274102
499388
855184
516783
191246
965213
55370
955140
380767
682532
174955
513445
321273
793444
238870
962961
606622
848207
961076
5334
928442
92670
556669
511724
185776
96989
430230
199599
951311
652278
314517
472440
864035
754520
994272
35543
255656
567012
572211
155246
518810
411571
100224
322861
309352
389287
663728
214693
170694
613645
267464
373131
260129
982636
441319
884364
288942
417325
848299
555143
472220
60966
853236
114156
257320
380165
484032
735919
755790
731733
126069
827752
12317
766640
275646
59658
271204
879170
504973
477437
564040
521397
708158
529179
838583
139774
315228
577348
401015
920451
563580
629663
741464
426152
469959
140717
866632
998837
331222
681419
137989
879141
115382
22916
391021
781454
877642
159056
128881
573864
465488
472494
988392
296763
430396
390233
610304
863401
11776
742826
352463
856981
18925
653769
546055
592303
424371
980241
783176
355422
251012
935552
531664
637128
5079
942295
612557
888129
188425
929236
658323
985037
414301
853002
850473
915092
590692
144474
245502
303713
675448
350288
129081
177750
731938
395676
971694
180400
797788
864875
73388
223091
656752
792353
64243
35314
821951
389877
30019
746685
996381
465450
623375
136295
716186
517030
214929
286450
531164
364273
138103
883801
876199
611595
468219
841722
128895
464425
341456
114463
950373
624654
790840
44008
909244
268803
399922
620182
774415
479091
215825
470262
109676
68709
634472
227752
637480
994070
327010
866123
602630
55538
336942
638023
875763
951023
672791
4982
271592
923206
880881
601455
631154
170959
928815
817713
116430
568249
629586
488297
346094
494115
488764
791648
339352
845465
859363
879620
824686
555566
979553
128977
310920
712498
411623
51932
278269
680400
959762
87356
48513
52679
426134
495701
260648
215171
153494
789698
192585
256663
417238
946719
128253
490713
748296
207280
759175
164699
811330
441905
695758
496961
466065
67770
208069
825412
314983
949391
832811
539394
59119
942146
324334
809919
727746
567621
480747
775036
961457
838608
369808
442610
79362
836779
191459
633131
77433
546201
755099
361406
538507
366753
584044
914853
410808
810042
74016
942780
114801
234066
875041
104408
510836
132411
37395
371970
59065
706034
779102
79759
552388
663630
