9248
57593
253091
69664
226523
845864
809808
54153
222144
253563
662017
811898
693561
582121
197211
521476
105673
518137
489089
223062
722201
548486
364174
476589
26533
120699
286383
603398
95777
463517
811322
566579
550150
496744
29231
17452
304061
69105
427082
584413
617863
330347
369954
376798
389287
879526
210209
333216
187244
634161
652000
564354
48670
861024
463135
241987
135204
892841
232190
206834
602160
438600
371738
504514
198088
113506
264103
430233
202642
735078
9447
766600
58971
668975
417060
377460
645252
238279
879856
349267
203017
592614
77750
246034
135215
324216
310428
61619
381066
423676
711736
634868
386632
681192
558412
869386
648253
309546
671743
336653
220140
627946
849434
867692
619407
284683
111899
319042
232484
399248
692633
800160
798548
881083
5045
883562
618752
354416
228922
406334
121322
610617
486545
604270
347261
129795
125027
40399
899034
475525
247563
415402
694433
723008
374519
799504
135960
25442
759131
649962
429403
143973
20530
631534
587648
776180
434867
465229
184741
159342
156460
541738
178521
796323
834365
68613
773828
643675
593043
479445
216019
327862
773535
571317
586884
107534
825491
508117
40970
451832
476472
183025
362973
193066
11727
37758
822146
533398
858242
776225
430291
539093
733126
451034
475498
830399
626416
257917
484591
304534
297777
861153
497979
490914
107471
530289
706121
713783
707873
463713
423960
395891
274918
203514
552959
550371
105827
5622
455278
178821
218903
897960
60476
555816
653853
421618
979
697328
753278
641594
451540
354966
253840
585782
343879
800972
769294
376580
897572
807934
394069
766806
49559
593588
262297
675275
280980
820244
619234
17433
249335
260868
796678
538950
266614
111949
603044
491958
4261
854363
65146
578527
192422
384737
703140
871512
665867
37433
442226
780016
93417
194985
880324
83803
118811
83713
873605
768358
295376
545441
124257
549708
793298
565528
44003
890017
270452
462503
209264
764107
436919
557667
473306
506801
347481
666426
84130
878636
685050
826733
658381
529114
208172
857531
618305
522865
470423
109310
377501
464528
806279
196110
745523
676561
166611
875268
890338
492795
868554
337818
494516
238132
21691
645581
49616
285972
890273
587940
234557
313141
9737
442635
15637
639622
860098
96056
175713
682494
676352
387406
507703
518925
671213
128448
568364
7054
60109
695213
685239
416217
257068
465769
578180
801494
388518
793789
540050
29932
625074
570885
746282
829495
641740
824567
389596
34391
176606
472291
177175
60549
295562
766838
605125
485121
516182
151065
13569
458054
595925
102870
74742
615487
409518
689978
210133
636564
66699
578550
156114
290428
129
651200
641020
496470
36214
661494
18967
331379
638068
199362
606872
803274
401992
550585
533980
643503
265527
537118
75045
828350
319007
465124
18290
597137
733093
150992
158522
66737
182560
893596
131269
418602
707488
12952
376135
311223
436732
812076
780378
88508
389272
20536
256855
743698
670703
24444
857680
694940
125507
713331
772909
857337
522206
480666
802497
581043
394307
632655
557544
189876
642166
593333
489824
24344
415045
615219
642432
9117
765778
121180
536601
187478
807518
203945
404392
669344
60243
717506
192469
223180
372878
63965
636780
219547
259335
189693
831925
39592
41406
36859
228114
179262
254148
522402
748117
644490
170691
741300
173755
772748
123179
805386
594344
243623
522010
254841
116768
159192
380231
668976
266143
255235
368268
807902
737207
871048
108141
539856
598468
815573
77897
472536
593133
493909
606748
804265
357113
398150
785838
824671
730346
354952
438076
571324
831675
1874
604353
213004
556178
115358
624352
608554
74626
226980
121713
159867
265537
544261
472198
454072
211392
564382
216472
444106
163756
718012
364851
283438
15647
530734
525658
328088
397796
815478
48953
352051
620550
527962
710341
251334
390067
267799
823154
328691
25394
861205
601233
262873
492734
351253
30819
23769
55038
778726
669599
797557
254851
629880
39484
277684
255901
843240
29628
452259
339610
237049
168021
723445
18972
234788
280284
374059
138038
820902
576720
801231
662403
232632
524385
790330
862179
62492
29787
283862
741778
219411
100371
771645
769575
65419
777292
81984
166822
897654
753254
828484
116322
109814
724613
124166
207315
353076
152249
885311
324207
56751
325391
671459
494216
14578
662035
68452
761411
314206
703744
531411
227216
312263
128262
753894
431371
43803
289783
633397
422477
573020
509294
659103
325519
673167
9276
257513
510621
255437
819376
822726
696947
349463
649411
212883
270935
496230
208765
699129
524082
507552
86567
807765
749580
116551
713390
458068
270627
489579
217008
827704
399304
244800
28263
309208
192054
497034
629583
760387
483311
341077
451062
594117
390549
865121
790271
141186
64322
863322
79954
574175
867461
601797
838948
60864
602426
161431
359198
142924
236740
96832
500204
280588
330985
418660
151141
209683
177290
367690
52178
70488
212574
6606
839965
381054
703338
409265
517336
374452
578495
514832
242790
488152
870832
733906
165834
685495
713294
270234
462826
581360
634017
511805
270623
873302
335877
569325
245148
315284
207712
863988
371001
148042
116860
59261
512891
610934
215813
543627
734401
16078
800288
514157
792205
324330
625925
64841
645422
392767
555675
183605
732966
607333
303119
519206
314620
510170
714769
866559
647937
139455
453387
638123
45399
108352
763070
570949
602082
728657
310778
348532
545999
171380
27354
405237
242492
390168
293658
652272
170019
377659
432343
741549
304454
529519
820673
281567
522232
709627
272127
573502
118502
642296
844031
170451
615361
176156
629784
287276
413096
204084
249854
705487
430934
117705
3233
248683
347493
11461
567491
733642
580222
461071
793876
560547
656831
569907
348204
102413
42823
274397
491332
399437
602049
813507
685873
661552
619338
870946
754590
477396
102144
57345
601028
141792
577450
724594
630153
806517
36478
606839
841203
319292
476371
817377
644903
553246
542212
207507
113699
453170
544348
95205
513268
541265
199684
43076
595988
214694
72839
292087
712995
458978
668255
634397
889889
362636
805502
578386
790694
94069
545882
620913
17886
110408
590613
325522
18245
530624
586312
459572
877082
645909
794156
668214
374563
544814
170309
85056
224861
141082
898668
71359
644957
160218
3959
884077
850952
394262
736199
424174
177996
51568
483085
756022
25241
147157
870841
103753
720416
424719
882433
767931
662918
633335
559755
9526
261764
422152
451800
125433
76287
519023
419820
110845
765823
7903
744446
519987
255502
832866
333880
793961
18478
646409
851467
560748
482775
112452
623347
402472
177741
312077
305762
642954
456890
72862
16652
85286
92461
323331
548975
861332
601038
412362
18492
398933
206652
421719
758886
482004
435750
535380
89702
752168
804994
495110
760329
418902
615565
767802
601943
231667
4768
577886
624416
308871
871403
517933
356036
724396
595984
564130
75455
617014
155167
655406
808688
882733
371658
498116
421989
651797
554692
568817
865285
480175
136955
634185
208665
211640
399790
808316
306744
79183
556940
442472
212557
475892
893196
353288
421543
875756
722947
355402
393117
554849
111941
768191
576828
234950
361499
151371
313262
766072
721341
15964
28809
290784
672780
159767
857585
178166
771182
102605
474698
478015
620039
248589
891071
695447
598193
830452
72904
449993
217880
90303
190972
688506
591253
803649
132179
609894
409924
795152
878261
383843
751652
190585
396453
634562
420138
499796
376580
751444
783490
235506
3683
168232
853060
709202
57737
609522
213775
159732
498812
23976
488004
135013
743408
574758
726306
172281
710825
159345
839097
146678
868495
335064
709421
792620
521005
252439
274985
738595
623718
741558
277021
133806
895381
322382
500566
850651
843070
850411
552057
167852
874903
62508
587932
624511
607853
476679
578592
686153
240404
704842
91790
305986
443310
690589
756397
621946
800279
301955
680158
821194
189003
228672
835572
611140
284565
98228
223891
849004
188373
199972
754116
215872
699884
33626
647666
294547
587335
68995
326628
343927
123782
489974
253335
623192
581256
213493
437079
466726
832693
831659
714523
99339
667879
652694
198714
81435
721750
807806
169101
694504
600383
750243
188867
397205
547856
242965
249243
189731
246930
565756
517441
669799
565267
667064
746664
324508
224496
97123
601664
148437
76316
110899
554516
535243
165199
277948
680708
175156
322125
326385
72058
734741
895441
156267
781130
95918
127702
463618
750443
736755
27811
790168
491820
628060
52241
65749
751701
577202
847162
519117
598267
210665
638719
226014
798943
747021
131221
374678
328420
285749
769742
637873
314700
160373
51072
157567
727054
592431
429748
281284
653365
511977
251661
684985
739608
722394
144722
681489
765137
846013
238522
247542
739773
611752
37587
797329
164271
466583
475247
204488
785873
8193
755276
52833
434776
885932
432606
224549
171426
162205
793947
420448
738319
157767
302563
146821
163353
472677
502122
776783
117266
821219
261028
197601
417945
481333
555660
678895
110488
151787
496816
42742
765084
73149
152700
844710
741522
58720
161825
691776
805051
840059
714402
636794
526220
625939
852091
299135
35524
341921
138063
20563
745546
321798
76012
391412
779587
176949
486557
315517
490285
294702
527244
121252
154363
269451
576690
9603
277230
395475
705916
812404
93196
541005
750939
370517
488063
688174
443625
443850
267853
891667
257651
738402
708879
688490
707783
597266
831728
322795
174939
676862
308676
718724
870487
638742
134786
298673
80833
27901
290432
461611
195875
270564
354921
383191
475131
569653
835742
537055
185279
131532
637766
3870
177546
751839
760499
699125
475368
293983
641555
50427
643770
754519
640527
639089
574470
77136
36004
652626
771166
133111
454971
14698
165227
596662
375367
67358
525270
739711
723451
823273
289490
593832
794245
14887
292010
97711
306859
859369
380899
661919
434560
636073
186989
699659
142179
826712
681611
801975
896469
186451
242268
47958
496917
737684
865350
538733
634329
170981
210239
10487
15979
18031
33783
578146
573598
65008
339973
781878
479851
415755
31052
499062
467308
239898
147401
823647
570037
486366
444412
452301
530282
516535
261393
511325
385600
372847
853962
105901
633204
53648
373290
83904
149346
440566
786433
62781
623588
411039
50799
298487
509479
274943
249719
714728
502187
258224
225378
692086
727831
821831
154828
12791
885878
646722
426095
239761
301682
225341
774666
116954
125643
542532
506605
80798
860212
847330
836964
572447
490315
703479
323773
620119
560819
465385
556440
446457
769360
14194
774667
110741
169918
866327
120463
60890
89325
784760
488138
730773
467453
436675
860601
604664
610099
743555
372922
364950
5749
553590
407892
857899
697096
744989
171811
280505
320483
470636
301476
141933
499887
173953
29017
57727
751485
314385
770905
761592
64996
258110
147127
447854
252278
276837
347406
606987
742431
301843
545254
755372
219577
247512
271301
875909
716910
529812
729717
482850
280075
552237
568525
493032
80636
486819
115903
274873
814666
186299
145470
188182
242735
665271
330538
865536
509458
439046
490138
266839
612291
853272
671908
328419
825460
354890
813963
233393
622385
777056
693958
517077
338334
898960
734089
485838
760236
850971
780947
70759
574392
446839
778387
723321
605920
593767
708887
598062
688227
222348
509650
698624
421332
659892
574057
42752
270713
596369
421755
850099
429350
252485
61579
66199
765682
280089
692587
71971
462355
52173
621447
681036
558395
334538
696203
851491
411566
826483
79057
300668
726238
129401
324683
50762
343429
701869
554153
821414
248190
611665
298152
883567
732385
11208
784279
658091
801913
855884
772711
386699
650020
862622
661423
227852
92230
667255
530873
451930
433066
361821
453837
174607
333526
272242
295159
898489
752138
835047
518647
103930
223509
792621
502022
805353
154068
430764
66912
339094
536424
414092
370482
739306
129971
610929
617536
451020
307631
654532
145075
462784
142282
891403
813950
793835
691553
593243
654988
249010
762872
727044
278856
661183
201812
666923
535849
425061
366101
434293
421399
825723
86996
476222
71646
266596
724404
230474
226638
220048
497768
871763
656844
180347
548865
271457
802778
617203
341842
473911
635933
713399
511490
236970
382480
174650
430573
441581
467717
781991
493304
849383
561299
343615
10159
280806
125377
858653
384637
829837
527725
21691
43014
573865
141849
880462
409732
771873
801810
191499
542525
179020
231935
838029
345725
408252
439619
696655
509237
327896
156558
815411
303952
809831
833542
764709
161070
336424
272717
347738
35679
721471
556464
408242
883613
668874
636876
356764
648614
500721
145021
5401
628949
537628
523684
637336
885724
890622
448628
193217
185856
11727
162105
806221
735825
344024
310949
578834
434021
286311
28216
804029
331920
692579
63308
139576
32033
569401
868123
164747
660220
171828
483149
283326
791247
775788
805281
435165
499316
6037
161751
200628
627842
739832
319736
493465
839408
255294
887331
447178
621640
691785
798069
292619
527363
315997
889460
153234
863046
14715
217176
684542
124473
518895
735959
248449
359744
886143
276811
109342
679096
12932
821666
797325
326895
896789
187457
131420
156800
236062
249718
492048
334602
509008
602393
721001
4141
452338
70205
426371
294432
839861
593561
36696
490897
779717
61710
141955
787194
14619
767925
875648
399644
594287
835911
722192
247227
601771
108711
805176
237910
28667
602223
248392
425569
870112
283062
466041
868417
579556
328795
300336
396355
800936
561329
218559
587545
781658
263655
744171
873458
471426
778291
525960
511157
745914
854938
693696
657018
612254
276254
633970
437637
767161
468933
439031
706336
224959
766626
705920
437267
557177
12162
864412
705827
10939
55861
642710
83716
162642
431990
251930
287004
288089
469177
58616
796854
357738
589937
489921
170464
263921
599291
69487
719521
365788
197482
442465
236506
434415
112783
466147
407416
439957
353669
567596
171731
582705
138359
779649
111815
126097
337295
859703
728844
649732
66235
457301
683156
840578
116029
380376
789408
99274
769776
780017
540383
306665
692595
33449
687140
226166
748755
305124
702371
142555
341209
822243
253993
149709
7852
604420
775701
133308
77669
893188
9654
658918
400846
416868
295394
715110
282549
85993
337328
601611
797395
296893
325074
572259
48435
352628
94163
418390
727585
260969
730345
817166
832465
104934
71543
675732
249001
792770
799938
542294
628300
266789
52974
340164
295364
166727
268180
397275
157739
123607
729378
448537
298422
130424
236687
262606
427263
463397
737689
105971
301261
388820
557053
284053
839042
330969
135250
195210
239297
92321
134723
455172
708250
409919
862535
374115
335987
339300
17663
376676
298772
176743
98315
372727
180303
146212
322409
4495
507979
672416
672747
847283
136012
644939
489300
158673
692352
491486
13295
156914
473832
292324
34411
26505
535201
480693
462839
757924
622222
154270
168438
260613
356196
205596
442015
493163
734833
214758
822132
898217
609898
851819
242525
515384
358768
724817
386017
648072
412958
617052
101632
114673
284050
833839
106191
114729
181077
835885
540336
778958
89513
296952
491406
358274
201806
844955
843218
115255
892465
617667
399877
3456
21009
376007
322883
47911
245807
817257
685752
660221
692497
769269
823130
5068
223123
285798
52482
576328
148332
319080
455976
363748
106584
548952
363578
383392
141895
826855
392632
858048
666977
161725
188911
382872
534164
280283
814801
426788
144444
743289
692430
149908
229997
606030
782737
424997
347200
145133
163352
486730
879800
156044
725649
856617
247824
774561
306126
529762
488515
576709
686149
279242
846807
751482
128871
815638
722342
295689
788219
311347
333131
596579
692022
326642
849958
147754
534968
492448
526795
35496
55494
854900
240173
433693
355648
706274
454851
28630
393439
796044
363285
595800
423533
129176
142149
565917
531040
801373
440092
156629
88276
897495
418384
668685
531268
50042
520111
595245
158373
90787
672298
797339
410272
181001
396449
339102
611433
418547
605831
338429
891360
3555
630290
804677
317700
100752
295073
13737
17391
303217
858378
555780
625650
379349
317279
573914
541773
552656
554716
48540
224075
616368
58800
127531
91032
691406
739174
778356
526944
764255
863279
654137
164550
12394
306797
638320
85341
326548
147294
290884
507911
863063
847619
649753
547527
157041
311372
777262
809797
552153
717539
432091
87645
105900
877617
590202
759492
782181
266192
708258
878041
18636
38415
475213
882212
777733
472251
18556
599086
841065
852720
734897
879804
639570
259548
863001
859977
563343
237132
120077
426014
256343
139286
866221
411537
618075
170786
297261
822328
756276
176373
96940
314728
194268
154139
761759
474702
791864
671440
429197
339241
749907
696716
795955
542274
718342
39017
378952
494474
781746
762258
519866
544494
90288
407689
863159
290713
596832
579669
376488
309543
189311
291239
280984
857505
334484
610087
687154
772153
297224
115936
66536
356132
286101
745668
155728
264943
844887
3805
494793
329599
672672
867698
845819
492713
801768
533682
287580
408842
787009
456415
823759
733989
468936
186586
67784
717911
683927
326184
26634
93976
236120
379710
394449
413777
207956
19630
281131
91028
778794
466957
843360
304060
721947
11776
437651
287010
403297
75747
37953
85113
447968
5877
877447
813479
679157
619300
516192
417792
156075
790160
170795
20384
287788
858431
558507
796997
778388
177020
756712
469575
656226
165485
598802
252181
444584
622032
67462
384621
676161
42256
579818
813240
505154
875914
711538
526880
812937
245910
249829
46
74130
548981
225977
14788
825801
243062
400922
114324
73209
789700
253834
786907
339043
62416
167587
632606
267434
514454
593976
306559
45579
462670
614329
843932
830443
576274
116341
865508
89512
756487
244890
852567
894417
671530
886744
595513
28210
135128
123811
82578
138183
781050
127543
739141
137649
169675
224918
659339
194183
458663
43437
797067
601540
109681
882389
843193
127710
731393
612373
532968
338359
80137
301572
758253
619500
106147
46188
407442
726283
798297
182218
489011
754913
270768
133874
381912
289649
799025
440272
197071
2049
539669
648297
206758
737935
404685
171328
573954
600032
157996
573844
144063
71513
389489
824582
758213
426503
774836
531161
859331
56920
182444
441810
318762
657388
231739
207551
173993
326694
664663
613748
671424
720829
259926
330800
273955
639248
88661
371646
142861
467382
80389
630616
317438
384178
95027
536325
741043
619749
29618
471555
579297
282590
49446
653760
529069
359244
104560
178370
598123
231733
879281
685191
10769
192703
643613
695302
833494
836491
480158
323732
497421
202433
470562
697987
756600
349351
805698
880933
796235
513067
610959
63694
701375
153312
573339
6871
285007
627909
173185
546079
122898
668096
736371
621420
206741
316266
495678
596303
240084
508804
829500
327206
575733
300520
238550
252251
635362
871546
226547
248393
524481
21949
286593
198590
137553
383330
493151
298780
11171
455003
349188
461242
296595
897101
871536
390696
702561
502148
628526
731568
417232
239840
660098
525783
571995
231213
100436
50434
808143
149009
273561
102102
113993
518079
59707
237143
613580
637128
454565
754
835711
91857
368076
782839
161921
769375
806269
233534
632746
280143
778047
214731
206271
166978
640581
871115
870929
560534
882163
461214
291987
84336
78377
444751
190070
842772
137393
166558
141187
813783
120609
690622
405013
610220
874094
889018
586352
237403
521677
538995
410754
319824
238247
636517
771764
136271
544024
111208
65292
771141
880836
841905
371555
830617
506423
154936
81630
284674
339543
167221
252203
789714
40361
548484
36026
448208
537212
417415
864341
409092
34805
364491
49790
735371
666968
389090
876195
419402
719761
543343
91360
818558
194556
675681
275826
822482
32215
894806
491795
463531
31521
813633
454615
545309
468431
618663
390178
97793
24011
556738
735108
637022
682889
144712
746002
483747
10216
246310
611041
899895
86881
238758
149377
667143
697168
603921
79669
242654
180924
672077
587339
614708
697284
853094
317820
446173
358823
416203
321409
659298
849808
116976
888655
517901
830333
29617
682258
701821
632170
107126
460642
423226
173023
282769
589155
484098
194099
487972
326175
889762
841563
371200
475832
110592
772755
516553
208749
379317
593223
354325
91083
322968
137502
254643
452781
460405
483620
109640
374193
618589
129203
527572
324344
330647
525789
239475
749818
342164
75961
464160
271972
147073
395495
859028
299759
117333
299521
439916
760958
7497
685537
110761
493492
332007
37545
607472
837487
528635
727059
769969
122373
588103
284181
501445
107929
558803
253104
177201
297402
413057
685942
744552
157081
838015
534805
857740
154821
306709
224324
486709
261892
829438
517097
402474
131888
39987
789221
149547
93099
72195
533757
850290
455777
899391
253830
825806
651289
508593
816075
587695
565655
773357
515774
78272
277617
364384
763289
357677
854124
564965
49679
313894
820274
441846
717301
615612
619570
67968
593990
757769
240245
864591
766615
15340
563160
172488
445432
533393
427275
623222
821860
367951
561988
48315
68325
493163
1281
314984
601766
548379
303992
78793
866775
153508
186269
56375
142199
807364
366096
270449
730145
449708
864479
60965
134421
647301
886815
749703
379425
813652
613283
508452
399852
524728
343927
302705
799712
296111
52988
840604
77905
309656
291071
100036
837614
155700
535416
471205
329347
734118
621244
568331
128584
363609
51968
498728
137962
218177
816779
320160
355796
327705
95638
776513
612474
310860
275170
618641
607905
804655
725046
32127
469422
147915
844564
718364
475786
616760
121687
791906
687086
196805
522348
692594
422609
677077
71561
750236
275019
347523
547438
626999
622725
648422
583191
197616
498336
486159
639579
687743
851806
19023
824772
250518
631793
12630
382731
265491
145662
162902
177967
47188
723596
367270
381138
242154
793423
53442
661456
551078
415244
374768
671069
671375
350921
896317
586426
677014
850003
455398
547348
290273
853290
45587
813945
205220
297581
643613
12503
427374
56445
406449
818355
215550
628625
278988
441251
687030
673302
541286
200617
547688
68512
186059
282828
615470
891954
345828
489428
172374
475078
834645
150050
604953
225945
624255
302058
722797
7446
892773
364302
153360
343837
708716
655192
781413
62288
431516
424307
736635
260826
617987
15591
487880
888573
617337
2543
18774
260534
649438
736408
553044
489998
794687
117049
505773
637728
107287
380458
345749
414658
82322
883746
589663
46546
860589
634257
353099
361950
428473
364886
351485
208240
321023
204798
647050
522996
699357
744442
285964
147944
377454
394747
699636
217279
896328
717005
173118
518545
562175
393933
519680
837635
999
52904
860733
335822
440854
617394
610294
623471
694664
183136
170976
41002
823292
83746
211761
729244
77052
621920
819123
412252
561178
783536
296443
195340
639253
880882
842835
399874
254875
222376
861587
53293
802153
537621
458607
590791
357645
517904
862410
633238
843084
629925
19176
898526
461600
362184
802785
369735
238137
96471
345073
448742
437253
876748
62284
559082
184522
617211
400431
550245
742639
579758
18385
420182
494555
800859
412857
694095
649397
650654
1833
792808
802826
185976
257496
770623
361997
376772
802686
893161
450649
196242
863400
720762
806098
157442
576075
818573
557930
478046
664149
326416
447199
890484
671967
177008
14945
287407
268510
4156
238098
398481
139161
376088
835238
366255
749973
709857
114505
488393
557452
441975
255008
396996
338781
768908
897191
195654
157180
472008
827002
107982
382378
453111
137551
268589
816255
854607
842369
409189
60932
516929
456519
111548
262237
795483
523555
531164
393667
3128
679287
434987
99024
362469
305265
770818
279412
582513
713831
659085
5892
702320
875197
645758
883442
551148
376740
72430
566327
310473
847068
452880
65965
320626
878682
443123
179066
502469
732549
99221
457894
770104
795034
567263
290925
277511
242864
448161
92432
18652
799222
367594
465990
42649
166104
808931
307024
828740
476352
478569
472235
247791
513881
255430
147038
554404
75246
545355
617234
862538
730961
584780
408705
55478
347736
338040
763976
790800
654178
347635
360054
392257
616632
44018
632967
587094
472142
745586
738922
737524
633256
33045
713949
487864
598297
816346
477530
63785
853895
105240
358155
797277
294635
71830
242202
244292
778132
323530
605923
257557
846091
909
407146
888596
1809
292440
513257
508700
344196
489245
327426
808110
257696
419939
151955
276086
842563
563423
792807
756279
708297
742476
160521
119059
592566
845544
348371
42168
665906
618378
508452
652138
852526
632771
58704
894025
862181
225616
249266
220831
725629
593401
19389
717672
383629
141929
26256
343198
589848
753355
117511
171968
503000
658205
118574
632863
802710
523412
724017
493061
116086
544396
635406
700194
493615
14281
356076
728980
897367
299727
577157
811186
694654
340314
176031
202453
868529
450843
143736
216452
374815
225776
757119
739834
815960
51295
125952
861526
710705
549806
877847
561919
844195
447522
32038
11538
698516
707571
8353
72202
501069
168
35975
22986
332842
76596
128555
136905
377329
839244
28400
451451
597786
463267
813811
410680
400653
99973
325282
7308
671048
702700
402891
722171
308895
894018
253583
357422
499102
351028
73589
816125
700619
718319
589402
686779
336454
55771
695270
723161
155826
251216
763739
532152
589773
613592
699303
163215
222171
592771
896056
853236
518497
80161
492015
440811
777965
605824
404045
283113
536371
150594
691530
413507
443315
193817
517092
854136
24982
560450
303924
265367
186326
35932
496093
707887
893821
158147
306590
254033
863846
312238
760967
133475
676512
653729
867944
884676
845553
460559
308772
699480
19479
162383
60644
308047
889610
749690
887817
296438
172381
562303
626489
870713
701955
836771
446491
796659
557326
773464
195005
302388
840562
296889
381458
259821
563080
161311
627450
393499
775215
245155
748185
607982
50317
432369
284905
754357
618484
260293
663819
238248
802815
47172
837401
722
415899
323226
250775
161945
320547
37035
383240
340874
715299
625112
39037
668166
595486
856273
612616
554019
234475
594257
125295
204672
715194
292794
81211
487338
37781
826574
341712
492260
460033
857863
882359
732886
340132
325652
124567
370228
167040
629968
873923
448073
189661
726368
803917
453793
508806
543209
214519
791824
185993
549548
145322
270434
292994
564703
405632
801024
159569
686026
588091
274107
90311
589498
570585
839865
571904
663749
372863
105689
572170
647483
351570
530756
348581
748933
507652
426642
707938
118972
287627
717078
602957
681833
310862
569160
181383
420981
309465
140365
429516
795372
746289
38884
633620
617010
561281
97263
53365
892354
210001
132924
793413
724479
295736
173584
177117
887641
168520
589999
80537
871455
496616
784202
457436
556059
278208
852293
303024
735374
628589
469763
653995
215240
688788
781169
561069
791556
324499
705197
329766
691902
204147
349521
62516
285298
67546
250943
366026
198994
355485
53610
610765
494308
73906
407326
334840
357206
383939
620366
500895
292031
268031
491032
432144
851219
238890
87575
35029
587298
361621
340325
15382
327149
850376
503019
382972
541254
111420
42758
489424
763684
721253
553879
290434
646848
691372
438760
37702
291823
510651
339958
242552
782907
674546
765151
718368
578656
54391
303754
535665
731585
667529
590861
625323
315972
770165
866910
131232
797905
881121
528794
520276
118242
755686
728620
345437
713543
561020
5115
846378
68665
157549
35890
817280
82040
100651
56397
22496
809380
267933
372157
875556
171028
836052
467320
415048
99127
835709
177248
795941
506309
630063
68686
385272
399520
212067
27803
90370
304908
884420
888203
738248
718505
637596
553302
672987
273097
138414
211092
358610
642162
151010
98725
464371
470033
405210
565434
883888
356569
657124
330179
753614
693207
291336
362358
341185
776531
231713
829816
69524
410821
78280
696300
647493
547761
590220
331445
445996
604737
850366
689546
547899
851326
369225
375861
176097
145227
865855
6695
888169
871902
827182
658332
800576
753435
607537
777926
625204
860526
812515
246553
340535
297125
599726
214770
397827
611176
24353
478181
167063
531958
50049
270977
735584
46525
881334
597858
84563
681398
773638
243635
634678
76090
543391
664350
70398
817477
783022
594578
672019
253382
441229
897520
744400
632639
31352
614354
443111
801952
377024
772535
572866
619834
226841
91503
812803
503362
342126
885440
870700
368869
540725
260979
400091
59426
107740
453406
673005
883145
269602
329295
575972
241518
818755
7377
1795
830537
584235
753278
417398
228237
565804
137154
444654
347715
677035
271463
885290
263298
483668
770050
194321
387789
685550
378010
298044
642634
750952
288272
39409
38746
756435
576655
319945
309882
667402
88850
479411
569173
391531
222572
187186
74372
860585
53272
605217
12291
357179
428637
565239
889936
384044
616189
21286
95619
156661
608443
570269
234469
501704
376071
800685
235918
576995
36264
580136
401471
345604
732708
731653
509048
436380
350607
851488
848472
698268
180173
741119
494639
29196
562566
624432
825409
298107
841861
417070
730713
316496
190700
643618
315751
479
195832
41765
150168
873079
33133
899459
298800
462872
283134
346940
407463
490529
67195
207621
461949
131240
98935
497707
177083
811427
739220
456087
572328
692067
424238
46669
370052
103009
277569
29391
740708
634481
4887
673118
392971
555762
627570
734944
481730
836775
471090
167485
845652
767136
861508
533987
215496
869713
146184
452234
376859
452260
517853
12434
508537
856459
403435
786184
548344
327341
241548
501128
735826
790146
838903
608060
611581
8922
267083
426594
692776
713687
45653
266507
469972
118875
48606
269408
733356
10683
837557
243391
123939
513459
758068
669252
292841
739284
706096
411811
551401
738648
759714
151185
93986
292118
558062
394434
7680
204177
527789
121996
62422
817099
152667
813387
529211
284823
664382
876734
551230
607915
230225
744367
877670
623252
836365
666128
887179
724836
250739
765921
670891
323078
765208
509422
686250
741586
715789
499092
627401
343932
499722
736868
70849
276039
491223
445312
425948
362519
167223
406787
621649
277604
360657
441374
2042
290058
712092
839100
655315
383645
587366
65958
417010
18970
7169
36899
152573
457433
661066
532279
215468
732191
8824
442413
758972
530128
415582
581583
145805
132577
268093
322674
756633
348842
403209
857583
145170
385978
266389
679947
441494
317158
302493
626904
439697
84442
415665
136404
457328
385936
495993
306575
397309
238877
17418
786731
488476
765672
587875
171452
188161
557527
820164
362798
502283
62338
620300
531590
30241
490920
706892
187873
527496
420704
345870
455480
893310
362952
203996
636101
376598
595033
665038
553983
239760
59228
579604
473857
85748
328405
452347
339338
820043
31326
751328
866141
385242
199471
818959
824936
732444
322840
649206
231489
353307
46865
416939
278061
328075
35849
296118
820826
632035
286202
834140
559340
619609
266686
371370
596981
236696
34555
47802
761693
317025
654041
638021
546914
642043
194197
13413
284152
65464
712270
878598
352241
247014
50652
725832
405720
653934
272896
289555
107576
407436
843735
152440
119161
625452
462760
263040
61994
127101
622077
759828
457594
710933
691790
893000
600672
718433
887864
577700
748219
25031
730253
502928
478132
622074
833189
465051
265696
302233
551539
443432
899457
693636
597842
69270
300459
665500
882014
597259
246980
823159
120351
889212
796517
8220
661855
590651
679933
102529
221597
271614
377845
521918
158682
5928
162542
630989
570993
170134
222822
639681
176036
820232
849242
334368
661649
266473
174053
790463
99683
709309
102983
710136
60037
80263
216065
245962
250225
173556
846524
262542
35111
540327
711913
122929
499577
673474
602531
670002
641859
141965
479953
432986
498040
467143
256103
867731
682007
180582
49740
7911
625244
189452
658007
505814
764915
699912
93362
71347
188904
714822
478977
698204
403098
720052
331292
432276
108526
371154
143863
174782
603647
58070
70243
698456
386098
469369
882637
699442
160424
107617
184068
62665
131309
149227
611352
582981
753070
307540
610046
207851
636712
510725
289360
867840
514522
250073
498865
360827
718012
409293
685646
816196
851433
380131
463008
365807
182136
408434
208846
206288
758889
112205
506320
121242
719418
682606
347534
164824
603705
59231
550790
310310
795956
661829
395149
541709
234764
792714
672333
208697
633960
428453
120748
403417
729446
514024
826861
881651
770380
428934
757360
105953
341213
821215
253588
442444
870215
298409
75133
780323
531417
853693
280976
543160
703665
135355
851484
400183
381747
306842
278771
430052
473110
605104
426773
621712
303129
418906
606413
790711
186099
771914
184533
271514
746440
703466
403925
468372
448759
547569
168873
310779
877040
678017
410720
576500
658691
883321
603872
325491
315732
465790
11015
562190
240906
459521
725517
810269
138822
685165
621669
574961
302193
469520
879266
497838
452495
319492
618583
732390
94223
252472
367446
359859
240548
80639
332377
625456
354190
705461
219519
534516
292145
377866
134863
873325
13736
734796
91096
823765
307090
326837
784761
735892
339242
391822
578652
143473
219060
755486
69757
191286
395539
582100
609160
49375
444984
242253
313600
723710
82453
771682
402620
676239
750096
198449
118093
805459
81811
663622
479386
168555
742720
410181
735596
569299
286113
516535
105798
393624
820701
760015
773643
305208
536967
649368
408867
375060
226097
90269
616697
554804
75934
471060
59356
201047
672724
232104
690437
785013
761808
253345
338840
822612
534036
813074
862147
648611
394971
838335
873539
480375
91918
768681
890758
858143
245967
899544
19884
598758
838546
13123
218822
803140
538859
453087
843073
461985
688898
340738
737948
346792
686499
324211
775316
595491
14162
455152
608833
768025
519548
750138
714105
124000
815273
860481
388178
77121
310990
222760
304485
71687
53215
599893
511310
395459
129505
530039
134704
804224
746749
409076
479253
127582
164144
720590
263699
322989
714303
140530
16714
128775
111464
411133
489130
33418
235924
536714
312434
410192
834281
375836
705747
110477
101916
863397
248883
411077
804131
853361
236077
237416
373833
132530
543509
885675
649466
22568
133657
136420
290046
122221
519076
81442
676163
41498
507388
591238
319218
217114
860811
750306
754596
424425
280794
651436
516974
655912
396249
700830
40503
253056
263868
861678
414794
511439
297536
424613
598854
463220
298411
630111
254963
195476
470704
800702
786896
534695
375698
83498
52936
623938
179648
701609
23171
565537
331615
745015
250904
517425
288101
223842
139423
49207
676577
760101
219172
104193
91001
79327
204441
29895
210475
889039
440067
729180
147029
559503
109268
761847
22959
113994
288825
346809
626454
60826
747721
450266
448228
275682
870846
651093
672027
76645
195168
128396
863777
763138
639420
899289
281604
2733
648884
89427
609470
681994
127857
93465
493300
90408
798291
211934
641017
495992
150793
733873
228208
671881
356987
105127
334958
687394
655108
513000
283070
5531
687326
324947
723102
10328
448246
615470
682086
665666
184318
762766
95017
645700
124801
141727
229172
128127
742481
458672
164051
512203
813212
361823
17939
230186
16957
104540
679874
5546
293391
480061
746482
80440
76124
597886
30333
402139
31572
355378
785347
775508
617529
290826
695470
187280
246775
156161
852374
188263
527633
494018
866689
33876
93046
830358
167490
892881
483987
889102
325570
511695
807362
783177
783196
750191
857536
483810
164514
665504
133532
299866
327742
571669
321194
798813
225267
75810
590104
145811
181441
196435
782232
139302
449703
561001
899516
21035
465858
838738
609600
853231
81236
647460
809505
49343
292544
859253
465260
108980
758866
209466
28017
541369
65084
94491
812981
135418
439994
617615
831911
310027
161047
717145
809834
357586
560776
387038
764881
29618
162903
634017
549482
296853
888890
638493
696785
443605
184865
680447
485317
728263
674031
694526
558615
443460
668576
592632
299070
10485
661833
542666
50664
770779
44764
402187
601195
174457
121098
66501
843450
113758
485667
249874
256851
44562
29018
216815
217173
405501
411492
774591
319406
774255
615359
459391
137811
502991
368046
840353
618249
542147
86370
601767
876031
86744
387605
704222
784319
85583
583248
876277
364666
295940
176685
149240
712736
194236
162134
143085
836401
181579
777324
633386
308045
580416
68740
392241
449159
854765
280524
193290
795705
51478
461675
611323
658929
419893
599622
777190
323433
105416
116926
561535
152533
383640
801111
643497
524277
836902
397172
243596
514057
37940
348894
265588
835172
834510
882372
795881
525082
666227
238939
217639
19411
648388
663206
476186
785345
181959
842002
207287
717518
451704
605848
159033
829935
226509
826790
85911
512757
269573
593911
618271
543426
468844
63261
833713
279960
120525
603553
697402
276685
36309
569698
728908
391611
101504
891929
374550
246836
469890
686109
699973
684242
805748
621538
172311
293068
790776
540445
732983
531301
746635
439394
159610
300671
67111
248750
532149
797261
758194
855745
480665
499206
837126
419427
34892
601012
362814
568263
839173
803852
279289
796780
528356
461689
241166
495712
456972
501585
588909
551264
695389
859721
358798
329467
126290
59652
643416
530165
335924
659719
314639
823494
368953
315016
494427
836258
388221
504676
178194
114644
116987
403855
274145
394915
621256
824422
646652
298487
174220
206145
608255
518036
87645
810789
132352
122405
862298
716086
819956
778548
721698
434185
246330
63158
326671
239415
388872
278276
375826
397901
103632
703107
425035
828736
567246
46213
230884
853823
646161
768009
638124
842625
345891
108957
634667
679069
374231
346724
787079
24504
95022
761778
724818
848728
296806
466771
729453
318583
36320
778380
721758
59220
838156
273242
517513
793252
673235
627319
556558
406406
567809
662267
465727
478195
458797
372414
493403
754004
768198
799323
712972
81038
27228
441585
672378
93944
41063
555491
36970
624909
301528
69023
272214
750685
546107
764220
267370
843838
190597
19996
146136
583584
526560
160433
235353
776893
852944
853020
384193
640975
620609
614160
302845
268060
757935
102229
32204
102285
836658
124297
832247
404348
239908
181601
244847
609611
481648
586381
622529
71954
338040
362585
304440
568592
284547
455567
682351
782467
322305
89690
249777
544722
53533
786662
671375
210055
157118
560195
590685
206970
354169
816265
849226
752233
125527
603829
564059
613860
351679
337713
547747
693220
421695
784209
164928
481211
763548
878617
586676
184231
208532
106141
274975
180865
132972
403265
90038
560530
636347
23775
560994
29860
847090
617286
781303
604630
723526
879071
589519
402090
495452
310827
288259
714041
54831
676137
848229
432358
365921
62836
379677
324111
128796
616136
554142
613311
344452
161285
272228
112737
354395
829900
403789
652688
268368
292934
530929
674505
146885
49188
616191
20386
39067
863073
384469
472820
557436
313188
518523
29171
147685
226914
711901
162782
340654
841280
431876
538002
634519
55542
362095
263449
755377
250991
645619
262527
160967
898604
38316
723557
624903
684616
149343
440207
632080
291606
895854
407033
428441
730535
179606
714566
451004
743816
754569
890776
340478
107081
426083
327132
254331
795576
17963
213116
466802
577163
860744
115224
58603
799100
732957
426031
590625
778094
236610
249879
508048
71598
855777
827596
463227
281366
746794
624581
821530
730219
545715
182338
100799
567909
391600
583233
814435
751247
601355
753680
130162
3044
216064
409533
246032
757722
51671
349962
279974
376571
524094
304828
678125
733997
70115
517202
558230
286420
894987
443698
385139
339885
620946
223167
555686
630363
98879
855623
594468
563519
160611
760057
624133
739008
477582
891796
698698
622218
226638
752410
813355
472978
767622
282179
799549
773719
246791
537838
195421
311557
351757
165394
776828
173876
205208
272115
759622
552685
887812
883056
829456
101868
585512
867385
38558
459712
867400
454975
158030
711056
72663
221059
609092
456312
604525
661392
291635
11857
285473
876740
199429
569902
493635
446889
194407
649410
705529
5571
112660
207999
151091
700642
551037
534042
540141
772086
722801
662603
196705
672002
342703
782096
80902
146154
662981
652400
578697
41958
344899
839261
881830
688953
138050
606739
109443
121947
238954
281789
397481
99569
189892
629270
810944
385535
872573
478925
734054
831252
601236
561826
665644
203363
144609
248750
391694
142578
672257
241215
693452
838091
377698
665088
675593
23600
113639
588855
397631
756939
363704
475911
314493
345539
753546
294166
41759
319723
863782
35273
455336
655029
464985
43052
122847
338980
424312
80430
143043
265791
696749
515816
866731
410465
618690
812126
562239
415949
897897
258398
881613
814014
673221
565446
179945
299997
622233
130018
186084
442540
65483
546387
141959
364639
596213
335467
475468
367178
109448
717780
896313
812501
195260
714064
65050
391309
853177
233435
532123
14132
106587
260365
59103
875768
785734
177948
372927
689889
320934
307743
632866
816484
630336
206061
594901
623253
517723
13859
142536
374169
694501
19364
155813
564249
150084
195738
207085
211954
62553
861307
424177
67882
468594
652840
134858
675133
892909
178447
591509
362581
420836
670320
105423
553848
803706
198588
735240
119931
611584
166937
607879
23445
557988
743266
665595
799374
850390
874187
227768
325622
578584
226595
72470
655698
718562
536146
705666
655953
431856
891810
447775
478908
194504
3066
464477
3820
861323
651108
250164
240886
542936
877488
699997
182049
213719
290962
130957
149784
461865
860679
312015
516315
28905
273877
18269
490384
132927
619472
777787
153239
774689
138168
340240
818171
228198
403872
766209
233092
156265
67178
113772
726505
703766
3373
555166
24866
99604
137048
420945
856924
891695
545041
474502
201062
731937
285366
213083
342889
738588
586277
138537
355060
759254
625111
196412
271477
180338
260647
871856
219779
322727
103504
502468
484888
314703
454004
758430
187676
364046
304889
691771
388893
103325
558189
623537
118267
81138
664171
458275
99231
685102
548118
689248
284108
108482
240354
607192
601742
349951
448850
545020
89902
719929
117211
730417
505607
724759
218600
514993
330931
389881
593527
111358
776895
77510
701760
538275
211294
198802
809942
846345
315608
653032
17382
203443
93603
338073
52125
31415
306506
673025
832454
538
832585
618355
468848
597830
146331
491105
686157
668682
135947
650506
852407
119278
760006
175967
177870
430034
614514
777299
255773
526210
273880
525823
844538
279096
417468
303760
422603
775886
14701
326958
503238
691998
806872
93417
263217
159320
605207
471266
604617
183519
760871
54483
472766
255104
731031
312956
502330
516944
49052
704331
344642
153794
53474
683367
514549
730561
432956
769593
532850
727312
686236
852216
274455
414332
698335
441328
413252
339674
782463
675213
713501
5058
247308
520458
275886
722151
829045
516880
550697
617298
690176
79405
585355
846491
652729
508148
438620
409188
830375
832170
735253
96209
494586
109140
394588
532487
579873
789818
890763
484160
391288
137432
797519
886729
501182
656897
121804
68696
196548
797936
189662
787053
126146
696077
298970
626723
759364
194841
335923
663603
158785
853302
384760
527174
230444
237493
850074
305045
440547
761885
767532
356255
61701
375925
401059
308518
626145
690382
25565
357414
497769
22128
688446
510611
23301
280832
575541
765582
403076
358026
681725
95971
97038
808369
548575
237474
837429
653040
237173
235801
18601
652620
61513
806378
824522
673080
692572
82670
114872
98724
383235
64870
156295
344164
550124
170361
648015
15960
406878
70287
544703
25117
559966
790632
751729
14191
625454
840250
301561
526745
655504
54886
700631
689883
104200
851574
190220
878070
424447
347957
407368
674392
368996
140298
535618
559295
241197
567603
311234
670027
245979
684314
25496
129284
714939
271414
360367
539876
30889
861441
107388
721123
223567
224081
779664
193598
145804
793494
124205
594627
11951
818255
441750
827356
591042
390665
118878
99573
855556
305877
490018
375852
56943
282276
822131
218420
291064
498625
843468
695301
553524
208620
498818
223683
846743
624495
441017
653481
769016
114622
147827
28723
671185
454288
806627
634597
589635
275956
86240
216348
143990
643922
216949
501614
311677
695712
280085
831392
6360
229309
474444
867972
548531
166253
702832
221165
739980
633842
441654
250673
569522
345507
555937
383257
561641
538732
316790
12680
804649
767233
340523
172582
812678
425504
332062
4072
491563
715394
716257
177757
730368
147998
414770
441303
749386
361115
243433
870868
423089
655279
470155
668873
481565
512120
890972
198186
618585
41782
708721
186040
472698
276548
526691
688711
134393
529809
853600
220171
703196
259135
34555
777215
877523
444376
103428
92081
451197
484935
738610
647373
566955
432058
347356
765733
52028
234098
202791
572250
691944
837252
326713
245641
244697
669744
37965
431029
765171
366011
676704
546444
464500
897867
128968
375481
339573
381566
526084
402054
163377
389095
647277
484460
314237
215623
740300
546329
292277
488644
728550
10012
309592
498440
659634
770639
378281
800185
379308
737249
739095
372048
207265
36672
206806
814520
297706
334368
617100
274854
22198
217898
13736
603855
21248
843364
218284
770474
186048
618905
47691
743554
527517
786981
694317
638872
4768
489470
70800
41716
635780
202850
817609
388389
191017
770970
680008
688477
177543
830984
355481
710082
755520
556114
392999
393138
488943
394474
571003
163286
545148
316217
892130
852129
1329
523688
772492
383750
129479
87595
634449
477140
530969
17162
267886
854255
861434
461389
657325
412811
142051
365732
98211
341671
438852
574544
130610
670340
174940
770642
434479
292577
728484
215501
474686
802741
236485
574074
171001
173703
729130
771017
59152
416749
504752
498606
179370
297056
66521
727056
308553
186168
734496
644841
226412
746665
373160
72474
112845
598746
7885
855951
726955
31549
108507
476874
125955
81232
832285
375663
705879
160880
813646
243755
19472
657908
819500
343202
274784
542413
128874
356756
172928
872024
380996
722635
266648
440156
771757
504515
748573
769319
89381
244214
79860
497024
816423
860227
247413
435144
749118
848634
857323
355571
8567
457447
669271
274684
449137
404921
328500
33738
686513
808366
86006
863389
656562
118333
552236
864980
802618
26847
859076
879455
605960
563738
881901
217084
425642
13388
478552
819953
796907
36561
854648
367076
2984
7600
596744
230298
794755
560392
459243
439690
517937
777491
571567
167742
747759
108948
167307
308197
462930
55362
419304
305463
503931
126545
894203
186439
139433
353241
330768
79838
438248
265221
14914
644153
889959
436571
516263
537857
370503
248835
399337
889443
795120
553877
169295
264684
33662
413059
613562
210083
788120
205216
684811
396131
750689
489133
54402
640627
310119
36350
580769
559523
417241
92141
589615
840517
226774
866842
838840
325670
30496
802013
170993
159336
722608
281642
313018
112765
14371
434336
674237
865314
513265
744174
257554
305301
648222
790530
848005
119829
117194
422544
881679
885237
372195
557851
97728
600060
467546
304547
844799
136380
882355
147531
471848
489228
820917
619845
744724
632805
208770
395933
118999
265717
697889
460063
802786
196483
282135
401893
656136
862209
275092
42465
184606
142151
704841
727876
505212
481585
299319
809768
253312
161495
392706
751200
218481
868485
563333
612538
9953
673078
830655
169230
257004
271698
172332
158374
102909
790241
419086
718794
652304
306987
83530
478215
326962
471885
82479
85499
868836
405146
650512
337087
8607
395276
895667
200049
664593
596933
622402
304446
741797
300071
19647
673320
543457
772395
747509
506681
182569
28898
710825
48709
439073
479878
856559
778773
313007
450140
231225
617141
610111
603305
170155
173723
648576
805774
176937
424402
397292
37473
202545
251651
875332
238377
299525
456255
154458
525462
629889
611084
217864
420506
893804
575785
839422
517192
177833
21215
813977
49800
480428
846630
757327
492115
63114
268049
204519
808881
509929
711543
718724
823533
886134
545215
283363
536178
842294
310567
449946
385573
447028
504881
518688
565534
64569
635275
675180
772292
236474
43193
9493
151459
729003
780321
748504
401741
845169
784627
168824
77770
102102
840211
376896
725469
794613
309668
709892
47158
425077
223379
182918
696205
282098
601981
442356
628225
248854
299838
298254
64493
19975
770263
213957
474020
64827
182875
318815
306665
270438
653398
26487
602509
691444
41275
598178
257349
97682
752808
341260
768807
509094
7960
218753
170146
466143
813477
535079
110808
595494
877399
29064
806553
289588
759758
778830
48924
436862
898472
548903
431900
529580
712687
818088
854253
838695
428290
201710
887961
374000
402942
491360
166364
697005
620809
498927
382328
97566
312604
133663
384950
216878
349802
262240
576474
743557
363408
796245
236481
265882
786331
599573
511610
504006
624337
823216
597726
53364
121533
680905
130573
481588
699323
393698
136774
110446
745723
696598
867747
553940
479221
429631
446191
235985
659498
497751
818853
82973
102739
29436
198406
726162
765193
389133
87254
556281
88336
486033
444756
295357
658272
68727
402325
616226
86385
236471
756411
229582
259618
2103
584535
809029
225382
628171
858328
812659
304333
270132
86766
363585
344970
708040
479744
543755
394118
422514
492742
894761
193088
695888
734084
728649
412863
286427
425892
179549
177526
173668
36111
152848
701810
182105
280231
231444
716771
302214
649700
494712
811172
655961
184265
81045
795465
621278
783490
136807
640229
550473
364637
21593
483413
346545
6946
670681
837677
806873
169968
549611
506332
881067
59957
853305
255870
254174
4969
870279
611710
74038
806984
280964
568582
228490
596586
498717
788805
639520
665281
572460
770203
25845
751950
358734
496900
730329
825281
190035
346558
839702
366603
48558
763705
68146
565985
620587
887771
149482
813391
269536
174029
224702
31575
507228
5637
255948
588261
835965
129104
101044
510096
480254
43164
842714
87471
771789
283391
210890
430997
548890
517224
76342
581834
574411
873376
685819
208744
881228
411068
574594
797135
806020
25506
267490
211717
748003
513430
181570
807182
888
728960
745404
343491
549407
476379
756285
873138
437271
12956
251018
404466
597522
856317
275100
130466
882789
35077
857388
898365
691999
392022
245001
120507
221431
652051
761766
326407
871934
145420
547313
20088
118131
550471
291870
55663
582613
199789
700130
428844
678771
95918
882587
76653
360768
630578
340717
327781
67330
324349
423559
754196
691497
865405
285060
721320
645213
233107
627310
861264
362032
558588
699293
374137
150194
24763
235548
347463
302883
44965
502380
722578
524516
327849
247906
107770
178406
478906
742092
334472
102628
825402
723250
767650
559341
257540
683319
300459
360665
528566
697182
758069
442493
769914
2313
737059
564761
40879
652092
87360
713134
743033
564704
109270
70317
279329
536036
535916
319275
290538
859070
156735
40592
4274
308591
665147
533615
852736
461413
421878
378160
332305
489306
208969
452041
186361
470713
781644
42699
398712
387393
439405
376120
757018
776705
340301
598515
259723
137667
410487
482000
611286
100102
588637
216490
565976
12068
129329
35923
399653
802130
486877
804454
121590
798342
253536
540216
631950
391954
432454
552205
862120
790446
420386
534535
819391
789332
128875
531226
260313
796869
644624
689595
754257
865321
242360
390166
868287
495028
167546
354686
312007
421860
355286
215327
405819
406278
16719
326543
631981
250168
554982
361731
310676
745673
127988
778495
458746
558301
700515
592421
769569
730445
101482
417839
418512
482379
738947
402615
17662
419394
126026
585107
825561
285852
102548
709854
52882
266142
585
135473
79881
522318
492576
170001
458897
250293
296246
307906
729792
697471
221451
722554
604246
211454
717785
833872
544903
518510
385041
462066
823654
329684
816724
96566
484047
86112
176555
751656
265809
717010
169795
57731
92023
10809
676616
356571
537618
858453
40253
374934
230597
67646
841046
49179
359788
802110
461202
119522
249033
816313
195672
763659
419116
711053
255276
452907
477599
776564
323086
389889
269739
541318
470736
687431
477867
134236
304594
884068
497579
166639
346396
684862
126908
793567
530359
142829
825623
452720
139464
172138
24107
523982
852074
507814
171621
441297
178919
380279
81179
189083
627347
1805
700117
753470
246277
638435
769144
65276
322258
671921
638672
536902
164424
764479
810906
281733
151108
799955
174475
417303
345200
173803
602656
112785
536380
815719
476996
366052
842808
820573
127287
23162
591404
49648
501217
163455
816885
383643
476947
714140
406364
752582
594101
392190
714227
19675
450674
315477
804399
556403
747389
815129
887101
701578
239102
509127
256067
261745
109500
653481
212660
312290
676777
181844
327726
722637
207653
737163
573716
591761
291504
459169
37027
201127
893039
733147
29044
227864
641401
136403
209869
129839
192639
661753
236676
42601
585783
661012
208785
268393
190596
488518
252142
162664
193123
650478
688621
395177
54451
168199
772663
319723
228098
37454
436093
347351
843601
777953
276892
419610
698243
219426
797298
210956
571431
695035
14167
66574
587935
486395
769659
836403
763405
881182
506586
743445
531161
36203
258942
772040
870113
777207
805777
418924
515678
668136
129692
359356
208782
389044
671265
746019
265380
248647
146866
279854
184776
288898
155469
452156
772140
225121
106389
737395
249292
627029
832397
43340
327392
750256
806707
678702
196354
222688
740950
831704
729719
368434
356694
878808
822844
308408
690871
849817
801327
439653
489057
58617
647030
92884
750903
503448
722895
736265
478450
307084
297558
801807
4538
882482
273932
887489
744160
891487
43658
673924
455323
150708
369666
184113
856061
493104
49710
892337
441457
607711
331384
77120
656979
503536
531557
810388
634188
371333
632543
282711
216936
601027
415357
210128
120662
396137
708497
326689
228507
563806
706222
611753
386003
601187
213331
30921
330918
91911
696281
474883
673859
441849
723509
717086
694556
882584
97642
837286
508669
550439
392142
863025
437546
1884
690743
311740
750612
131383
622626
15540
91319
339376
708928
758737
694643
404425
532222
285053
205989
478851
20591
498066
446018
402572
716856
53568
302671
561717
689527
170062
187264
593538
370161
712312
719755
605563
846871
807479
347976
380320
769588
176383
874920
263417
184790
800706
61902
229515
167478
248113
501998
249318
9350
350658
741217
305787
91990
266221
124834
141835
482114
494448
808040
768859
317660
368627
582657
442532
336497
202822
823367
308006
404987
111078
532033
780828
735363
274174
514009
626251
483088
246634
261301
758037
119504
710199
561108
86922
122690
250566
219847
837278
449726
639792
577962
505909
443042
539172
726974
627066
522361
92747
248932
86127
114474
610316
626744
897759
832315
312427
597447
715567
697951
522444
763438
385460
469059
340757
62384
747870
705905
194674
139412
23217
46943
666770
641337
162196
278712
450287
528471
308962
677732
546219
655412
470430
619446
447573
104383
581092
573042
704651
781964
273659
775097
723002
440972
393894
279346
263104
899049
434969
806007
22067
545563
555401
830745
169882
478314
80348
322961
199129
740928
336832
321893
426442
360426
198360
489970
459270
262731
488624
679324
764676
266429
624593
377167
200824
497829
815184
446417
564285
673745
675393
893543
846477
698449
727978
778369
462348
875248
35314
198914
450757
105229
856568
230511
427084
258490
499647
133812
474979
453776
118919
260717
431000
676525
364983
858936
796524
217228
497302
631189
59470
647519
146458
765590
229317
749354
54616
293641
410380
296191
200889
194367
275288
433426
588685
426232
495222
105785
310745
276333
86671
674210
742796
792058
7245
830705
573232
478918
761751
168340
746012
331536
146040
358628
486982
93304
579806
405946
549334
729159
566207
522476
642805
302332
744918
31619
422596
129683
535658
519482
633034
185684
598831
286485
705445
839350
886726
803644
454625
246126
834943
586194
860038
585720
793600
812374
39691
483776
306877
184533
618057
511406
385063
126122
112907
655052
287362
181460
275297
823413
503853
435346
180404
750491
519494
761309
890036
495989
731910
868642
21933
369571
389672
868538
128599
677888
391624
418344
870252
870979
833862
687375
649877
798066
769865
517006
88126
211555
633760
776825
266984
559888
411044
300020
819677
290263
81209
365166
39390
187499
270707
255768
391736
310202
817558
776769
471509
38428
82101
796783
117358
470069
195772
595932
68094
491111
305513
850891
492306
271383
253813
270053
540957
549721
554449
868756
51336
618299
851979
822108
71846
186604
235056
625425
503686
800999
636619
639353
743522
482880
102636
79550
584852
42537
866660
642000
430023
761953
484396
780405
662827
443738
205509
157006
104227
692069
6842
307015
881209
417181
812609
436922
251410
860332
728929
253890
351707
573278
765006
810263
410178
376512
845359
202218
201378
593908
318625
245726
488470
501556
770580
250529
685614
239041
737491
502502
445119
687143
814849
461025
67061
519598
452959
574334
555876
696640
554986
385214
407324
327250
138401
758830
893563
439345
844548
854278
367356
214986
729143
278683
316429
48021
226278
20674
22110
734143
804131
590114
553333
723603
576748
317748
390719
520005
754727
1466
366529
714011
874415
96985
187628
716343
258216
385684
885775
242245
861805
534950
473255
621054
687340
712060
846289
255479
887687
696685
355583
12777
451483
595990
484297
297117
23325
852054
552283
553236
409504
368099
601101
665040
223539
779624
48080
355651
501704
468220
215971
776178
85488
172767
505189
301925
628449
224499
186726
442350
57817
689429
663990
24947
883228
685143
176927
789338
65658
308571
675406
724080
454156
617486
790315
555701
645372
364126
403595
758600
60964
832153
237947
181707
709455
896036
601693
320882
103708
574933
570447
828078
130466
552494
844870
125328
762925
566359
348378
108860
429605
241814
400059
638412
710671
818605
561217
111421
112525
532528
741761
287067
794817
519905
716571
366116
607824
536266
617936
806235
427489
271542
232465
18411
780228
491757
748563
545077
430831
69579
107615
510841
337092
505467
320966
897853
776046
78037
564081
775197
816010
371153
480694
640399
111459
750470
538534
731729
227414
880580
806532
777298
876212
38410
482736
495513
185541
108773
814401
809942
222441
265542
15154
294947
626937
416287
178931
132471
749325
691514
542592
65095
794455
828597
268078
494361
776557
645309
321954
91846
654180
408038
789436
426507
431799
592773
743920
638381
615879
65099
500757
159078
150653
522366
710678
481968
387882
336341
648775
129709
292335
640495
741938
685809
529209
430961
875790
695341
704964
225595
897457
579640
282880
893189
295484
205147
193265
791035
767157
231738
802928
393010
181586
759226
260719
457222
17649
601460
116698
660690
729220
117716
545817
428426
333130
279470
812562
650872
819353
853534
577867
528306
590007
613850
262605
457044
239977
565206
281892
330656
880258
123475
775906
265518
271420
570534
277764
441297
35909
708993
268365
574344
613041
610304
675470
62014
787821
32402
700103
419295
322036
458689
443558
675447
323162
490144
258126
170824
86245
619312
616436
455399
561084
803278
115459
545492
133208
373149
743423
847029
27639
781740
365926
263726
577391
26436
77171
723134
785695
870193
801596
605593
654721
645770
790811
496702
554876
776446
139945
707124
383863
9628
514630
320230
379815
278847
467926
406648
849193
863700
199781
685092
422123
839882
471595
699286
101572
683925
277515
353056
843428
90463
439637
109562
569478
81292
725995
21562
237635
355944
341089
425613
668704
741999
846461
821199
48167
124248
849246
437420
240051
894303
875002
132723
315748
684718
497407
321684
706867
220487
291643
39862
670560
71376
314134
268887
708903
332284
790109
255713
126480
84754
755194
857093
759782
465532
764702
170519
4799
591278
56417
67654
496122
348753
599905
317206
690824
677067
579014
664540
191104
238061
47462
89269
134358
381369
583620
396804
211046
394285
641170
30662
11370
68336
205112
540339
34284
264600
272749
703923
740373
711190
52226
223450
709731
895839
28126
292578
795033
897783
838084
466275
632464
207196
428785
264050
717003
248269
768737
86131
453641
263605
747601
103036
779188
501623
585503
737160
413846
463575
300525
547669
509739
226723
759429
492251
450417
810653
168982
836905
8892
783142
658781
183933
440838
180232
521343
423199
347171
796927
890802
241626
846739
534022
746972
376185
336561
775066
441363
336730
630920
729517
15811
787026
265542
278025
809966
532445
526792
42206
174861
293727
870068
825994
618261
228796
94790
360772
226773
495121
25826
546245
748892
895053
697352
361652
246551
687791
725862
866413
336888
587197
4487
767469
349298
27102
29897
204412
252672
556725
538476
563511
490374
583130
673127
168153
100432
289527
173236
669381
895830
452444
59116
491059
830113
217759
636973
497652
223815
705331
603895
309092
45810
231012
66934
666540
151295
604205
38426
300016
717921
763734
165602
286203
856038
673325
573303
109477
327250
58847
660149
180031
382407
39091
718180
643419
227590
48676
73925
440026
819695
102009
797415
784691
164773
654979
610970
603997
843917
54962
271419
852570
508052
74292
784877
173984
659248
640108
649353
620772
624223
545866
791148
885477
811116
509676
857007
193330
838800
816049
6708
840698
46260
875126
684860
871919
28053
691183
724181
200149
459648
890691
90065
166892
373661
617796
3090
336951
586953
386826
455969
679049
521691
763020
340413
51628
885800
343162
789905
892397
491745
880249
731359
493319
272666
861276
642328
237898
818278
699931
61869
98536
571614
774803
759807
89756
237696
388602
749875
241111
576564
183036
731490
837416
323018
796759
800429
317191
31743
336144
259725
744351
682303
382897
473320
878230
158244
193983
464832
736890
689180
719931
671045
895017
77513
607349
731595
137693
787169
485288
457110
666066
135862
781911
798962
848149
706672
400034
300159
282316
371254
264740
434889
798364
539404
35308
780629
557338
412918
674517
398968
731218
420827
700484
303650
628653
828101
212607
6487
340643
576196
38149
364862
861533
361138
541869
304243
126053
146161
472286
52535
540620
271313
780808
244327
867480
837870
247838
827146
455081
572054
817841
369091
174342
521479
702794
115527
86888
570967
150147
125448
621250
800429
319554
42896
633803
622445
39539
896522
759339
467634
710305
752953
120350
291891
727729
592172
500775
582471
411132
842505
558484
765925
764582
35046
445066
156261
714111
87320
268749
709922
463542
662626
308238
831873
540661
609807
16562
316266
672477
713178
697274
285077
544703
292618
416084
184321
884851
294012
811454
330845
589337
333880
637906
552681
315306
37734
480370
162711
598298
229241
586257
145099
216076
240041
820028
106850
632881
116767
586115
685294
36863
757993
285352
444255
34667
8429
680515
230590
786210
60186
611503
516563
246985
619994
383093
778630
363503
245412
741139
589378
726508
160591
318184
643126
284217
513056
780542
276245
48395
559716
446517
885501
111309
400057
108040
378836
742681
192998
274079
561615
251570
566060
498512
776460
853249
356948
712754
722143
338315
757031
776511
353994
378891
705853
152965
275430
219857
695501
103370
292542
678134
776291
257210
607738
264699
98735
666479
804185
454941
477690
156411
400087
271607
302036
787412
681902
621749
756169
899452
610169
658544
451570
455724
277524
238986
747303
536797
899199
421256
37330
211891
6305
157991
218366
230567
777449
704732
198383
459983
127120
565389
359436
837548
849595
274597
863383
90607
72412
893144
883485
300712
171191
630995
596296
596685
284962
146558
845137
823460
126598
236274
427475
544109
801347
554129
894876
573839
259855
399558
501948
737085
207807
252602
164096
303653
93854
63600
801560
426677
709594
236926
495604
887210
677150
711048
621166
731222
483898
357594
565056
733101
100159
829026
645462
822381
673926
674888
222942
833703
877840
40108
728796
235918
604904
305850
373722
416955
871141
500555
829821
63003
333420
363291
157714
813653
321810
856611
146471
579644
9822
280979
104183
59917
441965
358702
574685
297157
248751
643553
447402
299683
231535
144705
767761
823061
623792
358464
323071
793986
395315
530060
394088
317779
157045
654212
651324
801215
37141
878904
62169
337
147316
555036
228218
123384
892660
472744
580813
768203
622659
730415
554179
679350
218033
82362
683616
274566
480764
306849
74482
656141
652045
297221
512574
346899
411163
235405
479573
579001
29806
382843
713286
95851
68926
780617
186798
202977
704122
214085
700906
614418
361444
494759
335693
748758
