7870
4297
93064
180453
25366
188565
703145
752879
723203
203449
43457
880026
825162
479076
513030
767787
664071
361668
246172
550322
164477
743684
631148
837426
556758
524230
644947
580881
208520
479737
290870
426744
147924
813303
195283
256935
732712
752542
400275
299929
193155
52041
243516
891919
14008
551946
885283
214651
646316
767334
581343
462187
247930
75884
551352
23056
152182
113780
136189
513163
851887
588465
836213
690835
416525
608050
476590
164197
168793
672762
36850
637576
432732
244346
94103
270619
177216
453544
547765
385118
599602
208223
412658
853498
662441
193042
179833
561326
516865
661742
29130
576823
3744
879531
131403
374778
44954
529518
88475
324913
525711
139998
33287
372689
62289
18049
873078
489108
375396
774451
743999
304231
617854
182435
86842
656210
836687
741033
519124
148799
879354
135
650140
692361
867360
212508
393338
26019
879966
11359
490015
119201
771085
513470
665624
370279
41319
630514
762716
188813
626985
539007
456485
414507
733972
83397
890139
797607
83854
163782
182668
850104
487845
604181
764056
806837
53844
879575
863816
198495
49758
137465
795870
775752
603382
761613
420872
106303
192161
244226
865198
831770
50868
232670
634059
700286
445335
597755
660281
348845
309451
348636
59333
749004
506247
459531
120417
350256
104094
626128
300248
634661
401245
870031
251196
36827
200496
772991
109915
341453
487524
498371
600592
174991
352167
173030
828598
137395
518444
210072
281816
469208
734218
27263
475555
32880
806596
713596
455005
468717
239299
767708
657326
9127
36448
561015
631900
259052
283262
759048
326934
62788
50547
886378
612806
254144
125736
566283
862761
209951
292502
259951
721083
175324
101008
708484
589387
223512
281407
305629
301070
56031
20168
765198
278191
712250
255210
197603
869924
459152
233860
410653
815420
144473
249491
132170
521556
405793
153753
380320
558024
270710
45785
91510
582919
869614
692991
550270
894752
824919
570621
766435
103033
25628
700111
585659
876542
862641
446080
198377
854806
540764
734822
28242
297073
563776
272264
23321
665949
800839
735488
17753
559160
381131
95547
2431
721472
746529
306908
680034
212326
650210
290241
362240
490817
899160
168926
301302
491775
339489
416229
394427
662166
517123
277384
274938
90937
863212
81109
210218
597862
665573
362111
587307
486300
431475
627997
270911
289098
407081
835756
752195
772386
751021
859216
459145
893132
535397
659608
357748
653303
196638
385886
493870
336458
884025
21262
135977
513657
739027
828894
611184
312211
44751
174620
277033
150744
775201
292646
614891
341256
800218
390161
423222
82391
871243
378957
80786
773020
475832
376480
398663
668841
545531
740047
780374
38996
103122
827548
199220
233492
526758
537320
434561
361608
207001
97625
574952
463761
337739
779543
710933
743007
525320
229201
780301
555721
641713
409213
70223
887894
81510
670108
141446
721881
736270
428347
196967
582970
351842
292086
394798
607342
558428
673207
223087
144392
539415
692732
26107
711017
612515
742647
181874
235283
741415
295310
134655
357852
97299
398467
845044
75614
250082
669998
441986
674891
874824
334791
880213
629949
650942
433728
419371
622476
771527
201166
515247
373272
782589
267656
202454
334470
245821
38791
42229
17224
855756
411470
839549
611797
749412
427044
23989
857496
176928
76668
46962
481700
71072
250358
243188
195396
476920
334014
123296
3024
320443
52593
828918
451932
360512
592352
841870
847179
888814
198318
661428
420994
19114
296947
887421
873815
684697
270147
746789
373031
431092
713385
782375
491142
773928
815468
98136
711890
66534
666324
594976
121185
223342
785510
411030
32248
561586
818058
585527
890173
644010
225774
619394
620900
702325
661667
529811
84742
517254
473605
129050
513296
520562
120921
329623
325304
502708
259662
838613
601354
573467
607270
560960
640480
695122
111662
711428
63120
401929
568745
49795
87647
809733
666859
514547
184051
624833
188321
645586
255111
416094
753326
632358
769719
176143
677391
323349
830779
800186
567744
730494
25137
749803
839448
766867
180083
532187
483663
204500
170855
237912
422913
345576
795157
449874
138154
778618
306259
619202
856624
15630
178716
388022
618144
649311
130592
441021
546641
634934
124661
630924
490309
564361
872011
532490
569134
53933
894845
601535
245613
185945
94690
442739
14965
750394
227907
32678
290383
676588
505832
178444
573558
127580
879980
552098
203810
636471
592943
44338
382530
877773
626121
701310
346146
712968
560507
150829
802636
671107
143682
696111
829291
217321
823045
337935
894219
827916
616622
492948
367165
249918
717077
755667
780342
787023
22456
316693
630358
182371
424039
664097
212710
865487
219195
575814
638202
702928
628231
424486
486647
511689
788134
578146
779246
276535
868564
499550
536198
465650
827161
145041
364600
410306
829120
366668
612564
160635
583846
686500
50497
703319
152717
106782
629249
526511
784816
247638
259538
107829
617265
298891
372657
89297
164814
856042
590746
194486
92946
253878
446154
843713
524072
288465
819045
891213
287947
822826
406227
256597
643096
868355
459750
392487
528581
612797
40503
551489
592971
638306
798382
470028
550334
720207
183743
18257
137085
367484
362161
42940
303269
451658
831227
140012
596000
62376
395720
702739
627419
405313
338713
238832
866709
707013
26537
29511
192787
391186
164428
717178
86128
53536
513040
45766
131986
284166
199750
318845
153336
743276
454554
110427
881743
177070
30237
297319
594212
494569
256452
442376
549043
865829
482953
411233
390782
788927
453199
645259
700346
49362
383140
408557
753603
598849
558751
546266
9712
135172
246728
628840
353665
361037
71351
447624
856149
304406
814004
28647
700280
164776
410014
411008
461529
370538
412871
1115
753209
841381
506012
326982
390495
184816
737027
82863
129897
169724
884381
318491
827389
428574
173962
483334
346686
648820
226988
629687
316282
738582
325060
768159
519456
711515
643481
250191
552751
37829
389335
316435
252425
614090
159795
815118
821158
853599
832941
117363
102213
701475
679182
485405
69469
141318
80529
541100
185682
376692
450110
342781
756612
170626
387889
723908
874273
855124
385242
266440
723386
250088
464669
447516
625490
59939
560569
473174
251475
320917
506406
180813
40059
193675
691287
329684
866676
460242
667807
426381
384066
330947
377617
669324
348597
400655
411391
347177
854654
97064
847140
864225
18366
595785
163901
728074
301785
512643
788337
796433
692202
419301
248850
655954
386864
10664
427068
404211
6918
320628
370458
49949
510065
810867
650568
211896
655570
408528
490802
550819
484603
19050
802044
45836
285406
700027
39291
791698
876033
747199
819680
715764
184046
472548
856149
252981
304487
38349
26016
747663
360534
273346
649828
747473
420707
508120
266343
768695
177279
873753
454671
644197
465532
440207
522309
887263
100543
269074
850651
803975
805998
420907
872233
318228
213060
276292
289363
488523
630692
388175
763655
148893
690634
134960
614883
793373
346108
808711
181715
647644
467807
263198
111288
319011
232390
792299
568132
315532
602501
23330
747873
53597
131397
846235
669105
399267
301136
664475
660561
557479
638571
335361
497271
396271
563300
446288
36378
421300
641985
175668
608656
211930
505175
866163
589234
682546
119132
769329
405980
462056
694068
462527
752209
790185
266536
878850
66940
380758
784502
512316
479889
304957
694465
308089
172369
294074
810184
286903
394220
865386
476116
23474
542817
735271
830539
579020
577377
27333
559011
795222
60562
480967
635952
766558
286927
2847
79581
37493
420269
893345
887449
408827
607608
520002
99593
776360
373851
314770
589084
427002
296063
391763
368572
589591
215563
586709
837183
57342
691690
97296
623133
782222
111338
414525
491292
781330
253888
259922
649320
88071
674920
161112
45694
651372
154794
67785
495591
591813
670617
849163
713250
784268
63670
320036
882234
679476
231505
506906
134775
348411
145295
623016
459248
674668
640807
887038
829950
105678
365158
409590
302891
108653
266898
828526
259561
91523
689004
223463
790240
159906
684750
459737
731519
140128
376052
249489
897908
92352
280536
583144
326934
674873
39669
188065
723519
665253
327341
47742
230616
828712
65830
88831
653036
189755
433967
709849
16926
19316
284832
528143
12503
630356
310751
101040
875287
438989
745791
177132
808909
38701
417123
748532
462178
449707
130145
748109
826991
14893
706145
658545
295534
753747
848356
146082
363470
626212
612578
615404
758561
66100
315915
233942
751280
572782
153679
123140
121710
599684
633882
800364
549289
671216
428567
578034
34653
375045
727029
544611
538562
296023
591111
94250
12102
654436
688901
819411
813782
31773
216687
663834
664181
129429
208178
230895
178191
163046
802883
60360
127527
875322
648713
349826
689244
890647
745174
640011
405019
854679
675060
191966
186680
813858
176959
327074
719373
193451
746629
810694
645274
85563
505816
666431
532909
350871
117678
386777
529645
608287
872274
424392
158052
752752
135812
247164
42214
595880
573684
215666
77986
331721
455926
378183
338948
127446
468226
202247
459716
133243
679980
813316
755759
795242
717403
549091
757135
734272
254183
728305
523386
790374
280660
404947
503284
333234
826758
145402
688322
881742
515232
1588
192652
370864
309436
576447
300078
339849
846345
895321
823516
769818
267356
808532
73903
324511
821173
742405
340176
230703
256016
316827
263455
889212
897091
419468
142240
282453
408570
491691
468547
135276
658573
401846
657359
605521
559419
870700
589739
163036
308678
276956
773064
207754
521738
627416
636846
180767
444315
168041
232802
100330
272730
300027
892305
228934
395539
579609
285019
140156
290519
533204
356062
430374
62897
84924
646782
15887
550982
71921
178991
761014
810062
522067
318015
733265
320682
168406
441090
351469
369921
597522
505018
291220
655163
811894
537763
668424
357369
639996
244697
614731
344782
600216
866247
239553
787998
833834
750029
16429
795602
358611
610925
558744
524373
668132
62450
847761
246863
241361
796221
497230
759803
194885
725581
131472
408390
223887
4074
505829
112295
685050
617359
99206
690677
462235
78577
847585
336074
167715
477104
559185
40050
788564
688442
639337
325807
15025
824086
289168
709613
618382
819283
17669
3229
521862
523630
397380
102960
567243
548154
616449
502674
862839
768687
396849
512544
303298
117233
54089
135623
115117
603932
31166
362619
865274
420041
680106
27920
895647
18368
146320
354681
756463
668218
129975
386234
110936
394385
208243
433388
80812
123142
677153
241869
40503
589071
329008
105954
714863
194523
812573
406154
556874
644931
118519
223999
239145
283695
746082
391436
584305
861858
493815
538630
343258
350532
300104
572392
600929
783178
111680
253167
699224
523523
277001
646894
37534
677281
416071
124879
409769
498562
125730
432295
787966
829563
148450
212757
132515
665088
89683
289815
241293
26066
172775
693352
881971
469157
223162
136858
256803
513549
266673
344460
301170
859173
894268
683368
617103
305243
107963
457180
866353
138107
224348
833170
216271
357367
563298
680046
230318
130288
155009
627236
885
312451
790182
655220
46524
510835
887252
309987
868355
546511
213321
574999
694239
3935
828863
197326
286063
529616
38702
299164
279181
153658
22606
43071
562047
889675
456027
850688
496429
172786
108433
547049
422574
523145
13175
582461
114235
138976
553784
8824
85957
281986
123980
26149
630946
485702
566549
679478
54882
835413
346853
327651
7232
251122
506045
720098
663507
585227
156112
874431
339301
611323
655559
643576
256795
472985
467453
386232
797683
561760
621258
196398
296812
824124
543005
826409
710367
1966
700451
234546
238955
89948
252740
336518
245038
665272
526732
215151
297583
425291
640359
769918
150456
247614
133542
348038
239298
862661
479710
788280
272328
553769
105519
76055
509342
223376
322338
117719
239898
95114
280588
526455
868912
781659
85199
436152
238459
716832
288
387129
123127
748096
897891
341553
212396
22032
857074
748648
898117
627779
256861
104881
486975
422029
505355
148200
592541
182450
663934
481924
37336
234959
340821
601562
144179
636548
65099
688462
510828
364765
793756
494838
759439
654524
367240
341901
661125
629189
57968
537648
674729
263494
876606
506424
619035
123712
331745
303957
474414
804438
492629
149092
227676
61009
570177
469485
242713
350317
805690
748187
466436
399364
197093
100504
332506
725013
478554
735909
367141
767953
392868
741587
8754
259650
798436
123393
714528
11895
106102
93810
728084
190352
364779
13162
507274
364675
492405
792805
561413
330825
318785
345428
684264
83369
503743
768245
9405
256766
384253
796205
156594
65831
879153
360293
316708
613387
235029
677054
736403
65670
56749
353299
649685
393301
343812
433226
341094
384058
842740
821782
8925
410956
21413
256236
274586
633887
438349
255903
235004
30411
229397
569402
849007
503196
31676
76506
436194
664821
678676
371014
817718
282913
435338
452747
527699
138424
278852
840248
560021
453130
201955
350515
396419
168043
299240
745239
578656
585051
180979
320075
102106
895088
75910
51455
318816
413763
294984
852197
166033
846676
253509
193002
188560
624699
245971
253104
547475
52300
99311
578473
789370
712550
576678
420018
733596
895448
634000
516458
143837
424176
420246
547213
462269
599330
631924
737809
191722
735857
125434
715676
184405
738749
422764
710240
238626
469545
226953
636756
76505
707175
461609
521457
830297
360419
304288
528262
786188
519081
526047
1560
290870
92308
268345
481561
500871
776851
73347
717187
95664
219802
136085
186322
83058
438211
23725
491387
57330
88478
581747
728109
32040
638172
628214
104547
468631
897364
655029
699714
289623
129585
460795
489013
29550
692856
339585
693635
669213
374361
730295
618154
415798
289873
93374
302682
712235
181914
155820
573008
274978
478992
11602
638189
396774
862752
402587
281043
305783
576975
324106
480092
307840
675812
468390
223382
877225
279091
756242
549311
399107
468871
436821
670393
202209
76843
621848
141033
456134
437366
163693
234386
679577
468881
193613
731721
501
687621
741722
680341
618973
552454
104643
592486
415564
724918
483878
514703
460299
735255
654383
382976
39900
528913
129151
351460
797971
121436
197160
604596
737317
727467
455188
218742
671192
382741
549766
871062
31610
17889
10136
555166
888813
94029
766979
765877
307487
583739
143997
216114
455033
469241
864189
789532
445293
163371
188986
597312
140082
350263
49009
252269
637197
556621
201733
360911
22757
572689
157633
13414
583736
6503
862393
398082
558092
69881
820719
726909
14557
119495
320945
546165
172981
313356
555647
271397
315291
414218
17066
498304
609666
4433
732216
412489
558049
556145
786213
663313
113027
315513
584771
452206
430357
767563
732481
796148
310749
563230
230282
796754
465418
743663
576421
310188
173158
656773
678874
700593
438887
636864
688276
493560
207877
191582
140449
556732
2983
729161
784182
609201
798678
824992
584879
544449
801843
233697
633493
803912
145572
54832
15097
167592
604009
342342
216156
335530
184237
233240
386161
188658
857304
491715
204314
448925
546497
688689
642799
90842
232033
798443
878109
60674
625859
343228
864842
767797
606807
542717
116983
209267
837382
357986
435999
351475
817727
888032
203100
838563
502544
560601
61225
657181
29840
474278
389537
800579
696921
204799
542886
704119
283380
604682
368478
508441
864525
316318
713528
210749
323205
602931
893581
711976
225637
582473
466273
657863
556336
81553
383656
721900
818322
797211
635845
577798
734741
587292
271790
235068
673970
292636
458923
736230
507172
724058
603453
873641
345752
467293
787004
678092
850080
353144
423961
131547
508776
73016
516194
245432
712384
824429
523524
770680
215895
237587
75338
381985
307273
418716
206403
329343
490671
36475
848322
272957
762580
17999
654463
777766
860200
516907
120923
78552
878126
515774
260384
744129
633264
256548
791271
533369
674130
639656
591187
260828
671300
57652
571547
491266
129168
898199
334245
781917
98804
688913
33134
186799
225578
120478
161286
164645
890370
136285
681080
460371
690065
250331
758599
79565
484611
896705
371283
205184
139979
702807
16411
584619
87324
246387
137373
715325
606224
72002
531993
620396
885957
351186
386388
142895
732904
641146
221175
592409
302121
314726
259383
347347
127022
828930
767344
785844
260515
426306
755723
639295
272719
492589
696383
404569
462499
725444
372339
139718
579019
707346
180097
780000
440103
820625
786551
302642
729203
322358
82071
241047
422817
92059
442590
320906
368361
179464
661185
882633
176791
1532
397331
646603
615266
833501
395107
440987
595613
816794
219010
894065
138150
800730
175811
811275
236092
777891
518427
236013
305070
110152
398088
8178
595087
106160
708206
855469
797637
734463
534588
800449
106368
603267
85678
336729
746216
721469
104907
855140
407823
51178
784782
897265
860005
813806
243778
809764
875211
94172
138406
169938
270975
415587
385328
704062
582614
605016
874926
779728
394599
465852
882727
541615
785668
323659
867904
340283
480548
279937
84827
564201
516636
757288
256410
697660
574092
196866
458977
154716
179349
294511
871673
345398
36552
520860
660081
702128
267898
141256
583999
276743
513300
239860
116485
461447
266630
501735
303150
594406
708251
262459
630327
537341
345736
40807
381802
357508
221982
488938
369126
506249
103648
590161
408379
723149
513198
443077
542769
219547
554879
180276
82312
659014
840973
825114
529593
103934
558122
678827
237788
282446
830929
569408
750691
190901
68440
497020
9955
783358
664161
91034
27539
609663
889295
867061
544334
869227
883669
128339
626034
171572
727050
407183
820042
833312
721017
355490
698089
323047
409237
499277
314349
36903
18090
145765
761379
193635
752398
560443
345321
480606
443895
32359
509102
25488
665606
661584
357142
670852
247809
832411
561402
57806
861374
449230
568268
524139
542266
493312
182840
695030
332906
267423
50309
816644
126825
142077
167739
525758
843601
804375
398687
708665
348069
573187
287642
568595
312394
341462
661464
164811
837173
335472
59147
218461
299583
313413
532912
250458
726966
551080
815337
845248
322349
433526
568810
443611
594004
356508
698255
197111
376770
279365
699658
74785
761518
469892
829115
34649
733245
304795
28631
196246
702006
76166
172139
840790
255154
19431
772282
881184
848559
293423
235618
37081
305955
699493
164637
564734
308205
405462
192675
549956
498023
52537
303757
459306
732791
94877
511604
274008
343814
289906
305528
557207
650760
134193
592893
353740
530489
835241
494607
27602
784649
283111
578854
6195
264174
439073
405796
556995
183097
662719
659804
822777
479331
365702
783149
34282
382469
416770
481259
102020
20070
32208
97823
190212
765743
752325
520133
221844
35195
57023
159155
510757
765194
107302
601497
405924
50260
788798
21283
57692
799867
623371
471932
333289
825114
828929
624557
544340
543034
833640
447619
87568
790499
680968
683279
335087
434830
519543
771270
525441
665497
557148
190057
302251
504916
595007
717727
218144
171129
518799
622558
556095
81913
636271
645288
269640
792656
469374
43506
613628
153882
568353
784064
612624
279456
634160
307660
426349
308362
130074
778854
558376
82873
460213
111957
589081
181900
418566
495580
106074
241247
188841
629463
39230
669397
663166
657124
735403
17226
628144
725887
133237
891659
569795
784006
862873
586913
631321
261659
450226
592232
270849
767528
697564
306653
788958
347420
879171
834998
684463
628788
748934
447596
438943
778901
721070
580788
355403
583413
604645
285611
596076
16665
240117
702895
688801
354905
634622
874090
711674
73120
635858
513321
313794
865904
835313
36652
752714
83330
279997
538230
224494
801003
653113
667523
361447
56186
889379
837785
175564
538589
710666
132600
450374
819555
143758
55627
625359
568029
141971
67232
317669
294750
322497
588436
491248
82594
19996
822471
854798
288362
217915
61295
361816
894917
96134
232265
325907
823626
568657
144522
300181
52257
195759
365747
879217
78434
595317
546147
607137
696982
191213
132678
645551
559962
775347
351115
774336
547969
759472
101204
213501
812025
248816
308966
22624
857286
676066
596193
469079
39082
69932
313801
734680
774
631112
549570
454402
484186
18974
820955
733611
328328
502655
506561
723115
650551
81180
410868
199876
171027
781921
176150
614604
416530
856658
79295
761081
727090
883040
531599
352201
73629
405703
380315
296842
353774
828551
34376
795724
783406
403965
655734
51521
808151
219806
359315
3662
97914
825296
325009
518482
398459
343076
798513
695727
663194
96147
796926
895289
219597
588788
361911
687130
533672
757144
162788
308704
348543
469602
891690
414212
41474
291558
716825
50648
17319
62205
784002
3500
712454
828130
699142
725788
66813
507213
593898
378554
175060
488713
470887
854611
273563
741939
875165
642369
849455
590097
760264
438733
424603
348397
114443
465342
809371
557293
810536
168899
675132
302097
650257
2808
299360
283336
785785
478392
127933
690894
386116
749248
874181
595334
341949
672636
554336
134160
288486
838064
68021
559816
515562
590821
704392
130011
321871
646510
164989
218982
218727
103253
710042
133805
816645
893831
166091
537268
227980
43865
181951
366013
253219
204982
744176
860895
1637
424198
636448
600992
292821
100764
296223
593423
847471
156124
752392
237120
163770
871783
736171
225509
102105
31908
424166
465061
794177
790541
383532
788187
466468
71955
483559
256398
113548
763119
451098
351752
888227
426279
574815
648246
268815
710937
231824
779355
497275
213606
276577
37617
760273
458206
116490
138685
308036
589444
55682
104814
797161
251037
424390
408626
328325
77851
757722
661012
742113
171105
256870
628342
703451
532018
257314
192966
228215
524698
110060
669121
878610
393432
395734
160545
777462
138438
764637
641188
46058
20487
257043
752859
430753
181548
218782
820171
824435
701347
386778
421667
718888
646301
389145
49370
37008
821306
427723
29957
130193
537364
505593
318739
92600
803524
763562
129349
87568
601300
12904
861452
816976
2755
549053
153248
567726
416686
56248
244251
464913
492545
723340
699088
589189
131002
138327
841867
748264
484502
773695
732999
555905
74042
117208
307910
662672
439104
775011
688848
144864
342300
539153
751690
295193
485066
627237
35058
292755
148598
654007
585206
767012
722504
25524
162670
25146
762922
494659
51868
753861
320951
836035
28798
888779
536513
7920
233453
200063
153503
563972
67766
219116
360306
402585
19347
395435
307314
42189
815045
552276
434265
837055
93135
230032
73260
19862
284818
630093
677218
196129
628257
539819
312402
181113
887392
338580
544445
193218
680478
372649
144661
599568
418636
57303
378665
90183
311673
243656
586350
250459
287659
506453
33451
637333
838908
51769
283617
482775
352751
194977
638453
130902
589133
763200
78524
96486
356353
154847
449250
801077
800524
122706
286550
173805
407717
851941
614357
743293
500913
632341
236658
706705
676955
837659
106559
351901
252592
362915
208891
551609
366649
614043
240568
752454
103094
527302
874599
447759
874964
584113
293219
832938
351082
637053
61815
285918
367830
141467
618764
431359
77327
14582
202226
738964
126790
891881
463274
205722
528766
437585
836431
737889
520677
303485
251263
565588
634798
581027
802153
695126
783149
147308
841301
178216
42094
447887
502858
770919
717554
297084
2944
318386
122695
497006
177923
487209
652930
578531
569216
787921
171356
536264
180495
619188
239526
28429
426269
141509
341931
389881
498229
383745
110369
62838
88971
527889
211114
255180
19685
24844
574157
643564
316294
545721
524364
138786
589239
321234
847907
603182
36084
261829
327356
859468
534801
602388
412305
432879
15207
422012
834559
67628
70303
46610
608323
524434
795578
394441
254516
245176
85243
654065
703964
466511
793361
440281
189908
167735
745188
556437
233307
740461
688059
846618
858195
899233
686184
894502
32889
628933
622865
399902
369535
575810
273372
764911
865511
555493
77430
229013
803710
14103
789280
474138
262674
535338
821334
222742
849490
784238
700509
883509
399425
207172
828041
289078
399990
337802
653224
797711
872210
838037
145710
872174
207295
285789
687390
437114
631010
287378
240818
346777
357405
804332
388072
567307
258660
798240
22857
741171
693433
265934
756438
892245
588550
261111
478257
476154
645079
156717
553285
862897
404177
607842
512884
473201
354643
126914
484059
843897
220103
577725
774787
431288
162661
445756
233351
469416
387973
590997
830589
602740
430206
743866
505379
831291
132928
863627
222600
452109
861515
478636
859924
198226
465417
599345
851476
544202
517103
744373
610310
768975
861835
405546
385725
428822
246314
593259
49937
850069
875977
752366
640615
518302
895958
577493
663193
490921
191075
802467
390625
360081
3013
670507
472359
5396
735951
347748
207237
148126
524678
394106
879379
815775
881249
355390
808051
111000
513440
369405
161755
856790
892581
635053
292187
190325
819059
872260
363626
623653
200385
878371
625042
504618
736731
492048
193556
534461
84502
179137
675097
673648
714350
398356
843990
580015
819774
843708
438490
803490
299962
335925
493592
85135
655852
476121
75372
633820
452554
375883
3884
436946
179057
2896
439916
224157
130688
29469
818478
268208
420275
398988
830404
333637
802329
203688
411715
820002
559477
154408
64678
486775
837582
488665
659612
529156
590995
693779
365039
506040
527023
498957
388818
741972
695236
325389
182502
131629
91720
216023
896361
894288
660313
618247
724699
220032
449533
334234
475150
13660
634522
361894
699114
397596
542031
879435
260315
306873
346893
76321
268280
318220
205942
136304
875312
390830
836432
771198
432946
83263
612134
859810
508825
484899
48604
556920
845714
484006
745740
96462
333324
664224
46498
650715
843931
398676
330000
761327
15305
300690
602607
84870
479930
425277
94163
341558
680698
233350
376969
509031
174917
431863
668783
409346
181746
500684
129136
881442
292861
641723
207100
311879
862512
678196
568832
302570
722637
301956
357510
46475
69915
291060
693068
326246
49642
577422
648889
602500
676900
717055
280290
331437
604114
724632
412600
804379
516745
436782
519755
183081
784239
156322
608671
486795
627342
269947
816713
883704
730099
425519
674374
752673
623171
868609
844856
410725
642588
637156
829310
657053
395779
37533
617551
527955
758639
869126
210547
835536
723728
872975
519838
46738
628189
90784
193834
508124
43194
760601
279055
246823
716802
505914
145378
611511
880567
72222
565768
494376
629955
221698
877653
22599
40329
81028
400933
856925
419949
643750
412629
805574
887517
235154
22559
673344
93659
808088
589809
543551
593352
568978
212201
217053
252974
607688
40399
81711
706154
827599
807983
106290
169300
494445
608081
616900
721548
170264
253367
777264
717443
127324
336722
513921
602819
777243
526369
427255
261468
658606
430856
800439
481100
176682
262953
294301
165354
890206
658529
644109
472400
240697
735969
494984
383874
549160
612551
59641
450207
716957
23801
858766
889155
587659
678462
44708
526934
823502
218361
2652
841685
112903
469346
723690
322107
390917
53347
435884
51947
755328
801004
449015
156541
575294
820819
174156
680867
861432
587084
665578
639830
77559
306176
872509
846082
156504
240845
827157
551754
647631
354970
133169
53658
498119
249237
668698
667975
59431
178411
277580
502117
452368
532868
626959
883749
285444
833656
391396
68616
663681
9586
285595
97285
17578
473119
692481
541683
532678
3347
583094
475252
32386
649145
320541
441342
832593
763636
711372
422918
603316
149302
863875
561963
662037
222364
306554
735037
117581
103845
657875
547336
22022
290926
702895
508225
277242
509579
326364
310411
518746
694403
581420
159558
27627
722153
337281
614806
294890
725714
69732
842539
834640
898488
367573
72338
790481
587306
391964
201975
800222
525325
704766
580565
85739
90132
115467
624604
762091
261175
706612
564254
502231
21651
543227
304886
825357
294558
152163
712565
842005
372773
277029
421962
539103
148548
669540
684846
873128
504705
463833
671561
232252
358565
600648
540132
105909
788376
118963
732588
536801
220856
847149
323711
90498
652693
223046
260983
233199
858189
76901
257392
329271
369183
866453
618904
516485
506542
895126
134130
639584
390900
127252
208838
299050
366176
75509
366441
161224
543437
145035
406180
843936
191905
407529
4899
286398
690111
340755
536189
279314
770921
570222
147419
242963
58837
774646
582439
462215
709418
492462
802611
806554
330488
579410
453314
232491
11442
44105
851319
234727
219305
183734
723000
740397
723846
840974
612158
135824
213347
38660
229564
35899
832454
212191
891658
40270
863643
607757
582125
526855
809454
549201
845284
611708
406562
807927
662193
833381
654032
113897
254435
246806
114495
275834
16732
526090
791996
898911
615716
50619
111062
240189
375081
886702
415609
870526
648112
263596
51653
391710
344701
485898
808843
689505
88730
379338
48932
727111
418344
888698
712397
363415
738496
624635
612674
774745
224420
92188
866262
535744
285800
566916
884140
331876
743478
527
80502
69870
139010
529520
682055
717708
21962
181812
172695
572996
588297
390471
483667
493958
766842
182096
754174
319674
174499
227863
182952
760120
554085
310663
590888
572022
215582
431663
39161
97884
588889
895938
458703
202099
84979
179518
470741
522908
502699
631114
503749
888414
212325
870328
47779
462071
369082
852042
720566
489651
567648
357937
588003
590234
198130
725168
535207
523236
311260
840927
316049
230664
220421
344651
671227
41490
283640
483323
118275
317266
537553
418158
828202
53009
182657
812928
641704
433567
865342
608619
129673
274472
347658
827434
107272
702277
548830
617785
124519
203374
609332
320856
577256
706733
302158
737199
216491
400910
207141
440523
20069
894610
638769
853957
897977
306659
660434
372100
328693
428770
640441
581625
544620
70364
683511
460201
582475
720603
426911
228071
521850
143160
824538
845951
210994
605871
325288
232560
559413
821803
344109
183857
593678
688000
631232
372660
265734
575223
535339
624231
22944
439428
665151
360023
240754
3251
413528
535151
363712
861953
795849
764319
842679
570471
92291
99992
345058
64625
479719
771955
772237
461805
225958
31697
302772
245791
107312
393053
729158
297809
831201
179182
239100
485256
771525
379049
452112
66482
396132
646403
177883
717819
689262
297923
220527
650718
610947
123334
364014
471352
312287
343900
411077
796025
566785
507632
81865
768340
653143
83142
131628
321398
427624
715772
83324
199283
489501
100563
216953
324892
828749
521543
381360
146348
489443
568217
636344
224002
742094
135566
447656
495561
198917
811536
860564
397714
685749
625586
141378
12579
325864
57041
228397
295849
232564
679894
454805
369353
782845
506457
186209
638357
221992
723519
371
492346
520861
690531
151590
22357
277975
762771
563782
175141
774444
660401
330539
720028
524788
427578
222516
842768
136887
709540
47516
567086
340120
188960
154236
575726
446360
250718
765597
388161
403624
310672
655639
171527
611151
185415
70507
261757
566931
289210
18714
690739
823560
106597
339104
169756
187186
468781
750705
216414
337081
881089
847086
68778
700904
753693
53667
815654
287970
644680
284160
68133
32514
329437
742034
442616
765197
631207
287870
601629
458806
680902
725657
310582
162125
858094
427591
18613
200421
720622
720622
130835
504192
244110
816310
385152
448698
635185
340639
709588
235599
597146
200255
115076
107786
601675
143414
331120
692235
437769
486032
509946
671891
317276
732695
840689
183375
340210
49299
804619
367135
41314
665311
323121
188802
554318
74760
455700
656032
88481
423684
894365
230803
722296
99373
453026
269715
524542
100601
24597
27805
341680
799223
346774
777951
409183
783080
847433
39778
103155
537336
671042
825941
527948
453111
581693
789554
556068
815449
171146
74991
106833
159270
512485
828963
688006
692926
144100
481362
699577
449133
515817
359671
326367
541607
571639
798093
426868
88000
599938
158971
761047
13514
248255
863866
736017
472460
91130
472452
301782
793276
827655
396250
419780
327545
822960
239057
562760
647239
369516
367355
557985
759207
706737
15886
358044
839058
665569
712947
181598
213395
84831
662637
751360
327294
202085
775107
518868
742609
841422
637676
359975
144709
554062
789558
724607
243985
826497
300819
886627
577019
798977
417057
164185
79995
222001
54932
101290
490127
131670
649091
315362
711957
326374
401227
234644
468488
510616
320484
576090
63161
54139
428574
537370
883657
33827
246103
355269
836193
477661
717820
273529
869039
859396
677593
233798
418845
499596
568959
315853
314351
822972
799921
778819
503769
458809
875275
503990
210011
109373
213072
245735
38586
571142
4526
271381
828572
312586
504208
53882
42143
725832
531712
757711
139478
441051
745847
678955
306625
496712
256386
365800
478824
799734
453586
500966
734837
573277
307137
832873
606155
861174
726556
785342
874246
611155
541521
671259
256688
36904
724086
506724
602493
530566
830387
751369
184996
668489
599374
884396
301723
134375
623953
193537
179406
250504
606298
510575
135195
651541
197439
398163
424685
696266
211515
115043
16594
588869
878362
380560
854907
811328
216989
239396
796369
752923
317418
79179
118414
110738
193587
227247
360063
889998
607201
771579
451124
471575
366365
587713
436672
335911
482906
194327
297972
495354
447011
731227
313939
18273
372349
686392
234289
768406
166808
72737
418381
521194
215415
827770
200008
872634
546905
13109
227424
899777
320388
39322
814990
279366
376302
497856
857529
707989
229831
353624
191604
290092
73062
165930
468539
113100
471662
117271
802821
358895
846332
72476
164518
409080
628784
870200
567876
790854
75830
319365
466964
39811
477680
797442
121297
613913
758370
637841
30392
834436
827033
157500
593922
541059
71000
853267
429407
469607
609793
171408
805579
771278
338525
610588
163056
349897
525928
536202
14872
11065
36220
74913
356205
898841
39992
105527
229328
275285
112780
566296
748018
737912
565412
172198
686546
100483
24718
52283
692787
546489
518570
617257
455864
653239
201518
400259
810559
50657
295315
261204
464600
555320
861663
859693
604769
598887
18640
370045
718143
751101
6625
545912
699515
369621
884284
210170
255958
717872
715324
598853
574154
563589
295934
189893
50079
364334
811588
629973
554791
191236
155589
246523
192087
52325
344532
628078
639682
23857
837356
51896
97299
544277
29941
70198
193575
339742
237013
610044
784196
130383
29398
877525
224378
877614
592303
694248
71701
846968
491346
85687
399068
221525
574130
831041
214601
707014
777647
382855
146021
212411
283808
600780
501471
224577
477083
867477
372169
198520
188836
31696
380592
381635
266063
75249
215510
43961
802643
136887
750061
526680
54286
788461
204466
480153
403183
457708
139715
334878
356868
689437
491486
440552
5024
587133
885016
162150
11592
191258
893015
860775
786811
484346
659917
707024
574012
634906
203441
606474
642525
231924
804443
267218
585482
873018
311580
723764
142671
400574
318104
351954
429830
444436
255361
86717
55841
681007
147601
4999
223664
769608
702500
479183
292784
518814
659695
394651
556529
643575
329377
156964
880833
800900
792052
285739
151226
327042
443792
716233
722469
74077
569949
727685
83594
11503
394242
637534
127734
663110
647199
320200
671110
240900
662915
279220
555766
487392
191339
485703
455521
102345
128984
504428
821876
614091
30603
57382
48595
375178
831968
724670
358535
129899
234309
778971
549507
100851
541077
257839
677842
795366
840373
893517
478336
534097
751913
473689
149217
384228
759380
612088
218017
730871
514955
732263
29672
27661
51829
561735
314761
423766
369729
475349
512136
739854
24804
343448
379687
412259
712046
117716
440267
560116
511815
312891
402447
566228
665323
340803
411269
669678
216415
240819
59908
522659
734542
14230
632467
58478
498789
371506
610832
413801
171912
652915
692125
68232
771791
75713
273415
7299
677568
834736
304853
440594
698474
708437
175626
700752
77723
583734
484438
258818
788031
224826
581343
464017
347669
434784
704008
407603
737744
613900
432731
671111
898183
55740
791128
824511
809209
824664
873274
626808
157505
124168
690818
588293
401041
276320
647331
443242
171790
331702
527465
193924
746024
158643
424646
791174
51092
19080
175994
137790
130184
174200
427423
446518
498099
547379
448431
343894
127798
899204
164018
288518
782371
511552
409895
480657
108272
377374
617230
594182
325400
544550
855568
797464
204431
373218
536716
558213
219359
418289
841760
565076
252132
524890
754415
587799
101184
129598
630420
113616
158523
682342
292132
713584
444155
838779
55129
447419
874076
483125
204449
208263
316557
406027
189313
343650
129255
237481
657607
661427
259114
284480
409355
506265
708181
609559
238145
883409
364930
27839
688669
774259
736828
717316
866115
680443
213150
699839
244587
523749
725673
600328
205646
208913
406209
120553
297295
774023
23844
764462
844392
274484
765737
369977
362224
187666
158225
723410
561862
721637
149580
316507
335581
554242
797100
340225
483108
129578
128030
684526
392625
837460
773578
773724
56713
343913
451463
884228
747438
802665
256891
656852
724998
5419
507791
134527
752932
878913
838924
593839
786997
156122
50836
620213
677545
361089
119039
353857
267067
640898
519248
251821
352415
621133
218067
867315
783304
828947
182229
439200
637651
545325
867968
193600
250835
849981
64754
489528
369881
838988
799737
94098
32256
603154
493933
342259
704019
103987
347625
764393
82332
712967
787432
347712
786025
160178
10296
542099
820381
366834
140958
306048
64016
821816
368518
817588
63044
846669
208900
602886
371685
216245
831820
707968
441724
776145
500106
683543
97649
625950
136063
90108
378874
433083
198745
116202
754820
716777
308014
77728
440732
236459
353109
563049
321179
586092
398369
486358
259436
148255
556826
673646
527227
397122
827834
607388
583772
372028
349025
454118
200309
216325
362325
867550
858217
865573
320793
322065
504706
504212
34985
741564
665082
90081
309775
254399
574854
40302
832422
820138
240448
111353
416073
567252
157967
210741
369206
799338
651541
543862
15492
560708
353013
165612
15838
382547
291167
545383
706299
468663
6297
504377
887835
267085
232107
824121
281025
330854
864647
180291
806376
196562
388500
631388
634083
87867
16758
460180
527956
71215
312475
7140
498344
570516
220676
400631
126958
262208
439854
126373
68274
723745
220732
370266
679323
730614
486531
436310
194237
331905
260753
259661
343579
379188
493659
535886
442269
742152
287138
264353
477737
734381
594017
783242
692801
581820
210870
561994
815641
140808
227818
33028
519316
595026
455007
237053
25242
486460
206997
94685
221144
487797
638393
330578
637396
788915
598250
33843
535115
160223
104681
324674
237672
486346
198237
827531
587715
89086
426495
747465
166549
223151
418185
448616
369683
342672
828502
634501
355182
718626
319318
472817
833638
326598
353297
257844
561734
427444
33045
27183
13568
838884
776798
367738
339878
554762
707328
460011
6274
522175
245140
644792
288755
103578
339869
228788
622213
61693
474294
542549
866923
550923
767738
698775
402875
503000
316687
356889
40870
294585
776175
276420
526994
92987
895669
100204
282614
839919
714273
264271
238898
678179
366952
214075
822025
433387
434459
162317
26012
99358
704497
413651
786436
620830
302388
819378
96075
64879
660613
388675
400263
355720
569037
644761
846708
230951
298690
34046
39821
308255
895314
356283
466759
96525
487310
810550
89322
7433
805846
593750
477933
691575
895933
72866
153293
213628
793945
243591
769449
290638
197129
764056
736413
37701
254915
149232
207257
316398
338393
46003
503454
584349
225831
519602
299508
224834
672604
7853
83307
553845
504995
609555
815532
338060
617805
684710
615450
745835
880828
55929
293419
217146
135118
535867
873373
307602
225540
702829
326455
492305
65294
403631
535037
728526
585206
830553
265263
844390
328101
759813
680831
622805
666517
586186
539565
409056
234421
195874
731200
5134
590770
870637
519235
601975
711080
384111
820058
447221
521189
583829
495040
240343
671158
211093
882719
174581
725201
513331
816682
753661
534334
762720
224122
45740
300514
650684
864452
809080
864393
295644
594963
441482
547759
223175
799911
727177
90156
672538
745033
10417
858842
194220
492265
119075
381668
686955
542135
407830
323564
885093
356603
680619
459225
341667
399153
295454
165148
870512
880036
406808
680285
886775
341318
31073
704295
6250
567017
371955
517580
583839
506813
625258
44694
245301
191239
200856
352908
545364
46298
570581
621277
167442
528820
114739
6028
417234
25975
180207
130967
306855
355779
620100
3110
674071
585453
875129
755245
655738
476254
592283
373086
322466
497867
629957
547438
783348
606540
625979
806562
143828
150235
369559
243126
551423
795722
155226
702409
32722
135553
142500
858665
727976
627315
350815
897014
626944
592797
287894
746198
399389
112666
669411
822901
481606
578726
19013
859670
93390
711469
237264
299738
497903
432078
49119
767339
828911
762833
844324
476294
161733
471138
637088
266691
373460
572618
709358
48131
896150
121545
603098
663413
322708
795441
499920
111172
61425
325794
775982
116289
722919
866750
95419
198920
700841
783240
780881
465970
230343
893981
498613
256502
756176
892495
468424
465148
123794
570522
670773
339840
520861
439653
318699
50975
579397
776951
452773
732642
65926
885620
312677
819268
669250
637106
678623
608673
320838
700572
800913
474204
743307
718658
261873
860141
411096
524795
405438
395878
390020
899800
155160
830433
238969
767558
611020
209544
304500
41376
535208
624608
203913
377455
764173
503058
121412
666463
111937
584343
223370
169503
250756
846784
753822
599188
170395
486560
802623
241178
686568
551414
759662
669657
339643
278138
887726
529951
470817
373251
435620
428384
143867
127571
17630
384039
590250
720832
880144
657368
480933
368704
40313
129028
196813
796176
103076
341031
188920
581697
326410
671745
640489
305792
493557
692655
92769
648416
156672
111269
490511
466309
273338
327467
306531
395984
546313
507025
798048
491490
150667
529168
22319
210703
491191
780511
851696
266913
66850
526414
146444
629126
107294
384579
26022
187735
731773
736239
775055
872389
418323
9547
275225
139650
466041
60852
209091
394026
537550
263456
671156
265612
644376
694877
220803
642744
571336
211045
545010
271559
15804
878527
604282
56770
611325
854836
289634
365712
413961
485868
463849
236607
240075
608454
654051
452686
446534
37073
796769
327028
477201
810409
521800
1233
589788
598545
228228
156432
94064
258729
175958
668501
614805
345260
676840
455849
812685
491401
844001
893598
627037
35804
207859
605697
92108
578505
247826
202396
282372
111348
693279
372388
812406
677983
563939
76806
785114
473217
641783
636841
595988
761696
733632
364896
290545
31755
70168
682799
61072
286198
58503
199030
385534
805970
124241
192703
569210
834824
688072
632128
557848
549330
763426
215310
896929
832343
844038
813982
707255
61281
486240
211609
732822
714461
648180
675899
332533
87086
565679
687880
871276
300941
60089
668844
253744
292130
408998
100685
10490
469368
876107
183952
35110
430368
889870
896612
731478
712516
892759
819343
882550
367973
38915
74899
169147
408020
860599
98364
498853
486922
563793
46888
431460
429381
360537
24372
184182
869183
688055
488095
414766
541580
458719
267198
701648
521424
829799
536444
37049
646298
832441
737834
279356
95521
876899
860778
742311
828218
807052
886100
806244
39507
501665
783076
699035
180623
192206
195713
614197
15198
450824
860138
886555
261752
694950
421502
342205
74167
883888
784520
477966
723566
592912
90566
527789
363273
214182
391477
673119
752322
468983
488666
21175
187613
12613
475823
580663
101473
657593
102216
164432
470324
440797
867553
130566
363633
55814
875910
31631
290825
596111
762622
717946
501523
395681
507957
346828
237393
230222
105861
514181
773057
892477
64672
522657
630044
663391
794109
252667
356335
749024
30044
509900
749139
608505
543959
689361
837035
882402
153416
721354
833337
782182
268209
5727
547230
413743
665484
231293
64781
219231
115631
763294
437194
685984
518363
280519
344772
14932
100386
563691
862475
736870
652434
820204
606128
192577
254402
482369
616985
458687
259000
577619
197501
637913
119349
13858
395714
568958
127358
276997
702096
234687
807144
79887
658769
70951
79902
205420
144200
93639
328306
10474
446380
391407
461502
188725
438239
328569
815158
739003
800175
677312
740140
146030
766888
812686
877118
137864
730899
154098
480224
269544
796176
134416
438242
633786
250635
114579
212703
497973
166654
718846
547201
65054
526531
491456
359091
681898
571380
267653
290149
480289
232417
487369
267286
753406
778925
391751
278497
717747
747526
439632
807494
593065
110495
471864
180723
75301
12395
411722
173263
187846
50936
877307
133124
122250
31750
799356
44710
210160
218595
790377
293220
278265
608932
49630
356010
668648
556290
680137
559312
34344
301294
658011
668163
735309
3026
755224
804974
852082
351142
48911
21957
135489
410636
401027
179469
567762
727721
339079
327915
168043
591360
581224
365128
433061
11052
126596
870750
366319
66809
111736
24161
546252
525536
572695
618156
496311
301085
285463
132263
830951
513295
637638
533491
725741
146220
692122
679570
615610
115550
858917
586838
48766
776894
865543
809220
642219
455755
643517
788451
483832
346791
41752
890023
383361
152463
108329
85205
509772
109333
129496
758131
533798
329115
658707
340078
658636
520397
769251
512390
729702
703932
228123
434810
340557
425203
370794
383595
638637
616216
386128
663952
864998
772992
847980
122134
548268
348111
61876
237202
486255
414764
304958
145316
29397
617373
645019
543465
395618
403971
377444
838557
671354
218740
487308
718667
684893
331057
202997
150068
353457
420580
871230
602423
711646
94233
751930
100162
743474
122933
145980
604086
285445
577687
800142
720496
70102
73769
826369
259673
172148
670498
784895
479372
708922
488124
830908
206911
414578
825710
31147
734320
147578
470821
115629
164365
574435
113540
877700
623808
484438
319604
729637
107669
657393
32265
840108
540554
669999
448436
843497
763410
447462
494142
126809
691685
671626
614088
178000
191304
884559
532732
650353
888148
819051
27247
832640
348742
700794
697237
765294
828578
76795
792833
174612
614181
282008
109528
502428
613606
809699
860017
442392
83431
206267
661739
605397
272926
365486
552267
791530
696570
155544
531696
322123
115733
728170
174709
574107
141365
636518
867266
790878
63006
726599
137455
871052
745688
95773
584407
180993
638616
500821
880596
103249
466765
628408
357245
65849
647530
533450
363737
451313
689067
481042
471518
360669
551045
882074
656363
318243
521295
604620
869502
755926
74151
432956
351923
236145
859522
861989
279833
432160
516116
460779
40850
284280
371864
561408
40264
115879
718108
112226
122183
660966
255181
381793
720570
143531
48346
20702
25605
235674
687207
852303
592604
548732
252657
462752
172095
228328
190361
115667
829460
150717
344814
359816
56991
34770
418043
311928
349791
652068
777899
647770
494984
374031
749780
611048
253880
571992
576647
111324
476248
317671
738002
326132
30162
343986
422576
156822
854890
757235
827599
184652
160954
799260
56603
349424
276045
335553
561963
170915
718392
297076
206184
874774
379664
103087
279798
485228
409804
368393
607136
295351
229240
300811
507972
264383
760658
342012
270616
538337
548581
809209
486200
599860
523456
429024
802862
346663
28467
361579
32284
245094
626053
678235
792296
505755
196020
484522
72325
590960
281898
508770
690106
343731
79384
750060
858097
1235
617906
758656
291230
481575
547558
317595
380137
199982
501018
556015
830107
779729
164482
522836
589473
234724
584603
647836
326240
400491
119143
238884
630677
692089
449445
26983
392135
497332
513068
527597
118124
157333
513892
642240
816404
719371
866433
203327
340246
892606
272093
546827
788694
273073
697776
625470
843791
119586
425326
413980
316002
328715
766238
872418
674971
643882
206707
17691
135357
183198
406121
47090
204906
303816
872221
772001
530480
243665
498601
587336
851027
242506
420411
25177
683699
632141
249264
311279
616666
874883
184434
511231
706084
460320
875276
392423
668779
860040
283654
747300
569935
797557
441730
201151
22334
349200
691953
401831
604261
42844
892274
542426
348211
849043
324616
153532
106022
711048
116439
17386
525653
528076
844571
300073
622713
719884
221094
43672
130297
366775
865428
727268
842960
101181
406603
606937
106717
501618
223924
52790
277671
885010
149329
286169
167979
534399
333882
586394
340260
300006
808216
216180
80085
878336
370397
138877
603926
583188
5086
644183
115128
646170
750447
364575
469751
645018
641785
223043
351867
266482
646650
579857
196299
819798
635961
309482
591535
220914
404036
467861
187391
597579
254408
840848
482062
158820
734796
866433
538093
736157
800587
242058
698045
599317
576428
625499
352501
326416
239007
653730
795979
121395
50935
876765
398371
226124
219934
580816
208626
237487
488858
229778
760461
680667
533530
205634
641907
526972
841052
509815
489203
214153
839135
753428
779196
229549
68703
354522
348511
659267
208050
522552
322819
510138
593246
751294
70085
362136
185045
787919
839945
145915
406351
86997
666145
479450
222402
850062
244249
95755
582816
400932
746941
114398
15950
307002
634568
49222
236316
828578
673194
105559
438693
716971
141044
813898
341445
722296
700419
210142
770290
718732
247655
830873
560184
149569
306479
1005
15029
855865
214099
231285
134638
418411
494334
359806
489132
451487
594678
353763
112439
615477
63336
724624
251917
136958
112437
706984
852798
289070
391731
176578
157319
298090
472097
42542
105290
497468
501068
139638
681510
124357
102743
636671
647576
707346
471274
817711
481710
869607
751161
237512
871492
33079
348111
365554
260157
430934
487192
24375
762591
720582
382408
550472
695179
265453
754731
604765
532151
506824
245802
384954
43402
226520
367959
53197
824436
186011
719125
53651
208231
289590
622406
558586
890582
161710
643858
291777
135049
399222
526481
364700
708794
184322
527190
516948
258863
604666
603609
857611
646196
189642
241119
251229
58292
878934
128775
800546
551028
1515
353907
638160
522444
685009
181681
847421
426019
342844
405670
734338
886118
723202
230198
768571
861668
427719
689554
133002
410569
849331
881566
47228
167765
848549
575005
388163
886233
876066
714556
830595
805165
172422
624345
492392
189520
6682
677006
729748
144829
131046
139229
595575
724935
225502
584665
217879
558609
168376
740814
870895
762061
609406
616815
286579
357998
146911
324602
212945
147147
148416
650250
273075
323571
260175
727417
833921
363016
802936
282704
127844
40538
46640
232972
445029
378593
823183
615535
594100
443925
16731
338592
123813
574317
655167
270847
628884
832595
244922
563497
289097
298465
311604
641637
309271
162874
196683
445257
894078
151783
570028
238924
523376
638540
167166
401448
665745
586758
328312
411595
6615
330212
825778
179291
833873
289119
769560
79683
311940
203384
116475
602079
326640
881708
439426
478496
672178
434870
807999
604956
422883
542561
460124
108373
435005
881960
868627
450884
212925
697101
241533
53762
330979
66546
240514
162643
327671
481559
878063
750543
247847
254928
115654
186414
149163
207554
662447
35888
525641
519515
224972
459718
876211
312523
701195
88320
873934
712770
505524
337716
653806
829832
262210
747687
764382
189907
423503
662972
574171
680968
14215
633751
16320
218129
456703
644652
176540
579031
572318
544296
733471
683004
475545
92923
596212
213848
58109
854273
410440
711375
473381
231084
334345
222379
236844
794256
378473
872730
898396
63466
537570
176294
426181
482766
323539
42381
410921
710187
561993
433054
888116
392477
694969
328303
880361
727183
353833
131901
340247
160811
258606
633344
428298
370176
649136
859530
711486
481935
754794
884509
665807
546226
681422
406246
853579
22152
128101
252154
584329
774113
95732
254699
891923
282819
317594
581575
228127
72663
602838
831789
697468
139507
480837
90156
888999
611077
868969
501946
520540
833368
581093
396686
191850
747206
869636
270363
763583
52731
132506
232938
344963
349025
273635
328051
277377
764685
156039
476471
90784
880390
661343
478524
331792
888589
516241
639654
726719
230093
718774
481903
179563
788289
334013
890915
216210
665052
120617
288378
539045
152089
376341
867026
529051
613055
89112
790601
534754
76880
639395
425268
781936
636719
572136
161919
813783
825100
310548
140642
655831
53070
366045
364700
681742
128092
555383
121294
516522
467527
203551
182390
758591
657559
511355
302438
751540
877840
720825
75169
598072
464320
448371
606098
756978
408072
641460
280617
363702
763397
35317
531667
146899
508475
477888
511893
898377
649309
63926
567396
75928
39259
475276
472740
296051
97384
645519
518842
489844
491430
441704
657264
630633
69233
447899
2438
440140
497893
538345
427087
170064
837900
94198
192175
173175
186344
170309
741006
283040
164281
109631
6681
157886
821420
891986
447638
648324
253409
683446
726626
526653
212311
260299
486186
219736
34934
366014
824098
891328
686584
174282
700932
893097
754069
598363
544200
510342
492073
489647
21660
745144
134372
781781
726753
182273
396495
92343
879203
209623
37366
821331
97554
296788
520246
97892
825345
795369
178467
315553
666011
285427
365430
206971
223165
301830
481747
583722
334547
106181
320531
573665
702771
829076
61202
261533
375248
276037
248630
42845
747836
696174
786106
287307
744926
825820
612695
799833
823499
323489
79598
43879
764868
762216
804436
493601
595148
79721
844026
193508
326693
668888
823128
161153
590630
93560
381494
122490
47674
810669
848951
83530
827479
231759
99362
187265
68026
892859
72654
513453
562492
657859
836777
409076
508019
257925
763205
219134
91208
200409
717664
488207
5872
808963
298990
746578
525353
734953
597925
581489
814771
159519
203877
821472
630152
216414
131042
577850
697017
481331
740303
102084
756039
699187
57705
867821
693051
756460
137629
788599
79554
735511
74295
318959
592009
599754
477192
399607
226448
554154
701010
395494
304174
114877
491924
877445
264194
508797
90349
12218
383889
404873
185006
225665
335712
810933
598625
236886
637743
371330
131376
410736
293232
483497
386035
811943
818660
522384
537562
813334
218513
287583
359699
188572
787009
735596
498104
823772
362489
187954
831032
447556
79380
890400
135840
90154
608092
346190
838214
121042
524357
381835
746834
780237
531270
581554
239177
469084
736148
718650
511864
335602
858749
167308
566521
565239
469726
572720
71397
413704
330050
797920
97622
456188
537719
899806
526936
463522
350062
362049
269388
145414
796175
516299
200855
302290
357015
836630
410381
643249
709647
155340
734230
443503
13802
590518
706171
515516
707226
264012
677936
469295
292400
604427
110749
767623
7342
176133
317706
9613
489739
512339
838278
19637
468258
189573
94548
713828
412215
557721
152851
729771
214408
616650
206569
502865
669227
620032
758507
339055
188522
582597
542667
155124
296023
501752
11327
730537
333069
646618
378826
576015
792838
60550
388553
