2726
185110
303646
406188
394536
970830
14794
736613
194499
76423
475116
678978
843142
345255
604082
721767
389381
31216
859384
497575
146635
148330
990657
272246
225316
314783
155347
112630
130308
917376
516271
171245
298135
618597
749163
728216
510886
928690
452206
277720
684707
328085
498312
841547
195281
109931
215467
216822
486226
475394
251146
10462
582350
125625
682445
460342
48253
425156
662126
646194
629266
694412
698739
23098
260485
732723
299336
385530
682683
383605
137144
451926
947219
426218
262536
863227
806095
513512
224816
634449
236381
223557
538679
258508
371138
270586
849770
67298
396898
254435
410104
324247
249134
383714
752877
233203
171178
978532
33609
789461
635609
6395
850941
739554
395784
565547
616321
996502
560885
610752
704724
778362
645658
298588
669457
139062
19545
998927
181419
335678
972421
103263
694149
197800
593674
601639
2865
598494
881275
625691
33154
196591
194486
754473
112079
492416
300662
103163
93447
972191
319541
822873
142508
317944
523452
388076
129326
67040
410504
396317
473445
737935
676251
723676
695209
848043
564828
820925
148433
628031
583211
652284
943687
530378
141509
99745
835589
215604
422929
634111
992174
659739
220741
969366
825355
56908
305912
409048
795040
550030
164932
164681
829994
893336
615639
414719
388856
50530
778711
531401
731043
279000
639471
223724
484332
661547
389307
30664
416112
907842
52236
189658
708618
941839
92696
91163
277381
55740
361729
500037
472956
929539
770816
278965
289553
996125
318190
758827
997126
557330
599343
259183
686395
704815
993723
247887
840580
78358
596170
766467
460134
660079
222556
234673
967983
741436
516066
486859
425007
120779
587788
927574
127318
677380
927280
128902
356780
856482
478931
864710
758183
608127
858968
859155
430764
633223
742723
3016
454245
179151
547048
892724
843771
410750
618804
369447
342640
197673
378967
893132
395996
663421
520141
420016
605379
309141
623432
502049
730831
1772
916348
865457
304686
304556
392326
149594
33674
43941
963642
645627
181153
340313
74823
12865
870658
926580
759561
797921
668067
26905
18731
361857
112225
507735
283895
866742
339540
336442
595708
502760
651854
743422
962843
374098
294577
811615
610350
983590
342634
476299
382036
536461
976654
573817
198301
402764
853519
456403
321615
951298
163867
483599
372115
444942
934353
421020
574783
542797
579040
934391
323777
763393
829502
500316
678628
194381
814082
644314
371458
433692
325023
832639
393351
315618
236286
705459
767773
730363
730423
996065
806009
943471
99819
539024
875778
428695
485760
141840
832473
600793
729466
517007
52105
689550
505971
891595
401933
21701
353271
977634
990392
511457
329342
615493
663429
763037
278726
815627
425403
262000
137421
873506
829564
214539
36200
659808
695339
908608
822723
745463
60024
219068
90998
93255
801034
932149
166464
765838
122632
752095
102882
9018
995587
65623
367386
209567
278787
55331
582010
364292
491436
552017
32229
395864
659788
842619
641830
706178
704708
930028
554925
408662
933201
337245
188135
14691
854455
893528
769721
901545
806665
43006
921816
827816
24087
84388
159176
113875
959540
128087
933102
127588
99810
684480
192532
235017
571485
723619
635450
659004
957505
469249
730451
962864
359704
178846
628963
851460
42141
756786
62240
962117
769543
527789
337262
432296
790762
2586
735012
207629
81694
526966
720493
521235
30883
814382
38648
734178
870246
788470
786640
228884
996834
63560
395721
360961
394019
425084
449558
707429
97767
416320
468152
90672
281565
874997
101649
593323
142031
307623
195991
681218
110875
462630
963812
924978
10908
83333
132585
52047
448169
501999
607875
631218
865011
18145
239142
51007
825810
390151
807477
786255
705177
708023
844532
544254
138021
205892
925909
910162
475125
151616
477294
824518
994099
476178
353612
942579
820113
682159
965025
534682
193039
961592
392792
816528
195545
364784
225865
807110
478284
64473
122952
803892
847513
893546
82776
103522
511298
453486
262269
999123
203266
950011
318767
854606
139401
365070
858603
833802
742437
820352
805539
5877
786684
931687
525141
736417
271542
724300
479673
602892
239031
103748
946515
15754
329866
912941
896425
92369
650585
670599
800271
105441
625816
533612
839262
36366
641026
485869
303619
192875
978684
265611
957043
474069
744981
29647
690044
923353
782575
388678
941431
435075
639991
742941
294298
619076
937167
444692
573610
116158
531598
293282
432909
107376
273053
955878
884413
118201
892482
426949
662809
904138
896313
380772
287957
840813
395710
253955
119442
460268
57384
292020
681609
978143
823599
724280
725664
922774
211342
416949
822495
819615
532612
45653
889788
366964
396852
739389
772050
252100
275820
369064
808112
637980
442370
64608
440846
140082
73754
344857
81115
889742
378821
677098
677554
463445
259844
365800
845162
379444
935466
784097
65996
13733
780511
613490
844512
652897
865472
721542
471392
41762
407332
973739
200142
498068
363258
279826
165025
697368
86158
13603
876379
229747
926634
846523
411830
40921
537817
995907
36028
155922
590023
819950
443958
946247
6788
991950
525564
779244
916839
372116
957867
460617
263247
90338
197877
856038
169413
66703
907411
335954
959933
4150
212181
641552
613180
773051
804505
979743
875475
12124
232474
180453
163337
578159
264608
653687
204375
503934
932245
28871
701452
840891
838200
446955
639825
925537
630890
788422
455879
431338
494630
52053
812556
441703
951054
975256
899805
180031
548256
900634
769301
920326
309063
277471
417748
967353
65358
522410
114555
107028
972335
96488
69331
829968
216522
16124
395341
64188
474033
537512
255204
399415
106080
573588
586975
79112
882634
680063
506162
448282
326478
814399
845828
449111
443465
229942
444556
895391
704645
284051
612820
403813
688462
947202
924576
745190
347109
886322
379304
370823
915470
287040
491520
879179
370948
2309
311192
346478
127757
912313
198304
156640
434216
643074
853060
579233
325218
347549
191061
93749
579463
736295
441159
195461
118774
129289
45975
155922
430030
105086
372485
324310
494468
445443
852479
689913
141719
888602
418590
749549
825754
590010
822537
769062
216688
547286
886455
229945
690711
125960
341779
494672
775834
996186
806584
65736
402922
486129
638747
566631
807880
254807
34312
298557
501721
80419
213317
915990
522459
742471
412947
489560
388919
677814
548882
537152
361580
350704
656708
794995
540651
281131
40938
739396
959426
962400
777034
312065
783984
904111
319634
78586
756375
240687
442839
563791
161999
540950
60534
426421
959126
591682
110555
693509
392998
804066
745824
98304
172447
156227
90189
982691
76196
423739
165374
402659
133698
146540
125282
390662
273929
910645
284063
101726
126975
43259
223827
430114
915818
616143
467702
654570
682764
459708
357851
604231
649324
271792
744533
674812
81422
575621
905782
760349
506884
657706
209779
119363
170909
360562
2915
323178
182332
791801
521126
152871
230533
987951
43491
46216
999792
365186
70889
125130
149311
341804
129911
995377
494732
238230
489111
33992
143036
216295
138852
249973
642640
655342
402221
558328
112538
871336
898802
35648
406732
10990
14411
834922
376747
142718
886568
274967
740451
164004
981747
790312
381365
649924
849746
29849
99596
451847
723464
49271
349101
199776
961723
891839
422987
369146
399312
847253
406074
666048
74802
240733
422716
892552
670514
575354
269112
200029
698057
871329
532296
226791
831032
917081
724785
123065
375888
826769
575406
445303
645966
22301
826597
937314
65758
134159
681275
605762
80832
164910
813123
315567
736904
572374
682833
246651
717055
225579
153773
905151
163112
89979
45667
344257
749789
979824
121720
239167
727127
537326
133175
482138
388171
638735
856617
584354
405362
783096
395170
203898
87522
13464
704824
465000
650904
976317
231567
971643
246615
968658
45904
485145
948713
693369
635192
325668
931908
973249
700364
59721
639048
514692
910571
443045
124837
70560
939835
523219
274650
231696
557701
139798
876568
461798
192093
922208
140677
287655
532922
179517
197468
473411
455268
656863
632561
291375
10763
395974
552594
345185
397491
608652
694217
639975
13389
236938
426239
293861
970466
171819
556731
283753
181736
203979
36615
167085
479671
308107
269363
449768
226645
586228
160115
487697
672941
217413
511971
212209
592735
362138
464427
284195
28529
167547
865918
546027
644002
27711
274492
134897
522143
369627
527672
536473
310543
187276
669523
883711
604041
337628
632071
600148
31653
523219
489792
481872
877360
533758
67300
123155
96953
898069
151220
78044
128776
39755
151882
709860
960494
691447
354882
368088
856760
926170
898486
645490
743549
474636
417185
685043
395159
727880
782437
117759
447278
213840
179367
411284
415984
196542
403480
633512
771293
337129
295951
925087
503806
394352
490770
344806
441013
56614
462132
607727
914416
844890
157080
763145
186423
795393
71443
156187
436517
89795
623536
700796
863348
252703
718093
496242
520753
703867
829730
294534
992846
295820
449890
751104
903830
931806
383097
579525
142331
734464
148982
800649
59019
193168
755779
408178
214465
348574
25295
946763
85496
94144
726988
307873
239163
186418
63572
990206
35639
47655
868327
418047
934866
288688
54159
28116
439956
145864
860324
83924
332803
856314
555116
930875
805006
680431
860442
410561
529503
470232
78263
614807
975699
588340
773022
613249
773062
362686
181345
678027
94343
42551
401546
422889
12587
429131
562491
82287
157117
505251
478519
367465
19539
15494
994745
456024
848764
333356
428802
804106
677269
388385
148465
928788
808507
373138
631306
939951
140890
11576
181337
198893
326436
459294
280367
450966
78686
481168
629003
854755
799828
617122
274645
622486
464429
247002
659139
792180
499417
911867
719582
310560
476518
356463
887903
526166
364978
93648
46387
608832
241403
849875
472862
615672
79058
482385
587707
962075
783150
251827
168226
118854
250973
343034
780130
239920
12630
499241
626861
46884
996073
873167
261651
836889
908631
874357
139047
768432
454142
724832
480254
732809
994221
630211
549205
907073
683414
906820
814354
631052
133729
883561
545571
411884
647069
962079
349891
157452
328145
306983
923547
29499
642673
625629
639493
982280
718956
386086
360043
763382
565282
73206
395982
525148
644723
115132
856163
608092
507891
44650
205783
838141
867961
585380
254516
128936
781015
704772
163100
141692
621731
407368
471153
215374
411060
363417
385879
492928
962281
999672
374865
453052
907555
36551
345672
85646
56082
963250
642986
405980
833965
664952
54383
749122
411323
67802
593399
847630
501455
915870
88464
870101
704145
40768
537683
85488
812598
125558
109101
406423
874513
199967
510331
803479
219011
814407
564879
471923
188110
203865
28112
368149
420616
898338
613502
603119
228715
161790
345298
560179
981385
940769
123139
267051
933597
678340
76389
583413
205308
337641
145644
562143
557674
100045
156175
674587
348488
778474
142408
26591
399723
878374
79991
223708
277065
240283
473254
720984
147597
912580
6568
391082
532426
771648
114394
803154
635723
467142
663563
202482
467656
388646
512824
703149
991094
587448
744688
177435
770422
490019
441878
342374
905517
982731
851077
629764
836595
584408
107214
943377
139876
53728
985756
287559
288341
482608
800185
466973
868705
134652
96873
255674
9761
396064
34036
558549
954041
172498
473538
842411
774415
246375
935134
450395
735831
511294
270301
40417
658826
223757
266392
403885
657205
308870
867540
810079
237998
711973
485315
798114
628193
29081
304867
971938
765704
522508
567749
33707
725497
600657
128040
209376
71385
676329
771076
777236
752814
187250
308834
593224
82131
980141
674920
411714
810564
557354
614323
699398
421913
548050
938397
10931
946448
651793
917022
513597
843395
291294
860046
315523
146296
748712
581192
646989
623511
675295
468907
194339
104566
7004
938938
631052
502608
817837
540323
473186
619605
572865
414621
739918
314715
527468
636970
597862
882226
874584
981436
434656
319061
512009
311604
601905
523835
219595
360453
208454
858061
578682
601527
417950
317043
758574
496904
208706
923336
68993
234669
324706
622636
815230
370998
236046
789431
906151
69903
252301
404874
100003
957538
576542
656578
466690
8474
197256
899142
253743
474051
265504
105024
773169
734157
534103
889449
550173
839087
104125
810044
528924
470185
431574
556364
442389
351137
366615
45681
173686
2415
591230
267294
590180
823732
855691
206030
771389
412581
330270
123805
822726
722278
982574
967667
193334
804049
710627
331163
149278
836629
977873
602610
293939
580347
236626
978042
924602
227524
734079
276302
225870
183919
197387
609584
738705
525463
70332
908862
269421
734264
370438
750212
588486
817362
216389
400554
543614
271782
132310
832974
880932
630557
69907
82029
501754
713672
907434
277498
231649
312962
530138
559505
813347
116594
559305
231429
158173
440109
500996
500501
279879
899128
54291
411518
12129
922923
739384
622378
987388
779056
286596
445254
951011
807339
430167
844145
618212
812852
964146
762384
818494
21183
706810
391358
197480
234077
781836
431649
449148
247707
530231
468632
263359
295048
790234
302352
746573
132821
372187
383414
594085
414548
694465
243270
616143
367523
621039
661570
822822
794018
242366
649663
504070
403167
600438
894745
565970
591827
227240
98247
981026
818502
219562
25289
424712
113485
973104
731006
342270
238772
407235
969682
737069
682486
573601
64852
942108
967657
149874
534117
940595
642167
416546
999500
181227
359494
979359
283111
106645
65721
312305
914684
837955
408208
160368
318254
700311
405547
795559
903179
138662
470060
457796
561730
216840
432121
593912
784242
892542
537057
791601
463901
243777
255766
629489
267963
66979
48536
289803
451627
324644
931507
301434
685829
645844
926
445534
623562
715039
248709
585556
515581
952378
71073
212592
460939
851369
6274
434522
478437
457066
298670
59650
17070
61505
527652
362241
24144
71329
330425
612878
208681
664948
116004
935641
427299
244295
443413
464071
293666
58389
693695
706059
777302
467503
301879
903261
474224
857157
965236
433114
907697
77011
903158
697784
93853
644906
338628
442788
31375
869913
628878
401530
863718
247481
698352
246816
894621
592466
112535
587584
719417
13933
658494
431776
757403
4343
858386
324575
780725
566607
415284
4046
241369
175981
614236
189416
550637
840110
205595
33520
394747
513472
279737
412262
775525
874854
115708
338725
71989
585256
537610
392284
14995
771419
347814
806374
931344
826760
35670
567497
956894
550588
428901
828680
934370
569772
188997
869605
383202
16706
391436
84535
7321
741128
591711
384099
740522
767152
651692
442
35441
652477
392401
707439
749364
928722
939802
189299
897016
24213
474407
690543
967216
44608
585964
134621
176017
268548
129619
636292
827393
836825
604028
53134
258861
928615
681252
43143
570425
85706
80227
24884
95763
137542
507407
683022
335265
541831
314559
586842
478936
768851
101418
783846
247918
682062
672045
230818
744231
289193
728171
551640
635404
730601
222414
121865
297979
544079
986924
207206
215575
987689
657542
72359
126495
40885
382634
167436
530140
850221
115320
738222
132852
180020
235073
808001
436189
727323
399563
844137
530219
408976
515505
173429
655049
761315
112103
297212
171270
467766
172380
248723
273863
633217
687800
141096
491803
575616
8068
169854
594604
811897
302377
18629
836624
178285
688593
891029
512511
485083
220650
482887
501215
765867
437833
809264
2876
713278
869419
843323
97619
139407
676118
239522
463565
788678
18654
33737
94025
55193
282755
599927
464722
84895
39672
548209
52592
299699
652670
916469
555802
209537
424495
183568
653833
629104
888343
951772
220135
405868
753085
178138
554086
667599
198911
323047
514478
669995
561371
594334
184622
560630
225226
26699
745364
818451
106822
118023
856087
114041
157741
53237
173297
189826
97470
833623
699819
303826
113664
87566
473552
975586
77569
653612
366147
283240
158140
899255
22957
512933
708180
294141
229390
390666
364285
780303
586549
54152
127482
871003
70027
956147
701120
543914
797961
917074
916794
844722
964425
205957
959014
268953
640826
253459
679196
216583
289390
107792
276015
971558
659854
932391
872300
136953
988013
4042
306687
687318
413561
805939
355830
799873
147406
424725
970141
983847
242404
813220
323335
336628
631657
849150
759278
543057
989994
561396
393074
921021
628266
912761
585661
241031
505877
361574
892488
880549
164238
32168
517878
887285
56421
299143
181278
934669
896356
677907
213798
858688
87624
139565
560650
253360
300237
674927
830396
627339
325283
185657
635494
484452
568316
226713
440267
558894
510919
443670
945803
675799
884855
365657
345029
413695
733116
822969
740375
347219
51219
332770
841217
23690
393657
918049
60455
22652
690235
442062
557621
893466
661417
301973
448093
48590
323432
237283
718075
413680
244327
823531
972058
472801
69418
827602
573264
536008
464898
356477
828676
426983
751581
325108
21456
506841
245049
999539
177985
16874
725812
942797
469627
695699
331712
446974
196538
16848
512946
236939
703411
809376
285497
22680
541081
681177
275947
306246
518523
506405
698171
226246
854410
973853
736519
791423
993785
639296
487438
242968
273789
622671
964863
827362
458548
491273
657324
539365
665570
96062
26718
281990
327062
890834
225538
779729
297067
375377
371968
670633
424682
329193
554668
53897
26701
915144
28565
525622
26462
222227
978811
227011
210814
177471
594079
657216
116674
658128
533938
963777
906680
480492
930735
297222
729863
214875
538180
696140
198580
656030
616107
47535
848257
451305
706456
702586
200048
3070
816523
294413
20581
275686
417413
687082
648873
449295
934423
582940
990155
366269
677717
622596
384033
658286
344362
688129
858604
285007
414597
674427
950105
909140
728561
783244
125348
730168
297475
95116
371607
70993
795308
792824
147952
921998
717039
870398
721697
434385
577452
414376
596529
884835
141530
632226
873024
843864
678227
555370
614055
928064
467465
465491
811006
352135
274006
897461
597239
67946
653426
514676
867431
721110
770046
556524
297573
498335
926269
198134
60427
828953
319458
570138
424666
106327
555843
856529
787898
163582
974573
96693
998622
287300
529746
975687
334406
26827
967966
189340
401886
741396
874663
646374
730564
250785
168131
318043
39783
58540
760499
845636
650634
204285
988092
550180
985960
506540
156246
829955
614834
303795
575550
611094
267060
591983
610150
428300
712405
13811
459149
868343
703933
365385
315561
781269
699985
781382
299199
516027
751834
202249
161557
531613
682947
372304
870592
771388
11457
158134
535639
772588
806797
526669
443016
141377
658573
190612
623176
990422
534865
995669
871718
190073
876152
552030
946873
663094
907763
658457
588472
150271
391969
907723
888360
356213
491930
36261
99888
991637
634823
408842
150344
27586
365614
632030
159120
817066
452108
360647
275837
385048
507355
237828
921646
813142
54003
817958
571869
981117
748813
316078
492592
273435
434914
495749
233263
331711
684786
17426
125969
482403
819360
449788
67247
303095
304058
737916
741914
90438
831959
185629
532744
