8787
373849
978182
806184
48644
353501
966863
26922
658719
127096
706225
634897
977417
550499
885444
239172
850638
163501
364025
876953
105353
503501
966872
359848
240382
64198
704161
601356
20230
14261
653460
1526
747365
278074
528525
931629
5879
343297
702727
693478
68745
551084
120705
198011
76549
347871
939197
207499
697477
899047
70245
716015
649352
241991
112649
462356
497090
691809
372803
170874
661773
838526
806844
352648
122622
762362
753607
138889
428563
982863
545834
541575
276360
365180
604094
369026
627656
286417
777068
847949
417856
879194
290455
225990
372112
824166
514584
967152
177243
905778
354596
673839
292158
362679
688395
912543
445469
398029
103577
438161
623961
457018
891487
278178
242910
821020
667212
985914
290328
658030
470964
610078
417029
616954
585139
727859
961382
307291
867563
329104
565327
337966
964968
683518
805918
915477
551333
832335
968776
757415
815656
925079
733903
146488
818568
415372
113167
124416
198223
523958
321912
622058
372858
636114
433430
603003
351133
764937
280524
618589
653539
949768
278752
523592
886643
241596
88367
809292
688367
733611
666049
716092
80150
922482
204343
807930
985545
241815
708193
937820
846059
588490
227180
684792
269729
709245
423545
168914
16697
232732
499912
745950
858790
679531
464275
442355
385065
231420
864951
464527
334732
628873
299213
538049
445321
210227
236056
272759
924551
152
507926
490212
503300
993099
661049
900813
855694
68787
215344
840753
869611
42625
335070
442259
731224
782159
420460
694501
847022
240338
772666
643155
46753
325052
184368
740393
791587
463537
990963
14113
377254
914083
316276
94733
885054
485260
71458
577629
66916
317703
985343
572046
514839
355532
74896
479472
64860
267078
322606
733521
515111
907667
558906
507403
526674
528663
142638
773735
773514
844797
779598
618157
865289
970444
866877
691978
305405
959329
405995
800284
831816
647951
373420
499804
187233
447503
978276
998056
589783
167718
177503
282860
127158
179986
18749
951084
570178
335920
18186
645617
536800
352941
520556
770702
335188
420134
209461
480910
549861
964127
747993
164925
69597
158173
133817
547215
471789
465441
133725
693616
791149
154881
11457
874664
71616
248292
576006
429034
813014
620697
930377
130683
197387
195476
697425
435578
135980
583111
520546
895568
945370
181530
663534
561268
136776
5574
711339
582107
264479
396499
981760
811451
931776
612524
739097
88891
95081
778012
537306
320825
633009
127591
223919
571063
399341
48903
522306
162786
5877
470338
629318
316545
977281
617892
26993
647671
652844
101086
902
389364
591579
476667
136784
978302
503799
466811
298154
718232
525781
239118
604411
276236
302135
462830
826112
714458
700268
760025
662210
202877
358930
578986
550
997462
71164
864595
426659
793336
545006
769530
450510
199119
767685
231277
289937
162157
720372
190146
530426
796915
434729
176271
510511
898776
457485
502850
145472
175129
584555
484703
655701
71229
580776
86357
47174
791620
666864
424251
114313
262187
570162
273196
929350
610655
346817
987387
254855
116412
116315
362261
616139
653440
927303
546354
849338
90832
207831
955447
762994
867175
624269
202092
376063
983959
689754
118933
187306
675389
130369
269551
534888
863878
219483
398536
357555
941271
961267
50811
185591
952094
188817
889928
450722
565555
372500
414284
577310
220522
460984
436705
17627
126135
496824
215380
701061
743742
7117
100031
845397
359223
605076
467779
432772
781051
322253
520740
101081
68973
371776
805953
100963
579975
16250
979950
58627
602688
148149
781616
290273
884759
115669
733204
96959
835583
568527
93420
196522
529959
127204
525415
779596
375269
798987
325388
956447
510910
228525
920723
742716
183764
987210
963936
260946
411565
498809
90909
786034
619676
905548
773426
75142
43086
310674
30948
407650
529459
269493
951687
555570
106054
864004
752097
673363
801659
515084
278109
437887
852229
592927
357993
938336
934657
628278
831660
71493
413634
60914
219943
275890
758073
931838
990695
554385
198657
571217
362276
934727
826437
34448
272250
535330
349455
177552
927681
216814
201773
313849
882891
555815
6658
286342
863225
812808
681510
80872
114682
455874
290811
40843
619234
541960
229581
319216
90147
217991
982693
528953
437738
11443
578411
165699
546712
132925
394933
396845
834779
837857
429104
206392
842793
755483
307241
941447
139545
892089
462713
89669
806429
819852
119819
927653
912928
825208
156107
911748
660408
333803
851501
539180
375816
430826
449111
614834
909109
226247
486060
971647
261507
472111
581686
643243
682763
52320
479471
462597
314331
476855
649453
43247
643946
319847
209895
318054
578358
712710
495720
26336
325628
145345
56142
838990
137747
967792
723199
268353
722598
68484
341994
586217
999628
466269
822133
566456
105542
608441
176712
431204
717972
683142
283125
132172
2804
921176
734979
818674
860408
326325
221462
885863
498243
549902
757372
151684
376544
922825
996438
701076
476222
698361
395873
671119
688908
585647
379936
44801
351277
78570
819240
213834
627608
375465
615688
682238
38416
144801
141138
21100
82874
388363
37002
375548
71776
293013
544043
381170
605569
879992
678096
720911
282642
524265
999494
440470
321813
573417
255851
168492
302677
310583
322114
612952
423355
283302
398551
444331
201104
538761
907529
520441
778512
422410
181625
27845
115623
512410
933262
40059
199563
2882
178210
610326
620533
85720
983244
745506
757949
781326
886538
977947
561169
880869
773835
253109
193169
944639
243607
124853
866763
550673
49884
555708
346894
700343
66390
814180
993517
216609
823065
480323
264274
257451
201406
610125
645244
988747
665960
871830
186262
31971
282354
586676
235893
402551
225847
862595
913710
414648
249149
741954
570194
895999
395774
981146
498248
840853
254357
550783
614789
276463
992258
792239
273130
878455
562074
485464
391289
724229
736398
767446
695093
807276
190805
919962
834518
603121
596345
937702
399974
768727
377787
418548
255931
941846
602404
539255
676049
219562
853738
856633
494851
736903
487355
22243
507110
926313
458920
432283
314179
889098
68273
698119
208238
381101
282217
131313
768775
854808
233990
171651
445389
337950
935751
321265
922
102874
691458
497461
265599
30648
804169
561974
13884
190701
23992
477314
72348
636615
597918
615034
887595
872286
988678
817165
241429
179946
812001
52956
412765
310830
432401
880573
148918
320659
706068
650652
467266
220047
515787
972027
330404
643716
26854
570841
902980
956069
889903
930033
361183
696531
545711
364953
572615
714566
381953
162571
312254
55078
370545
971265
390443
43450
219023
677817
498039
28343
961110
646488
179655
435130
841268
99243
134550
481362
402422
952136
542957
348980
247890
942867
221762
961041
415056
173149
195115
14917
246933
52198
686845
364518
946189
305411
866821
402365
94772
14491
106018
89425
998210
291531
114622
48030
7665
475625
709223
420901
743468
255782
425230
210269
522133
413261
185562
481607
460595
827880
276970
174303
736823
389953
394470
417390
239337
643654
519296
145981
531700
197254
237773
221924
907466
30360
114490
935296
459381
994458
41708
618690
78460
639191
392632
494756
635438
499586
207228
72759
908558
215839
775448
424345
358106
468161
513484
244482
289658
264622
94448
989245
356034
527070
924618
545779
26148
23138
998671
369698
535093
271458
504761
760493
799514
669759
591361
795022
329807
88023
174906
191143
82323
496550
809098
807861
11828
66441
241541
214821
739954
401759
677671
375297
438291
78728
916654
365955
723395
61647
81426
917322
578213
146660
424802
348906
735994
68482
202877
181918
887020
91247
187625
221657
925432
195490
210067
558778
964983
79486
622691
527517
478535
25469
352059
81933
883226
601320
756749
560600
609883
405762
517782
317500
822584
128261
177915
416829
542928
998788
919614
175960
350779
623
799389
690513
304112
284789
579271
270377
598871
55812
320380
451500
950956
466540
217280
117286
814284
445025
77691
439989
724960
511135
826992
793082
17251
43496
555480
761641
146065
263785
553498
420992
246958
623034
997610
401749
92783
731716
266107
495624
381897
3774
785698
22295
301205
361040
379465
64783
272349
674264
700812
145120
181446
899338
309555
507082
924569
82418
239373
507316
240111
761301
100837
5083
223673
38517
50148
402535
169898
969332
236547
684889
357697
919248
536938
519393
633206
632717
137578
939341
774400
756208
728852
98843
689793
468263
739892
835183
524688
466950
932333
834400
39840
102060
260146
98156
738513
356996
184798
486412
131347
318567
931185
39395
439475
384351
514280
753488
748932
215111
173496
238114
306603
402958
636518
996651
638022
239322
403526
268269
60665
160008
81550
521585
149783
616466
504469
524279
632874
146762
71982
943560
914208
397891
946267
702055
703314
338767
767792
781478
425073
262114
520326
953428
173519
374613
289880
784596
985608
603399
377213
777993
822667
552734
322818
7981
941512
40875
573923
879617
269816
629355
270694
848991
105348
935338
253717
864043
553107
183747
384086
431336
68211
196354
985384
133094
150947
115882
381692
627801
196794
297938
88174
132486
289144
355306
1566
397782
245736
978011
522736
388813
75374
546188
248732
114132
258483
19074
825906
626994
819049
764383
295342
91225
72061
180619
769651
599133
11225
320880
475432
95040
53267
882783
312492
805928
7093
302352
447159
534706
453865
684038
219214
405151
61633
889681
46050
141740
347041
430189
86854
944448
760458
397128
647115
955647
36867
394401
705403
115772
417573
651596
752686
104971
957188
234578
838155
289203
214837
610997
742303
306242
548865
48017
334803
230907
433125
658973
512397
178795
192770
185105
964390
704474
453095
644770
179331
535836
494649
864297
108562
715847
125501
97121
532771
637503
662658
252495
985504
961708
883758
351612
245739
795661
382051
316254
851475
385254
11469
643669
89970
207317
30154
356433
670629
407875
113527
653008
682409
561781
241876
485061
183822
509186
585939
453844
946651
853983
948482
762
406783
880598
888081
989450
257199
918550
493634
205266
25504
323171
161582
68636
719395
147630
595630
456272
148824
987583
873388
332599
884816
664846
79878
594522
658947
616690
855451
282889
866730
237233
202998
29815
743099
778358
109973
773571
788479
5216
695573
628817
385937
569206
379515
848599
774389
83193
352609
196084
183122
223634
908923
521338
964813
1067
129989
353612
873732
553690
842763
668387
958244
303927
531988
748715
44136
199822
705388
911114
25838
965744
100045
297216
124023
367652
54825
252841
217851
281531
175895
259936
625639
364737
987735
24318
428213
73295
589123
967680
196261
902526
509525
936646
51933
402230
229583
296312
947162
11044
239819
105219
865810
204682
975647
28801
164520
616752
959980
48887
590411
171320
270020
421623
999020
763663
403509
503206
257498
559424
543734
490904
828411
205474
760237
45335
671017
852850
706843
143555
265958
662075
115621
682067
142334
281905
49216
802873
948088
384734
77815
703460
900280
664628
416156
322335
536436
202880
975113
989079
263441
339456
773266
210362
938649
794059
286409
548026
199579
338862
914156
612784
789984
559960
673007
826846
90821
708651
635362
139277
510010
775282
476160
964309
829205
17074
67411
395963
48020
815769
721094
564404
289838
946899
513865
293064
184084
806012
296091
745106
917833
704368
672247
62756
428059
842813
746141
827079
241917
620538
146235
768479
302722
276721
36856
499309
159864
418679
739998
618479
420959
665373
663970
184930
137092
349823
858768
430888
592511
654969
452375
762884
613381
256634
398895
121473
144043
329520
376546
777714
199352
905891
559806
850325
700197
526046
395478
465489
231923
155335
220079
274143
815209
886032
342606
768837
757161
25414
988124
264828
350062
655111
828083
498931
961253
189649
424135
35692
655268
706997
883508
973445
396555
890922
104863
326673
762486
974909
55564
651685
554140
533670
648252
611183
976519
515254
454401
778623
781808
978669
551840
290794
367094
582185
520352
946563
545339
994808
504949
35530
86491
991182
157188
762785
57482
898450
584403
593785
747529
35859
746255
420300
379717
794776
256184
96067
375884
372116
270957
201079
191404
472824
979984
61076
266026
971235
379541
705690
746716
345845
608300
783037
190372
774657
825097
442221
332425
265376
752204
374000
464883
712290
536210
386218
535811
889440
209815
877375
302797
691309
921926
987279
964211
703915
782688
932768
278239
252601
750852
167130
109852
618058
279200
966699
556178
100817
124917
226570
539932
11672
909568
521625
631432
996080
125514
829412
118186
242243
908494
462727
301277
189253
263042
792555
219031
801545
973828
431984
366696
690032
879330
236135
157455
881788
309830
881782
581241
222787
101628
775775
550999
157438
587938
282842
199834
912449
410219
779294
472718
246341
456079
121663
304976
951265
514195
856369
952814
544856
353392
877610
388441
673419
458403
114918
166857
883023
510032
156612
652654
537945
125460
183438
861134
822294
353574
202390
303423
848855
192168
447227
656515
877930
169744
403467
304379
234436
801837
502274
722570
699034
848217
973681
999175
199182
129210
336954
944094
112710
713460
497399
771588
760025
86959
652603
255636
70947
279872
902512
977611
334904
775926
749023
506012
41397
97220
511759
294833
124274
798470
392260
373184
838099
973041
243049
917829
803390
319708
278536
43169
961319
15909
95349
420559
913990
560065
84235
711807
861226
476324
475982
144913
884264
31113
241008
766447
936043
218911
695919
403847
656111
972112
368475
324004
853641
539246
880629
194856
296990
354684
307635
819496
667764
85783
954209
95332
986725
511488
738465
796257
352751
899590
398547
278373
58665
472660
15247
377359
186193
593045
15631
135696
528640
547327
16618
319562
15230
196483
415227
676995
110386
487312
89888
190150
680626
353918
494558
988566
335097
559838
4770
848208
801718
57691
342883
844956
724737
322828
688227
205007
607336
702042
154963
893409
125608
207049
914838
771782
69623
156580
438110
410346
767166
365129
950131
613838
617509
693774
562194
527418
495110
781071
695858
272350
267267
159830
126433
9097
951155
460325
283277
28933
572151
225570
511455
36301
966123
695264
989826
500907
87864
201286
976642
436146
869063
90526
874703
163221
120336
464636
615136
128291
937744
481928
286964
937824
485721
512171
142515
985409
164035
965650
42932
491779
594304
982114
563672
731240
397710
487544
74771
198735
704005
970395
75
426735
595600
911873
569304
45872
472312
77883
445548
936357
971164
199549
358732
235818
491005
490062
245436
331415
909942
553544
429369
172446
61193
395341
735776
986631
848787
649862
639916
159748
167138
435609
603101
648819
943901
574567
223027
988657
430945
24382
498521
586005
942445
407458
436447
374096
886579
658099
700640
693215
877135
536251
309507
204266
537299
96278
220444
251197
258497
830654
724978
283616
203282
752883
256156
865044
221555
106499
262532
750637
18959
712379
242125
142279
102023
127594
549201
650278
961663
466638
170627
40238
40786
673886
491700
630971
863653
919475
749745
777246
65945
990228
978761
894645
272346
686045
282539
530150
959508
459658
263342
401272
269638
897317
101611
899725
447535
830474
54597
511104
360868
776020
184137
516439
33731
137382
799920
46053
762498
747544
742593
228607
860449
132603
384275
734488
183998
507019
918641
925436
45319
938992
531158
210789
126281
471217
575703
427646
903335
430710
379616
204913
630823
630199
575702
68015
706599
293127
597660
198844
721709
102519
112753
275059
689307
3624
705527
353566
494145
950961
502863
555114
243725
520105
193119
953034
361501
745873
753525
505451
257397
414049
961605
605647
352908
185133
539278
269321
782657
83828
882011
785875
933483
585605
708134
496847
412110
13519
554391
643033
743977
66243
829418
546373
937580
52328
442734
591546
356294
95611
529961
271722
852125
347200
458265
597357
54871
690345
103189
507065
898261
845538
696658
208960
963712
710903
90498
20966
745275
256547
113751
798174
610424
733814
147174
762272
256102
703457
843814
541640
160584
159265
450583
263374
450785
519174
870335
761054
872076
625247
670095
231892
58152
557380
729509
100310
57392
391296
299307
173197
320424
369561
578844
840576
833779
532349
774311
434703
5250
904330
402540
348426
380839
401721
411619
152172
472327
161640
835164
73015
340462
52164
527329
84589
58109
592848
196535
618152
43902
400084
119491
894615
596504
291428
771210
604437
24030
723723
907089
510183
305537
18709
985955
260946
734694
136566
185713
887703
336402
88218
800275
774605
488194
444234
487661
187801
838808
485560
393901
771019
460079
99239
202544
919128
73167
959481
340036
412464
760700
682390
913608
483004
777257
414903
90352
869430
981706
490060
384485
54052
209479
945488
465929
449778
575372
828135
787864
763307
225277
131184
19946
349012
822215
430829
691541
453861
939666
390476
717871
19684
571410
346962
534256
39328
687869
844451
570550
638664
70167
342576
501603
632934
344809
981053
976865
725051
583376
819918
895686
365751
212017
971117
747218
851029
985034
273179
895701
653265
606756
731281
245486
312263
302053
664753
887278
574186
326657
804302
39194
857309
176401
178644
72527
464177
307132
390614
964800
497276
966737
590130
862044
474642
51959
579619
949899
633443
780411
223715
658198
759601
26953
628667
920294
855979
718518
607592
930084
3051
210746
493484
357760
228617
280251
398126
914765
530906
307588
116686
954570
45513
507476
656650
647036
768207
891091
428934
779382
22034
677664
903163
453371
422680
512261
634239
797562
650662
532748
598828
856503
158905
649195
949488
732171
648160
378330
19633
903042
654644
423366
775386
810338
56245
13726
90439
56587
624707
239626
345289
395258
612662
174523
431702
758951
71514
307549
863056
662351
636170
693033
478896
688140
254951
40344
197391
900127
688374
618994
426833
857680
335252
992964
518510
807084
950934
153520
581726
38446
371009
21535
240993
897272
502498
824145
8232
477824
275916
112340
236451
772488
51500
647699
529256
514245
416458
10886
62333
988449
884574
460615
957954
451548
968077
216325
605438
774861
257727
2065
853700
170567
856733
329814
21057
576215
357164
927397
301861
249257
865665
456366
494892
806858
480032
323980
969480
376648
539893
968055
543789
364021
564270
980509
989112
328331
434867
126794
263165
90345
736451
338627
100139
959803
128492
407283
700510
865785
728551
828477
273538
678854
588685
925424
729630
982840
198842
982168
349188
286839
508605
650161
271444
769214
576057
527287
24360
592191
810267
218905
837919
453731
966007
755019
90697
463791
462402
816763
408812
482562
306662
973915
809905
686907
239366
273693
233454
379063
894030
464829
191121
371767
703093
31736
653669
320097
561810
138330
985220
574173
638296
800821
234906
94688
881264
670317
816465
945157
13041
673265
343326
881431
938495
993156
976616
579243
64253
968121
837520
329194
418480
223165
881889
119085
514993
318222
9494
887233
63054
202570
350338
2698
677247
198818
715040
469315
92480
967853
483063
110563
369743
745433
191658
317339
999172
26172
410906
269180
252360
455752
632696
86454
79155
673053
297514
881916
573894
40569
360473
306563
686978
470155
298389
450792
796323
621029
332646
131441
670588
571151
847792
382059
212976
618999
666561
320627
660938
687111
719163
287377
284602
510287
78873
689983
515885
524449
160287
417671
977863
723004
853218
489226
721088
758368
119345
122013
406104
807808
762847
611277
362168
315094
453358
975299
747239
565968
731738
713283
801829
144168
948351
393742
622568
236177
564199
258536
913456
727885
261236
39220
785865
454492
194662
328763
193053
4430
890634
396747
844531
406778
966144
174076
557704
17671
787431
337102
397576
639335
201831
6062
41129
384548
676890
9943
550757
119250
352280
813077
517778
41508
766749
61733
481183
327707
234329
23609
797421
79961
709077
397080
976583
618132
948349
429537
885760
330598
691598
709999
282600
440833
386140
918296
316394
661055
48576
704912
194629
349335
495646
461291
387237
633452
488911
698368
114973
585471
206511
229673
496452
854213
285828
83110
167721
597332
37577
206753
462324
241462
892375
88844
787610
499744
557487
729510
521852
509309
589478
566365
143069
607651
39085
947470
382718
337447
723644
186216
67992
118348
923227
530094
824309
600726
482637
498651
987372
62653
772953
116383
217015
354749
585398
820744
45042
939210
661010
270076
368243
44705
320703
494498
410176
60794
287355
244193
523633
943770
921754
655424
943395
284164
274258
898605
898070
554639
374627
32025
351588
692819
695905
156352
972575
726269
756127
80710
547717
786306
168250
227325
9698
764592
235903
610628
387011
433952
330042
411273
451794
110728
705756
868846
495955
78701
63495
800201
648442
944245
705338
309894
199526
762202
302228
775848
84862
221755
37382
539692
22247
987853
752922
90702
735455
630190
41946
391781
616313
290714
663518
78249
941173
925942
425270
868373
306811
948426
217776
899879
208244
656844
672070
106181
870726
951639
478503
564602
803434
716283
303392
777501
598763
520942
562919
994130
748732
751839
231620
436586
655286
293995
488285
63334
835630
859241
189020
622617
912880
183328
881086
408683
651418
666264
463227
367673
819990
625741
1166
47642
708981
399616
735264
84349
142693
856361
895765
517550
879631
223175
66674
571575
212303
320727
201512
746723
65233
626979
533506
352350
714500
820977
750440
456056
726270
389020
831630
836488
582124
507841
454524
261933
322292
373328
172026
360112
366505
934978
921239
32837
195882
74985
696662
974320
273560
845091
15926
547653
188657
349864
372061
439048
370446
679747
944288
681266
521013
154974
485233
142037
688732
984949
440358
216471
888187
419245
580258
402202
685260
431613
742050
525244
835042
992458
769894
702394
216227
339025
224825
90415
948772
425982
195039
76603
389407
837849
432731
302078
123539
541216
644634
653380
122297
843055
526591
683323
265566
576028
965900
840223
786722
695391
599786
861110
734539
86702
278293
239159
682630
6696
658854
55878
837948
540711
34046
957082
274253
823288
196492
951552
729836
533031
738108
702968
918551
468915
971197
577789
959729
272608
248044
40995
494333
330412
418914
563800
713977
880601
730839
379980
153493
790953
854321
140205
676559
711976
709997
699659
346412
216931
333224
410331
197588
286454
394251
54423
691659
162051
315985
898434
875272
851519
378679
980490
279348
518310
397951
519558
291776
348943
142688
684318
118691
426330
282445
829897
782959
857925
779808
280881
606671
901086
376227
721524
532063
397779
957691
774404
307688
815141
141170
190830
629494
649083
973471
184248
131224
981139
585844
838755
952180
787347
352868
817295
947076
665917
257455
604158
542193
661569
734219
724464
341514
433773
691313
619310
948001
323712
982273
930275
611714
671900
755218
152932
553681
432793
704858
44479
137078
342007
385427
212009
637354
190360
875397
550029
103833
134538
633455
631593
761634
90467
406893
635058
225109
373509
274734
700270
497794
51087
593752
656046
551468
561830
84297
803948
460957
206171
328761
863805
510931
363322
174779
457906
140312
386990
85282
482449
655215
957716
258240
612395
305770
23514
942666
757338
133721
934483
584151
621337
989917
639387
88583
982080
117594
715042
91392
676314
350474
221718
56980
261988
173935
209265
373567
714149
45536
338716
68492
33701
533701
495679
61974
760011
346334
892134
267116
909142
348925
358993
545934
296696
149524
369752
256788
17738
548905
164025
234862
547696
468774
751552
512902
43403
569164
616017
586690
148244
434696
260885
995621
174235
599006
727551
691605
162205
16770
48826
331575
810491
914949
17457
696182
45213
693804
244730
838115
946786
319389
371552
687607
923010
330099
958539
271155
129347
300849
570318
459240
507093
862098
995661
142867
492170
554814
200265
723296
55924
165017
799306
930703
711069
867958
882152
377972
602845
106601
337141
868056
726428
412666
324042
31037
657253
450550
619181
735935
836258
891039
557852
819478
807290
480387
827896
534264
985540
426
803153
890076
13798
218473
645834
240280
146190
884307
664937
742571
898700
155279
777982
705431
544075
548357
476908
529447
414507
109362
271321
252623
319420
885724
55022
268080
406936
384031
985867
920890
328157
849061
995915
772972
820229
989620
392686
356343
278245
443489
774953
780416
181631
881826
979975
78533
906051
358593
278906
509847
523945
601645
421954
993541
891300
961003
293369
759257
396995
167145
19640
198588
605609
698035
421098
821364
229863
713215
822891
610190
787443
698530
550684
567703
788232
162853
446150
309892
779929
707443
115432
138161
818034
560873
451935
654022
341870
444112
136560
726262
825103
502887
929717
875233
361341
983832
355490
902234
284830
507789
818868
917442
511566
730268
508213
444627
130555
809246
846766
977849
754336
796957
27049
13466
285980
543915
31713
889911
813422
318159
295432
133354
722576
551643
271413
460175
694637
539993
258601
727679
194239
166820
87036
870264
536905
476370
733033
540056
808878
620239
812082
273096
219693
997893
650737
478710
193018
816631
462909
16314
128314
27245
171957
424986
61978
776330
329644
706985
701387
587065
29233
615114
223390
759750
260921
830930
5497
175049
837100
646091
689460
558908
764553
890133
762643
950702
550838
265832
498591
336593
171176
964148
56739
896109
557611
212137
419776
782711
916622
941907
901358
445500
810095
903708
530767
595384
124575
833973
86129
450820
543089
406352
329377
431147
728484
966533
836134
874845
223658
955476
805793
67196
870164
432522
684607
866516
378909
110588
569560
821544
658192
245616
8231
295079
631318
441884
178278
60542
763552
973318
916358
784135
350253
17674
948104
6174
466552
589818
290363
213780
942722
705695
576978
325373
327735
527838
656033
168292
362752
832694
362100
995615
935780
687974
300620
689981
52955
345516
474807
206619
287153
983527
257355
753878
343828
532958
327935
353114
175546
515673
244773
422873
473905
278893
298888
977048
286916
369814
515934
19683
716231
627324
986922
95905
316992
834328
623281
22274
548274
441648
976662
276820
478215
18622
283284
114677
471577
291887
646680
455587
607069
257543
559289
576624
369580
854113
142869
862417
54511
216916
378185
164245
242599
228018
971660
528178
92759
468330
185513
290106
49550
237645
501207
530350
563221
10541
370934
745193
643761
18210
402728
656829
2197
903910
424586
118811
296167
170272
280270
774635
48237
140478
857398
887996
537108
796475
661039
548565
401245
971840
957064
781610
620196
739367
568461
425514
811854
578010
154692
234997
202127
815962
43459
801067
712726
437788
420780
628192
424341
389325
823751
929964
724080
185526
679098
938526
939137
825211
819175
426064
843846
404990
246754
612565
354792
278433
953998
583439
322281
358440
614483
22302
630569
642940
365885
721779
472852
718475
178804
400066
787243
904845
103636
311446
945838
47586
4457
957054
727715
584599
391368
110245
851462
890504
976716
147071
340045
221215
284268
725152
766679
46842
683766
72167
831024
937835
587946
975255
390147
351065
608309
239622
832157
223363
759497
85805
571354
752549
629653
263392
589678
914611
676646
531545
313938
985602
623002
821037
876360
7046
481596
742112
511821
570358
250241
105556
477531
306380
577566
404700
201432
414440
564740
652910
260318
372884
813945
959287
611752
950626
768980
604809
167701
691762
757909
668400
90588
38032
368159
783266
309389
813434
513235
419988
928832
937087
931337
532393
484572
361154
948589
884229
535366
495262
762804
955264
641955
900516
627066
410487
123724
984447
163514
355900
495438
608057
408233
181549
398362
431574
822063
390306
56783
386974
342915
616000
110690
573368
275105
124778
135336
169458
150955
409752
570752
449629
580058
104383
450272
848213
702239
992944
60346
283807
937050
649661
28874
527019
640309
266133
368511
364728
634591
747825
728579
501271
186465
638567
615401
564295
768606
172188
611699
756735
493163
49623
766972
732363
976073
770992
641736
866702
987067
580135
985766
501862
646792
410513
48448
282540
764751
70956
29951
453466
996674
295060
475485
776776
584385
694991
682312
219151
788051
246018
929392
799822
642627
464199
859310
708683
432533
585110
269776
725745
927587
614815
199365
363511
114009
867578
75618
473058
156937
335542
591950
481633
614956
697422
45264
316950
647670
926970
506803
89140
905493
511521
693140
859395
58309
383275
926408
180672
525266
299765
710188
609762
50284
653598
142026
836984
482144
969918
725604
280302
983673
725175
55393
877295
640242
167715
289041
386212
186006
997805
20831
826394
941046
100027
93458
220481
966663
299593
853439
379792
451798
548561
789135
646278
846440
628454
277289
566668
924082
282017
639996
152567
89329
154802
57962
820393
873319
513752
153684
35031
460148
816491
601022
978917
567885
479510
17759
370284
139035
989411
769288
527006
158130
906223
588270
768769
184300
887100
869078
531031
838498
748517
273756
127007
390854
7148
662367
690803
637152
327151
25996
956114
914787
427962
897094
561400
597355
532598
141487
633130
826838
700094
330390
153294
2812
157458
668797
426806
892748
786788
70789
478141
982788
971920
729400
983754
497676
757929
378483
533234
861040
185967
432174
483962
953849
229532
71466
725497
784166
502109
231669
246492
465484
746526
625757
177092
569287
483262
939951
950730
3612
197794
845546
684386
62381
294117
961925
490013
226007
978925
579482
411592
700332
162009
317998
374578
728968
680534
577437
107851
893458
709457
44967
274024
954321
741831
830545
389284
819304
110264
462777
894432
681840
76665
524858
327274
452848
38057
710775
606779
887099
264507
53768
296538
564327
211187
37119
565023
872293
690988
479382
663122
706178
624213
209206
377906
868857
851388
964454
760529
9074
426562
898318
32668
650779
851055
838695
828601
214882
455134
540930
105673
469900
568729
696177
293453
614325
417599
469142
262181
405988
405346
213382
370994
802698
673837
928345
944541
667224
484930
947728
508977
44602
822242
825700
172964
50611
939718
296551
778995
791126
734602
192793
762859
114014
465865
655114
985347
539051
218756
296742
142182
79705
959611
889890
395472
317439
437278
958338
134990
698113
593693
761988
604775
669340
835436
850969
46602
84098
974509
734716
544928
882225
655665
512132
960708
723408
586246
18082
963740
837379
928933
264585
688536
273788
651295
438286
922676
644139
53606
576168
431882
20113
843253
420503
306897
157298
459933
193250
517686
782377
587885
693944
431893
660949
968254
462520
745172
896625
558360
833228
652956
694338
197828
966384
498805
595689
858928
773521
881469
394200
200760
787472
878661
256353
710615
465573
384969
300586
715689
696225
494857
567805
715164
510731
447944
753660
161011
169388
413984
784626
353206
675943
183552
158980
54394
797824
137988
949254
563912
894589
198959
829674
159405
502889
196936
935251
728990
684789
632718
285447
646213
205242
549080
873155
464108
243162
890062
118761
56325
57476
287614
228117
515603
783189
960412
731533
554041
209116
592473
301526
225693
227958
908190
995107
19129
310296
554533
566569
9406
259115
924788
988814
542053
744402
641592
255807
969043
668103
680954
469729
210535
581091
895296
415839
346596
683452
898562
13858
390262
246248
54983
863071
67235
622752
519708
51914
285583
735297
147377
103784
705003
650476
165904
672834
448956
611916
211131
659893
395715
762871
669920
594662
550287
732462
256827
532692
548763
356671
702793
79558
267172
161226
494308
230947
906828
390752
442176
844064
244388
544134
503360
337939
731994
17946
654966
727655
318
326221
854390
137193
195570
26446
481301
152638
863278
574664
483907
269367
330926
472961
846338
246909
689273
900579
591042
475815
12109
442392
697563
203946
272364
72910
845862
376752
468093
910682
306552
713729
956001
223161
210684
474270
834899
676401
626540
310061
303483
253525
632172
418958
230415
360744
343299
185739
171878
90073
813879
38894
430683
685741
640067
125741
295770
226811
905911
179713
843210
364944
53421
99541
196247
67443
439843
343769
289755
456450
39930
566389
430632
66811
3594
589787
394740
184471
474847
459829
385122
864976
378261
344126
859305
5124
322443
195309
875747
571057
663175
113035
407604
212448
269926
880614
258453
766111
871614
976414
564796
221606
67282
60124
551594
299804
183217
136035
933648
884465
439979
370558
653215
614763
927345
481817
989675
790143
931464
403948
826299
477397
568298
978834
857711
309167
696569
763128
943502
449122
248288
611888
10604
493698
943689
423909
275892
798044
9908
171881
894104
162844
476410
654314
419986
253263
964511
509380
843733
756931
936205
153264
557589
944075
210419
162265
506736
73567
483578
261519
432247
429920
302367
182997
985053
951096
371377
407317
340411
888224
765097
352499
305662
329659
840609
226430
102382
305120
106291
758147
683675
319797
789103
258364
337318
504054
466040
220198
114793
330837
768315
877040
373444
206076
149453
647887
509381
470574
906785
532398
484723
774603
746466
705859
168887
293234
774323
517245
393896
903233
86849
371737
911474
640631
209025
560404
310114
708603
60363
104187
761936
982902
273619
804766
259817
666970
696064
653667
202903
750534
964074
745846
373584
963458
255861
584222
226744
698149
330245
985515
890548
315094
517468
268748
346892
679663
631575
472061
49468
829949
642690
275933
178839
17124
54419
459933
415833
596256
895370
331732
114311
806502
340450
325936
341125
163048
808628
960776
613620
338232
249577
740300
748549
798340
463002
369694
756639
185599
306822
779514
704169
426721
823343
522447
342388
824452
101777
212594
986184
446767
305280
260968
27850
662448
63581
400545
763975
629858
691764
166084
156511
749903
600630
242085
115472
821678
158862
280980
114846
458189
400737
344655
259036
841034
77479
49239
790554
405307
291425
974304
85036
541038
788790
856993
18898
848970
924334
269004
288777
572116
907017
936984
233709
498766
502013
177785
625801
458425
257547
595953
565629
566524
842173
932992
422859
525661
741246
953079
136766
270443
542550
411371
298807
831678
320448
667652
935381
97303
397033
818677
106880
901473
946439
970694
220242
130201
606868
964044
186339
785673
19494
398267
829552
954223
140845
588946
532520
172029
842120
874676
656402
811322
870148
461079
349725
218182
902386
709013
841158
454650
983395
163616
181536
172781
338434
791379
458115
944020
286159
326307
211539
201345
98868
186100
115948
402252
983557
104136
149735
315471
472537
932818
785356
947210
163967
121641
760084
907240
233631
740312
738073
915481
754671
410642
940508
257566
91662
154626
362355
302307
827713
22529
861261
681478
822727
515041
995491
444022
350490
484006
706685
577782
95813
518293
76254
496513
344668
930660
95502
362184
939933
997648
151874
604951
153954
261966
953897
754645
393087
666265
437397
244970
530558
224426
466820
308219
417972
159942
393099
556368
180799
540145
778846
99607
329951
722112
1342
570114
795631
200972
110783
681483
491455
899330
225717
412887
447630
581720
77371
134456
818345
520858
658207
318349
331354
977954
672045
32388
444239
962726
442967
384576
336265
964588
890366
995670
631037
787032
925599
139888
492107
624869
187357
664468
197336
209970
128486
212607
600522
864436
96965
71467
632735
421834
81860
31664
613547
288622
180860
928775
527404
650119
463931
710569
499787
78875
44752
385365
487218
513505
213941
465713
700356
374068
477082
306120
469885
208932
741770
79346
636648
732839
839292
673809
88183
137645
758457
75575
293890
835089
638116
365861
848095
304619
411435
422447
822874
32386
722697
675131
61329
270687
123125
861160
79791
764284
853994
880971
649283
284828
406932
446356
5436
690420
652500
639375
7043
723207
101424
717639
993589
340303
378586
537477
865403
936215
802651
841654
89736
126374
56156
769002
344111
510933
245969
317688
551327
350146
801347
586880
483452
501661
950840
424137
466266
583199
130624
505352
780120
377371
426335
861762
388695
538221
465810
523336
861014
674639
118208
887969
15916
136330
600382
80007
108897
274888
838399
402119
52392
552008
812246
294283
717501
623724
575466
410165
396695
669101
430709
340577
971658
998382
367352
931725
292285
249005
278975
646101
267587
931542
873292
667542
776087
792754
635043
887989
24057
814525
666098
979896
894623
811220
889114
77329
985498
210253
706014
959867
168071
429217
447783
818749
567470
826308
174769
287884
432250
49814
971414
840974
235797
797681
969141
29560
470175
743906
194111
145432
83276
174069
184925
342447
171736
630122
491329
726582
615591
939908
121160
529857
428476
84799
648009
963393
764630
299809
661245
500644
248290
701225
829963
419927
436577
475428
230254
800683
302296
611551
75781
564309
546414
307127
240951
545872
802789
787660
647104
814685
319224
233940
590877
737130
2125
208971
145232
240977
371606
32584
159952
640759
97098
554796
538641
717653
232828
201011
869163
733395
410581
561388
450345
20112
845362
217093
202353
670079
429404
341632
448139
259947
793696
978370
763663
137690
532555
658634
501104
129552
782660
971455
713183
73579
444038
101793
892253
713899
53624
12770
457056
935892
180906
515534
226081
982188
935086
731877
545536
838304
111889
355593
224853
573699
692469
61202
495956
102902
520268
502975
735900
748130
464563
190472
11228
41186
332200
248335
381602
537534
490730
329268
854658
597650
858668
330631
300511
65038
609653
105689
291353
640726
879319
928747
202515
925706
574217
106760
594463
84448
875236
886639
579273
445228
664759
801256
823357
362945
517831
600887
195925
914290
342886
275310
845187
778290
579054
683421
569688
671321
263450
353253
575407
736711
431362
819691
641720
507811
121522
345192
418916
493373
863845
340444
415338
317330
631843
630178
499189
505709
752308
412767
645994
12586
218880
79444
465945
812246
695365
758419
953663
272178
617395
992847
937653
541015
857575
569356
74234
682931
854658
842613
766936
433
250598
412300
565813
784631
377612
430012
92984
608905
246853
671818
553493
716682
88395
572202
656439
940259
558531
322926
49161
295612
955730
325529
262433
925096
959385
603346
88586
14045
213134
801012
331885
450528
187064
458242
71259
547647
565895
276664
41978
977400
349197
816380
930249
330616
940701
690420
670545
974909
45631
604145
380202
586780
713357
352136
921447
969695
40493
833473
145631
882310
517866
669737
312025
231150
844657
590146
490259
182863
41062
212955
787759
980192
370273
527034
205499
709461
907465
245813
125339
709320
637706
841056
275925
476342
606454
30240
697977
961440
332662
722334
845739
181393
850155
457560
174414
156800
729253
365329
98575
53835
803454
364905
213323
514979
622868
146631
226654
755975
911650
19762
42889
327209
83067
350975
797311
551533
244450
750629
266892
244495
438984
945196
873123
19171
811298
241860
504706
840120
354087
116466
171652
312278
755299
435877
859651
780455
28539
306919
808103
409970
427710
285871
365200
621506
289763
238163
742044
355429
572709
735514
455893
316240
765368
933168
359098
946592
199014
911090
978984
677115
529099
892585
634405
345429
311785
640532
474314
614479
67305
85342
86218
519417
55279
626031
945763
214328
156376
551711
410847
370691
411027
460036
193351
392455
682073
497324
373413
873771
564490
588006
68661
737326
975846
334715
696232
698923
266276
434875
437716
172670
779250
819377
389691
138881
400394
978040
145077
971056
762797
601831
739389
545963
404608
675367
590230
634777
993599
399526
834520
735272
653538
318884
187547
751731
140619
417323
114942
511357
200552
333275
874197
172890
527147
32803
850669
193325
704803
820108
870076
579276
368503
241775
191658
845120
390975
906055
839414
913064
720383
938785
162375
71548
310145
476208
735504
972911
784078
640765
151582
875310
436617
456187
255233
61894
810983
986808
694740
732770
651982
292592
86699
191025
836233
791804
247833
568102
793830
483560
151003
582873
221549
131490
153957
843211
133309
329229
937094
812807
252740
187637
284986
775459
566234
615774
138444
518950
941627
408437
624550
323395
215583
554728
423543
262596
412216
510545
875647
629186
949192
603085
472314
445008
498652
96491
281190
481592
727080
360704
674931
672861
43328
13784
748039
920448
169201
648583
882347
594206
700986
262109
914965
193013
357546
693047
183250
555751
866391
577586
243408
25080
327672
465659
956421
301938
422240
393794
629824
884712
671191
816909
634378
35415
48983
354153
45688
21032
462176
867899
45968
667665
410360
149428
667286
996636
513923
152227
444978
656640
440122
172516
900159
423979
336203
861750
953778
336545
237518
888235
260709
2366
19487
3832
344831
943703
196444
163308
974530
289023
201660
148670
764209
879397
854474
431934
193244
721947
283197
913838
672714
335985
284726
163306
230209
748224
499542
356482
883188
996547
378361
952296
728394
948383
67986
169477
565063
63235
568867
519846
107801
22762
452122
262931
742657
60221
260867
785920
623452
829334
967726
517661
185741
779808
158430
178568
243977
41434
90411
432738
142207
505018
462325
520959
505762
185646
650757
746807
630548
680829
534081
900057
814641
125964
222732
233344
293556
68221
585912
676413
612938
531826
834025
478067
880241
275888
966983
34434
290381
747486
819295
268571
864199
778476
306583
642291
82338
205584
221772
215507
144860
317739
391178
480907
646653
713098
387495
420871
442175
109385
823484
583353
722073
211475
128065
26614
714922
705348
373380
898141
72831
790319
776646
956146
198465
232699
26738
559945
968638
796776
431867
808029
469522
698672
440784
344960
226033
935560
924927
761389
623380
431365
202019
695993
25406
106460
489291
151592
866026
973634
407849
773532
972307
581938
630964
773224
920671
799885
672923
840451
406889
357083
491685
703640
786858
498415
155434
551098
213571
221417
120999
671029
448617
132181
240706
973952
781421
36529
407067
545550
326247
828365
408587
854083
837566
798538
464828
928900
180823
866244
850661
352551
340632
729484
29728
746634
765080
248142
708201
721663
614693
990674
895413
35045
448625
211230
922989
512978
297497
882808
690309
784364
460435
67528
348286
99735
500660
117532
350452
525384
450716
969990
493476
422136
803263
48736
769086
70773
959888
117424
85091
77139
649035
365862
672892
414463
599135
218882
532982
408179
535671
753106
528605
545093
717796
618201
909652
230299
694185
173644
177647
314169
125282
354357
718381
806523
950993
242555
731989
698846
720198
921337
653803
791032
507115
841802
894159
467080
593386
860966
190963
823848
750075
705381
952055
957279
653709
972899
692003
909971
373712
90365
90496
119195
937885
862775
506067
393395
965699
478207
615863
630217
248623
290700
734486
472180
219575
467041
71940
291908
61123
907502
84472
77108
446936
803861
948007
411260
108034
110922
454271
381123
794782
66963
758205
766962
898689
623663
758315
104612
700297
165523
795322
387129
460414
394447
110519
320074
348131
17168
970285
249590
501727
219838
816728
542619
278147
667909
976513
663457
889272
195570
972731
740144
962374
638963
189240
552834
563331
77377
114696
73746
161302
68825
77424
81716
186471
465381
672099
538430
272741
548986
779871
640868
549363
180155
32423
440290
355504
902618
626328
816914
255457
821758
98667
146205
514813
543233
961414
632526
955477
890896
532031
675650
701215
909878
468398
745532
756574
139698
319981
323669
849519
142788
31087
246544
599409
494087
579066
411339
47570
440376
604226
631506
260659
392340
398051
351950
783927
125728
995259
662363
656173
502082
819363
84471
146199
948941
111880
957782
541143
501786
100137
660690
664885
378321
888623
921727
766927
42887
978404
206301
968286
796865
93777
160358
218336
659287
311289
938184
453160
451956
612523
717549
63422
296954
706760
749109
986420
351170
467538
121605
775110
393729
147628
242617
111405
515206
249268
371701
75584
625055
47865
867033
742535
336156
636763
715922
997598
975339
607550
1293
293827
411042
719722
459207
982076
834780
451
109697
567080
236794
595807
908239
405728
593611
246921
485262
608905
988806
704850
531125
494969
231156
119502
700549
250883
770347
547570
809434
116193
481588
261064
962916
950269
38862
407628
644847
220444
26316
886247
2589
407527
647449
421381
610870
58967
578652
266837
476246
163645
479734
792028
255685
920940
593640
507063
263203
167620
831826
981035
125698
921115
750806
72938
381390
483017
383835
479589
822183
33552
654190
57672
306383
972006
261698
978903
888383
258785
706200
695587
789908
425598
945978
656296
420839
742734
949729
185030
522234
657854
81974
206234
765581
278529
203189
394809
16273
313692
10030
879433
431796
122190
133862
606843
374555
52121
379546
473896
131374
117809
561315
599495
302284
829056
646901
970121
914783
967572
981185
35921
93067
138982
441531
311699
425728
220488
977846
401800
51248
927914
559274
277131
511386
27656
198488
387219
741827
19188
237892
678734
636294
313595
689505
583702
904579
67831
97163
232594
103923
997425
967150
891308
653980
848368
308356
18474
682463
650018
223867
565420
897135
561702
499636
906881
939676
918772
857064
393829
519053
917226
78629
438171
885517
52660
332534
758307
151292
588374
110625
839577
127142
283417
81162
108394
952880
893648
462261
440947
23598
68421
167273
159415
571538
96837
351151
464829
634752
421765
662010
295236
512764
745968
613088
830052
668229
287374
360071
157443
388603
646418
643355
117104
629883
795904
999355
71135
409675
658297
8179
890114
690097
197412
728356
416512
44126
939707
745088
906388
324744
842415
315442
917573
262165
68153
624666
337469
758195
469695
975478
712841
752004
152607
857436
27180
359735
339482
652835
997984
925234
689824
590050
206378
978219
237940
365840
848921
289366
625467
313291
368602
920120
751207
682996
814907
55515
970362
33207
970426
14106
492345
68392
680329
160540
245168
16585
320481
267229
618268
95016
837696
736872
943224
773861
102081
220705
56551
889682
605270
174078
889338
411059
730468
262102
738719
982820
922490
445714
635559
64858
653679
487744
781298
603073
6360
212998
37114
791877
492259
402739
178808
774765
537172
931377
958006
956129
66265
744791
426674
213260
991307
699611
463212
800924
10884
989029
788749
447526
747287
359742
916340
949095
113136
922023
412189
424614
310985
982598
639536
308085
87046
253179
652324
277333
619375
4561
423182
703161
246471
607377
713802
877987
59725
78832
855748
39147
404558
491432
468836
677662
575973
27428
552596
204867
126545
322260
476143
649977
196401
877153
424839
887548
257502
5626
358227
954758
878565
758221
224883
968594
311008
176210
131938
517308
880112
455169
341431
888516
508376
788836
156760
951793
285625
602183
259068
806738
625574
884619
502234
58655
237347
750554
402547
952895
286527
218036
76153
638499
901963
498344
783835
192655
484470
102687
443950
289337
394374
136339
449465
466570
381941
946205
666205
293505
655526
666475
457311
201783
325698
965071
96660
970045
748020
628789
998568
856225
847165
835117
375498
627088
479796
185190
940855
24981
883870
526204
749538
52671
370533
19176
661629
289313
569657
124694
810279
298803
314368
200340
41074
461206
527611
536358
24079
669493
263542
752694
848921
219975
644011
193064
15354
305072
554357
917324
132222
118471
642476
284589
651698
543539
941985
332934
28216
664814
604151
492180
396907
982060
639516
663559
171625
929876
126307
972882
218241
870125
314304
71714
545978
720596
792415
304043
869246
520617
24737
302109
145762
742922
268852
257974
92563
845175
408653
802609
189150
531349
52997
898908
809243
218830
742605
24519
8375
494229
660879
519832
587613
559815
784035
766972
882817
802157
226347
776696
502025
692510
927052
192861
519640
920642
277257
300506
84087
407601
943741
418155
633314
416505
366901
765743
207277
207230
636136
739224
214737
282684
604692
443068
782999
47465
789686
29128
533728
610742
745956
303827
722510
963251
248331
312464
652691
349138
667713
240094
911892
228803
78726
238202
297657
102463
303900
868372
92436
591585
643008
807807
719403
17134
728964
26753
760164
878069
497866
29066
232844
531730
28383
884226
304643
761420
337905
727291
73800
976606
30254
982342
495581
684435
741115
316001
247895
314122
704078
752334
427972
120985
248681
748479
703800
313294
706740
120940
271734
816273
397685
496199
937976
595045
827310
742471
102620
926477
599635
691233
357419
135563
80614
296982
575046
453507
874225
78117
339247
466239
938399
109408
24241
322956
679928
132636
106605
181185
724856
987842
833987
894943
190026
587714
492569
614100
201190
237608
530763
79322
363396
921798
198127
9149
369147
446865
536899
92601
289595
439816
573238
211393
995491
784847
61519
391900
279040
135514
543742
310954
885347
894276
295870
303301
518750
365440
142051
832963
446555
600614
757509
169751
808472
148207
164041
655575
774019
212028
230409
902296
970605
726032
565343
334389
857006
66079
361363
510895
153686
484478
425310
205998
163915
355641
177243
568998
285636
14595
679113
216021
380129
726152
264127
753320
713380
673311
92909
718077
265744
821723
678282
566020
125084
427137
28831
512894
576340
896595
828208
355559
753037
971915
520706
617777
59715
158755
994894
416229
938065
670161
959744
533294
907787
178641
797420
477809
257595
593050
650702
372884
521399
19890
940476
440864
303580
760285
918506
457217
966057
724145
574106
96682
621434
45637
40798
180757
867614
519880
325067
983208
725976
501485
466428
957428
622191
768964
458240
233686
682418
193252
598305
831872
646668
685765
356498
424594
70399
614634
688756
850914
152192
659643
246405
35867
463855
702256
848165
479873
27314
537962
402822
264722
480621
502620
242096
848776
491040
861862
347503
514172
840220
356802
638938
148644
394723
686039
973440
507325
1947
73195
80688
735940
704559
917558
71269
805341
134211
556177
569932
801751
356561
848461
457908
750535
362597
828321
969361
659728
24945
868411
733549
21061
249998
213559
6380
62949
362128
569581
672634
964805
943492
580197
88979
633227
84872
148773
518382
69974
222855
309675
936775
703995
99600
474295
103816
968747
549907
32000
289683
706992
248503
723910
424174
414742
590362
833351
666636
632166
296038
689931
678260
589197
305805
619674
6864
173212
670881
825998
295957
506025
697745
784131
926409
464466
408772
844650
848886
126882
575179
751229
333225
95819
471111
714381
529191
277267
437207
63607
678637
933836
345723
555893
248227
823099
554826
392400
970972
945435
131020
587059
803404
20474
595765
868699
198663
152384
255807
207147
340466
239695
439394
262493
70408
381382
442739
902930
427659
801376
249494
540873
782853
6202
392673
28142
99833
604018
224847
232970
296875
792683
891422
859673
626889
959660
702278
611897
785973
710248
710870
495294
567600
191192
407468
647010
677924
545605
342160
577690
223758
692578
952558
167108
50822
441557
841390
70972
181228
857366
157426
829005
732721
389616
920747
149764
845375
493093
960728
34401
624518
657583
618589
171047
894884
446880
129404
662291
922672
31274
502962
77609
792868
182715
704112
956073
278948
603137
972404
473953
46831
634507
682052
278620
954529
782288
91015
611256
314146
921160
190592
862741
340783
641976
158183
588073
87555
216587
926950
708401
945697
771484
651885
541698
479809
871057
388594
279102
24980
109281
821384
775905
193014
801205
186075
433659
495920
695788
438022
155512
504102
223417
51729
755291
780643
808167
833290
199305
4223
38589
889470
179842
64043
629181
754133
36138
158361
160518
261511
350149
257930
392089
587775
773250
965045
534648
946506
81198
984913
704682
350588
900745
573248
47132
447903
30902
957400
14434
796825
866955
378958
559578
618969
297673
103425
864753
469117
670245
622817
488703
707652
790085
748794
974286
471403
67142
809825
272760
932838
443514
782457
302382
306556
808239
641122
420053
627647
471594
611520
154442
220007
82227
918179
219591
300683
745482
519896
628189
598715
410423
308107
637729
312828
881215
558359
402339
169441
260403
263404
955737
453506
901858
895324
866011
537628
854766
230018
838024
593477
431676
254735
973574
800202
91269
708914
420198
4583
916426
764899
864805
760417
562852
276557
387918
16772
286585
233110
348734
350389
193227
735244
268928
609843
653162
323437
323990
528366
97482
909139
174937
339267
217135
276794
121527
960084
127044
105392
244828
632577
964107
857560
729196
20293
503215
565914
250284
416047
623030
130922
886848
10426
795986
961844
177935
142732
590550
616161
817219
705672
438534
170953
836716
912336
156999
536565
921412
185626
932981
443343
276813
227437
850068
134953
445463
652729
264478
902118
477469
893393
949946
389449
399
101126
562574
289816
916011
701217
535019
510188
226500
413372
733095
412376
966565
205565
977672
146612
22287
506352
457948
101829
773341
25536
809574
373130
773769
507154
215091
60773
284295
217215
497354
671460
69263
457772
575425
177388
845432
405703
272684
645569
948288
881055
629809
213556
181672
156000
418295
29546
866300
81706
293949
621700
2544
60622
781319
373552
759654
919781
464434
756876
150541
483852
956841
389362
302435
417279
85680
41700
705754
284049
877790
396053
118425
157893
303720
688786
361177
608077
534615
831372
326704
995100
768795
877250
420139
773034
673658
116495
220499
781380
744225
248653
980498
177164
462747
255717
532912
769428
324895
644661
154294
133075
357635
293916
182323
73410
725391
716773
129116
165078
825645
90253
225870
186778
945020
533426
104552
758275
281755
383924
51972
246082
208030
344764
440084
136228
927410
25113
946752
224722
20818
471470
671202
165025
503689
749619
548778
502379
112224
290518
123473
114235
598754
220411
430840
946722
7177
950052
631389
769574
303623
877804
13304
673434
534130
546094
881720
770505
779596
127875
547733
400844
911086
264039
83794
385467
570257
442429
902353
289600
742201
897065
395474
21511
250431
821019
196362
68754
583545
14316
568348
98792
407624
388576
517302
511213
851645
702092
825355
111693
904104
809169
33256
561234
607679
398598
957749
922710
503272
413620
669259
59474
165540
913082
677996
940500
465431
779409
323747
501263
232120
891562
843833
373708
50705
540340
808785
895423
17651
782777
444833
862580
753978
748968
305421
211368
17464
161901
543394
809973
168641
473148
349803
653541
537171
412973
831859
54567
616799
387970
166937
738462
963768
560260
242249
485911
990359
56714
507676
20627
633417
17819
825486
667523
398006
215723
394200
169298
907598
291714
405610
937756
212561
269946
508423
612092
649979
313575
703612
207874
454027
270417
132606
929796
404079
185052
322911
36363
593678
529033
100077
990703
793585
905813
11559
852989
3151
435583
157277
541204
49459
979751
434979
587215
96396
630930
63089
219868
274257
350538
706650
918763
174479
412194
554407
137347
907088
46360
569872
712174
873449
696211
523414
11285
709537
11467
880064
181926
25081
876039
538672
375985
963101
228802
248160
249298
147749
20967
310783
960585
85640
909756
66978
310566
459358
969307
611369
19295
369359
407642
801903
114372
280542
552972
423981
476425
570124
332129
550188
782018
332266
891496
677028
296686
43646
51125
850166
733098
369553
480094
496259
605767
341588
651871
671655
119925
994028
865949
385110
713950
617057
480392
329745
549583
125214
584217
345028
978705
309286
550331
651839
734934
299796
381382
768911
392719
386316
668198
849400
141722
716292
426970
894866
712409
211753
508184
352958
557150
665455
817743
608387
855490
526072
228676
308104
658261
434592
442206
136304
278959
127395
273917
31630
708645
836780
293828
814467
990808
313530
420919
803771
137383
30129
227008
307840
271300
373243
404236
324281
374884
694937
816722
68804
339344
649738
402228
383979
621273
210134
586366
843205
617704
886775
711243
899756
767091
187237
109190
856470
817548
796861
328334
701330
492244
509581
757555
424481
764172
194366
1949
117167
207052
800798
918029
89388
350092
546890
409083
572428
686687
735733
914973
301015
371712
711895
784905
414317
804677
344436
169137
912410
811760
515655
709646
506578
412133
936203
155992
858441
371509
248679
5937
571953
116120
943540
292129
762449
73594
715628
867708
781503
176812
383920
326752
692410
281211
627253
229595
190182
27294
140621
952873
203748
557384
196046
520154
873997
858590
270305
81234
854668
621891
835752
70123
944021
926990
649997
996981
162182
606237
194724
933277
760856
397187
792828
921515
744641
924125
236423
612133
179882
188994
531939
878801
561864
817112
266500
848600
959962
898499
586432
772614
833981
126585
414007
784878
449199
285553
207389
244651
957726
581114
738022
434241
601388
91240
606669
516257
504450
211881
987840
819275
60814
326133
493355
791694
843738
555748
179295
350443
303754
633817
377887
425944
928434
239324
7559
715424
441106
20230
116250
191655
390511
605781
205542
299403
625870
633376
168726
702183
719952
164964
965396
467697
27173
730812
592408
687875
746350
227823
532178
202295
905075
256995
201008
14123
936062
964848
557836
37092
674834
646416
413238
740110
135691
737074
945817
50017
863315
414893
196108
380704
251198
742738
363895
363515
441027
872730
722016
511445
343384
940478
19473
214304
370665
6630
655784
843171
429940
563705
634747
189149
522692
722963
89317
91524
76935
865621
493042
393062
947022
870229
857955
389425
120418
887606
907550
204110
567997
174803
61173
672167
922540
946005
921745
561801
675647
346916
738938
650917
894185
85690
739782
256305
759931
351571
541341
500716
547064
653761
673701
199678
112724
696028
966222
345469
590926
754262
887931
9356
557607
704492
96587
765214
28797
526008
653828
256664
543049
145443
533340
310293
923057
566841
903267
237955
80523
593621
602640
429546
318512
866811
642470
584781
489592
906756
471810
291369
918423
473396
275780
213402
959187
653479
290456
881757
455457
74410
818720
525360
954396
394919
753535
689750
250785
958840
840837
496055
855881
931804
508914
417123
125060
675975
680425
502647
589454
723411
655027
74648
98257
682261
903212
34909
645975
798475
136206
703177
179498
219249
90903
188341
213067
31346
627610
536524
295435
81724
953120
286960
205384
100140
508536
349819
998791
969064
955234
763808
186987
109452
490580
333743
219664
171452
170727
926071
692999
652249
533345
55301
989998
626959
448927
717195
785898
263434
151519
66077
664324
14664
368296
341076
989725
155018
440854
382357
556559
600164
207174
215084
136482
558068
805018
930193
881384
167727
406377
300109
81398
759319
99334
475190
479103
747337
524843
940310
501326
965746
679747
123434
624415
608162
860561
10118
952539
300152
409856
775062
650735
581693
684551
242815
808520
912205
190456
921763
345069
831152
200678
984708
3704
132808
545841
558080
111602
822754
786544
393594
623882
779310
339385
338137
534258
434316
680655
494890
268503
821756
393129
996641
904059
346232
70363
504637
946864
599454
449124
367369
4786
806532
360979
306750
864738
672432
664982
251462
402331
838048
480
254299
383347
497987
845942
629070
110096
858507
523927
706084
337828
555610
560646
546907
674182
303577
240117
468106
465390
736168
604880
803750
176077
538223
972386
419361
465223
854483
576168
740012
910542
669253
847409
985309
667676
293108
142574
572076
431500
130914
116124
74776
889110
784468
881674
692199
418662
532963
461833
694218
345111
326320
732976
37598
815569
639221
398281
841999
430075
17398
582940
950615
21983
205718
400277
562533
301402
772933
891988
503000
617660
854167
34834
94058
426690
634672
572331
920746
940589
868636
329100
313313
438526
231483
840441
93078
494737
23641
1851
661102
139539
755804
159589
779051
449826
285526
820546
896405
520512
782267
791773
228790
79666
732460
828525
810366
953659
517554
765850
179911
969264
408006
267120
376691
792312
653772
309983
442098
206114
60768
323564
3107
812041
711288
485835
588714
924427
753131
320146
967394
167705
775101
826856
803204
664102
175009
980536
490325
37340
23502
996899
268675
576678
288171
433317
459096
520744
132886
906325
521753
8846
365201
877451
850750
886850
816841
715612
71309
907127
619653
821184
882261
86819
551207
470741
978308
886601
788450
243964
868325
911156
100921
283233
48314
99712
672879
302361
343922
383249
770833
358308
649544
52199
42396
122577
536120
751306
375756
783809
596189
737503
479490
724867
749228
446493
514897
23903
594119
759513
45669
829678
901951
388221
973328
506342
803689
431639
999026
750708
892635
633485
937541
127042
645572
970927
416707
276824
624357
212517
656180
488734
605424
918471
821847
284864
400507
852492
446764
143466
93281
919961
328284
572851
835126
99387
730630
159382
975524
256240
645223
784538
978470
268704
845797
137236
687841
446633
906872
166787
873626
576791
698102
256345
619032
107123
991033
660441
248215
622770
98799
439515
376870
592271
436989
622829
518430
536691
731408
467348
685823
281551
511299
264112
597864
7820
374310
785725
22387
647898
181489
734837
284907
253989
780933
935466
17766
928283
702323
137812
410134
185163
373270
319914
884733
368827
107777
508939
963240
430562
424132
678157
686392
828024
845208
731764
371927
412540
486178
807245
804614
383713
655380
978218
55570
115542
593843
54395
814693
644913
739891
361860
790521
94839
178110
251904
76967
584842
138003
834706
207838
694768
680331
236708
345775
634492
112952
983455
699460
380059
598118
726917
578417
782653
258819
22638
535715
149725
878363
916445
671092
495663
176955
197310
558753
558501
355959
882494
25235
255199
471560
263815
700633
242541
598477
22103
707831
828481
395122
865532
190680
54710
442478
53742
454686
76919
406950
739912
993434
32717
462383
348900
817687
634313
539825
701203
859089
200778
458150
126774
492931
314796
714754
107261
779038
408590
191725
336953
998677
