1103
503221
511759
800883
740643
393044
291660
509234
617608
820273
196246
633183
379650
432027
470359
600574
632077
493840
219263
113190
503021
710068
399916
422925
18470
583141
888373
182851
714516
596901
325043
434869
16776
493142
766861
565266
814240
75428
661022
792330
418370
753979
763141
715857
423989
551290
481321
319779
383931
669887
555623
20386
137455
776546
271225
887995
261527
146942
202117
152839
869190
858058
385215
513709
95953
157765
397468
451205
141451
668080
814804
770263
700064
51829
158131
1153
156363
195749
530108
463287
98772
31840
168794
459909
94313
655373
524517
260016
791959
830186
353421
541019
262629
761053
420999
262022
211149
584232
96017
824048
263577
637531
254882
854365
134390
61220
183475
548370
864631
430273
864197
768285
106441
45302
438157
95250
862478
6810
538115
270257
393401
770220
494147
146019
364901
652227
276733
568386
786641
169410
249727
135768
863452
475723
327613
162400
154169
230474
534714
843785
383599
222802
63062
582905
621360
87814
145332
43662
467220
203085
240647
727744
841809
293064
896280
250082
366777
188128
420951
498599
44336
548088
476603
400929
265321
368706
645079
733764
115292
840877
208924
255529
555206
888540
140165
378447
65340
195154
282819
629660
591629
24233
414661
857346
489748
470595
550723
698460
153911
359159
299559
108567
504863
467693
251289
401550
87828
224261
282950
595085
464275
535153
634828
54711
8431
779458
455429
196515
585858
448992
774349
129537
242222
316468
816945
277403
241653
775903
602230
634198
751505
876622
246531
13976
404081
800421
13549
772131
213968
510935
531357
101695
349459
404344
375391
268502
515199
669738
554250
94905
633621
587315
848775
112225
882284
785712
71840
558735
780137
502563
747878
266612
585084
563079
797695
542188
37914
640260
499306
162629
885235
557886
260752
164095
286864
693160
615785
446635
445867
537462
880520
124629
302890
150544
54596
381854
364089
668130
832196
103074
650563
473264
340871
409625
891629
640711
78381
759161
75439
184591
587013
497944
576240
449788
669715
82991
440764
276292
674781
592570
168005
762379
652659
756635
576372
272441
331802
600319
25098
221358
513331
737465
625591
539404
872332
521098
332342
641234
796066
427650
149347
833385
399281
217247
846362
298902
115035
287572
820558
704144
52464
628198
28418
330604
730016
725200
471239
586581
206106
49894
583027
692727
460032
846326
282714
237338
642090
246602
74028
710027
823219
773130
47371
393110
638083
607935
819046
161264
311162
329522
126935
754129
401366
735795
713046
793759
440386
51830
271480
79493
422267
288439
749608
106306
121151
366654
778111
173950
58388
344062
333731
801016
648659
499255
615674
192570
142511
454011
354473
30030
206278
565806
616237
616778
430146
2694
606453
182214
799788
736786
443130
175726
338159
126423
70268
461523
489956
839125
629723
395932
591999
183913
630351
133051
90197
825484
461316
709114
459977
409912
571893
576723
180562
729898
563171
271071
420009
275907
741779
207366
877012
680168
754082
467701
234027
234890
253573
201550
735716
389632
500417
408505
126559
511888
164931
884217
322960
227084
633982
421241
392804
627129
508735
329380
304721
308139
590766
127284
469887
219469
155939
68963
446637
256157
560419
213949
471810
138771
241046
625975
835633
615777
321189
677848
297896
150838
506037
467765
568981
479069
459611
586043
90964
467907
714907
755205
4378
639126
215041
128238
170711
798088
300699
98624
159788
882227
846385
80267
102345
424790
734050
420401
810593
136510
767292
781086
560397
768960
805688
876789
771673
184258
831280
579525
854799
722681
53053
559994
199166
383629
9745
281584
128582
147161
655214
443011
364995
606927
63585
565602
716980
767416
95647
801409
15975
464953
821562
274573
244259
438001
385791
561467
711441
692703
74000
61754
63751
734720
481177
424775
882290
482966
683921
801438
145952
769092
65519
185070
146792
27222
409350
838150
305558
720349
673023
243851
718039
93432
841617
144331
505181
135854
489728
507756
375343
866872
846639
852062
567921
541084
792163
746639
525739
708019
77653
415645
569944
799628
316307
3046
685486
75338
202453
807131
502212
511592
549623
619731
172549
650749
416151
5596
283184
293851
553485
299596
451561
9265
701410
98261
156576
139024
135662
378423
407708
611178
674418
247792
235171
216854
380591
432974
379944
800592
381633
319237
655762
482046
428539
176028
27333
308142
554016
635458
735632
472091
109243
198910
457778
750254
816956
4964
785705
586944
229584
741763
300281
817981
46075
548507
2613
601957
436245
172716
277101
853421
868766
376297
158996
798754
151263
269388
523308
221005
117119
872867
330320
257458
692158
409128
530846
214707
483346
588622
519008
410673
672187
389943
628374
725458
479877
468802
611233
146430
140314
685698
448110
182627
254849
75722
811357
377081
594871
488805
570380
102944
584232
647938
296421
378981
843114
705548
284962
634372
549975
744503
226040
646183
458245
742230
739879
350860
92835
331754
160252
274564
55730
799029
36640
567544
483325
574061
46177
410246
186327
40844
872763
304778
56720
616995
799011
693048
636691
283823
892752
286213
621599
69316
130278
456805
297696
718950
361536
343694
806089
395286
534969
145084
286737
532137
204760
279758
456231
106037
474966
242382
17235
333540
810924
122094
366250
706795
228061
185966
268621
675284
822302
527450
151871
99544
775966
48527
422017
580745
869782
309790
108524
500714
632430
339145
299434
5314
683656
896107
121330
673861
41518
130709
270046
175667
591187
178834
202411
497181
387112
564619
299276
445793
280734
858439
485002
319895
415955
563562
889308
235875
810843
467839
265919
274027
246988
372752
849139
860547
205606
559474
598418
14052
731453
285821
346606
441979
584677
768345
629733
333053
332888
227989
329603
496024
109958
664016
393045
305701
90
53754
682757
619002
403109
717973
566519
798460
802890
497429
311103
480497
524421
772614
888508
363443
822393
333805
793685
119233
282964
523303
140975
821936
467425
114189
778376
894334
660041
97145
116019
884487
649991
832258
753104
417872
706983
657283
712135
308993
315930
25307
401697
1520
733497
707085
502052
471896
122259
456455
894377
583593
94006
43103
112379
695448
159126
891897
559181
796599
327324
146694
175640
129600
487213
639655
140017
244458
140533
543855
598500
736126
104017
193414
2959
541188
237751
545194
239228
312310
301058
504271
358364
211638
473021
513639
651805
738139
152811
494589
76968
594855
473937
258203
444729
427732
294977
170092
872060
564684
250052
571260
671968
442648
704803
350491
659355
723632
143281
353408
705626
4626
274296
536618
194403
655469
273535
690210
843177
365757
225045
433756
438795
371153
426526
391613
457514
709319
851511
795510
107204
374490
873574
211694
559122
91442
80579
566654
596154
462778
764445
872437
445394
406318
598122
67356
63442
82227
51599
783508
434740
19936
393864
420347
720619
683994
572725
150222
39133
883646
746018
168136
741247
203672
708369
516745
156363
755344
77413
118418
577312
767300
165006
655116
578967
262160
48812
55880
317725
797833
675713
228865
878354
377738
93912
467070
511804
687014
622380
526483
379816
206012
851799
19175
487583
194985
142456
186801
876065
443575
771551
241851
232129
365106
202232
39209
38141
273307
815857
569043
165816
465974
402506
642221
655989
197726
467608
844200
766610
484025
462742
520913
259071
335142
429161
135767
806650
731154
219023
667274
436360
535626
139235
897567
590609
300490
21423
547888
758553
460244
61166
706720
292791
494941
778236
106524
128340
358881
790909
389213
368001
816310
300423
877834
165493
335230
136430
452379
459554
669847
599466
744280
889235
480781
11910
254783
436644
619982
486087
428901
