1312
52883
64885
805808
376688
775684
619204
950473
998617
36014
817571
583902
295758
528919
244388
77358
58611
143276
157652
564315
12956
987648
707541
567614
107201
132852
370649
711764
695485
214385
377277
686229
37762
849810
569407
174949
91934
858399
148766
673444
985378
273525
410189
36832
23028
900865
43347
407722
243571
743019
340418
994182
894274
636431
39505
190268
499316
151142
472536
319307
810066
576067
650152
924413
11659
538490
165381
362390
62457
467163
308546
87590
646924
247836
987703
459390
634773
303572
821920
617343
575601
562916
526613
364557
893776
152624
846434
724003
684961
863051
251010
412481
988700
530929
426173
264000
484011
694893
673435
471941
35702
862747
756099
318548
520329
746120
412981
83260
596068
236661
303457
748976
488928
257275
524194
96182
576121
405064
660634
637240
162748
990663
871978
567481
871630
827614
860110
955617
814550
732049
994196
787833
300680
105347
307319
458930
801871
980893
652060
7007
982934
143815
926632
478531
422772
843412
633212
263941
367922
706298
956558
739200
309497
658366
572261
227255
526749
773166
201649
165221
115712
360200
752260
39731
432612
791225
627825
236163
759185
255551
106432
171305
765663
356719
432778
417594
964321
3283
83383
616636
340590
594219
694738
258685
54797
343060
357766
263679
699708
181511
258488
3408
390365
550904
122880
743544
971134
151262
741317
617548
780099
889426
239923
943520
170290
614353
545564
17562
707547
432924
812712
772385
608354
944639
69946
639795
579499
725870
801762
536342
660256
382666
404472
321574
485218
903491
903323
39693
970122
514904
841990
3153
447130
660539
823755
602504
539909
932176
33904
398950
798615
373971
41571
233335
658114
672984
401626
632872
714567
30574
234123
869631
223101
772893
358213
526187
791041
515471
603434
868790
62843
430347
891209
199318
470664
926108
247260
628963
19401
203280
671003
880420
648071
94876
638779
576002
261762
995869
195846
906142
363861
590585
481624
928318
692039
98532
761459
127202
791280
706239
428032
579381
202501
823066
838371
783775
778627
424282
348665
248887
92853
280246
772849
818518
427745
456091
766788
428231
418453
281776
284114
632474
241737
673716
31898
60504
782385
575106
560662
951760
488290
859190
696753
324048
147038
490474
854950
604207
79294
688218
154934
880647
395323
854374
665541
663489
152664
719285
416978
687177
846640
847157
715474
531424
569175
437377
330215
555407
950320
158364
868162
412153
514443
535386
672082
403914
70264
216670
127335
962764
835309
526910
330984
835160
24463
201155
503149
940265
998624
178892
125946
7564
22406
407057
209113
853683
470260
952261
336403
384873
896759
519765
528458
86241
702623
123854
890230
885159
237384
896283
499322
319544
390724
830955
152418
756205
544742
304881
726972
282001
819246
103109
130960
465556
251212
405736
778493
918937
523411
578469
345393
327018
732859
402834
580
319435
406995
476022
253042
745708
3073
638149
451379
518519
927479
248838
253049
608138
942452
816789
809925
3263
865972
78981
157351
558310
671478
165341
948688
465300
882152
540931
551573
508180
450864
487735
690818
41020
668697
913270
786265
228507
873944
263614
733350
310415
189371
318961
732416
658483
371437
359635
93278
242101
191208
52462
677779
895493
4151
751061
308775
682985
550631
922693
778644
6893
121994
734823
568858
700152
66407
284018
126143
724987
762753
72109
817575
718146
355586
406802
201611
7917
300548
731214
490265
27320
221692
837989
385192
710133
685060
654323
428502
445084
359492
112205
51393
196281
719804
720070
5342
383491
706160
295821
508857
348749
339695
844724
201673
215573
779842
65099
123695
344058
484526
454315
183947
947339
564070
323023
490491
930619
997969
355996
691762
320688
449331
897409
365680
213882
285050
900409
670819
117921
601704
60525
684506
72151
706263
886135
819170
814220
460846
846338
543359
981025
787551
94797
290057
358708
464345
625742
299296
817306
950161
60467
559757
203370
487209
464771
653174
751670
748730
34468
525309
256789
259523
299957
268535
585820
2669
337243
430596
897899
182138
858394
660240
802659
313866
638681
514085
98101
983178
464072
613418
996758
919801
793373
620156
754702
423448
45113
591463
293616
482158
271594
869248
18532
850613
797385
17699
139296
435940
173316
991621
514357
95834
903286
889589
393414
489188
990194
158900
733971
406827
445151
927789
544243
111229
251965
229458
44896
530550
333574
510805
804268
152395
559791
34112
788690
259890
509517
478066
686376
692529
211221
197879
414832
844930
777340
537666
556557
383776
496125
708361
288978
759474
598841
1150
561974
265680
51832
359589
779556
818870
203533
211670
413935
108484
820056
487249
476195
467631
375206
655673
429814
320648
998387
843311
936158
580455
219855
611660
150844
953588
238301
761466
600181
34833
315320
25968
256546
696295
111793
423240
501533
414284
260084
362558
424060
752910
661641
354375
534938
292191
915510
608267
703440
915356
743553
387905
827011
164348
441426
826086
700055
588498
286967
91546
150018
241726
494018
884695
479419
611254
984205
983310
764433
247212
425822
710496
341911
927517
641701
610998
137725
333942
850594
281725
835386
855138
416675
920705
785893
750836
882539
31141
320995
94958
624175
925181
887867
940012
227450
939848
832006
630384
872496
924749
634050
572811
111471
617104
751813
153828
386001
207857
597262
829544
671502
78242
250615
873934
570495
685059
910534
906373
68157
517404
457059
338557
642536
927926
169573
623183
16515
845014
201093
786122
495997
863319
423092
64155
804362
112995
764744
920536
803056
577870
743313
321897
130654
54735
489162
472083
363958
679003
22572
722531
529068
128031
512028
33587
346694
442458
138500
238492
135171
504150
342526
521720
740120
147585
557613
573074
758101
957612
755430
537965
708391
299103
226764
109613
236278
336662
143546
457062
78382
654365
223768
983808
531804
829059
93201
545348
999342
335422
191835
422917
10205
404635
411573
853677
604774
97824
291183
849507
681843
668352
710499
778070
960473
335481
714433
28521
616507
129358
162824
643259
64395
772764
909265
262993
228144
54492
285573
323107
535364
227508
470191
360320
201332
713081
574252
433310
454475
223686
969023
222850
334536
587826
700609
114120
137579
851760
363638
561744
387407
493832
461370
99781
116209
660334
45082
620491
194958
444092
568063
476612
453227
685073
850692
1600
10862
810309
16297
674431
984938
809608
172577
529251
798648
887702
257990
393079
13760
122585
514541
281814
37847
269147
926995
851641
662210
119333
837238
682145
328217
519481
728064
401501
474503
409449
963358
193464
497454
327443
368
492739
654887
929913
995801
517243
626151
94337
165365
74966
288317
48518
884266
39599
73016
661144
864599
383691
95461
205783
214186
386439
160053
589415
287246
515552
549821
355088
841793
850079
864728
882805
968067
529567
736231
315311
456618
597436
147641
67334
633939
741402
16261
118987
11507
99727
870996
526805
773771
597934
273340
996694
151802
561137
79046
142425
605548
109250
796465
779994
917296
549670
25040
254529
43048
889222
731342
616381
367129
456092
71954
16250
121699
785590
259581
727486
366410
924714
716240
324965
431090
704407
91691
657911
844393
620243
391792
17699
496415
307190
298758
839451
229041
396034
668922
639499
578914
426094
121279
616567
691818
594510
896086
486576
697385
18656
21257
802866
31092
454645
497041
729949
986256
532729
424343
848718
234621
286625
254999
30618
291305
12977
94817
530278
461318
148392
91450
478822
755381
643464
866655
325808
651937
699589
507497
834812
855465
130378
367372
145723
659893
617314
776121
460624
781162
195466
71716
263535
840376
206032
161440
860177
709776
193895
255013
211089
327667
452619
197236
820582
572070
43979
690385
409213
226690
489272
564015
189171
745959
811560
799274
375212
944849
39591
263598
288723
150083
204859
943989
92142
5983
652179
34797
874716
531671
501899
695863
956718
553150
824478
654796
216416
406904
993705
178490
561779
106256
709272
262348
415720
273512
247151
330184
384730
360907
381687
342930
131769
73631
523139
318766
133343
901302
221342
492835
801296
493123
168979
340347
37715
785257
283287
516966
737127
586607
234071
211838
283556
590672
415386
622565
21104
774831
42067
360906
957082
514472
676422
450187
5142
617602
484436
13172
245397
396096
552613
817574
300673
180887
918704
628115
103186
815545
704874
957990
973072
358288
841993
85119
568165
71366
112755
775644
158814
499969
230344
227283
855806
640876
160584
440891
378879
421808
650275
885163
548006
813123
4956
864858
255105
19671
54041
535654
619520
337458
374025
156528
604526
520285
256114
54884
926346
778678
827862
897814
539334
573857
749697
481352
625051
737883
372914
522760
589831
842990
536675
347382
412004
7425
359927
909860
190694
774151
12288
168342
528817
341912
190826
582760
54933
872348
365703
58447
871911
242851
70199
435383
763965
441554
705075
425996
963717
462585
97014
365333
527747
664064
340234
210234
167909
193534
546603
301158
765380
660332
678041
542343
65081
950958
174591
594930
132378
325073
502139
345508
193680
439251
530442
525412
856854
662939
391953
448708
481104
984457
570890
