351
136092
531336
522709
101510
611336
172751
799303
155199
452793
152728
52324
472400
195559
383572
222983
524762
830582
619088
772345
2138
460134
682655
874196
732389
641029
801158
418473
766112
199237
846915
356764
100639
43208
165179
887981
354840
477366
696799
419730
76931
672945
363098
644031
500464
251040
517754
833320
762597
283752
789880
170941
853139
519097
526917
58612
703348
843620
598356
766533
456867
745962
508926
451950
110135
649104
337045
721463
107869
500271
259689
254704
650578
412168
119153
185526
706714
836788
600855
688756
578848
120665
767842
671910
857706
341432
122144
312601
536759
672547
401424
285199
807224
322861
563082
673214
131785
485370
749196
336728
389515
70709
783137
577253
885791
410304
567216
847436
804192
594534
214495
492785
467774
800973
849441
726008
525875
259687
111811
354504
328259
679943
797135
139530
732885
380080
483963
222161
155496
177641
769841
397075
152052
659053
254076
259477
246463
80896
24076
553702
275448
31003
60646
839010
33427
21992
282635
752918
619969
667049
826338
133507
364556
670259
274405
569755
764492
401656
443173
219369
424361
519074
656795
81677
606797
478683
41900
127397
691589
643401
669784
347271
811028
578903
311232
463530
342676
245903
889649
657029
71050
186788
311089
673807
158404
34763
426565
776837
388242
379689
461788
154699
574207
599303
134652
319146
765898
602691
759783
262583
301765
550145
40457
818419
462185
465022
255169
694031
192084
636997
394090
77768
370496
469786
61797
638352
591073
206387
840900
81837
569723
860871
200341
105211
652254
256510
834633
55500
160991
788393
338912
459696
29364
349803
455347
424944
731371
258068
308574
124819
439271
658350
463368
412548
509369
668912
549488
330091
163863
885552
860662
507799
221051
229205
662755
284541
309531
135915
333237
185786
115136
224432
844907
679860
863269
347499
858378
142271
375054
619836
507946
323164
782722
615022
457344
574268
276551
425129
622024
67522
322521
584453
683406
233542
718534
130265
656057
59893
688745
483952
455446
623862
407969
271229
259996
327240
406605
83205
815969
838151
364454
254363
362745
526989
838777
734666
743237
25205
70079
630443
760544
514106
243547
611510
164513
839166
596336
262453
647693
831303
6045
854547
876733
683012
228725
152948
772776
221454
381599
24990
723661
91721
289415
460405
276479
590218
365183
731141
716748
192626
883605
186232
479820
145496
107858
837799
891619
672516
508909
744397
311315
613112
