3484
310883
291057
80966
772457
397426
612914
527419
577788
705976
405730
398381
191467
892884
57001
260399
222224
868703
595606
495446
47623
417606
779286
899364
588106
142147
50915
476177
266196
33591
735827
145944
559783
724230
593842
56091
180392
712239
481290
534356
140424
18694
16158
423450
707006
826735
898870
566572
436080
314873
562229
506077
406545
247925
45702
391068
794564
105810
852821
860574
357534
157911
145114
210378
891530
303740
388016
338753
343046
670501
191907
386409
125770
619003
501032
469524
502537
619337
647494
474001
193967
179536
146962
566063
62699
695911
808986
292873
838663
192659
483031
602099
542898
520287
159045
563936
49214
97816
70286
156045
836485
33576
517634
825965
96838
518029
754115
544017
635854
3060
888029
560371
873778
3703
220403
28672
794745
769745
50452
352097
278838
868698
407725
593860
407186
545380
336856
215404
492232
527632
351505
666417
531178
390413
877065
405716
42114
136462
780756
277956
225618
7943
789950
695014
439869
281348
506938
466821
533214
623814
831194
228118
439990
64507
233946
173062
9380
86329
783415
450818
640396
869302
442302
675555
710202
264135
206078
152852
669791
887923
93343
497889
755482
886035
823756
67774
682995
155561
184428
732593
228448
741690
337327
475677
406250
126634
834948
319851
748778
632370
273703
724471
524781
821184
318614
106133
558839
197739
312229
646847
169123
55536
338472
814492
117768
830511
132462
772270
68472
99676
147277
114519
546370
601826
699128
808905
373783
880282
708973
329321
837930
645636
704874
646303
466768
745280
832224
630589
179974
278956
177728
114314
204594
840026
122802
135113
885698
891084
95909
19979
596017
498127
89185
259597
659080
424401
891287
104271
601665
338209
662362
474579
576902
619906
295719
847118
90616
728363
470367
828846
82764
882590
657845
551912
277199
617379
36035
393021
476107
784192
586359
121288
769697
879575
367531
605639
279638
831708
586930
486147
522795
2673
638670
528509
56260
699361
795455
291127
347882
200853
342102
356221
97099
164598
211527
633614
669503
584384
541757
265995
40710
166782
115015
419386
444973
198824
654736
216727
609904
356982
78285
69528
87481
462656
57647
258363
90310
2932
739928
251855
328201
122578
330122
854524
57577
6343
462043
831568
874149
646436
563525
211622
731513
202971
767929
838293
702201
721942
169364
559826
747034
34068
618410
83491
765168
369664
116575
28098
330002
710543
686325
131594
410842
513718
371199
489696
351624
65318
655251
386721
536966
727813
73406
295716
611111
714442
371218
632780
799112
276533
679739
682605
223160
100936
893103
233560
280724
255974
517827
777316
375275
753063
42458
131643
704512
616149
332888
198046
51598
339558
733429
842102
654598
7862
6574
548120
118899
470880
58229
505268
698815
139800
685416
719835
583598
769577
233983
281290
90632
500646
691487
153239
746933
515087
390924
162327
197120
134562
204411
377257
541854
252987
319301
609507
66600
26826
65783
599063
584067
264144
133318
155425
342177
371637
722112
815472
581888
489608
327166
328174
628337
287028
278774
639406
159859
841436
427949
223921
6366
491635
349194
600469
51803
476474
203045
849787
469360
421367
215422
210195
829082
624366
704874
598630
163027
654687
828135
838720
417139
14747
644881
33112
854898
189796
761486
819165
672107
238241
244291
607230
725821
695675
187946
846198
529227
15094
221275
586547
842723
644175
798151
615106
299836
268847
514947
347960
816920
48617
783329
684959
49833
195702
241851
468795
62448
373610
764809
603192
469920
330578
4466
634258
355489
338669
61630
896609
688753
216644
538986
98847
63844
278695
228533
641942
537228
725574
872727
801515
532597
578408
44114
219713
845479
574028
140032
558828
152142
119418
626284
308147
159446
29156
851677
2177
393263
74110
457676
769864
333296
697303
872534
830962
633752
209011
121837
594565
595536
889543
564490
324082
195245
107921
681853
456539
165905
471601
378117
339295
893841
225895
805434
199363
294385
4490
294728
530910
78155
308866
481494
639073
416078
368420
833828
499393
707491
481064
401716
664866
263851
871943
303870
736034
401509
182070
221095
45248
382732
546458
349389
119303
829468
478791
623065
17370
814101
119193
620631
801438
510776
723886
158529
467070
895726
467870
748247
665983
171560
484440
692107
887266
38081
763898
607673
361967
531840
748620
311956
528643
644154
544250
187996
62201
241748
206092
343115
453998
864838
469636
738254
177588
860186
59892
599857
676853
360884
239705
810131
822754
173996
114807
122617
291671
210486
844019
861054
302924
825411
637895
551432
358651
343776
132421
859926
584008
766620
870284
318773
510418
113160
116544
398610
636789
346102
164617
380074
423385
500740
269322
62941
462971
585394
851259
718112
131318
309774
865926
577426
135662
423313
369275
875335
695417
810051
430000
69696
890762
436441
46425
593723
802874
295327
743199
780774
402549
574768
321376
578735
417407
394114
350564
666039
96641
561631
48887
265318
343668
462509
224167
111256
53737
716207
397372
129972
802290
216005
205647
853501
614832
415919
519080
706017
656026
242543
320824
899727
414823
568427
422831
717733
148729
479057
173755
118856
415750
155766
215455
818349
66052
532119
800107
300180
766448
789185
239709
765396
640123
607691
202132
289969
322865
323553
717901
826954
705607
122012
179548
69135
89536
562924
411625
578576
414365
255479
447556
73553
591359
531644
850470
695706
655450
633936
702566
178250
755960
242154
873012
792043
822854
220218
329077
713728
57279
307443
670172
486235
439635
241290
326818
665932
515988
466198
111489
533844
58717
853815
541747
321432
518560
57492
286593
714320
644778
893244
170187
316606
312404
721902
161940
357052
856073
528852
733062
544687
516687
308490
573769
201304
850836
382909
449371
582537
439639
52206
829005
873013
173327
751189
876410
682303
58684
637699
291557
151540
717768
528416
754094
384341
290682
513330
158320
20461
785911
805951
319642
189313
784341
28906
507208
23781
709373
316761
548189
484651
519260
283031
145823
709750
39494
204565
554063
185837
282216
339052
808900
309579
473193
446238
796867
724210
696187
609658
881885
465536
83748
527422
136389
639386
13732
86230
609164
822790
730434
883010
140667
401973
285815
213590
328717
718172
195863
567868
303590
241411
390711
106100
306387
256950
456735
474907
769791
661114
208590
556265
885968
125338
172068
503252
755004
210047
78577
774546
658603
538206
545783
561564
444810
93675
592062
193711
615625
699627
52660
753132
479698
245223
72126
538270
14182
674268
398560
212987
28438
176368
285477
477284
524827
145311
837068
73927
599986
8019
479951
692964
395447
852562
619217
899500
797949
865041
396579
3749
586824
560198
894418
546698
479847
712380
402449
805167
521649
442432
18527
481443
224635
616632
136757
390286
54995
292914
282414
629017
729212
673722
434163
432237
456326
649222
816930
559636
339241
422380
105818
400156
242910
722515
562054
85786
563866
813542
531684
872683
862024
267877
704400
773397
702178
815798
695281
701836
418124
423417
435168
795440
704461
402617
585073
561364
367210
56509
572736
655993
246817
879103
66937
431065
53439
528148
827203
539168
89150
67370
514250
69173
357599
535760
590407
110742
234464
120718
525519
94913
363514
72598
362037
795055
452217
22194
113500
674202
18424
110813
439006
530528
334937
87502
385938
212768
77791
92558
460381
131872
554216
4811
760215
846097
734537
214661
492441
743755
227624
262597
561152
311666
648368
172910
652257
188282
79829
619275
587433
648646
896549
740232
167055
400395
474982
434269
229305
523380
207633
150629
405864
772095
852171
674733
76225
842244
365500
56519
543608
794038
765582
213982
48027
311682
328676
383972
494456
872596
30996
751880
709324
285945
82339
81667
56906
726368
541851
145361
167300
573753
381611
436508
321464
476863
283483
303156
331034
62546
139
149980
402778
707772
506151
42366
248722
109238
44169
306270
89327
348803
682155
213291
587833
680826
38246
154930
803776
371905
433261
756493
735333
150292
436095
490521
172194
712485
266093
740997
627095
525886
770569
765190
879826
432162
366214
51271
587066
202417
261202
263902
68856
309482
625357
31642
757603
582443
278308
433816
879366
399731
685519
776629
186064
396649
115587
863902
221528
350102
284692
722019
43915
76557
352011
355786
719412
187722
257952
65119
252390
613912
42420
737833
369609
11565
126638
817912
405246
240848
745872
808795
258929
255291
756533
264270
243226
301915
80809
52496
529392
872500
135461
519986
791243
599298
883941
683148
181332
398362
617928
552521
511019
525583
108932
448067
298101
303792
172771
738762
76064
77006
239102
881245
552308
193372
374484
31323
895223
429583
731175
660979
145853
645093
531987
401559
532139
497985
395467
348783
615878
215412
232499
544298
546685
873753
611028
704559
415632
789239
289727
315762
656155
454665
77025
863779
346179
571481
122911
645312
825051
51112
706703
77802
144243
668971
2866
829333
81278
176016
638386
116280
350239
515806
508915
655333
769808
820026
407769
641651
195086
777318
635063
151350
451620
441188
364303
130352
533906
668152
885803
622689
379993
871211
384182
468090
802822
716364
866839
542384
42329
633168
244587
639499
237201
596091
642751
368446
743127
552023
724295
186641
802851
718017
663902
583066
223022
370243
198426
805162
189301
122715
351115
238723
26694
390427
425744
557127
554795
417354
636085
70604
869616
413224
691149
133164
533138
387758
194537
505753
159846
74100
732466
777294
116228
309260
897768
377088
37070
880875
271863
817683
544352
130824
305107
28489
696950
43101
466961
599093
890644
441579
660577
677486
450614
298874
269643
629567
469109
804893
284741
527451
467059
413524
543822
333614
631363
539339
470794
321134
389912
652768
751227
431088
96392
543202
17816
320791
351580
838036
224652
836392
428823
300369
786126
302105
281920
328458
150553
614151
202190
529483
226887
619975
896400
565691
856687
693012
794102
184226
709591
436519
380351
454373
336920
434917
666399
5676
104877
612242
451373
378309
429751
795171
318631
325634
684305
480497
731458
688925
650026
328969
310866
557979
313604
893345
38097
852910
219368
697861
17584
70773
408740
624175
803736
487231
814275
729365
504987
18796
78599
727101
797052
763668
194341
87787
464280
854720
548892
449883
310511
434390
89844
655017
154291
391187
291759
867885
654956
807761
61967
782917
308293
349512
572644
99019
779415
24913
352464
473830
484111
255077
409977
164444
509022
353828
21993
616868
864798
506481
29606
746745
566588
395386
247145
262443
55495
667158
872285
88368
407027
288263
144278
666072
293321
29567
120300
552606
51695
833695
143954
8826
832687
328539
561719
214739
227079
703673
834041
888210
556877
746968
781408
140594
84221
146413
479134
6931
401280
200936
363681
241997
216218
246549
872307
816962
108913
657759
889135
358860
204245
435023
126335
260406
94416
440114
234102
349287
48011
604632
622791
307032
689914
148217
469344
743335
573893
817010
133767
110308
651604
303789
640208
73001
843479
198526
698168
167270
888335
810762
818113
691738
580700
869827
195626
401598
829508
857102
747241
226235
1405
714309
306216
417660
473175
734775
38010
70686
38089
475597
308376
87331
227286
892937
50109
215526
467548
181639
555898
131593
794681
529573
29910
531243
757082
251807
716422
259861
836737
268499
719845
71347
763346
712419
889456
491968
269626
423320
803841
781081
705341
673187
290501
540340
792730
595232
389340
823146
714653
293492
744173
182575
220290
19861
826948
85155
232993
889864
88937
268992
537626
759908
68029
291700
357373
892150
764275
212201
261878
751903
244745
230143
775988
578104
463010
730907
202517
675926
604642
136792
755184
322343
699653
342268
496510
739900
702844
466406
823685
450433
402181
432451
862723
278791
833318
113184
260627
212419
829797
302554
383039
682160
279847
506417
35939
219631
393315
257723
422873
445039
523746
627285
82119
56583
846166
607635
321025
376415
449492
484281
723739
254383
538383
745602
785552
551999
381650
369181
129960
585550
834842
20537
885097
394927
411982
397141
249437
573613
435932
824057
251612
654223
147633
796419
260214
84182
887348
259578
262815
171523
297791
156671
355255
799349
63547
482209
324053
713777
813336
394799
551471
91258
276134
298984
404905
807872
262195
49742
436184
387797
402784
495097
463889
589466
659234
203592
204114
758552
824179
573395
882797
737578
835762
372636
202125
896504
7613
154307
238758
714975
445898
55928
291774
777004
250813
64204
736881
382759
216040
769024
92869
585612
679557
246751
56428
286996
53929
679912
661807
168850
132326
443587
517629
8666
896800
25076
528816
252892
576041
221869
500344
362862
440572
718462
756326
68295
48466
235592
334135
44040
410948
389968
668251
658741
326141
869743
732033
443137
490267
422565
92417
742088
648035
515757
660965
443509
205182
491820
703477
415364
418291
173955
602974
858498
116162
301381
282206
449008
77339
754210
83598
50599
869977
384321
813452
252597
92318
716108
200804
351141
529771
874789
502171
135229
330172
443543
773272
217857
309951
156007
405551
745621
613263
10601
279723
60927
561265
769999
807128
617067
553962
709180
844170
144232
60283
379287
853101
777071
681050
399099
356234
879140
876846
584203
238226
659093
232710
654531
227466
282752
208759
189353
19476
689554
877041
296195
682038
754601
179132
462146
354664
242842
270356
242107
240639
85871
647038
893655
549938
91944
128902
737376
898821
242370
511543
66876
591610
523062
533238
610390
777456
497816
494683
143895
463829
92159
236652
846292
310320
672548
832792
256385
826532
706692
375597
65667
287906
705024
172055
16835
272014
801220
583126
118015
69163
300164
169594
180570
27206
764417
541086
655860
715324
412171
309342
621076
573865
761473
77078
853217
157614
357365
41048
622224
814846
100843
824266
311160
770981
231295
544218
356289
37013
403877
779518
654747
879503
896268
317196
138315
717195
863900
445139
863840
435076
736735
266165
82020
784898
407004
37921
94158
589957
730782
54609
163316
37802
597843
313469
841181
22590
808304
172857
362453
159165
557330
51538
515962
301925
160415
822112
647507
858140
62251
72073
518400
815834
798743
418323
722572
852725
594483
783331
530879
637927
628100
303222
573456
809790
497825
376058
703832
754656
158871
329291
87457
673272
877165
703718
260510
91489
331202
352235
138388
87758
213905
53460
328470
348084
36695
409388
118446
442197
878891
186990
620855
75818
197804
4699
820168
602220
442329
446071
725003
305631
696121
598465
321355
895931
65946
503757
281643
315064
94935
839648
219956
83445
507091
736007
444871
861125
312130
152309
537040
303767
131783
408599
589211
395649
813208
94005
377568
873384
376126
576583
136538
759951
102200
562545
129430
611033
749375
702429
622279
429564
43907
202964
290646
133445
522965
382424
475318
377217
310878
94881
586646
647119
99724
767186
830319
783264
280109
97879
164797
689032
504532
382622
444363
512260
671161
56367
32423
177991
670429
488520
165684
18723
866987
35162
392798
867761
875609
51898
535465
532349
410190
26116
346786
708433
542558
124147
533719
42107
211184
733302
770210
542782
302496
801903
485312
156594
370401
87533
573376
715193
107226
859012
332088
779264
510577
251590
421905
345357
742022
551072
216162
725579
869942
252755
221498
161904
497120
363118
657943
635431
10851
762181
432083
469150
368230
698864
1918
138574
113426
612034
792807
318754
587226
53219
365172
296423
188251
352525
232466
770287
591198
182880
868518
284065
589722
185858
506433
573952
475510
794038
494066
823350
159596
490008
17653
841950
194025
200979
76969
28779
620369
125439
755904
527576
486784
620410
326383
3468
26155
811298
411205
280457
317669
200460
321529
856658
240926
595652
162556
454519
554213
455937
313645
471166
292397
671684
829739
877872
183502
112973
867781
128317
671587
125978
806285
389100
345297
118685
828172
32451
458983
46169
514191
263440
690496
657049
419390
57778
795557
576461
218125
63623
863184
511202
453548
268882
276620
673884
809817
809096
800504
214258
449301
844632
249002
174951
622740
185845
731984
480032
825998
212481
378065
748583
858739
277623
624947
277307
273147
870677
130037
481778
662810
253380
351324
453036
17875
787398
269548
582965
250436
399451
82668
81430
542463
150448
88780
298200
466040
548165
659970
190295
731034
77464
611791
597055
691797
755123
720577
893798
532018
851919
680433
532934
755623
328804
799085
138997
869605
596846
322544
581986
691502
189341
404877
530477
333125
429305
554443
599396
448862
427792
503946
133430
232564
855966
243684
260150
645817
71672
152814
19374
254600
464437
250685
583453
884726
493113
860294
388655
837447
354303
513918
275159
622141
422594
485376
865803
441675
135048
835789
365308
510248
190316
379597
621745
541088
317702
460915
34143
858532
716505
647295
584711
279616
191673
423198
140652
597677
548311
583820
72751
312413
804587
899481
32361
650068
483837
31080
830724
570647
508976
21076
850198
213180
52075
346734
203004
692065
87684
591426
771663
11032
514763
311480
146341
514784
98545
758902
673734
465295
878388
695266
599177
110539
199496
422628
628235
829368
99555
405418
435852
166507
41764
211366
101254
481278
601409
386770
137162
384828
82413
687828
792185
411516
46114
828892
43483
710762
689840
679562
182912
12192
504130
511340
757745
41685
30121
456581
170546
486604
169799
102666
785174
441229
225754
122598
379487
407664
66212
340381
351857
733077
348307
234509
54577
433809
368721
177936
388895
533091
82730
325086
18541
253893
287861
514256
363675
193534
46786
126271
604881
105332
676159
163051
163672
762751
453894
649943
756277
104856
531238
184914
251171
352432
571244
32337
40428
34269
572141
764279
795939
586511
576723
574838
361281
62241
593443
356911
707035
472619
337351
762390
310492
810836
124156
125169
373572
236037
23514
648831
505373
72089
352667
439285
150325
139440
521034
541155
350365
237923
517322
210518
670493
706450
68544
327606
856049
4696
412542
795408
719141
160544
478668
231310
186952
827729
476373
653761
566736
434789
755947
282017
417706
825687
22424
41323
49179
707771
636195
385417
198584
4871
474715
343056
571775
417359
168227
563811
184977
115695
762522
570580
661260
59937
533830
268235
415592
672366
852700
304799
823790
325633
270030
716033
699088
177687
676913
401656
748009
563027
7178
130182
347410
398638
214901
468970
876382
174571
541906
831775
814291
370825
634253
231330
379334
573841
715015
400688
831889
85423
90502
33230
827507
861214
502262
898146
788836
593852
293882
566527
418451
685693
401779
673086
876543
336667
313676
17383
152750
607594
621216
381647
247501
11306
78824
341564
266533
722006
714149
291587
283318
413753
337318
519794
872243
594688
851927
351882
659385
385482
178982
169732
633069
454588
405363
355733
710578
355346
209651
38124
862723
830576
641281
492568
848723
554934
575010
161638
706302
876146
315507
539943
685580
50639
101585
626033
145602
334187
420037
518460
707908
109542
160586
797261
733739
858326
354204
107407
495679
510007
276319
712060
771665
635968
627081
229244
59736
708274
772109
48005
874182
383049
305061
452096
331590
892629
223323
599180
129812
765858
89588
500444
157848
357298
705114
239163
360545
51053
147172
777392
34522
658639
332164
522492
100140
771712
759340
675424
150704
679777
397182
476412
771055
602881
202031
152338
146008
152879
15416
356201
62749
284170
701529
833070
854346
100341
291561
119540
764770
592422
503358
44892
54040
240317
345109
19984
453320
256338
107039
64073
17456
194151
815657
765072
878702
322748
97862
564066
343479
892962
526747
235948
282192
776327
88390
45206
820525
804976
208428
782940
320772
450085
216286
437687
749677
226661
860551
279067
90072
486395
152021
649849
610539
695080
45633
657861
650551
248992
886588
132210
550646
292945
194168
828568
727843
10173
834449
860568
156725
407785
655126
391574
836409
39245
748408
79333
58668
382476
789134
170401
538962
854750
149409
429238
176246
727177
290971
289246
590142
543919
586279
530663
629993
323584
128901
773042
397640
661743
462733
606808
866007
92258
371453
828007
444119
853668
60544
657674
848201
750357
569053
486439
701096
93921
398361
119330
700483
675469
7946
141951
862903
723021
417274
445573
300165
175027
262836
350206
627253
546307
866798
348506
708134
424706
151410
792307
177968
501036
479723
758379
628824
475300
239049
268081
18128
559206
195792
551555
460841
851416
478115
453645
648469
529344
357033
227280
629181
769391
525498
9310
387388
639995
380040
426146
612535
725834
550508
288316
376633
300842
569259
287082
166382
706109
165797
152130
576156
591570
351387
673116
314202
418223
829210
867308
473486
488458
748008
499884
285766
846199
17386
22777
8050
501148
546383
590068
50556
819840
315773
320745
892486
497313
786294
52780
688383
420453
553062
201503
43969
202089
385580
196080
863626
880917
613187
12383
721428
302224
769548
106750
214515
66288
795737
76369
186027
869673
824728
418388
272364
849991
438170
732316
775659
771351
425215
843605
168766
471999
717824
423531
794355
152494
539769
7013
740653
181134
565009
729611
821021
626934
577287
131880
138361
637628
489371
552970
168379
531528
62070
499078
46521
437123
827734
33497
613276
485742
666778
29258
727231
601455
768295
689259
608806
857286
102197
255070
648632
440319
118585
512179
409787
806592
871983
371695
533931
743265
660547
402729
637398
842971
634972
797903
602583
277593
98534
90533
94605
609259
692987
821229
37783
464026
663374
704354
736366
898294
860531
784286
43487
7626
470734
421372
798211
221393
274198
417272
265021
493058
312262
704914
36976
856423
523232
419441
439898
427532
221630
687812
31377
57682
11447
745219
319129
422659
690346
782901
183039
28095
24841
395275
371732
307189
885957
453129
770665
760526
71826
554277
525444
139172
726200
650728
351389
818672
357557
141393
574007
544800
473394
183129
504030
33831
627232
453105
601593
643246
411438
140103
888044
236840
522539
649224
45934
171844
863698
611807
137889
142875
744535
136891
672691
537385
427884
368783
674544
874457
410128
440083
151138
521017
102773
353640
344870
315341
605996
14393
841292
668191
704719
153277
281579
173332
883851
337785
728350
727161
631944
385793
346367
678396
210103
466847
434495
770263
184375
336940
147999
440520
377411
238300
429230
832924
424731
67415
867295
423209
670126
79937
780005
828411
630465
725402
464014
711270
30079
293377
684730
461946
386972
895732
784535
610101
864039
709971
95515
130610
578220
436803
325916
801375
176932
897166
214479
436652
101818
31207
844507
41855
386138
759723
815833
282757
322679
884259
413771
206243
803321
247142
31830
765386
706594
211900
831421
331305
257436
787037
67611
70556
781249
94583
354077
861091
146982
361167
795225
597677
66372
425470
87119
699827
834180
287389
821435
244929
255143
165884
253108
646927
184527
396491
234949
834318
662382
846076
804005
267133
635401
567519
427668
841755
202728
848269
679604
513015
229468
730849
782305
529092
249102
488544
486607
171208
301472
335289
73056
656051
818146
319144
306110
211501
565588
420308
784731
96200
705395
157848
275938
445749
397378
784831
69817
235794
457493
435752
872854
869281
606653
190569
614043
367444
464651
51600
839407
654020
392451
798053
25243
161088
216927
260043
116477
422051
27996
734565
756684
404094
698053
490133
798762
252085
65211
294720
576159
97478
455613
340077
747319
73667
819130
478380
400410
855009
868944
804531
438755
816489
662847
390212
116480
729035
633616
745258
43045
667699
661084
148418
500909
112756
605050
733591
176239
854944
678760
582181
303769
789273
728372
522943
824395
856002
839592
678252
148178
145167
293649
365420
277983
740444
635882
85273
167684
129785
592650
284713
325802
376674
868582
93423
429010
275788
97700
252961
308486
365659
793597
729780
768187
79569
561326
100867
863462
588162
376892
756335
357944
228675
830401
313664
776279
297984
827927
397802
311610
252876
173344
482187
300704
508051
545584
167696
516750
358508
399095
546071
854627
104714
75439
387312
667098
682098
596382
489468
687772
448902
701288
64824
20383
833984
663221
392083
193886
525275
587098
774234
662
582922
609575
520628
568635
574188
414892
671433
420245
273751
709993
491807
416186
398033
847600
215452
