7368
798836
122926
625748
398404
631956
93669
492398
610755
338274
490062
749734
667585
752201
668901
526674
285484
598899
810879
601869
349173
759973
631620
34320
191356
879173
326571
248704
152788
636284
26545
383361
898963
374614
773654
184681
593433
194885
684724
366767
20506
30949
814044
244481
844201
281083
354287
633589
747394
116247
264918
470359
637524
152377
862334
15042
574826
690096
350355
804874
11637
170556
346776
862741
169752
171125
672385
747818
301391
382789
584717
282273
734652
344528
230883
788314
529231
122708
553735
848682
205298
332107
144537
299696
788846
897645
360203
830118
694302
85683
787069
643891
217486
429846
80407
711069
412271
770518
678754
364764
181754
352567
380611
438185
2462
479365
833365
168213
477768
365336
30274
14742
716814
808914
553118
177532
761816
640869
107744
743010
707115
182163
872669
670368
894579
808877
830691
437694
654541
333948
351311
57346
783662
613022
732395
197514
435251
723432
639783
221878
279527
862315
287571
754844
219818
408561
649975
857407
263012
803622
820496
624410
556326
563251
180487
799189
490488
880645
877390
111962
123205
263948
592474
502274
812704
219104
255192
584681
172593
768030
698254
255680
576319
888656
178927
771457
19612
544683
11193
51676
395720
578866
341999
489008
270499
179928
509934
886998
687826
342146
436335
390231
294732
336810
864152
806270
722658
486592
867903
831432
474698
790603
153436
388664
396231
133389
478313
698439
781430
343173
308120
789720
786358
700878
819602
53322
725973
839173
708520
675110
770868
723400
148151
662905
171926
92089
477469
546331
686602
52706
809938
269
517394
803090
184774
66306
111728
691525
498677
166004
717292
518146
352905
761239
644836
162814
459532
111115
35473
178207
83463
458635
368785
279579
687068
221826
776631
344958
733021
637053
189195
120681
42728
776251
215167
87512
219712
785858
247183
575452
319464
120459
278195
517767
545342
24829
116997
176583
650225
793399
131914
329577
879329
703495
172031
442655
684434
482296
450
637436
439020
283208
285753
233915
455794
169015
628546
26016
883837
789563
426681
825942
545045
202193
291583
554712
519467
689070
840173
96715
595734
164275
543957
253512
445256
653183
372497
474392
252172
807198
208139
98007
694430
337375
262376
821499
604775
215876
783218
885454
397075
687698
73120
626231
408849
849512
722404
24728
644294
785933
741777
670192
766446
250402
419590
810176
635505
634358
278716
78858
622846
303992
464424
121877
433639
62951
415693
669549
386712
278790
842657
300200
721269
149483
545722
846531
839215
209782
477557
789707
618626
836831
286275
66616
96366
722664
488625
719316
265008
652178
573074
848985
640605
5579
677003
308663
419770
302212
615418
829333
832827
426049
437764
89359
770166
270986
594234
446334
554595
339935
32039
150742
76627
361928
452633
750697
595817
115242
107817
823336
883769
235413
256649
372649
148604
474970
785001
740868
448589
113274
235589
854967
171267
389594
21103
288586
354444
714675
889908
387021
804130
134405
304142
636637
516396
761963
627430
302373
708820
40266
63139
54113
420736
285764
672531
640094
247439
526537
227125
597757
270226
732237
188737
494263
789093
376244
308949
301819
21833
391369
367516
151314
19327
326094
63037
629571
239299
298062
473726
195602
856962
278254
267250
539715
230169
546147
449478
278172
550059
454717
304324
282985
85023
304224
574018
889017
533428
636307
415243
265734
768770
511953
680615
893170
165839
29213
238249
675404
50666
405683
437621
492082
407815
464122
617900
229329
760311
538581
140405
165799
571204
330232
374986
516554
591782
503128
866652
846689
793605
353403
707940
52368
192427
150671
751496
692625
517029
604215
879749
614781
696406
359391
810431
542699
697144
561552
16930
58095
369840
370111
564852
598244
498860
752832
126394
440516
328380
822137
850244
574355
555179
440721
737141
117148
799800
143591
146962
124723
447765
519326
332519
678746
50299
822710
663152
87551
877544
20374
350219
430147
619447
193861
528056
761557
134842
53305
346025
558204
895605
754855
259596
631219
369530
91192
607634
634159
691773
565948
521755
582461
199060
863096
330912
792582
288141
312315
736541
712756
868044
54991
528217
792494
729439
836235
696819
890431
64543
21189
183563
668949
807941
427077
882762
892454
729927
205172
417551
278701
736942
810067
651318
313809
30229
137193
225735
391334
623264
400148
719833
609613
248375
420288
552833
876182
857757
881141
50107
121735
430417
316362
49235
187284
827584
537400
6289
68078
359397
866378
461567
727897
651231
776752
312088
332884
209197
703987
794638
629085
216328
711619
485080
784877
821501
626828
897750
779231
215077
383878
119139
444047
218275
884299
584630
155741
625402
99428
719701
780336
374249
315453
400214
594135
620100
418199
240435
657771
102895
643324
701578
381680
481081
129037
293774
260826
118931
237175
445901
414957
65740
78532
671391
879356
280010
358989
153480
776723
374183
358221
146826
314352
677638
320849
491850
727500
93840
206956
453596
855192
511471
465959
277966
608610
611559
558421
542735
110071
692524
650565
874970
438562
163876
15025
882211
293459
254681
104115
21276
72571
554363
41046
187300
594579
74064
29098
325325
396316
54393
562066
363720
601153
749762
803480
47216
79416
605253
116001
64047
541800
616381
3290
432753
802629
828194
869553
866691
254870
754949
789057
854855
162808
706505
67909
183031
381691
752284
899821
682612
607754
193617
130190
790378
175464
521628
136660
772865
255478
625961
179987
849795
479377
822393
755547
544197
225464
650073
204810
766452
804203
372001
186811
778109
185934
896262
245436
645784
164461
436317
832701
600242
839258
44845
391204
797014
406835
476143
285822
468344
636318
662597
145680
28958
69238
280468
12235
8298
739295
823967
68990
531272
59476
729473
41318
445777
772995
11623
418656
609722
155726
353928
781086
427996
440850
656705
222552
778688
39268
523953
219514
612071
246839
776750
227612
136403
846554
581603
713871
226678
698495
694759
628242
270101
44471
119386
656708
860792
280
687102
491669
79665
497792
160624
390261
755590
19315
822114
598766
437277
210657
351830
345325
407843
54467
578905
315962
668632
668675
312793
308618
638363
506011
94724
721546
731502
571254
774495
454076
654981
706387
511168
406206
751473
306537
393705
73285
116483
754916
2370
420809
809855
721868
879153
351706
83263
727238
778936
663664
229728
203444
718443
565504
120846
777816
746508
879850
753479
413047
851589
119343
198862
475832
660609
621792
462734
724939
400072
860562
343336
769158
851702
513294
284540
634379
147190
479109
835344
505445
30688
344128
831360
585297
86316
897685
444514
311098
621105
604117
808148
513021
804031
500419
193029
668779
818133
670143
1116
682604
277728
619680
569769
726976
687857
49633
634918
391104
133946
296850
712266
595972
632581
637775
366634
277182
423760
163373
413484
74116
149288
891281
752265
585323
199841
511803
517566
566382
382320
743871
22896
830126
7398
250868
432825
2548
583273
746949
427475
333073
634512
303622
475008
800326
626074
76609
654356
849312
787404
709517
474272
867099
384262
831680
701531
201095
725248
90363
217774
96840
129990
312260
31037
179447
797837
852721
336205
132358
431217
621632
478423
90241
634285
739395
98919
196176
862741
697465
308081
431033
454067
507608
710865
453858
166813
625478
547229
383060
219311
856680
762377
193403
669035
734865
147094
520937
753961
210715
867033
380955
852636
580052
618116
815316
164035
500848
651379
317989
38377
553308
57333
579534
297978
885075
893172
62557
331010
701385
796643
601461
261315
378500
370755
116747
527314
736779
24433
9994
293263
641527
655152
112182
476096
339110
572175
777261
313257
217230
743991
811306
530313
236974
344564
570723
321780
214208
275389
477330
823081
221643
486625
213168
520047
88822
47247
258365
115665
799958
73506
766845
734099
211080
585959
452988
540175
631002
815597
348754
543601
719075
77224
349634
779755
791891
239682
41532
164917
747621
765983
780802
46373
856626
690123
534824
375976
840671
517186
526548
659674
312438
561147
78565
199559
855570
574002
15537
890974
619571
427217
500486
544239
792498
510522
845106
882977
753487
434099
419805
560146
658406
114895
354772
619500
694751
344917
810113
136128
332869
237295
676917
256514
786446
154641
177832
525921
629049
471876
711896
80065
868183
568110
140365
120023
497407
641216
534333
442016
861221
897628
891147
273087
314245
5056
246249
93265
56601
626259
358239
438222
505195
507819
263908
200542
285348
690745
178601
686677
384802
488946
825141
775789
555656
209402
877803
503326
756847
174319
843560
456925
784954
333136
500520
688014
36104
393832
109896
449959
207875
72538
685702
200323
688181
273482
182084
815712
283002
673126
268396
488438
568816
281840
642221
709588
705355
833065
565604
851512
222821
19355
663606
428458
89234
46882
358105
456565
725458
93369
668659
741316
14912
556733
279290
755989
638663
411712
646650
858653
633845
792876
8469
598776
579751
652881
806756
552042
698819
618605
65052
166199
113253
227127
783980
235036
191793
178248
383683
365640
412583
115335
245134
743418
695285
745488
727775
371416
799142
95232
365673
661257
675384
562975
476103
162288
171819
802058
653725
505701
886198
366268
23191
698162
45555
371768
424205
87431
596443
532566
865960
446202
582188
841991
263966
433918
410950
551143
626713
180767
137237
68959
315030
576632
790473
508531
76424
899537
262529
90702
211261
411256
428390
57064
658841
175898
272148
619890
136894
590430
871123
555102
213261
686815
694948
623277
94150
20804
492950
605974
59116
567038
730969
239632
457892
464573
703882
536381
202011
275983
112268
822227
802567
206999
439768
367559
624326
234309
479883
263256
344515
484119
229278
391797
888343
455372
749907
4013
591307
524289
337611
547634
393820
566762
117780
579752
397751
214990
520416
260463
858244
404735
459697
234570
231296
114197
542480
117708
424994
150695
240476
873151
764255
521061
427456
23856
463496
290964
206302
826170
265393
661191
354407
239373
845261
865526
416428
91419
510581
494494
779086
110335
87399
221173
98162
546186
716107
526695
323217
11819
120113
815442
859436
283674
30102
877819
531644
472738
361670
603948
402855
308425
797435
100682
868975
239837
314467
335574
585572
235420
228768
827168
852602
524384
876712
336675
187797
344549
545165
579266
585217
408792
75895
142749
126942
845791
806797
767791
797944
797247
303411
380743
847188
490093
534541
886048
706727
687509
9698
664223
620641
538464
467708
785930
695622
126182
412363
351648
710525
9968
490505
816408
251778
152776
18136
348729
230742
577599
450056
568243
723862
573595
17813
478585
571881
430332
746509
847932
835378
418377
464654
191653
818214
214715
838766
150766
583607
440261
819316
580349
77103
369342
198948
541790
14073
734990
822521
536860
156536
887249
156778
537980
730299
405930
681294
875959
162536
422663
278940
798065
739029
567437
69036
339514
147863
714528
523129
859329
389745
69009
530728
233136
628014
483333
322753
335432
666953
779485
168060
250810
266729
206535
414360
229086
797803
50657
685796
63924
230487
433957
204448
198133
898325
199637
114910
496085
73272
138436
630146
808055
515992
578175
424969
679692
333566
677942
675877
716938
68920
380203
179142
118246
533964
597142
770805
36461
682569
452978
31034
72996
95865
156840
764701
225466
618515
44790
304489
446951
615406
361979
483853
496580
813135
43489
10460
733190
224323
229640
550100
409176
424680
660075
767195
443796
551141
602162
387590
698045
686715
633715
384531
579292
31667
319269
63382
315766
16438
125442
606417
891174
881308
625784
710333
706332
4028
22253
759877
719217
386146
776653
269329
333542
544702
330482
755296
345816
898105
170254
149806
161762
10179
602807
496533
824208
747112
542127
35536
868059
620801
108847
857115
723109
584006
550960
169622
653235
546785
269686
726760
680098
718269
532858
423904
654727
521694
741938
273463
222184
717515
323199
871634
835856
220422
608626
866339
784435
654012
421275
731342
724798
880439
166352
745225
730521
711696
356215
441277
778365
584802
162000
78794
645740
574235
464322
375782
522481
655147
65952
702310
845429
896447
830680
860981
77019
672935
344792
79873
820921
85011
88445
327221
750675
269533
705945
890177
792949
289919
265696
283414
592589
651205
233424
844301
627299
696669
181018
890887
281111
841867
70001
152783
805141
359065
330350
379452
356246
284140
709150
649619
558038
531313
165768
216777
868334
602678
497759
369253
63662
707478
634912
30948
426457
347532
18056
77302
40892
287753
76726
662470
725036
263616
56376
830743
208635
246782
734997
710538
317207
465783
307670
142140
614655
346747
864562
465548
660099
794088
705428
507963
615383
568057
116427
69195
221491
254844
23918
552138
621418
455298
885993
876104
823973
408047
694153
782915
530780
309489
19584
808676
510448
784685
706742
473378
594344
771316
394092
660069
459302
861237
110414
367973
24324
825709
529172
142897
470128
473785
75349
643947
833730
178156
867273
483920
490390
203100
80440
498741
842219
818870
597284
570990
318231
765746
214033
126120
660196
341217
300141
853430
440330
774530
323935
612809
730570
342261
683888
526135
384485
295175
342320
504126
73911
279948
825127
336835
36723
302922
280282
759027
715676
292785
6197
57194
742622
867465
425979
118898
539847
729029
193415
390691
867461
263987
244701
74889
5948
597781
659347
260388
264708
548617
350677
754344
500605
340356
40378
140484
174865
450782
528545
271296
410660
772551
136007
832191
247738
620856
320200
264356
127685
425092
76942
745265
489577
43020
735067
847499
863663
655665
454832
539001
825090
383525
281176
228363
405513
496507
270132
689272
401633
446333
492227
772063
556375
580475
565325
556815
232543
755329
729004
724322
217267
665410
163320
437028
760972
201808
677582
845393
875414
695246
826108
556029
774483
642621
333099
214189
534063
849202
592233
54946
897594
238920
680274
48534
160199
113938
622619
668575
376033
206217
61595
110960
685637
247907
589047
575871
860864
686949
549960
708577
548517
653743
361162
468785
585291
537045
891140
293072
125121
442895
68655
620583
593615
757958
711940
674376
832619
666894
41479
26898
160148
541971
387242
664498
818542
397100
836959
456166
884282
352589
813150
456478
557681
781016
243215
779484
16766
662995
44277
846138
668181
883221
86008
420042
216180
520281
383597
385048
735828
108053
386627
581068
750603
354757
685388
642444
540386
484416
290342
825727
519086
108525
52421
167052
222317
589198
837151
41280
277823
701721
385908
25166
865119
695560
198648
639184
35036
258215
645023
448972
399736
717290
196291
802674
371804
523553
791317
105506
603318
29636
24062
220139
725168
578152
846000
577358
305806
866068
41198
536225
593220
279309
20692
174639
356594
202924
199845
353373
705949
122738
572271
827303
730826
295090
273309
408040
672378
738764
337689
362169
793629
139738
682107
791728
167092
2435
588627
572586
91111
630478
434991
744932
643839
893457
199817
199715
303970
681350
510001
246868
50377
574654
633650
582381
750047
34000
661763
379761
535736
599338
897292
211859
801067
198056
106611
652946
550798
719139
26306
478307
829293
520704
256407
351661
508454
849097
364872
252749
721412
598137
378480
684857
361077
370993
570523
521953
227338
875688
823305
758098
546667
573279
652483
561237
654517
856242
385976
445204
309970
189962
744081
63197
198962
57551
374777
495839
765131
344667
234595
716688
776075
45834
535191
563601
195573
250093
536637
543017
412480
680958
478885
617006
386600
477838
513008
208259
702350
392890
672734
858619
243
482812
648661
273916
171341
105790
743818
338878
659523
550857
685776
7026
107659
375419
704826
35232
148381
382999
452270
529672
224212
19959
404873
728266
835841
124988
415241
564770
342795
409574
153210
626251
606599
773055
673249
747748
318959
695889
899998
410127
765507
889080
626082
234134
834297
241586
272749
306889
772737
739891
546
430466
57690
424406
190825
290122
420843
102925
351553
228628
568159
58937
454208
434662
78720
514357
791688
408345
762670
758541
175209
571894
447293
453356
426445
255232
490376
598162
428003
281808
101205
519045
438571
226235
799271
794591
786235
529552
666554
222853
811916
649086
173535
342903
432324
443571
675764
426627
536576
222879
64190
837716
636638
243478
630245
248265
298213
668500
803533
371040
541617
509338
332141
196496
416159
710135
372206
899222
408913
401763
613922
801799
775774
136037
28414
395781
153113
289108
724629
24621
881404
691354
873298
265580
259186
46164
473169
821266
144318
843990
852635
264895
374859
125963
447741
567162
829488
139930
578980
497344
726015
146949
340599
459769
14251
698987
383856
551942
769236
377933
138584
143511
288305
430030
453278
183225
106840
788979
82004
858252
738860
235049
266823
282003
353604
456198
447000
324901
145876
220712
570780
256864
180346
627930
361260
520221
93576
529909
802314
14750
653865
264963
312913
288772
323601
56191
891831
206909
364837
610008
892290
193595
248004
706419
369060
456608
54417
35312
112148
617685
145246
843525
279018
891386
436470
39527
318551
43128
605191
864872
195967
828306
849419
540186
533748
501273
437074
114193
379536
270942
229837
425766
393038
748835
95641
375543
228038
52331
344165
561100
306339
774416
205666
868885
896003
808115
494119
818928
335402
643117
711550
707782
869475
632196
157103
648149
212981
663034
341734
388392
302717
887136
67235
316002
635726
333031
770366
441625
658370
707831
194869
18431
102939
357784
416276
35389
395642
114318
699392
825912
256091
705602
773312
429141
867467
237306
23528
49240
85416
299947
410147
122760
352915
460773
393788
322223
535636
277421
426281
305886
807115
845512
186677
229069
715246
70546
852521
194975
272484
896495
408790
438531
334204
57177
188449
697976
832107
550040
784491
231880
733888
743407
567484
276437
721830
755859
678316
10578
389141
93367
377934
132392
825077
663074
37017
192504
4977
71490
280660
389632
204436
23514
820221
740663
876642
815767
629109
54194
45269
168544
840428
731913
642035
254316
4901
406100
309096
687949
598534
230222
836166
333802
768959
51036
891733
502570
97748
272199
278616
513996
422696
107588
815582
679060
683880
504885
781698
45984
445105
895881
513504
725464
354431
335614
407731
24228
36819
180487
717424
862487
801503
243592
454937
494313
36754
731902
4799
487843
665915
734460
342391
541459
1531
777168
746327
177792
820364
698051
35054
110583
724903
774303
341373
155523
32887
159084
853366
271580
745816
607283
693263
689782
385611
528260
800035
199482
101785
120018
143557
404881
93313
583675
677826
154365
144640
642022
609170
696354
347580
538789
199867
676193
428909
454810
276514
575046
661385
693014
893006
664119
289674
808508
603899
467501
520765
385285
423672
681695
681866
123260
862238
850553
127899
670313
96045
156236
571756
641323
498980
640927
249485
472030
681116
733379
878358
69085
128611
68068
590536
138305
367472
820059
826844
306375
645607
834144
39178
339279
107563
859677
271320
397120
157147
458846
468477
209738
678059
681925
653649
720388
139840
642201
537267
881011
351335
752734
614614
731404
29266
569921
109769
561776
816176
70026
589602
394134
653640
408275
429766
224839
845330
93144
772151
513443
812914
193604
236763
588257
8274
106667
840452
595315
120987
839735
1410
683592
665071
140857
701505
546250
525542
473761
171040
189896
500514
814089
591984
782799
592337
718859
457860
33873
331712
288115
810235
842375
124375
35120
446376
632818
463156
657603
861082
617245
767431
508186
41741
80511
320263
295863
43340
600061
354640
216328
151456
471660
633210
821340
583514
63668
448951
50283
64633
112816
640680
27412
468921
452881
62972
304292
434488
67938
142183
300402
824902
288743
466971
442120
435528
257151
659301
31963
266089
824200
399430
288539
514878
848673
773676
175494
72308
717803
473005
878488
797497
289928
73888
568157
191299
842822
2456
342278
897953
485333
770301
348474
161788
396147
799176
713508
418153
686282
713211
287242
697902
274767
490524
190717
12430
592491
29324
846700
628563
172118
86663
360148
471159
152479
865306
850003
383535
387592
805436
278650
370069
100782
277259
414591
762544
512295
404420
789682
785474
333380
138367
531304
758062
154710
442020
696307
481988
216461
357486
376659
322826
551483
489690
107301
352104
786710
490795
101177
252272
834685
469246
91522
18185
340050
130213
232263
777847
115205
469347
173046
425128
62930
63619
290712
334589
265345
631925
194816
221171
138475
289637
271708
893709
562972
53657
584206
564928
133108
446440
422549
879578
351399
734546
752420
185712
162980
294143
37748
864707
707955
437912
501237
336814
532824
277116
725248
350159
180
683520
874056
757423
801866
70695
409230
184976
257887
359801
556948
152914
122682
388419
120457
709953
565644
733099
381347
85791
583945
761901
872779
275114
356404
755223
236338
846921
138809
392734
605602
500312
71923
705883
650799
726190
696270
757094
553900
12071
127814
107885
212441
74931
563151
470577
266618
129594
96366
551133
753891
855722
593988
695715
329680
326782
529995
86005
463601
12141
294201
454301
170819
214573
661666
257370
655193
529826
2042
78999
236313
281670
876567
756137
768547
725750
118709
157990
374092
341367
675187
329980
467593
313988
432154
371029
168135
165141
756638
382213
13815
119309
879773
704973
243782
787968
552197
413520
598187
551775
354770
93998
6874
106082
58869
828418
764278
341745
594416
778485
100322
826382
824957
135134
343992
245346
25807
899095
772467
807427
515248
710812
293287
723294
412553
292514
122673
604647
616192
774289
127304
522555
815099
553984
486643
721614
864100
319756
812180
48245
210405
428148
448002
790578
496818
575156
73588
553912
510949
451900
300697
828954
76965
479757
190309
262868
764672
707023
212230
846357
606775
663121
728949
688168
256761
65407
9799
750845
583143
487353
28931
688505
498935
547478
694894
496023
862292
441844
461890
293369
105187
865850
788573
813263
651328
738604
752758
581922
86663
54570
834762
693022
219310
561574
620948
363034
396399
230015
381308
803461
367460
72671
28102
181743
725867
873550
388779
758993
98473
751185
36613
801658
762571
429539
527139
511735
593703
246510
444060
248797
348097
79621
695425
893718
237321
221313
509867
105479
821474
626134
406068
504634
573150
325330
842081
77260
849445
224465
818525
218292
779188
218144
772321
78191
97441
335820
615407
768964
105085
331206
86653
242585
299027
674326
861839
744210
100589
360728
267486
106656
331029
621367
818804
760078
799129
723493
555225
121283
270792
645332
519463
252117
408313
752372
641626
45419
620970
17961
151972
21132
758566
664424
183805
174025
495936
669295
696087
2180
141020
787966
443119
254876
887117
711382
187327
332310
873817
648908
784401
470826
789016
768297
469358
716103
340827
871393
453013
91299
499530
248206
683495
394722
750886
562889
812574
238786
403213
343941
535646
843618
491643
894120
660516
97005
130029
288230
61819
855463
319586
256539
383341
418386
680730
403301
471510
546269
231552
14588
27797
628810
391172
771375
610364
863771
531585
687517
760550
738040
339005
652908
177640
420415
226895
821897
297760
622440
107962
157
301258
594004
585848
831560
183698
681906
518770
224636
310211
799501
71627
611129
751134
514358
803933
384512
565574
552745
55355
619126
217368
67902
247541
404760
742841
830191
228858
253494
6471
480641
30232
393773
862225
554481
821534
426468
272483
321916
597091
820930
507801
126218
834432
432362
894868
839832
315896
635221
550795
85378
132120
599659
762841
72393
866776
622173
312180
416262
884801
657601
10238
153931
440586
313131
212020
826706
36347
267333
38916
174885
27570
859179
108795
613289
360195
678021
894300
281671
600729
747810
112941
562776
214780
364365
371500
634445
153323
658159
624767
532664
225129
173857
811528
711035
79476
413867
140631
194315
168688
223806
112377
77280
795810
410315
596431
10076
700984
683358
118809
68853
280390
353658
241457
149121
431851
275986
552117
228541
222834
155425
348412
106618
894516
705479
92297
719652
64539
217889
729725
291120
787650
548260
896807
658658
386968
541653
683446
373785
51555
9160
290736
799095
585184
880211
895419
592304
98025
680718
383512
445998
129424
881897
729903
811327
212520
847466
374022
654236
361922
534081
569547
594134
623701
695050
818225
725471
170583
850751
624599
63346
577064
569047
501891
251969
155470
29727
545678
782969
596666
300755
885337
281876
291369
176666
266846
809178
118311
226747
522369
146453
875823
152255
298245
244144
864237
159845
399515
679306
471780
402619
815989
623677
492043
274240
29272
233862
185297
300308
681424
81200
93058
530392
239869
694530
143266
33735
357356
801505
288535
374128
627648
449091
794275
268527
860175
121202
877838
815431
564681
625848
119714
606463
99763
263757
885296
613718
577330
689051
758640
509252
651907
67146
719589
354222
41223
643149
799871
469157
807804
365095
402810
577372
128007
789819
502212
336773
482860
696720
370684
216647
888608
352861
515094
528477
306582
110614
730651
351854
139574
289779
725677
813412
717868
822809
57095
517963
301244
363336
360867
656777
500179
797153
818838
898772
810296
523921
472790
82324
689282
307774
837083
885431
407107
131596
89411
297002
519810
740781
259984
314267
352135
428931
722604
380936
858255
890611
173677
770435
899167
389864
296499
778181
433844
47009
46093
655627
437337
409593
69372
141746
81651
91664
527696
15947
276247
352634
336078
774554
528411
18468
622099
5617
317609
538879
647858
523524
168399
679467
855897
476393
767828
282881
790482
694094
728805
854397
341701
652630
567309
598566
462267
617681
509572
824443
893629
559831
139134
770683
600571
522209
616036
549585
287528
481029
153568
329275
449154
751148
678897
862101
852176
149585
676479
133991
612837
313624
799592
341767
57729
355144
185081
532940
590710
123302
340504
454289
164583
764208
674686
865570
487757
583699
157058
569511
737299
702282
493105
738442
599649
518100
169721
389061
304791
140304
882852
394029
266351
301303
61730
431413
410661
718165
658368
873697
819474
109126
51093
722504
370163
4298
523034
879492
466600
241732
816089
117786
483161
545749
846526
899936
484915
505967
184907
775728
895952
808569
581832
546120
348501
45502
239639
282042
718644
637938
22182
470007
477202
281315
237149
895699
29827
523511
209271
286805
841105
844968
685261
546558
506364
329689
696846
855411
162683
638195
593419
356968
715200
604640
239726
265835
634170
652067
839819
633803
359028
293842
388111
341987
54779
600466
475317
83718
516829
498957
423703
874664
614860
41810
894178
395815
289537
525994
105474
386421
200702
207666
768828
780195
591820
616922
408795
597707
359363
448377
661953
638170
97448
478346
98239
820600
801776
755527
188929
837942
225379
679840
371520
119730
309244
301208
457627
738858
221837
356701
686304
307003
618175
72354
62339
451604
230326
141658
727377
231420
858419
410739
471519
714525
217076
549933
154843
153835
882934
1846
365540
802613
862746
69507
128022
79495
342534
389324
59485
343609
311650
844133
689995
440600
541794
182229
812868
702575
327332
540149
800278
794354
67631
887751
595847
675238
70364
577871
878374
398960
800016
690706
78660
26425
226343
680394
426779
677786
224301
65924
561804
555114
290821
676631
189351
559649
314413
535872
185059
207368
644312
766814
113806
796640
600603
628743
581694
842859
500132
520645
388389
735770
140995
64881
308323
345364
873037
683562
822549
153952
698133
356754
48204
57392
757243
880742
374905
144106
132769
124951
242467
675699
210808
850186
165659
141626
690010
608200
76263
152159
212080
518242
516539
13086
309075
41894
136934
395004
689807
43702
288999
375405
650596
490923
306912
360255
894502
823462
602531
747910
341637
670030
632330
43781
747047
162987
480419
803318
417456
108094
200551
278870
436771
416219
540620
698000
880931
532484
474768
673924
423923
638051
587414
811956
130139
501699
502829
830891
829900
237292
183980
88170
36890
746137
338202
38353
202536
443256
587049
487462
207842
108765
33571
620580
341155
634435
883388
247683
144791
114080
893447
887520
565403
422404
704805
157162
454273
723118
520055
264873
883983
26283
378485
44170
359591
16012
629720
359306
417857
673730
549297
61503
148308
423257
36060
518782
80500
89582
32431
294636
214901
604879
241901
728485
685229
582925
781240
760514
841144
817312
640610
789355
811285
596792
745540
122489
217229
885819
796583
35302
194868
543104
194592
180756
69801
623846
836025
433079
250808
591313
544938
638143
731486
741987
333831
766597
13260
120595
121043
277714
543844
364941
50226
285575
663392
832742
31452
37612
610451
237721
208589
677848
312135
767427
475705
87226
704165
677432
853757
560322
128820
359456
718800
854831
864152
645713
168601
662614
137307
199434
695098
658828
312906
535401
723722
78128
512406
728297
584353
107703
5179
332092
232844
477557
81469
209729
98208
402757
852910
391362
737739
667541
830732
733069
266854
593425
720903
871565
192806
756875
507328
133028
708786
691012
194221
622023
341231
243546
311194
687062
433815
363981
341033
137526
24201
898863
847802
806957
15289
894824
47845
515290
25576
89923
644036
33294
510286
37657
595182
360971
424212
814712
728062
414711
128318
897359
318674
53277
651301
369305
664975
356672
619043
258915
505282
346845
336392
600572
715714
817148
321065
436664
341649
873586
846616
408001
407008
618039
869518
642682
247474
699839
369189
430225
658681
253335
40003
488417
747325
772733
10128
699425
788763
680860
496136
373549
590250
771843
346636
652974
699160
353793
343955
458281
6643
802848
667838
106241
97796
872219
379914
452233
712342
443132
420766
103210
498997
38231
216963
767950
290065
360444
256979
610375
96257
839741
444875
705406
585444
540381
95290
15387
736226
138545
305852
189902
512562
618070
830496
512729
720213
159022
486724
154682
154495
729048
111811
625400
713494
738699
586084
695145
596178
6735
194676
360989
136229
438392
654574
620939
351252
655871
857207
593910
74243
463135
48646
629020
661583
883913
864608
832827
266421
239429
161090
621728
684880
791910
736247
188909
265823
236455
735114
366470
720261
841864
391797
821753
29546
100000
423927
557736
809119
673565
328132
592308
518047
382207
541015
403655
506129
369357
159619
402301
125385
334515
749991
238832
58510
515609
158111
122239
783574
8961
703639
484795
874510
403644
806299
576206
855574
525545
27337
640328
718953
857483
644712
561351
401434
631718
505394
255426
252858
201782
63853
248882
817270
523308
761719
379902
381372
85766
570399
312001
304574
876522
65169
286522
423664
379167
396265
336304
568140
774408
458761
794816
200053
23325
733990
253860
756344
665671
890620
486146
702254
739032
321889
487758
93726
268965
719895
41021
317311
717026
194587
321383
551579
853112
491195
666680
733616
629765
853957
648147
831952
76912
592986
644387
26696
474599
178273
349280
866877
298295
446519
242458
390770
244679
126276
394694
394950
111314
402058
856802
703995
742591
526167
428934
523089
459070
473657
716744
546321
261153
208753
424236
35750
436981
240768
254599
781701
42972
531518
300302
808461
613609
629705
145760
317609
242903
456219
214956
505331
120421
412212
670112
701555
397138
722742
243952
745253
321169
582224
758527
290136
507625
787986
820813
25906
62956
872351
157661
735601
221842
445409
694306
655500
667857
878614
145702
706776
662107
879655
627862
416807
636660
407130
769965
715723
182095
107325
25851
621657
520100
274307
590801
67400
428720
328428
105260
753240
292296
200252
112028
218383
504123
218029
542512
270398
639204
499616
698848
622947
360041
593263
618199
709064
735315
422014
133722
39176
600394
143120
667545
498930
137900
110966
799281
528390
238185
814850
168572
185564
142558
65018
322742
29412
398797
48455
549356
532136
121237
758861
740099
820717
833875
309493
768675
884600
128629
817222
51934
200078
662902
625395
62688
557268
205627
360142
493812
353333
208937
532761
615313
237218
672609
478365
497088
561939
796954
283124
305803
709740
498329
734240
779267
447675
680975
114239
41006
822525
843342
489750
675723
161536
129737
12138
485987
187843
69224
381869
96334
806330
595845
17398
774751
613390
88358
438473
544654
178369
102135
119062
666655
142607
79267
405790
572180
182736
528271
787887
781804
203578
217427
173072
14102
11907
754070
771800
593846
327843
233605
342969
703219
764632
1807
782298
778778
702244
689536
851715
179987
202001
613944
644177
51806
167605
198279
373513
869769
840880
492200
615241
646033
719282
855959
652698
384658
22362
397296
618882
803502
464153
696006
491702
147446
516052
308828
27788
493719
620200
113827
224654
2371
159528
886641
389131
745947
683842
872442
64583
203319
584225
529262
473299
614450
370571
791727
251831
66996
429898
44813
382956
890589
729255
357567
878246
704331
719154
172512
712686
366089
866654
471108
248014
829140
854474
726550
448966
624106
82459
310127
898780
120657
848548
329717
242479
828610
617832
752142
83692
824016
585718
427743
883769
101689
382130
171333
789871
646152
796981
545071
254982
373187
84683
624086
383624
153272
662458
849979
547143
673759
446786
761371
261546
687436
306976
552849
63010
736213
283948
463592
641244
793242
314595
76091
888847
683413
481375
754028
893556
789375
258977
163645
413974
573179
263889
708110
794271
207364
202684
843475
671218
579247
1180
617393
837175
23004
667350
423606
847472
219423
277949
800466
251691
231525
786772
348917
109872
426469
159664
217894
278842
59972
440091
618078
866786
74469
881941
701151
807351
719179
84085
470132
767274
182636
730222
450150
494886
237845
25005
417975
136605
784468
806238
833247
586621
458726
337326
824865
267105
660861
208682
113482
457188
547565
753607
296581
299056
471859
6491
831069
6965
637090
727689
743632
606005
57836
211994
888460
422459
285482
330982
827978
564108
303400
133363
888580
369622
458544
828884
371603
456102
713233
328914
728969
347094
614123
175624
881928
675522
502010
33896
596573
176155
348989
727163
248349
407541
613986
107270
264986
29115
699600
197416
684577
332003
229712
250495
361236
806843
743736
129099
526559
251650
70069
842730
816793
413844
840565
275971
423641
773853
231087
755614
147474
700303
271087
591248
645421
570639
690082
411828
299777
92169
498458
687541
138194
272964
233406
593448
136163
513135
294834
300662
554681
797659
231966
688696
323981
327715
309661
817243
844365
245541
332773
96003
342161
220661
830190
818699
539349
46151
851840
213738
440216
311305
888989
293809
517263
79827
662760
50161
244198
297623
846897
651354
552084
763187
41055
277278
118970
62341
681560
563797
871289
829342
141872
743193
413421
16335
699499
624305
414217
827424
174128
748362
866448
837440
803597
745921
162637
301942
23649
852318
431632
375670
315178
133115
643078
57391
619628
480610
389427
58721
481722
809812
219983
386124
320292
67717
798906
220067
426013
582949
283261
556063
362119
307386
724287
574609
156765
478025
834368
290447
201917
454547
526966
323920
56241
235740
855777
23186
78137
896231
767373
265848
738070
219197
736004
139090
196725
334220
692525
609620
229686
86380
455237
642728
574360
696509
439960
376576
648834
642188
683644
548771
403313
199636
372459
796329
745977
842177
858395
840770
785338
899600
443547
696048
810433
631731
287020
151765
200471
86448
195065
71334
12426
370857
163189
850463
317270
230806
707600
212689
705936
560910
393333
760982
154703
505925
620163
281381
162263
847631
792358
77153
442403
452355
92722
187756
169199
664699
816475
309465
872735
656151
303987
284574
551439
326689
146497
349672
241559
142283
764250
181289
567099
429684
69215
592652
420973
53290
58163
589481
870047
342154
795031
460020
784585
79203
753668
52176
286387
133592
545893
525953
568288
228900
449614
563871
622519
56631
228028
829958
293710
328863
768427
474123
460342
324002
865230
271465
534142
160487
770478
579640
389060
651381
90338
85023
86847
787987
271016
611041
819330
515471
736829
49811
303789
835706
23327
521965
540406
752656
91740
50911
269392
499221
682550
122907
722165
554523
792117
89392
354517
895681
639753
165399
702331
497365
1691
576326
764344
542041
24463
567297
530671
282339
619705
746929
327292
348735
633912
839597
227202
223472
224563
153524
338287
120691
809871
578653
91566
146820
512906
333670
211369
641850
3735
512872
729080
630125
212694
400716
44170
639224
554479
548663
413551
760825
435115
650016
254529
688342
488624
658082
767021
251097
826039
655852
789089
517724
217035
391382
29203
834688
601664
473935
424683
664567
70893
850737
436526
812002
770279
65782
546409
877844
757116
336932
585814
59989
554601
400579
157198
866914
71576
509456
719531
471154
213050
745770
491192
540724
347613
688009
596632
157908
207338
578158
490096
367356
420637
452214
201618
143799
119266
738952
754695
463857
458953
353806
309528
245562
362949
857920
467096
194985
826726
320347
356210
629373
777841
323377
184106
896127
368441
766970
309747
495587
199101
750153
879501
898477
715518
283705
28024
105361
575578
119782
330681
786707
595754
161400
843048
196780
292916
351545
570612
620366
758318
755304
153587
727231
606544
607814
26954
119809
155988
94798
383094
234770
580301
263170
151988
512591
347073
156256
145747
158067
369253
445683
514228
771037
53012
423046
869339
475056
232170
598707
595157
684277
366723
681018
240037
229339
750987
626413
761229
677150
602946
446472
535829
790980
102158
449662
16955
418436
891773
127310
649656
59874
55029
103732
571275
62453
428442
246076
491428
279018
684540
481714
524335
875905
352697
20949
21562
643605
295606
300970
368229
219002
95670
569740
570309
180382
547956
485249
622005
812209
388035
188935
386043
393217
410976
474029
525554
523742
654480
832063
2232
740317
638075
477786
139638
751128
824325
216381
708295
110322
359397
1888
305159
686329
660900
224030
461370
245764
345907
696142
527607
698843
303209
271760
381871
805461
890232
731970
670685
14204
526379
259986
105163
158638
218238
161262
834270
269789
205082
723159
234464
216854
894860
881204
286856
750623
68864
426979
650952
183192
156287
79018
155603
331684
637986
355500
34633
711266
340658
745591
186240
428499
326782
311450
27344
412064
717080
874707
26459
662548
542701
20518
517432
153956
269150
689834
826043
137584
136479
475550
57186
436961
487244
424217
24478
323730
624547
540479
628540
742091
579490
450063
446767
22376
168478
577881
432668
451928
72957
759789
443010
348993
106576
317231
706436
712161
827761
608294
241236
870224
839765
509363
317757
366273
297453
171519
511309
677255
58367
178574
731453
106676
284956
200911
318431
794141
100926
193429
209219
176793
858944
504224
784102
452616
633146
422676
886743
139920
307703
759756
721287
427939
391765
514023
400557
692797
582168
751008
545747
399465
341995
816091
698016
349602
93844
53435
836035
153015
855091
664305
525721
139976
807319
46608
127515
867053
792509
582523
793639
72630
180389
205759
653800
641357
678739
32061
797669
556440
427871
772863
865284
258554
762490
243244
455417
18937
883326
20855
780239
363354
664624
311250
795057
270792
657204
52032
144917
519188
806797
775559
212645
58006
596848
673316
864908
486802
180099
383065
619354
482806
332088
253186
424564
852832
697184
506501
493467
1148
73198
493255
2455
455626
176297
22907
504927
792862
21932
541813
859464
867169
700478
613501
438632
185045
60746
511839
388325
451126
744730
307775
189599
126172
293685
621450
674775
491325
653106
329416
239195
414159
179671
684302
535471
847851
673267
287728
824761
858029
30516
128595
515464
744344
742661
530880
73986
409335
38344
836180
662121
110622
552940
86772
539786
709678
668331
531294
400866
485559
318371
178107
619404
465784
842415
587825
382571
501090
132865
222325
128817
695578
205182
756509
20170
654461
148374
830740
216488
132895
545310
330310
636523
582188
118444
632187
722156
337263
892558
451041
81671
269169
30888
400609
638563
439480
864776
647700
643328
67153
450055
60111
744603
724233
313023
677529
801408
149269
42915
869469
71789
111185
837760
186171
78623
837637
755854
441432
37756
155652
574866
210390
367612
346926
557140
896415
446548
345494
281975
19355
85184
39549
879066
654625
52077
830397
786411
320297
435456
869954
666947
430144
553702
218418
812865
172341
4473
606606
75623
669232
449580
855376
88139
575906
137908
387956
657467
243544
305363
113779
73297
728233
184417
376523
171502
875855
824505
460122
352117
456786
88861
389225
542759
585951
25447
754502
648279
735992
822542
742601
477194
630854
12081
18072
12749
797129
271587
230118
810482
102960
394771
470550
102248
519875
61942
212861
85461
435709
352819
593669
560019
597912
583339
570062
219653
201185
832484
8400
649237
734666
722800
779547
82187
858238
634942
439295
897323
34319
132605
695879
789388
498763
849608
772960
518961
857901
841331
362040
240198
710256
46225
882850
256984
654270
458271
468502
174832
858791
421584
134196
652718
886861
295413
733225
704159
816252
312265
146666
635611
638583
836054
370301
299325
144909
354248
478360
888672
328075
865196
319713
307186
589227
681701
470964
476695
356650
803435
193347
278941
352535
53375
430743
622936
132327
509520
742261
456505
26565
271555
28124
113839
348230
475651
457803
332026
709339
452389
669792
500680
92161
668374
861306
264975
704050
213411
693760
70886
643550
891237
424378
219008
611380
68423
566717
783749
96697
852437
55909
445998
549756
502595
586330
655933
570208
3383
431861
548791
28408
544820
216060
485151
315154
44068
388137
455857
170570
881952
412041
143927
673887
579167
16416
251435
337538
63130
794793
764426
16778
36504
643131
39057
589509
557051
521416
320983
208585
66661
130783
248071
875081
820744
275473
495928
605827
346665
885872
40906
371926
297968
90708
777887
8592
628111
834839
526868
507558
751885
160288
145851
989
593389
750365
813655
442469
846208
807177
751410
616485
732227
431949
175838
640945
711670
212131
864710
367128
309531
347861
824145
710842
845735
329572
826355
248215
623592
442373
346991
405314
357267
447973
301836
568693
3337
762349
465715
784638
356613
277377
838786
825879
685797
53891
155153
610356
109682
474133
157727
292597
177453
629051
203991
398298
424632
518590
233317
557654
547455
746252
178734
468989
850017
274301
461009
290103
697407
811633
319385
703446
263839
556437
40348
615300
449277
669541
760403
377334
42863
169867
652821
487101
23251
677349
166802
164443
694232
650533
753514
97842
601542
100434
880296
819000
469899
568747
212862
274247
43714
225740
342750
415409
635234
532937
129521
8240
573728
130967
57912
823771
149698
204330
617150
486421
413634
799353
720278
754944
759163
788894
114197
457135
432755
886425
117262
614393
596324
598676
399783
688329
273960
172065
630933
65937
708769
512096
146200
225823
270019
723517
774869
822152
257791
297174
490828
150209
588140
152570
201653
596749
90292
324044
212956
378961
608216
27143
828918
895843
365281
883323
553247
608800
341124
689494
880178
494620
46417
76479
35748
170164
78745
613211
436509
50528
163449
660786
287540
402853
743943
437419
264134
671303
134744
555700
322354
201755
393707
1406
246292
284154
236022
104133
534236
222065
621227
603278
29322
500885
898214
392969
231145
243765
226902
323541
597029
282952
648293
92803
17450
598661
77126
701266
597850
437041
511290
345401
814283
227858
565855
154980
378619
652802
504054
684086
434160
622304
660719
826637
108592
9729
222611
877026
43994
234180
511246
672815
755104
506626
498615
130540
76130
234948
833597
289394
567431
310287
214703
160704
409370
808474
874760
328604
537087
821376
98486
514321
661777
558929
202534
374550
188505
868643
750221
888752
684205
285670
264629
357262
814082
665460
225282
617969
574032
805799
832832
860847
316801
93541
19947
256685
409620
670167
844155
186345
423221
704823
58378
235290
541553
597511
855874
220879
19736
295551
505736
349748
266516
666942
350911
294676
492192
130338
320987
350968
381031
220082
583011
749325
188699
131352
728034
383747
257998
577548
518218
606225
72784
54668
826149
579670
48965
315880
662905
329307
407682
41593
54999
660981
749476
711410
575553
581126
328366
797678
419926
855235
511517
378377
438171
423535
762377
380875
895367
247206
248538
319263
798763
791287
149860
834017
787292
618857
622657
360854
276478
445854
92458
355862
328495
774132
393969
153540
24782
273608
872670
310942
7398
404118
275492
177679
542970
774363
871424
473538
806639
446011
712461
611922
212720
206463
143622
521020
808898
491350
113529
574742
298278
867100
749124
895801
819044
763960
854192
852185
355034
103999
668582
479605
553856
440182
219282
878794
257846
319732
110835
642338
112973
626758
422107
880169
249871
839661
431625
13409
144621
598242
728929
115179
515427
482553
791461
776038
537673
386851
269939
277300
374489
233421
623642
588375
660503
583846
448601
166908
749762
368990
769494
709421
562678
502378
868984
720106
600060
35812
382274
725010
285615
215184
460941
613915
344682
463801
79616
142753
96531
389433
844174
54715
711359
539799
621005
734697
498529
813067
424878
187433
867122
104989
102846
337418
115486
702476
445176
755191
678889
106090
638276
752533
10620
671460
878960
592456
526032
707680
567786
655663
166326
790815
852727
101328
590624
613122
866547
374734
494479
748328
129478
66231
596635
358389
365566
439162
416696
670095
715215
142806
765483
326434
37380
850669
285801
745540
290016
116663
707528
544466
66454
462835
307973
827449
322913
136600
595633
798352
415233
764938
205496
206786
881043
564840
735151
417898
17131
387651
736570
742968
540368
505993
365207
311248
752469
561118
176298
144081
543248
244684
561286
634675
299384
579345
331605
622570
813472
555543
405444
246055
245610
393858
209870
545373
404394
440226
828995
330849
154680
717095
351381
612010
660689
215860
600799
678296
681515
780749
325779
681074
122259
261002
76254
278055
142469
462542
229785
185558
759655
172337
486223
363497
164515
295064
22054
240348
256318
188583
444620
425244
867834
389613
511744
247946
462180
833757
542937
584990
356891
20157
565943
156776
714334
754775
514852
829426
835312
72909
817959
386818
323404
545577
287301
187932
761790
362898
886516
506756
199141
193659
590397
252960
137156
703958
14221
407067
219967
869510
854744
676006
891960
450418
741195
304090
465638
151573
360845
843065
245742
215186
687472
593394
721249
372260
411418
509410
409682
420404
430635
466904
514834
42788
767850
572657
89162
818952
594800
686882
341044
883092
559377
433108
625015
754704
330562
67434
482461
103881
51211
191230
258002
532385
229355
581993
644731
230694
389634
668609
828593
139136
881984
348060
119737
96484
192263
253843
494977
420838
211199
426307
33976
318699
786966
789132
653322
106460
572209
898108
467512
420534
381012
662182
159152
427231
254314
829100
805710
677683
159346
169596
350351
258332
857222
174453
632397
311296
293673
637003
839996
619796
710540
692224
680063
282255
326396
391347
399112
695833
844940
185941
884011
322210
357659
777621
636573
440271
483490
443902
341486
523567
787228
482070
562304
792427
568210
355783
778499
479740
85346
398523
373679
541335
204107
759648
427677
269571
143864
79915
245539
221035
607015
685400
889418
99375
762772
127984
806381
737173
86375
614787
130351
14365
356918
878677
481625
454290
583384
657461
432560
192668
12648
802504
12111
581426
894770
325413
708198
419692
669789
533977
273775
27959
175605
165418
682504
681826
130739
543513
516466
701750
622188
194881
479525
26370
801619
510844
112334
330324
820811
378052
41990
135075
803982
263031
253392
603689
460531
651955
773230
167950
287103
180001
670080
76352
576139
235439
332635
10687
851213
395765
618818
472756
144774
3033
176356
747714
188871
66862
532529
858709
631105
528567
728186
886102
85768
571306
129444
153152
523458
560975
386121
393389
4242
353288
432107
343562
703356
878826
258870
89290
886420
489609
312689
802774
845544
163858
711904
390625
11878
206865
95161
108569
430251
186259
315264
687065
513962
67846
521602
561116
76629
671645
622186
731309
894922
738096
130724
818362
417661
578848
222092
100038
865246
449175
473394
193565
890759
679566
816844
25250
736773
292616
428183
558500
551232
397436
584876
530032
620552
781424
412603
548352
10910
708832
517575
296529
459100
742686
836478
732338
284002
884724
636146
220280
790238
812549
806681
504463
549687
691793
753406
93226
887254
110551
448257
765339
200274
307604
264338
449023
629430
43882
684133
437649
385297
619389
512370
855422
65178
5815
885229
399608
798878
223082
341053
85924
337736
36757
499419
20879
198859
640640
519624
91869
270703
611650
321003
661217
497302
506050
518822
829865
448873
591834
452660
115633
446148
493047
778817
557720
95162
485309
341125
75856
227174
145704
693343
837710
240112
393261
815979
626657
100856
162750
525983
821759
190723
487949
822216
91803
400895
63144
844155
155379
137172
373154
365274
434758
704424
691379
840006
120867
58479
645397
200635
692988
823342
424559
654957
15225
291946
861167
474589
573033
326482
539440
35320
406836
664678
702364
25516
768364
839458
634922
367463
405697
393931
525896
3022
750099
100212
781364
290038
768482
872269
728004
441091
796770
266185
617734
481019
666283
405611
272577
483846
33196
882285
832922
440517
475999
318860
773395
543787
457240
890419
891213
160988
208375
606274
847535
25985
545373
186874
644319
657477
325147
410344
520908
679472
592773
876108
780750
6173
222278
258086
808485
42841
353453
452540
687039
340059
800869
846505
376662
576922
252323
281989
145621
582000
310936
373549
565562
142217
459174
488015
54839
835687
865296
238741
360819
324758
311657
529611
46894
695207
370671
103534
314113
37931
57296
726451
268931
516782
411402
181810
68617
766189
819537
744845
409061
442229
68617
785056
851247
771258
220564
392327
351457
772816
181957
597926
598715
440522
784659
539897
442247
428717
377097
9817
411960
282991
495130
172520
240620
65425
834962
136793
712624
589495
820551
500831
294210
370688
289134
92624
34737
93126
213803
50165
662848
194068
564320
626321
134698
350143
703814
634731
115008
383874
520954
344410
838062
839962
146894
869197
587867
790682
31488
201332
625327
57612
110376
54414
529039
156965
210891
187152
861443
379332
223501
313678
558457
203751
558659
561289
615107
870505
90502
665813
464923
317532
700740
286150
472198
368415
55888
11638
629910
33916
131994
342518
258090
473313
383385
535631
484784
184120
650788
353651
402603
625701
888800
256645
101839
66780
270804
265090
448201
404669
468856
800938
759964
628077
279916
349903
560486
586226
762661
209337
251873
392394
724098
98003
767909
424169
422140
494838
180299
462189
321948
762959
254284
665343
872551
790704
781255
553609
53844
711952
133058
112078
112895
180383
229224
835979
406294
488011
880977
244808
721039
378088
119935
563418
393724
786911
370564
152728
745591
569078
688257
883992
121048
191000
708810
18022
506822
712224
577573
831904
137386
251047
23377
555985
796639
335944
765059
259432
308421
90188
717995
280852
48821
170008
733653
130014
411950
331087
468779
93059
263854
614724
830329
630605
816380
627552
81929
852365
2466
60044
438348
372598
591097
612348
69913
208281
470780
730808
483216
759641
190654
258312
397720
31690
758712
234364
795622
309899
625178
277557
478975
855741
679523
211731
39604
201023
458348
525148
575916
451784
53246
487494
325696
33504
597092
321089
850656
437211
456795
340068
