1514
971717
278597
71912
986761
53850
183931
811456
875818
567109
358766
455240
163290
938398
790124
307449
941822
858227
335696
345022
754691
313352
853337
228808
446275
354047
57190
223805
592273
863571
353872
216272
90465
727230
852516
5292
146199
929275
597435
9738
780266
396198
374776
765026
829173
765567
336286
968189
677978
589453
50700
575465
959955
640287
956693
900934
992150
30829
809600
712766
401188
846686
848153
484818
814319
693795
58290
967503
635494
523136
415866
134623
449438
455211
515319
742331
160414
291213
466979
385790
17863
140389
509153
760085
564638
818892
965338
44371
402104
15123
47416
949153
39041
167240
932287
579475
93224
532184
625987
529301
755051
684238
820170
516164
232058
179513
832190
478425
626699
652012
98766
410368
354425
890591
539747
424071
227417
823987
948987
553201
632860
993107
92387
156587
128730
77430
81749
724246
837377
120961
476139
492803
464089
995400
321343
64189
704435
401141
233634
811903
200494
214849
837493
232774
121573
478880
663591
694657
228728
729466
627275
960806
276341
306899
527125
842270
474660
128843
658353
444000
441132
515841
106239
98459
136741
674515
570415
193933
88059
850881
220086
877553
829115
414960
443242
962133
21757
344266
948992
42569
717743
492546
903199
261812
463418
965045
69536
901824
725330
853356
670949
321461
425311
893182
254611
343972
993539
291923
21549
175993
849480
628995
205390
522740
824871
813148
743939
161265
613111
638274
694403
97507
87409
621489
153291
258207
500700
459871
321882
331732
668313
664829
953798
132057
891725
415643
714298
607903
179046
693099
928461
783238
584012
902749
420031
947595
398758
146602
26834
500062
4870
897645
936067
319121
382898
141547
623908
360749
596688
362419
201687
232735
827117
978145
595624
549392
309738
631036
744456
58194
547587
57791
415970
714869
212541
252469
948892
310842
275756
566077
394988
268639
846942
572077
685716
938265
740008
731795
420732
300064
222858
207895
181866
904484
657729
549052
269984
934237
664106
146181
795282
143360
62414
550004
15682
480973
298638
597230
416442
944965
486380
866682
568933
204665
296947
926824
58379
975742
791557
323726
833319
358461
596799
609645
180007
682087
661514
96755
299968
439429
287681
997466
797739
156013
419322
751598
407615
547857
776884
769067
224684
569713
141723
68548
620625
467888
510330
153152
97531
760261
267261
870719
507579
27784
865698
81883
740515
929324
483324
49194
140573
583820
735268
714655
668711
9886
701948
203088
364334
845764
285153
830354
20294
180353
384749
794880
217988
26952
944421
951771
72121
7536
947142
30219
567755
737029
281063
770820
480369
741048
507723
218244
758922
658486
760581
114104
511771
572821
875976
695358
580900
635499
457162
327110
583709
836153
423189
967185
318098
775173
218282
356827
823768
686021
324754
435030
135403
842487
139202
796428
729637
802254
858666
950437
105117
151046
687194
719817
484314
115160
798673
21405
740019
155658
171812
416298
561860
672670
189640
75868
789199
444138
884604
803942
749356
156360
656661
73538
216110
334819
778343
986262
886548
956338
28109
240307
709865
838721
693270
430262
843961
510315
1932
224273
717744
210532
893602
896356
73808
814259
985145
22725
997710
697212
77519
765855
186634
97467
172677
128246
48618
775949
276107
252616
614482
479080
744554
417359
405441
161132
228653
976548
112267
256401
539693
174205
867759
505919
2552
144407
709076
59452
946205
22447
873125
668031
203287
468585
16965
542820
188692
341460
207217
920185
621856
329029
171761
930997
535923
697567
9915
98312
927507
848373
64868
577102
59815
92934
151875
925597
535322
858599
366181
852093
848104
239550
454246
195255
23240
77098
703794
866886
962038
100928
781016
630570
785628
731889
583368
395292
663196
824839
716457
295772
718717
756622
224473
180070
5743
54351
996290
523011
595708
321592
418453
90747
215310
418903
847910
240680
681495
92293
450148
332709
318625
823711
790131
348646
65714
983280
912744
130657
519451
544299
511328
727466
301021
883859
180286
512797
526265
785149
510399
937268
78227
403757
883579
740217
382658
218974
119994
297941
673974
282910
889968
458822
55302
92693
646039
990255
979990
607974
440935
224137
46818
812717
649781
252983
12137
253225
926629
257784
966008
23603
333261
687862
126481
603884
175144
281339
314553
22326
246068
370115
278555
116184
734953
692588
212124
640389
881557
362058
854140
358966
462169
626135
618853
677236
291450
71
284628
499698
577060
972346
645793
694678
908034
213835
839212
345944
119538
897478
342246
514243
445289
905206
410169
886937
216867
255707
538069
667156
343236
487738
953624
315270
372304
87375
875418
407586
644612
190430
757394
981779
581327
222439
641960
545162
867696
275320
227479
247957
456749
597404
175486
222251
992173
816881
420676
345412
805491
714392
793958
326821
267831
938565
377951
561081
439139
190582
539314
394715
204519
438016
843095
524465
736057
475588
855552
209586
914156
812097
968582
294087
475692
493123
864949
274703
960660
44858
905457
441789
172972
917925
281539
644828
239426
622701
400580
802611
996387
55182
218148
270212
696822
327088
434839
469934
247350
520532
211294
670770
96074
935594
862062
749906
846019
981375
457278
669333
511473
69715
774898
569448
113698
563784
307871
120159
579704
997111
152890
664409
541542
267549
671586
726720
369799
11827
715975
294127
136155
580571
982901
118447
423454
25078
598785
726170
904583
276306
215374
277217
13658
549121
45181
957609
547050
65733
228719
694351
586159
836327
237431
759821
969984
516967
63841
591860
606125
612045
912922
14681
695547
469982
313594
882381
553916
375530
166709
805892
785547
133250
465881
258582
258466
392136
763140
726244
90136
662942
492646
986067
236153
874752
685231
506356
196611
842670
714261
668548
981563
146818
216515
262862
159979
444128
412001
985583
462904
433354
733244
901682
907043
505427
495571
861209
474716
954923
683133
214269
131646
799385
715066
827341
673516
973128
776980
780594
299270
70264
218673
698003
446983
682453
744504
565108
73597
707109
361502
935545
767334
714586
517132
692745
850532
875399
107631
499854
18269
223599
77979
780696
24754
162490
367452
614433
742746
256641
790043
219883
664154
88136
199658
219974
88099
116491
123500
870318
321480
835121
637668
717328
320602
696477
169624
194029
14946
584868
226849
767319
281210
954969
301906
846361
297480
639235
463811
378612
273048
646384
92985
396291
103957
84323
362163
6592
459492
176040
497620
672287
794526
635336
722792
861144
624551
875225
661524
519490
310703
224749
615647
242907
242437
33322
487575
245092
883987
284346
666081
285993
860922
493272
649569
186399
461643
590667
243458
844389
561758
372272
254690
443309
364435
371439
559325
777204
480099
895184
679541
712109
497698
121702
220763
716156
885139
621609
995100
978973
471463
820386
681131
242853
500692
507199
870279
947937
736014
265414
137608
471707
327525
430886
244556
728314
812475
712106
838776
99657
971168
262471
561197
800720
112204
884948
114441
757022
92152
12313
27863
701289
867929
568191
880468
544460
615482
272295
873311
408622
692917
188759
812412
315203
685197
64272
133188
386668
748203
824123
358445
977658
105524
646401
640946
407248
70467
402362
968159
54182
539016
468925
418555
87210
420220
458262
309649
47617
34240
253653
576733
394538
834705
576707
982608
349060
844138
637872
699840
625318
318455
24936
631856
728364
821617
314372
232951
515346
246746
642140
735311
263288
966807
570906
131068
579333
518309
988842
371350
354024
754745
128525
814581
721658
182392
909773
830265
884095
928656
243659
302707
663244
520753
645236
534324
404354
234092
89170
476016
469304
891558
191166
284685
74295
1720
65588
998030
792030
51687
166847
349079
648166
750779
223443
571548
443264
605374
29049
994026
832411
931539
249572
451154
187265
790640
385571
816685
853793
179897
472432
847889
938151
409914
148005
857359
272391
870785
321678
76069
970522
566550
460889
768071
480607
499864
857578
405125
325922
610998
647115
89177
934649
630854
125249
284815
857387
578949
915706
974289
564204
453996
806882
25358
175428
496107
883412
859911
436237
82565
773357
171318
43355
858695
351613
400602
107702
136934
661207
502691
66882
165364
309960
49399
44544
564671
325476
290079
152557
399238
131515
664018
613448
927449
22955
864667
342257
661196
475599
481065
309677
618455
384214
244275
180550
685453
181550
272006
907535
230455
865822
762540
289094
424909
773747
646523
310674
165264
933586
505207
396779
701639
262189
862117
887960
871443
555025
276781
995284
567985
143835
710058
712650
539916
101770
272338
108672
495101
151344
696637
868624
733536
20291
157012
375760
113684
348944
799255
931859
467598
297167
282954
380361
314971
994705
53693
277377
516528
260246
804727
703311
340463
225979
211134
543817
524537
528080
475334
702635
693546
328072
347252
24026
41141
776777
119565
886278
131549
626596
510848
777064
330126
38174
156300
808683
617174
899565
842895
783591
497667
957951
448621
247048
615321
285171
501657
518605
948848
286571
64131
47021
542952
21945
903390
539988
771338
520950
115852
975242
36989
204657
628457
578933
360674
473605
778033
444213
404812
193924
398543
57133
985439
69775
192771
111073
502532
793159
920942
770043
834566
801182
483069
610600
983180
789575
184112
233631
619955
522892
304134
811074
531912
312830
231431
606301
256543
959622
348973
298059
843730
420442
287728
847991
572250
396684
943981
911744
967875
648444
680690
381238
341583
255406
913833
988482
699625
321974
892446
810594
357508
95824
379694
30417
919184
372044
357646
779524
915097
64486
250869
227345
216892
463540
955559
367403
8198
898616
557471
182728
993706
179861
960857
715235
640735
898207
953017
724765
983060
991819
746075
400895
579409
177413
959544
708506
209323
1505
875121
264783
23972
312105
618876
98475
851485
546772
233128
80426
626552
61976
757646
547421
710734
723350
603478
578405
267914
46196
2083
735519
933984
703689
866908
912858
885870
853489
249240
816259
389229
927679
528165
609314
709203
41810
53301
225405
516169
436800
106086
958554
618884
47728
630125
281698
693570
651460
499102
861089
54179
981747
281946
263210
909922
919924
942421
201624
560366
886102
668226
709679
52649
922605
357726
773856
859196
34982
918102
922859
808277
628476
740374
515935
999806
583939
655791
361661
939867
237666
924004
815547
759232
514654
756178
882404
866284
989457
260345
924892
932519
216697
208235
622338
774451
546028
263567
738734
441201
257897
582418
367257
945748
900043
376108
436444
937722
384215
636234
156433
882412
