6867
610996
143350
172485
839702
806869
220297
739467
445178
668111
620467
496717
761337
785412
119061
590256
74715
675630
773561
329275
746914
823900
337734
158915
744436
271561
568591
440433
244822
260058
812069
739505
288531
325588
725613
887130
871036
814488
340973
241717
304233
283613
850655
749004
390877
409896
204904
344560
453352
69481
834146
682502
207847
489461
743253
348720
21606
593116
202757
852692
234853
338183
627237
123723
730904
406992
312713
527624
462440
122237
721529
144130
178679
464186
180833
714080
280897
143634
587397
498017
20989
301258
66610
472997
210083
873338
665840
299643
396104
500584
217524
738919
298309
696259
269073
355855
340310
423450
435246
394275
467838
616439
606515
331207
518023
521403
300541
492799
488135
611382
888433
323126
655710
876963
338349
145610
899164
487806
774746
217079
168192
617027
254622
344254
339322
333540
595118
866482
228722
719815
125312
264768
380514
95290
182750
106008
62686
718996
858678
428348
744564
376425
764559
408452
853902
21929
241911
581227
10325
461237
86295
851321
789583
52415
385576
798830
387913
741566
39614
629640
480847
161099
441058
307217
122424
482971
345054
474409
550144
153913
650546
346251
785293
199966
707011
109278
820306
643696
673523
731770
814769
188660
296076
155317
464667
727250
372341
630314
44404
470404
14087
852036
117042
273722
681817
30764
337604
130413
317784
37293
310192
746941
400115
629312
566964
205962
180178
834425
219117
349036
271238
47309
726486
521647
672443
241406
889736
758414
73963
276645
838080
589482
435500
302043
696991
566536
504841
301060
562315
533221
250095
668985
820082
53910
461118
398256
314702
666176
487487
831177
685828
7888
427476
189911
840359
246265
90890
442378
379610
54760
810252
595509
534354
552133
516274
125953
544345
564008
367222
195181
482927
401654
14183
691040
683371
86455
595126
143661
794144
588788
643022
306370
163642
55090
14017
572301
443400
602246
429725
106090
781331
144116
607965
561421
68748
872968
83771
718473
795781
637424
334820
668604
870549
651540
862788
846743
119583
138899
4929
396301
524588
743579
586915
243703
288052
373605
477616
132321
610108
473866
277686
429013
775258
638950
220354
472130
565876
59912
845293
398728
856550
150130
501910
528899
570690
892532
589675
554610
224753
706463
575713
516067
771960
178089
420931
777340
426806
13660
899014
299496
620009
836506
678971
221437
116049
669938
810974
93574
616044
473528
397004
38610
678560
346084
825009
874328
286008
641065
47487
495300
162917
891344
136955
802947
680998
415632
624305
608903
351683
827980
73511
530103
26610
376810
895855
862551
140924
641836
229110
534287
338746
675596
347546
182170
775769
888920
767417
584429
530460
26888
70468
563074
326593
620248
819538
792001
418076
695238
655185
648042
783903
310218
171287
517985
163003
284877
892375
38134
85120
439015
749455
619984
136480
304985
132765
266421
186002
495267
429010
379288
243827
744420
587263
865120
142662
347916
297100
639569
291612
578975
165032
31002
453103
196648
486586
541178
268072
303703
178997
633519
66496
653305
668811
366780
835460
24530
381592
463991
146193
783994
232031
714444
126687
281329
122227
701777
736571
653856
257195
557000
579340
382958
398616
444522
29942
858491
364755
551574
500285
665117
153199
790934
275457
512436
234350
838250
400296
431692
638448
183795
83226
134159
208486
522462
670374
604516
103172
447466
3553
77896
122100
70200
284110
792103
692519
462319
855929
470071
318151
80265
33726
703090
729961
125886
701319
714446
679838
866507
784626
771034
651272
535070
720081
511735
332841
463104
638186
892496
788438
826975
470879
865304
234027
161303
196552
716799
622745
719613
814172
436784
807322
506056
763727
68010
300869
189692
14933
744441
891517
726324
890309
210480
619844
789675
712056
788678
248780
134632
412657
727082
240654
508803
189143
497891
273620
485208
637213
47785
285424
481991
380994
466202
823632
772358
25556
134682
719625
705508
702224
448266
283856
685850
144324
237635
656904
838576
398294
812527
395989
275464
290301
78629
828623
344811
559853
238463
424626
200943
387312
820249
512178
739746
565648
862505
186220
699958
539057
413173
463320
703337
355867
421237
686715
63183
302485
117990
444152
493758
150669
884712
647334
245206
42420
666933
63325
443275
143014
508415
157386
94256
617223
528964
47490
225474
167369
533232
27828
364526
51882
867856
438358
744896
750586
122958
293313
243209
854491
275086
68345
806348
688929
540324
409604
496037
643513
535823
180285
539190
419237
29622
554720
67856
501669
848862
864517
426330
136882
419365
444010
602689
72195
473886
578504
461917
627539
270729
286920
749339
819322
365262
383086
577324
107671
271190
189363
239817
778319
615974
466737
63393
462671
866777
27704
519105
218190
490297
291966
86847
118766
586778
643794
670276
201857
216467
736625
553491
109479
259034
410098
657273
545750
356122
719900
849843
822387
897588
751287
754615
602012
670607
108128
608928
888584
866717
355606
570905
614086
696236
593873
402629
569346
41029
218450
190761
193670
340132
552213
829559
461501
694101
96324
367448
568594
485127
374053
763348
607224
1488
894452
56129
279011
845757
210219
163526
291635
98196
130173
608267
356624
588584
64226
875679
886257
187160
777100
390469
356279
679173
849081
411549
15254
34413
327809
850314
51860
370953
474255
71045
437354
492095
670157
639357
458600
619781
789592
372040
393396
172307
511506
413355
69970
321859
821654
858722
497184
296488
182214
393165
201368
701608
786816
131992
153209
782776
757583
781125
889503
688626
439678
553751
357646
598325
266759
401501
543630
322842
874346
834170
498800
128750
649913
642701
669839
322481
735312
593858
209330
218409
170178
399508
587566
750659
895246
456701
109224
847848
154000
438747
258487
230136
575572
95233
603112
262758
588870
506199
46971
724816
605893
510127
892651
104633
290421
153830
103115
298916
270964
823858
803596
248239
104452
491310
359483
236234
480903
622271
510919
275474
62345
251842
298656
594223
72567
555797
645659
726054
383437
323327
377522
442236
401901
183612
379656
669128
143276
755816
317898
239346
564486
516039
822193
223726
32050
689839
796036
436496
896368
245203
238363
767723
821566
163790
657470
400010
706186
40072
729100
880137
794786
895655
526551
644465
885735
730836
148172
271470
815072
525609
373104
531119
550155
756885
182726
863130
652462
804332
555790
502281
167148
282829
559143
751589
379859
112273
898037
291453
329361
512109
95870
81027
835719
817572
634542
649987
211638
144973
793818
640353
362486
764636
825665
447598
50950
542895
536655
460903
491805
718199
649819
687946
681439
229377
361520
837301
701867
240192
88361
81981
395985
390201
214582
828551
100161
767691
860251
69095
821822
870425
664919
480307
35570
306709
242817
360579
605403
709482
5167
228712
558595
298150
226065
250470
786477
398434
547610
660879
189195
859600
184702
744669
242861
668896
72247
722059
93748
891887
93794
753041
99300
488748
406182
217594
396472
598920
375637
667267
556463
656090
441194
410419
51908
641004
664850
125937
431419
858789
675592
130759
641591
159539
316281
238833
671881
708149
298150
399362
540547
456579
708423
575123
121803
499931
851244
610376
458539
897353
339423
361058
78789
342066
403429
689562
681987
128957
485892
441568
700460
685597
178302
325969
251571
519743
13148
398
172362
413197
399558
353567
22196
232317
389038
16355
558615
88026
184524
393938
219088
739565
773572
333234
698881
729703
656484
390930
116197
802413
135657
335943
292484
352352
496258
49312
52290
282695
766220
99496
443602
683452
432860
798551
27753
867729
213851
583061
684845
133085
401003
537357
728907
464582
190056
834825
437287
896140
197514
338160
317294
310448
831495
483961
290952
838175
588949
781162
668042
682496
99661
581969
141255
750229
119243
312318
652327
708241
231026
330940
591439
789207
666124
418859
355424
407786
568687
320315
480124
394326
161820
841894
737858
60602
706241
80938
313019
455793
225981
88257
168941
533980
259075
227167
58509
585389
344856
312648
690065
823410
488471
435532
127107
476189
411988
47233
533554
277900
891934
382330
419843
250137
787613
842089
712709
515488
476890
593070
81601
198600
172830
549467
375408
491216
642867
87750
445542
282456
870919
126985
741325
562665
776846
36442
719629
53634
595303
669218
239142
76160
659223
555613
190720
272073
441522
297229
752762
68597
177272
889050
580447
739225
25627
605738
117782
402737
369535
447673
31096
721225
532091
594613
332445
383177
405596
662553
847311
810555
877160
770116
73984
863002
6207
824533
410072
333593
554206
294982
206054
468813
433022
436162
544727
14487
120441
739587
713029
668850
851660
511244
200551
177813
741016
230368
16998
709926
710435
396414
20655
668252
615515
862266
202372
117871
405403
801784
163245
333438
518598
193415
852909
775068
367855
575640
467343
880087
526171
598906
614815
212039
673119
844948
306933
779824
199363
486046
253164
449652
895752
319612
265104
733272
761253
234039
113686
111953
653549
728858
792454
193995
194477
667302
150035
874166
868497
549939
830059
515213
113830
64771
376905
165796
58522
764804
523976
525197
533280
475235
280818
118759
271983
697319
164951
80004
483306
519409
774873
492278
158587
843918
682212
190485
244856
750390
328891
246991
880903
338180
777389
884301
223902
598162
891815
11133
660355
862033
164803
64417
247922
461250
827582
228884
629789
611124
891974
799700
515597
642490
90738
195089
380647
875240
130381
732656
178698
866410
90154
730588
279605
796353
266267
677642
310085
714331
661020
562343
621980
390606
340778
426272
777469
773905
327154
666285
860148
831030
358756
881020
500339
486440
801285
335990
534294
581917
648516
28239
358152
839704
352452
112271
623071
287454
480472
229272
399362
234194
71246
236916
341995
23919
306114
561693
268679
258562
533907
812552
691129
152098
360498
120527
898431
19085
6998
396665
150445
440256
449709
847976
728470
545522
131789
268670
511113
1901
313289
179117
677495
881611
620543
540122
81746
309833
340749
860077
108977
54026
186244
762904
39761
202955
690581
17537
569174
173726
445640
222958
148591
91909
880204
123340
247031
605357
258889
505980
862903
849669
553296
826875
439912
357689
15860
648204
823255
827535
517106
267332
673634
666237
662443
63793
782462
35301
740850
80680
613307
608687
466177
384938
199519
370401
791334
413138
633167
238301
408987
108669
882573
357143
371091
335831
237210
593682
471344
410014
403004
191830
876178
882069
733819
623631
187146
749991
18566
189061
464940
718806
285363
500020
417731
81023
249283
409512
118750
17260
351683
724726
787784
740342
325295
306777
589014
139092
749553
480904
529081
694436
765319
108305
732787
545973
798211
44660
281286
888399
339819
516510
140808
94559
571233
649441
837555
205987
468253
675340
652920
61199
368119
793292
144308
554937
236481
546879
757467
132231
124880
330192
311377
141779
6075
145108
477592
865143
801019
219680
742531
648379
60275
218533
208872
95001
149514
358121
854036
593833
45075
367651
737049
609486
284878
320275
9123
258204
656871
7708
210472
84708
478715
206494
446429
375421
119643
804660
39077
713041
823562
737703
589284
531649
432033
639853
598674
132182
670897
597474
654124
728325
685576
75713
783300
270014
869228
766687
592152
712210
337221
24196
776864
152158
739544
762183
694721
417432
436173
744676
658655
540500
893074
329405
867919
846932
523256
690859
445610
542538
68507
333215
167677
740971
60352
854361
538461
672563
625686
113251
687608
642958
96863
548620
723559
845834
475912
143613
77728
651863
880340
499129
645864
789367
569783
320405
405318
607688
82046
532177
226994
367179
753580
424403
497996
162192
422718
538207
198729
456448
78512
565877
456775
438215
111993
700711
338114
764540
681681
596404
494784
702702
234900
348518
391975
878604
605566
582565
142894
143793
213525
314774
59280
171
776679
444947
103869
643590
624392
625128
473930
619802
98589
126279
850601
166670
449719
893257
439572
83719
744887
678562
289411
746929
793008
608320
149213
624840
78283
250271
897675
185347
8195
2923
394471
228414
606960
232916
593203
447875
36129
748839
619111
154069
824066
198511
761090
652728
409822
776903
765089
612704
809341
437722
554766
7636
417230
232153
370288
622814
746753
396377
139456
893139
465259
301766
112283
612474
76972
140296
800883
695418
182445
769809
313665
129444
674434
827935
210613
823578
232400
162324
201198
119802
885256
798128
739493
314956
867185
198536
360707
874724
79524
275013
529618
312179
870993
314907
778801
455217
794559
547044
498338
762111
197648
522553
9725
96348
542018
443404
871911
413766
880530
576069
323550
743787
518012
758903
107147
483531
519421
314238
475034
828523
608057
525944
355877
871897
86552
512253
766284
95063
38540
75580
634497
515622
545006
232211
691616
154193
876902
646346
675068
136402
370568
144717
797653
558757
291483
103941
383461
301191
174166
884881
511481
50666
482628
92966
81533
574808
672582
356832
206768
139873
586903
102276
273879
368356
493707
618324
491981
338070
349264
139533
145176
868465
777463
247297
55383
272572
122220
739436
800567
125363
266880
732949
813957
705907
372776
836547
272414
750084
361630
341849
641410
21667
412421
853040
153479
172587
406123
486127
117097
419904
339751
651817
294271
31671
87713
661428
599785
613253
120881
859393
585669
735971
219519
270461
157985
289787
235882
82531
589259
462898
161700
339547
183493
310225
696314
677651
467604
97713
399218
723289
210615
396706
354413
349714
125716
822041
545580
659482
832814
699892
860878
24312
210195
345131
80247
313405
111378
66293
395693
159417
308745
17588
225852
58427
497309
182110
554617
177379
185987
245897
801796
280389
12027
326002
271462
81436
762044
320553
445050
402248
698794
183293
165224
145829
183396
234400
33676
5546
109594
827382
190870
889947
706172
722272
24010
395915
856110
763039
119079
176754
205496
239143
367653
293319
218969
681058
441527
707770
667003
646845
531408
246129
381633
654771
518819
890204
406429
579636
336034
551287
156799
523090
284424
489500
321512
561736
807858
97506
332285
360263
648999
299574
480406
873695
219161
22132
613430
336934
539844
79874
672821
666952
85043
515145
134104
108331
44226
218577
105474
885181
817085
1304
143492
144316
388456
767855
166993
511650
530776
782418
1196
402892
377470
368929
253570
764101
628516
429919
804372
392691
521008
505798
289101
91262
645670
755653
695474
3704
757609
62424
774391
23886
428994
522082
553358
47273
271801
435882
770874
584961
228160
306543
573474
301151
239504
149832
386273
872846
180362
247325
736154
308061
325663
480284
196808
242867
716908
84793
90259
819248
786269
286725
445472
822939
339923
879849
539520
512365
13792
835711
58984
95705
69134
122733
813920
102903
269151
179391
83317
807628
288432
409793
398889
210872
538807
168694
607530
848827
182347
390839
349920
516388
831746
321035
722560
715288
292821
508415
822718
510140
673632
257603
108927
526079
401350
265793
850508
630726
478514
39579
738818
595413
560856
645855
184487
333399
83673
572457
427959
471019
516421
245525
548380
99595
496411
861920
538492
58873
329068
762491
338764
534377
207774
262058
592995
659973
232588
800223
220937
301793
736555
103085
724398
567516
168551
105452
46519
486767
36427
165001
600338
725301
223136
731783
242251
451415
22925
810582
162328
205107
571645
781934
113583
229672
17374
190504
655383
368833
809221
541721
243867
562907
398990
701644
814427
190645
213217
206587
771165
515219
438065
90954
502849
305679
469599
685344
610418
213981
311643
79970
659831
796793
176938
63502
218346
798735
463875
164881
516480
347622
227699
608742
144071
788202
705280
538507
239214
743572
63819
889313
304829
621144
316430
472320
325958
498668
631045
84468
614675
412880
250890
588025
291167
837310
646072
123406
415713
655120
276305
208505
209570
770408
844795
831447
34960
95775
606565
268670
173355
703278
594567
51569
272700
786322
250727
841439
88582
817120
848920
618936
341492
625605
361661
373229
176306
36408
435692
685603
708184
124863
497773
70292
660961
730651
520865
656130
271386
474161
780832
676088
384725
229557
889499
728831
521277
231221
213440
31866
150340
11679
780315
361887
683065
761552
616825
757939
346709
494554
164744
611840
324724
106129
289083
757685
102529
830035
659978
692571
878057
795026
326197
869583
555122
75455
215849
671968
188325
386868
142171
614279
310790
263325
796946
147966
383140
17412
847713
835903
835788
814841
251538
788250
125848
463290
369662
787410
111333
439429
154136
71316
446338
570295
594249
306549
476004
10623
14966
50664
193014
788420
583231
504760
173934
490031
840897
474440
787547
229655
119546
360389
399034
684263
230444
304644
265224
813614
52091
193981
283538
641091
35056
94852
108552
811859
634208
19008
248592
188745
27431
471401
71734
763064
685262
169059
716065
683560
746251
375921
424897
584154
179784
820024
794949
519034
764
408594
516905
630144
177461
657932
297036
608419
601111
349628
346079
633819
657021
718402
342714
646129
735710
541145
734089
276101
764620
766522
882403
844027
17494
720174
179419
490212
26254
598894
344687
277380
453348
517625
797438
418949
480816
708145
863095
1528
879
359154
91308
542851
164997
353680
445541
124235
359265
892748
664561
334879
735262
622706
74487
228254
392037
644818
157483
195367
429968
275290
566973
369083
147626
771596
231595
432689
471890
774721
534006
431190
257278
185370
530674
403806
815835
813534
367190
725260
448947
21461
11668
269145
828616
390719
815427
593989
408572
298770
846263
397303
79603
121071
542674
685330
597200
96032
682164
773015
794972
154320
443150
442385
33830
83654
736149
891553
184900
80032
134321
693542
382903
503304
69941
869256
228909
743125
269417
527106
23071
240929
800675
412906
760539
372386
356532
721534
7740
869160
807006
12940
107861
604018
692259
764317
137741
591661
844985
705472
747427
746538
862618
126255
565555
39002
853176
717152
363889
401640
42894
713738
703570
27252
506097
346290
742987
419240
766661
456945
374385
287320
629228
858979
687103
884123
800025
861807
536181
373664
520739
33710
6141
387023
778901
544506
891594
247070
193218
7893
209113
762796
5366
128082
817881
738717
551143
412099
386439
431827
266
443585
729554
412069
485570
247730
468670
796799
714260
205978
774788
193077
777014
345504
840694
467653
540357
795611
713055
282472
726230
514906
851401
814229
491876
381485
251033
795795
576200
490483
851316
671128
297255
15488
150277
603074
169669
651403
365879
151633
505527
411730
72892
411552
266134
887978
386160
750014
438000
64838
455064
837133
591928
780387
831268
845047
57853
672751
650228
66631
317560
206516
145174
640043
759936
43748
499565
700004
155416
250498
157325
569159
604199
310859
841091
534484
350664
407231
598770
683792
95352
316432
171128
584257
685708
678342
158991
46821
464645
565132
897647
192559
758140
57658
861648
315008
201560
295520
612846
384542
796959
129900
150181
120115
237224
808313
342844
677445
266894
157556
867038
838253
285953
62347
125091
618967
291031
741141
362477
125013
455808
795352
329006
125567
759319
345531
833831
820043
386484
669640
181963
498949
510686
262237
329859
555499
657374
308688
890986
766440
609551
36829
212024
794251
129745
578509
132764
610051
579164
122244
106883
519257
407474
480391
612661
399434
413837
275849
147678
881279
349048
154449
735178
755435
97370
396425
386922
25185
690444
742213
24755
759088
341164
91789
182053
256796
406378
895945
30217
184505
507424
457033
764276
450438
289598
38062
409065
645540
214403
429976
237146
572978
773256
729517
365678
887623
666422
680643
579422
481674
340344
393674
289018
714097
386187
382201
69257
144501
698353
739443
199853
501166
19365
510742
20453
823792
652233
652512
370636
609634
727004
717213
124894
111319
100231
220402
521499
494698
249366
847104
521540
676187
312132
30837
857539
416256
769903
667732
187879
181354
703914
444863
41388
444566
457937
53439
748153
546219
586199
891889
42115
629623
696284
735180
757295
456033
361882
666482
829493
507530
195295
890995
209536
407174
27541
503097
427634
84304
407484
651828
739812
85487
341401
452898
16970
773283
664231
695065
486613
214091
528908
232565
517682
465271
637383
194585
519601
361701
513413
409123
393280
249371
61203
582289
355765
492000
789262
788682
775210
865142
505142
362763
745667
358391
841601
83374
741195
670284
523788
543736
834684
298916
140812
572000
45726
519735
212674
601143
498247
533112
602732
438200
79968
702160
715129
869838
710952
658332
257845
530332
797553
361861
858594
630061
392008
120184
318983
553305
727027
467874
31202
622224
317587
152554
230778
415462
726857
533131
676720
283643
86837
315820
742483
548262
544377
416477
581330
685629
143580
860592
324524
68580
781898
233650
767395
727023
11417
530853
776207
557238
113094
354523
318639
564308
134526
844881
150203
531260
59577
731461
771541
97401
622912
359958
118973
565631
509327
76151
285700
392275
525782
495983
896664
212564
279993
542096
695645
377797
49783
821073
671165
276889
828648
441835
118999
712697
663584
322892
52403
499956
759056
133116
493877
443044
602988
897226
118192
719737
34374
877585
108625
443236
258105
500300
548316
659394
326690
622195
679381
479619
409833
263730
486485
800246
621661
246084
827580
549651
47485
63889
420741
579268
692756
827073
658037
422321
561084
611260
308845
219974
273314
158079
354432
342883
433482
372253
748798
118337
709801
283408
316814
822300
320241
667578
726970
855489
875530
11677
363812
661877
134746
470226
580279
615775
774695
806794
534520
678419
592820
121183
887771
691260
36488
408054
744626
229990
11148
212148
254496
567205
620466
566234
654316
541125
113683
327966
235857
236143
858097
652935
466066
640020
519931
641797
359915
3129
638191
477706
598690
691551
8409
323945
869789
782414
541850
817802
844077
248478
156804
890983
696935
593442
340321
181670
769716
632401
643060
638066
355358
477522
590103
766744
568299
743235
106595
871836
821702
588966
420078
420374
89816
555273
263919
200781
521686
384177
189085
220717
180180
637826
480149
548360
135959
254828
303514
87943
855112
537013
712311
851498
656965
169696
778656
300004
860721
398360
18391
855052
124300
561019
725290
143617
496509
179141
476153
31518
357003
770999
369653
172950
274827
614500
671364
439052
656340
257592
566594
66481
227822
617445
57985
774650
599689
874572
88369
387934
450538
233348
449210
200841
153600
680042
248198
191424
817941
335622
675548
723954
209536
414101
85415
864118
654903
171160
334965
139207
329505
850361
102299
169753
124490
439285
198230
610390
523472
646794
193868
743418
668346
527070
745137
477063
271144
695721
845381
759942
320645
66049
864699
200123
749401
91264
619541
429859
291931
248660
204363
404973
620580
141186
582986
866450
690622
560664
96057
715122
554172
524174
69974
688268
647555
158776
709087
391610
427814
156555
512333
550023
418255
534601
280315
715886
745113
215051
732356
177200
869307
864170
339338
37938
693247
775689
673491
878672
618704
544419
342862
56290
560081
254637
679604
100938
813003
492167
720905
353590
164511
286372
362529
711608
232377
804851
457023
386463
368229
6826
25817
464594
596923
522798
269623
319337
608982
507458
779034
729032
818211
876297
356218
715929
489205
859993
782984
155205
757045
277374
861906
841486
343510
605768
828677
274604
276391
231635
518508
543394
494945
23793
32918
527484
235136
638166
537750
687560
758703
213215
835268
881646
563132
456831
310497
147501
21578
872712
110007
291667
63205
616466
340415
649048
850449
136524
229852
208088
51195
142780
81189
17579
432017
64532
310337
156643
817069
771060
389898
164289
686892
363765
138899
611285
140574
217497
371078
593232
486006
185613
539430
882087
697184
234295
819859
303559
126994
383650
162700
411279
665787
268867
852527
335502
157881
678504
670460
423930
80263
91516
696824
342186
300978
894425
685868
529937
644173
825002
706669
520151
461019
231164
324855
159254
729065
227329
231507
65614
323198
467712
742168
351077
888010
762844
645645
39647
486204
221343
718541
777173
62064
709923
741027
872149
871301
60158
264564
859766
766701
126215
625340
536759
338365
806409
289200
837811
841124
352419
242595
213858
131481
251129
782660
333263
816365
285915
468452
109521
628287
810351
463830
331529
573550
215197
317647
259287
149033
708440
44013
14425
155714
566756
184884
810146
236130
721832
71603
618834
597654
42610
3430
264055
774886
365697
94132
518368
802118
730451
429080
454042
898022
113195
246525
531849
384356
796446
767010
544005
292929
173307
431581
208526
501105
799284
779740
510925
427212
619758
42822
87272
885922
779233
137312
389474
556843
732204
753196
403917
206939
578360
385004
220876
744629
702215
795300
542346
87927
475481
353597
610033
830387
314171
625638
775464
251101
363564
353173
80620
433792
512909
600108
605705
786444
192933
711318
457365
785322
899502
23760
320521
578128
694592
522948
228093
127951
323703
549713
558207
894025
337283
296807
306512
743681
797836
670446
82587
413003
610944
898598
274034
366082
874267
787176
470151
594264
435442
660588
617701
7560
592028
316196
359752
893959
890685
215174
212767
427193
736560
858471
313692
183424
4016
795298
166198
723216
407043
591543
183644
696829
11299
622641
5845
883670
685451
175424
129496
838731
598523
380901
240709
666344
25832
330636
730335
73798
90755
677619
420135
384663
460260
446345
8406
277280
274291
252178
405014
480547
890322
798759
539646
443705
124522
113690
390408
881023
398033
384695
581424
505224
536373
542053
143147
737936
202248
140684
382594
411152
98344
798769
605929
854029
314217
624253
364640
679371
389633
797564
834086
310175
607567
51489
24181
131747
805417
455846
887678
577346
73505
383536
450210
402547
267892
533042
192298
73314
82639
626664
661219
20553
134878
55908
532089
418175
548210
500678
204783
204103
100781
624547
618521
263945
365965
593480
764438
466685
87603
111864
240461
383427
50640
429009
473730
17808
400651
13581
533301
51875
311857
880101
257112
523734
860761
838575
492011
273200
844083
299784
506966
744663
108364
324428
748674
854083
118944
300834
68564
648109
317181
222581
632231
505542
642448
685981
372325
82372
416495
97437
412450
125879
202658
861509
105781
715034
319023
237399
378227
169445
697824
100998
266314
772223
438002
220891
78295
887089
802653
581266
452260
855030
734587
73441
623713
575406
844183
469624
761470
759890
762484
107491
623811
173570
870711
145773
484813
2585
10641
76607
97861
18658
601837
552582
216189
562724
308019
632371
669482
760857
90166
701051
886297
558012
304320
391967
708144
268129
319992
749158
711714
878110
521709
429926
182637
412231
814210
184353
690612
10488
694326
111916
394036
721707
174895
786539
322342
587401
578754
18904
591952
339805
463105
368899
261512
632388
409217
767059
345286
595265
2503
493035
17828
380877
187567
542023
723989
87211
658553
540613
499743
887578
365136
137505
869782
531619
545112
693049
637046
496306
180020
724463
529117
513378
233681
825485
556483
565329
210834
44514
246840
220467
467288
775371
400760
244034
101550
251661
879085
649810
31151
609278
338465
631907
626740
892963
114109
55408
625886
647188
760739
516516
436508
736476
769285
212428
671578
542749
455393
447655
623430
764496
75194
382938
91328
589226
618803
44225
478141
630554
324042
300448
566712
290766
640654
68983
591574
128373
314239
636500
532276
425984
445409
743330
85807
324482
721916
227199
644784
312503
870451
508555
137714
773344
577215
825244
300817
755724
244264
87822
127825
540946
691872
765976
560904
184251
164859
778427
472745
236668
71886
261491
272110
245057
103587
711568
98145
661382
853590
117790
730663
141022
496272
285984
556298
493687
462205
16347
452033
272725
614764
312878
430718
390650
522274
460512
401651
651943
826779
259922
174914
809532
622047
867635
177536
838427
197469
878098
235909
391115
96199
524334
344755
654968
87049
739978
266337
738072
184071
340636
470723
110281
384626
485796
828439
246933
427526
298650
652590
67511
898435
245696
440436
729752
653958
219926
127647
237778
346212
51757
98544
880822
342146
453299
237929
876808
512852
267053
103756
44424
216720
502307
806315
660108
34542
667252
132017
427816
225087
706667
826731
286672
102630
719593
627189
801588
118199
672578
511549
478538
598891
198020
341814
399306
131901
214449
460316
427922
558852
626702
521950
324202
100974
95731
77357
666434
248629
691075
295199
406935
488192
569750
565120
20148
421273
468210
192599
617589
23398
720217
851696
874599
856454
743899
31499
516460
473835
715691
260896
319450
685422
532495
635724
646851
650099
538354
182717
463695
396922
163316
242167
71909
332351
395457
522048
243273
755599
83902
178542
798015
546119
713343
629291
634318
428522
6646
471458
361695
525599
894119
255753
636228
712933
473527
687946
822486
626868
22402
438608
773591
387154
174283
407818
885591
416046
778606
171615
857009
194588
469042
282319
199413
634126
216346
824674
896097
406475
689978
582479
299560
824142
3047
546443
659413
871198
35047
238604
802632
32069
610888
395832
261822
423856
361580
848815
66224
62882
80514
302610
656690
137173
295920
512142
463100
339182
593292
774249
470661
500315
318570
157384
453674
877260
86192
39738
549487
102540
296613
27525
795548
377114
770663
599211
772425
349320
322588
418136
850356
163343
364385
236619
148399
224525
460350
646943
614551
310525
721818
326036
421150
846545
243851
214079
611370
452845
373253
403019
131479
449635
549556
228682
819735
788231
698821
180060
585306
177423
376062
59450
96681
365289
175854
885408
389419
222361
729279
680693
237291
648685
802088
95416
549905
477918
467935
194056
125708
315205
464524
337392
893393
95096
155480
474382
533661
241920
516964
156255
185974
460248
373174
466888
701552
578660
310511
62339
29164
882508
765752
452804
797691
770931
173722
384903
704832
596920
522508
24249
600083
589896
669607
535519
837793
20414
40438
205638
721905
550233
897193
112520
809410
80280
243209
662744
873680
599732
779398
100362
388629
854490
611403
681282
160620
373540
882515
589655
627056
178418
836917
489732
302915
626570
816923
506219
542827
49354
684849
310662
661303
679206
386776
43020
112480
406210
452218
24219
706026
135117
547032
607688
158570
592728
648190
147361
388705
67314
567704
532411
850854
226977
220959
389917
364929
257631
570156
369320
861940
892463
461677
422241
556084
211450
62645
137693
818613
678091
198221
579048
552165
776131
461736
515569
417966
346457
452245
666550
150687
346418
768205
316871
595812
28760
407948
420058
822865
838555
246301
733643
718558
12513
119406
517709
669356
231211
321059
330897
792902
70565
752070
715569
603619
209385
313212
292698
171207
645266
874130
445748
162441
146808
698454
561456
143983
90796
579779
717997
513078
882129
607956
826982
752046
189173
349753
646971
60066
84395
895207
430267
589461
69095
318506
630859
288008
559509
213238
871829
91096
718294
762171
124880
269796
121623
792279
251496
858316
360368
83077
405418
60629
558007
791795
276527
25929
120958
16529
128546
347131
226479
542565
553167
361928
358850
510172
554953
899001
533497
603611
608440
695045
309049
197715
406494
814963
253349
485555
288165
204317
380824
127351
128935
869201
73599
193055
459512
407505
844657
300058
691892
413626
714572
358305
447137
578913
573772
323584
435136
699897
566378
474639
567958
878034
889296
320639
84337
144763
319413
848655
888537
529352
609273
843422
757301
822863
412734
453499
818775
724204
890145
20985
485861
387204
52756
143998
499685
788134
894777
179003
78084
208077
99325
470613
330563
444163
535854
101377
645438
735168
345498
306735
684282
161520
605286
421949
849547
723250
695912
39981
483135
789436
303618
165169
133451
495164
481596
118722
648432
699961
889884
578607
731945
434841
762852
876915
869843
880508
157416
252255
869273
657637
690282
777111
53243
631576
683380
328601
95579
783871
12785
690007
818085
207078
857161
133254
70904
844807
769976
332623
415188
303296
719849
195874
782882
442592
103156
328683
271034
878625
182385
338173
218677
463662
756247
447306
582353
567270
500022
333909
523930
616441
523405
84382
534139
347343
873897
176860
765825
160200
536635
859370
189447
751806
836661
450552
51299
604582
651905
13698
270285
396470
265917
55517
160551
874624
764631
382765
348974
625180
371712
436117
620348
870565
735472
468614
705366
348442
10551
728632
435993
466244
739451
674710
35804
682486
363891
578355
189954
849296
622815
266011
149854
304447
488801
30565
611011
108095
670908
642532
298984
411328
196775
615069
44340
830854
683054
801394
63819
622346
184518
49725
796245
788894
394411
77433
818087
253646
102616
839097
516337
441986
580609
770140
156227
169984
259184
318808
777628
511342
595355
344723
875985
243061
188094
844497
521975
554817
295771
686440
706029
322821
676586
52911
91592
673755
262334
581973
629180
615209
870135
719534
57636
767199
505949
523303
688623
793533
275327
538235
777063
327506
194152
636190
181855
259455
695098
588182
173112
831705
187690
745866
37040
832013
680056
228659
207464
88127
714346
420719
674032
549387
813316
523700
386577
313868
650981
173633
545014
48506
789313
590960
764248
754510
863799
162920
53829
896897
236686
752623
194764
733075
387633
878813
32168
760264
839972
416011
564295
686701
117921
348779
305525
327320
340276
574321
166058
594092
305327
98190
189484
274523
713547
47741
438850
103943
335132
895574
507511
693057
137871
707233
248071
17011
3650
612549
99818
397177
455104
719838
709369
299081
232504
494924
446241
266899
439258
201704
635619
768260
436333
395314
791558
707301
164687
673669
395994
218080
64170
239404
463722
437794
197487
461038
152349
358652
647155
584101
878376
208612
388290
811245
891124
879064
425700
545815
599559
143042
368682
329245
190354
483735
890709
363952
437814
227258
564836
165805
736020
886878
50935
197422
237488
256232
457733
523260
895329
550738
723926
252738
403352
454124
739518
308958
196106
341150
384567
876400
395707
164552
119929
760885
801641
838122
884889
44493
33714
130303
331099
731992
805923
223108
469557
201599
598303
485943
535586
54991
19656
179514
852064
92032
455756
313847
858183
387252
453935
160702
627366
482779
190673
334249
745627
81523
495740
537856
460558
283053
873933
515448
240650
299850
679708
472055
208122
550149
557929
320883
261725
386505
160165
54296
712229
892643
215322
437704
605521
854163
337624
126748
814180
759356
87486
97705
564450
410331
625153
415966
876072
126452
641275
461898
345797
263175
735827
795706
188984
125410
478532
249440
226599
525680
739181
563343
243065
783055
178613
755011
419729
5311
464601
193021
672455
343862
375764
604172
198725
617969
683370
696104
228443
318629
519376
6615
619263
294996
711899
55026
564228
237947
559299
208290
619542
584871
678004
132452
34320
873607
749266
869932
14906
895165
744038
30693
103170
159503
624457
558006
852053
27514
190379
630209
882298
129638
519521
511365
433132
698036
436393
505091
242547
365715
59739
797661
624093
695122
402893
693498
832445
36721
523939
802855
633632
520400
373938
844759
707593
341321
380272
647691
305288
415769
427225
300685
492923
704313
123136
362934
596929
487243
435696
851824
673015
19440
85118
379701
606353
889782
614414
488406
360246
695951
635934
633976
449720
469756
884530
495896
238063
139560
717405
749007
570770
812754
453896
128913
68977
508931
200035
113776
733137
560669
407462
854301
427589
372244
808578
303662
777797
95574
685864
517659
132654
445573
527221
827395
159190
633158
549658
765835
189482
443730
758372
158630
226533
83338
29100
580977
798479
164839
780700
570293
760913
133231
647324
708783
758736
211716
120793
865132
181934
887414
376018
207886
670200
768313
678142
704588
717644
415697
342589
79157
182124
534601
529785
481748
396216
112708
78776
81616
479883
29131
335137
441675
417236
329892
43785
258186
219310
843651
634553
808435
24606
854459
501758
403858
74026
14413
365516
465687
486001
425345
359824
252249
232330
304083
693008
415518
76220
784676
397313
807154
149111
862289
805766
18132
668014
372545
542815
434225
110386
714455
116885
246728
442604
529895
394208
99692
65878
193318
578420
480264
73558
112699
358502
415036
383704
470321
238686
175846
421159
733006
254107
253948
578984
26526
81469
391446
393108
257128
415219
443241
58640
303458
574209
323373
66858
130081
845582
12703
424241
348712
162376
254851
102001
488225
892628
794466
209834
495274
56150
898001
280333
203815
776217
334866
58258
356630
440155
123155
592121
146463
859128
282805
466971
835785
701522
94791
158540
759306
259642
839856
467215
524151
637565
739148
701333
91545
211950
285230
73748
881153
886828
347843
441537
670866
838256
702231
210346
874076
685301
871409
180465
184137
87012
802009
598440
645008
664474
285402
237862
138375
40057
46179
547876
97590
896392
407079
414167
601735
47079
700484
729962
449209
350644
77953
173079
680179
148499
849744
722465
26485
232766
816403
226321
122219
369832
510779
351692
258235
647375
894859
651181
751645
231422
101179
465572
8394
156828
745720
809930
801549
104437
58857
748672
68471
870882
754125
211492
816719
803863
171680
732718
319398
307945
477180
239501
604615
809115
481916
14969
881933
368676
66684
836469
232336
252894
261692
569571
233111
213357
851780
376611
684561
212841
169697
362410
781279
826762
365132
78267
212968
342992
186604
262180
440688
76845
157842
723224
600739
553583
602179
215396
57356
358605
456371
237776
299010
497068
639211
280533
504673
643695
515821
506069
28790
116410
52719
391451
195124
833409
319203
105808
797829
53746
783767
770327
142714
603835
156184
39430
723747
343705
232433
161313
202234
791710
640754
819956
734105
670526
677164
455277
633196
827574
785112
171348
749729
368154
306839
769673
538588
51418
170932
198072
638343
425968
434022
20890
68039
645224
283506
6187
166377
331628
284141
830820
89371
345067
765214
134261
193496
337990
765506
218433
450075
6839
330570
750389
119861
200702
513406
532806
667225
25705
4101
831238
170804
409598
825308
805635
267482
834921
159428
177820
525147
414557
453977
571617
509621
564233
264860
364070
141763
771672
463378
651843
504627
641252
804901
190795
431094
117849
388616
127271
717200
815586
361272
287183
475631
750770
477118
164100
25272
20368
9074
525
271068
276224
93017
859628
888106
418378
719758
825275
569439
151402
508127
605577
834968
220083
259566
670059
543816
312288
186680
744928
588740
676153
494707
530758
356092
102430
628592
206547
478405
743411
562303
323665
43313
58152
450418
72696
770367
632356
887930
544905
635951
575598
70766
728325
240494
371287
283754
845896
111567
351335
268531
96646
150299
778050
715000
299744
529983
592823
376661
352994
777700
655077
838961
668316
723996
89962
798824
604827
27160
7946
305091
808867
178199
721144
624834
539532
179544
491876
218523
156758
406800
359905
423164
177195
850519
794898
193741
689551
806909
203088
467697
375462
57530
673402
790891
331362
552259
98522
621694
730087
161881
601904
860268
875358
410235
126685
498176
120914
734075
94126
445799
690442
575086
185955
301688
19907
301853
847355
265781
503434
213113
671902
671913
303475
796300
58823
658897
666969
884874
657899
496824
770578
422181
15210
172763
690093
88576
697777
872715
145931
550459
638378
748752
172056
872174
795873
273194
526308
892113
698483
799987
310018
567320
870869
96801
185597
507612
383550
770119
654546
363443
56530
774491
334190
561378
284396
295922
179780
537801
831688
563368
834315
296348
614378
316220
520082
262194
135982
275095
334561
212951
869261
353261
535534
404124
12616
166972
481528
332878
18517
519538
91267
511780
250467
604619
689136
622290
304203
122263
418488
721658
264053
297786
438886
528258
343812
667565
803566
600608
558591
152579
246542
601810
774589
360326
645119
50283
374924
790207
406455
750152
863358
73652
487423
723520
50193
305739
155436
87225
666778
144333
54013
692696
737069
358886
44847
458864
449611
321577
638464
427356
646856
441584
493726
19047
264983
674081
877067
879368
726741
591789
24208
851692
26671
23698
106459
12620
699185
315680
387894
684989
48557
689880
807141
172933
520355
360911
617724
365835
859027
87699
461211
661096
153244
726437
428999
218394
115792
523492
398853
753912
719286
485994
312790
205055
885787
830224
271370
586794
445783
155117
737666
611200
266520
876283
214566
741992
240781
468154
43647
818615
191728
81166
498067
887306
471408
722756
539035
772719
227770
889330
465154
13213
813636
97628
574940
181029
76695
698962
666720
602080
710582
169079
92740
358471
329295
855644
393748
225442
242940
36523
354766
564984
452726
495072
275197
263813
787064
567729
268143
556650
773291
115695
899541
781342
155155
53412
686487
414145
581717
615356
757970
105745
598083
414017
778768
608950
392230
446430
702370
757913
278727
628581
630651
299090
35482
332812
508172
887485
164167
486609
528087
802734
886614
2911
92627
35260
700758
241673
228092
484761
14635
526739
671827
743970
32786
710256
620569
351185
23665
72133
119748
611824
711200
214956
482939
274792
2798
442741
550452
478359
40914
650216
701128
900000
550735
238086
609423
731516
480450
760109
634653
146287
818027
883161
10264
92470
761558
519879
333173
746780
75173
472021
371886
851819
878364
287590
183267
284127
310600
766049
817514
773974
897517
408665
516468
727684
510058
125288
878557
138339
187787
193492
209871
273992
178187
642227
227444
850001
576676
806347
538934
535834
579349
31474
464022
569294
540430
873812
574437
11899
289371
568595
57377
8446
213675
897865
732495
418782
899772
416904
507058
328181
661220
32291
696838
160840
597534
799878
189372
87511
872432
172383
216082
457584
702517
553600
120333
495454
768747
27676
775830
624575
788603
838799
45838
452692
399713
240475
194319
756881
246327
828268
760641
542964
676130
141341
477302
118546
622968
868820
194563
580301
724301
745000
534971
779010
208633
17731
449385
510814
801863
456706
821097
833425
93372
649369
293508
186555
268354
219635
864391
437410
404753
457240
187807
501542
740313
580135
625075
656491
811598
799266
13917
793942
283440
720553
15078
53107
425269
895551
434973
113107
726902
176841
122804
261139
105811
352373
826616
35863
310979
796215
542891
178517
167069
83278
856607
481742
605820
458693
391888
351384
736050
661781
640671
67670
510092
758823
616871
170665
357278
850328
783518
336351
295371
35510
220298
380810
647762
641927
399741
372204
283704
49768
446734
327182
271055
87827
337109
59088
315072
214234
63747
592890
447290
392559
290364
471665
522326
553478
487122
523462
800646
666738
331455
26440
362394
161004
89118
640154
261039
644563
313127
310335
363349
695725
394693
269681
700251
107019
847478
422001
761433
3306
262303
605560
387705
649878
347368
859916
869218
84265
590043
93679
505923
843665
207285
182353
878617
281872
380806
361862
428861
897341
396523
121139
494989
258983
332901
233505
133365
354746
358325
592723
771482
49306
787799
79412
800067
698380
77784
364266
317476
129237
859158
291208
823592
599353
8338
706719
689178
672613
642484
810963
847728
120937
12060
140332
629525
192925
433760
393635
683025
576164
315399
8381
148920
56398
323392
574932
152172
104535
703360
384048
844271
342349
251350
313396
97129
692367
477485
638357
416178
20336
234142
187366
549404
460347
809198
360014
534592
685649
837131
757691
69476
440749
218655
324112
789222
160585
77263
889562
739112
494521
627314
633248
847288
840149
52465
54584
743674
554901
894552
610519
868340
30293
723798
234464
726166
157047
182358
263134
809956
11623
363034
533421
867265
663898
301425
243634
276057
214480
122582
345770
135819
406936
753893
799616
559090
223026
556153
854425
494959
540016
538759
272873
264981
190742
782257
476712
889808
88769
295080
846463
230962
688804
182977
744252
217692
502669
818802
853638
397509
211110
9866
226154
627242
506039
541578
28595
493170
434472
74148
714232
323965
532164
245742
73776
654473
323866
321155
55009
564736
755197
376055
482709
74465
381163
246452
696365
799785
396427
17877
405744
756638
653999
73407
362812
72440
340761
235575
386494
665388
875034
421668
99292
570198
71638
500994
308175
881603
245059
165184
503630
551289
698576
61559
652901
376579
721153
435239
771813
48796
730681
82607
231220
456567
402769
395625
257413
495369
147908
384896
362947
361556
588877
732366
409191
481520
242312
631671
172970
863896
530293
816668
48884
786671
188476
513532
305330
389261
563114
501805
725989
235113
764057
164307
605143
347205
681357
632795
337289
809585
752059
883991
305448
794877
632068
301238
788831
19998
291551
500223
220709
851420
100661
19722
759991
161654
606886
133115
650176
366834
772969
339292
313044
223397
627536
66646
228860
873531
827178
345867
793164
320580
473186
102771
823985
229659
404676
787888
585446
353492
75040
827216
675461
462850
753351
153248
690874
218530
97458
147944
611507
518631
230627
250054
62804
390243
786819
99914
209064
609422
621130
380076
238449
762038
700157
175749
45984
11236
26225
264112
564544
625735
790381
385150
92301
386783
577102
337968
108770
319303
549669
545845
600496
726176
354203
729441
785642
607607
76948
391686
687869
189266
240305
396817
762750
775132
622895
492163
857723
509322
191310
309258
122803
297673
548204
88764
595329
510246
112207
88656
542676
713370
277953
649593
880602
42832
418709
217311
47098
417461
283721
615803
189633
457818
826148
803375
792469
872681
526654
379809
545093
787714
155999
660594
376225
865424
832031
587166
815910
796109
493101
782290
607921
675438
337643
188997
217493
56108
580215
26421
786792
288561
297348
77760
449592
470684
624358
38683
80218
113648
648717
726321
822723
767295
384265
149820
545263
633134
364844
54329
267295
387686
39277
336811
161280
608343
52232
744879
171878
517960
445410
309623
539800
731743
329259
416518
375588
743849
7548
653159
99443
793319
246272
290410
493271
835510
876143
892699
131553
813401
11573
530464
125136
593061
577842
838512
854212
701641
212026
657675
697200
303160
344765
252985
2317
530036
284800
666499
577163
555736
185994
613768
116898
280289
306587
285117
164263
830907
472278
179301
440667
98948
6528
229064
709789
884031
12513
630963
429216
436856
864007
626156
858231
786607
703913
505839
299788
27298
831785
734122
523952
80059
84787
435858
139532
434547
857666
385632
60503
388609
23842
372076
614720
310916
116752
778468
607211
889224
442493
670825
848921
697560
325905
803494
440063
797761
414861
689581
50265
15327
759529
332624
660759
254855
325435
271033
522869
70479
101081
205351
810377
82877
573430
100773
378294
853003
230312
659913
758941
467252
476843
557766
853811
446238
658782
148846
147181
377668
525546
274215
679287
195838
131843
784264
146277
533263
141160
660177
333665
688395
494340
169445
111395
457635
232151
32485
225023
307630
762286
251177
856087
310518
622
500445
616209
234909
843697
294519
705508
780394
378279
17297
813644
859155
316061
313511
615773
503176
162043
338734
892308
379898
873671
134670
804200
576102
802280
424062
803039
672546
471205
79291
638878
776227
334635
825796
157497
135368
37005
366773
574664
426119
197350
323454
559354
517650
471418
56672
438499
372294
17530
156195
805969
121904
193638
839383
740285
5563
97997
545893
55548
823098
142257
297072
429141
33582
563301
602350
694285
254133
795160
591389
392126
849585
896587
229828
676774
376016
478878
862503
378939
487452
510665
886214
410429
275329
305286
440051
609124
70294
40620
708174
296728
778474
80949
170622
288480
569005
725313
43342
500658
879576
610836
369218
416905
165593
332315
344789
421684
88991
434092
343857
150890
53951
840491
328905
737244
723361
153001
703126
193603
627050
555686
758540
589945
697382
522583
235929
691139
460369
503235
474810
795595
168483
518567
449081
17709
297174
778138
467302
16199
335797
94378
436657
513747
456451
814437
440258
607825
67236
