476
891754
163639
773281
129321
257074
879288
484673
776843
780143
413273
270913
824588
352900
881902
245424
537718
285608
689187
885673
142552
658877
438421
567168
341694
701745
242013
564231
374652
65648
631111
602877
263242
541348
439457
652756
280457
178986
800559
389405
575684
230802
352635
565650
623442
228755
145417
273024
267895
56936
297513
663503
471722
776875
857094
847024
313266
474381
331739
376962
73449
203503
342757
508864
410914
578240
141172
700587
273447
448659
459867
1839
650139
803963
438278
16980
74687
455367
526379
761924
344752
441300
637530
309172
390413
898611
111182
251376
321654
706265
596101
207944
90928
68284
640300
543057
550405
208561
551284
143289
848936
301823
145889
12683
492758
886271
480992
94011
810744
314611
840664
874510
675973
549824
51322
774889
72516
113769
485715
201397
615312
348681
120256
343564
247636
210029
511872
413539
386069
653164
123813
621619
835247
266051
275460
290693
404631
529681
683117
657306
28096
591980
293908
869204
260346
143935
434445
416485
445524
253473
446967
458450
78178
774098
274639
761219
649946
809076
709797
654602
37752
573508
22571
51853
81633
420563
358506
410705
259524
333318
111119
519269
40924
456582
372515
187017
304851
393925
575256
746426
84257
294542
346399
504539
892082
699463
106326
544608
7109
816198
861854
898074
884880
158413
378763
627706
344161
620323
561973
845540
22016
681713
21068
93522
53648
226102
130760
433985
163924
854823
715294
132988
575310
295174
541678
508484
395138
120445
486905
842585
831226
119671
202385
624007
854595
684572
809736
779567
335252
822471
872458
551025
261486
103270
64359
273203
416223
11374
781224
11985
793665
172472
392675
623873
634303
671163
223786
705185
590552
300327
775037
844191
466972
30171
375744
150789
228435
576292
469639
856128
425853
71379
388653
782187
672948
432282
162692
29085
504013
518882
415911
761771
399294
123276
390188
434203
32217
370850
592021
276966
729399
169849
488357
228073
536944
241670
892303
755561
280486
418874
497706
110496
611265
608059
867202
635272
895605
625760
77768
638499
458399
529096
332585
770757
695663
262136
80860
291678
585216
374256
236980
780712
698530
565352
542901
215497
835001
724620
276932
617701
630302
871217
96567
332612
698787
236307
625420
286331
699892
816524
819414
386906
255737
718259
738961
678546
610072
193359
845527
678816
439095
690935
271435
662618
229631
147047
314450
193972
166044
847969
84481
441679
80129
217597
659122
829536
771592
111310
419440
57529
608727
337459
315730
778262
251518
305079
631301
145317
32733
864230
889761
415987
319107
547436
99997
682255
164337
119115
567391
395422
637564
733464
522220
152026
583249
516787
574493
553927
210900
470530
160978
796372
421825
183913
885185
203562
120179
522631
132615
534325
93186
212368
47263
876139
856167
424419
507760
277085
691452
378983
341984
563194
793854
718663
675751
787802
443796
141286
217150
14990
427082
170689
807638
731714
770454
578080
839909
771019
588347
851641
872572
142771
884363
706817
398964
489374
11144
167023
318534
818040
154691
406799
756313
6333
636582
372352
492822
149060
818765
62955
147800
186665
163534
283392
544672
842677
544441
522479
340004
523341
759963
677087
727015
377620
527069
108334
531428
844606
391881
661254
519236
705554
585356
145720
401231
424442
155319
