6742
441219
459270
366619
807505
832166
514328
511898
458724
273458
497162
515489
193334
682008
652764
235082
342486
231243
28880
550463
450727
771336
384603
187585
659168
165712
465195
71845
675587
344598
777461
369944
887096
456212
201722
490628
175205
322424
583253
475498
803532
148892
817188
388559
420641
522931
570192
740980
212870
694207
137274
516701
526406
804832
324132
609363
560074
113575
563610
261636
353979
570824
325147
633512
571445
309006
164808
146303
534563
444968
584455
101174
130685
44001
78644
775817
470043
103886
139845
485154
353077
221536
578968
815903
734713
609401
282844
561746
193991
693883
85113
96386
561996
37628
218013
262958
378361
226614
283139
881554
639392
275578
291138
177794
703563
6021
273455
350099
400281
667403
462448
850809
72597
615344
674463
587179
366612
298742
59031
375715
732459
340752
234717
347809
487019
630772
450062
610127
327802
820015
858593
406688
711055
14611
633593
723409
457066
167404
351530
171025
2445
475152
743397
444733
671675
367348
597185
137732
141292
56283
276328
347145
564234
19945
346843
791655
101547
102486
476419
113135
55723
298751
236245
844268
112549
705110
834337
164200
885677
494585
543512
846855
533390
135488
270455
40785
874619
883376
289108
847438
641652
675693
811972
451977
32631
405292
645510
402071
713952
369958
832848
521169
119903
291752
636948
209404
506325
263879
39470
572266
743850
525617
466509
596825
466765
314015
832251
525242
203657
415847
54859
76652
571745
467022
675838
665991
94472
729339
891122
215476
656831
587878
163208
626649
17228
392335
273904
294995
870387
163563
788083
331772
820660
185656
472861
786604
523008
430610
284805
647451
16921
758623
259802
397060
174214
835716
680203
508998
867600
835611
208499
324004
390619
574588
2336
173612
488836
640248
9535
236469
279892
829572
694245
251361
723006
444146
402012
245986
729531
874044
707912
790585
137919
602650
90261
576697
53335
880083
527583
742698
65410
321455
670686
836554
212105
63211
466860
106157
800252
282598
378099
683365
730667
571672
283384
330078
369565
298915
173534
428896
416465
468481
760505
80407
201967
335741
232176
322607
510889
179870
656590
545784
821843
400733
280357
4009
31036
373687
499551
393121
643976
369950
715906
850409
397420
497707
443135
109814
776934
865486
232312
570090
353302
806630
240332
748730
404796
619499
530144
675786
767503
148585
389515
422580
419735
722503
88766
895719
711369
822373
825390
743756
867997
162117
691871
22596
330092
676447
792111
795726
703691
497080
736765
84165
390271
454894
311796
100293
206492
479562
99479
80110
664126
829752
336043
525409
507747
876850
230523
421895
571811
292792
75628
50577
475821
89244
743775
59898
203135
649882
430428
895881
121249
191589
515584
379507
391551
839645
470822
534333
770305
120156
331243
272735
134505
275151
365985
43203
773481
373058
761330
574573
547230
221940
238031
586741
552428
71658
749460
405039
888472
612863
695577
745228
128156
29241
565624
79961
504042
603607
826933
869573
836673
635622
805007
62945
655909
146867
623682
334655
19646
353979
578838
381789
407471
398686
146184
465179
694448
544049
220083
788999
226667
391251
778043
67034
671056
664536
787478
628732
803509
847137
306007
658498
286830
31788
41751
481528
619908
819559
58594
880441
580053
600992
413756
431259
224457
28664
493102
688744
84492
638423
77361
708774
560140
636473
511446
651352
443697
97925
843983
716350
108980
221374
337533
37752
721501
775122
864503
56968
550589
424784
215796
361748
191492
158806
785846
519850
411168
527625
149299
107391
551476
389630
71105
700976
695408
269525
606077
836362
745426
85413
807352
274532
139929
655346
862558
282282
396482
319035
484644
605557
108225
642704
891725
143413
183422
848961
283002
243632
625257
248562
572460
68261
376987
748715
564407
722281
25483
159627
638725
359571
279369
878844
278275
326803
510906
485889
675180
83036
342481
127148
643120
552099
356743
486797
317121
430527
410966
86821
234138
562768
279128
586361
223469
258333
218454
609
22631
242069
685072
81247
387777
340823
879273
853165
77318
621357
116107
503280
152028
691923
489022
186281
111921
815478
683936
770538
56164
629655
689378
672806
808940
521454
196415
248928
172137
285260
280250
609765
406533
758265
747699
293206
557319
573531
261573
329790
775572
6232
820575
454402
298946
741267
338013
818294
468698
88338
85474
83436
96329
420000
651668
301575
644131
28238
76820
424078
274709
5493
601593
833660
818246
858071
839272
896147
44616
194883
18706
490705
846657
552119
839466
655963
502001
830527
63393
299895
678815
567163
867072
47158
641860
110943
644194
578157
727412
156789
456395
80196
512132
505053
274152
698823
767740
420148
224388
224667
549435
813330
155877
1259
92577
248301
491233
783488
277470
571163
573024
95759
701492
125525
761391
782892
461483
307640
794462
355804
211697
25285
141591
258888
729035
143943
278331
195693
43101
145332
845563
372529
359442
351533
538256
809232
389033
350016
840759
106836
897212
82413
62060
583267
872558
421381
648642
91506
557968
297582
782301
293367
234191
594371
607948
405181
468062
253208
331014
366801
415740
141372
102496
367001
124610
126455
394216
119875
422827
231634
861697
114075
591008
476022
683291
57847
872927
631181
420846
844941
540999
747109
252435
1700
355
794675
787007
6055
406801
13876
670237
799318
202253
825518
396839
641687
778782
614101
814529
610762
265085
822089
610770
167418
277118
628381
156127
513582
395709
734386
318982
490400
489190
766050
161236
213349
705408
740185
219747
513707
688183
570302
133076
10945
142980
810063
237125
578607
264700
802346
807599
459079
836562
548008
201150
780211
588041
308899
190669
253486
278907
324793
564734
716719
349983
851497
766772
619263
4378
452953
196365
813612
686180
125402
321406
821910
86262
140324
58253
295942
720653
839099
34309
625087
441470
26387
622394
9644
886134
790127
121498
391385
20396
504964
563243
531646
224934
263229
302086
48918
703333
691896
13520
659086
750510
655821
577233
787608
374933
682863
233843
88671
174376
459755
729721
529781
677045
814029
526745
337801
80089
803426
136408
652660
844039
658425
84096
501298
180305
131106
840832
250157
748213
591032
636160
350645
384743
272507
29536
635597
422167
815221
637740
849471
98559
522559
375454
188719
495276
55580
409168
799244
311142
525443
33115
46467
795229
272250
13330
404302
357490
177757
298964
228810
553087
687358
673042
281862
454372
152167
267038
694039
818479
367771
80139
91560
802535
637722
304199
409231
791317
473859
324818
98843
823792
722708
454553
22345
640419
368236
101908
493398
776061
85810
43256
320719
291413
790863
342361
664612
279224
399670
682496
359099
282801
746947
327461
484512
189363
593761
407753
590970
74886
540550
396467
694361
357195
298105
699301
798316
792302
837300
534266
357263
202055
151492
268574
507201
775789
293229
136618
53523
619352
644843
742906
204733
477425
114387
13197
344842
232728
55576
211769
240788
19282
638249
426664
700107
688365
444535
98035
655118
310033
647861
807801
489788
128996
115480
683868
48452
453530
518686
173816
664280
498104
55754
414880
162240
246883
743661
416152
303083
682762
28930
15657
225536
795277
139344
436324
88051
110504
649490
46870
603828
488640
571922
568900
392289
436744
43633
666916
340251
72496
597188
715191
560310
818667
202745
315943
195049
691772
3991
627768
25638
679101
629379
737582
853668
631691
241663
36988
779191
97745
72237
837540
68673
58063
223505
292624
534114
664966
221460
625899
506859
177219
465285
689404
84273
332262
620697
586400
308668
713678
785076
756036
82303
5444
701248
706364
112994
608000
484474
298691
332379
272315
524748
797295
643227
371378
294644
717040
595236
415379
314820
464325
235448
497288
69187
712186
537805
868989
340305
889026
837629
129647
797959
567534
1274
4179
857405
640231
437247
361057
308677
35149
286913
739867
676180
543884
778148
884413
736449
739448
834538
764835
809766
320070
559302
811313
630116
847046
675247
818435
217571
845664
36784
290450
688086
682410
884284
197920
436381
674371
77855
238304
430052
215375
588143
596421
4489
28240
593249
144677
223259
785501
472792
347433
285917
438593
369977
186804
562794
663315
661978
823885
97715
116110
782296
484747
736964
191148
43816
54749
162052
91684
204517
832403
403867
112732
252360
99692
479150
63309
886518
467900
310917
685490
101331
507226
850734
640396
778228
415748
488923
251606
812146
342639
62854
734047
9690
365295
426964
89673
685986
478622
38903
718685
629238
778701
522670
827593
692688
832165
138184
73304
169350
709432
810853
594604
790942
870889
678397
471706
349180
522325
769209
816481
360188
203580
261247
148777
761594
359152
596620
456372
11726
105113
333498
340964
773622
850466
387201
798377
171692
193956
576154
392613
780503
739596
109214
753054
739037
263947
822157
645630
257333
635515
783210
30315
891610
614505
738563
442238
588892
418180
589871
476386
881873
446208
555056
416491
561513
602502
575896
88081
898623
820124
150376
574439
258955
62956
452756
670044
337172
606708
114946
37614
315811
282890
42193
213413
660403
897514
185302
486419
196164
18941
863105
160646
602446
734791
327902
877672
171251
141454
756696
155412
765965
178722
157848
659796
564679
376141
159659
369627
758600
37400
345345
355004
405321
482007
798866
140741
598408
345234
233403
404988
224181
270193
355334
244885
721002
152772
357351
713005
111383
199212
730147
219654
701691
242345
350508
25407
89135
218625
633575
789326
417116
504330
819918
773501
248429
420276
893904
176799
60383
52278
254550
297325
507508
153427
112386
183394
661415
579017
305712
602895
825178
280182
112926
746619
658924
625959
472168
342907
331910
196670
302604
358890
894996
379583
270092
184197
230705
548791
679217
351558
744666
49290
73068
781242
403749
752759
376121
622753
335147
564330
465501
304258
400352
595295
470894
557257
254020
78094
197297
298718
516145
698327
159613
882754
758581
725386
808927
207496
316250
682867
512600
1038
684128
216001
547809
812567
216140
770706
578607
768423
509177
499197
720752
203738
74893
855419
776213
240993
327591
23858
26058
76154
821044
532544
811136
184395
161185
369440
17964
15738
846571
498300
545481
145164
661778
494992
619576
776248
485900
347766
64840
586023
534070
473972
291088
487019
731748
131390
546712
446457
133818
261320
99448
779972
669523
10285
662200
605335
366366
678197
133015
357295
282890
267046
165704
648499
111126
384458
474710
154321
745226
416953
24200
324406
24932
626179
414815
729577
555019
291676
642012
471268
56480
393348
536094
792336
714706
115154
177034
666045
307568
875580
127331
373019
462617
723206
67993
787448
563215
264389
127038
696213
556394
482254
415859
540711
308169
855103
614785
181512
293252
292202
543779
247447
184093
110938
254561
152978
383444
883331
222872
279599
584473
108715
226421
830514
719389
301134
359328
880205
107329
619986
348693
586042
11504
179209
133741
765454
382761
219708
834107
293947
349652
72730
890867
846021
895413
230237
121093
154430
269630
771125
524231
198305
183167
608147
36592
67111
815385
105748
412129
206825
547441
147560
150110
643058
69280
410366
201914
553248
600166
518318
356497
823160
895742
641890
698574
89827
622285
48354
293549
643208
231700
819259
718523
258375
760038
13323
690681
767024
502611
18475
550464
177566
777986
674009
647262
535443
468861
895553
225886
220720
42406
488104
147430
541681
48424
268757
418330
269156
604616
749084
863742
656196
790874
784648
203896
292150
404208
407013
754676
447199
883885
253639
335009
589472
533368
409722
456056
663727
578764
582567
805149
222899
698636
486335
745342
527131
199412
28487
812313
751132
522698
584033
275835
761094
568180
68915
421122
758497
29123
318773
86115
646537
666316
768732
313736
565827
758680
713183
361393
86491
208369
668898
38107
865852
294621
73191
539039
441675
477255
787213
719441
724640
221656
814338
643144
130177
287621
283565
296893
35101
708066
800881
69741
703682
263540
454047
371353
265596
205092
392763
476909
135819
5520
353064
886365
239551
84219
843635
80682
89203
878085
393817
54532
4387
349717
78742
542890
403659
369074
410027
651982
867293
557073
271403
606804
589119
643273
265506
895416
243039
409986
632802
713966
224083
561932
198860
847749
690769
477420
360856
317701
346792
712593
541793
611416
237818
215653
526031
5573
204598
336383
712706
787159
691350
310837
853655
661500
527730
772686
214843
290249
446494
140118
658762
61467
240487
643083
574498
441528
812421
181332
87817
476628
373886
370801
254327
753936
571160
565709
553698
55260
839640
82480
314180
705053
50811
31537
575243
730250
822831
274505
72157
540240
196272
648450
426661
683702
120699
7663
106558
114939
723888
445013
107803
833146
161161
186695
859601
825360
352913
377807
210978
87892
453187
898760
425319
304101
119968
472297
599961
600802
856204
366460
560412
371890
19942
644972
100648
152931
124482
849628
845301
431088
486021
280789
602818
48540
591708
87960
101890
227451
294586
857009
9988
536976
601996
679724
317406
293969
551194
511937
537525
750535
89596
342283
58540
734417
886870
866711
24038
598120
588306
266296
657369
578172
107129
493175
710290
28830
741901
510983
861118
654423
601574
517431
199356
362837
363079
340928
100125
19558
765916
877054
666037
520125
189395
37948
816609
706162
445428
476200
158356
568262
231229
312549
680800
160068
596223
798751
852094
599362
794575
270138
342810
494663
616009
814467
331486
39943
349448
644904
427096
809
585787
147971
185099
137097
256548
372145
361359
25210
326738
108193
601382
566595
423193
750281
425661
522698
745611
437298
307290
300207
57301
88563
574600
54639
56792
812539
590429
789801
706339
758632
656324
501212
121962
274036
79787
705935
777765
788367
513803
627563
822183
532264
505903
613859
137400
782053
402404
298260
842514
141171
810012
747943
278517
403351
524094
232339
808071
686786
378797
793695
266219
635331
552659
563077
888221
669014
549867
326066
347368
589466
131784
807658
789060
659873
44773
515145
150639
265536
495849
134276
708135
61350
138230
771086
532257
813994
439631
249367
174089
162173
3652
46
484278
774974
779771
167718
875977
434060
349853
43703
230562
837334
462714
755612
397311
334606
609369
757690
209458
326621
215936
71328
834942
620912
580509
873545
120878
670639
579695
847038
109522
701006
166708
278905
632695
512893
486959
182533
482049
211738
259733
635329
860871
97894
772213
382211
40876
268789
519778
294009
693333
753311
448830
809386
216812
205044
173508
526428
895440
425740
381586
73838
589143
178811
304465
754725
308097
70756
530755
514757
849274
447493
617480
268437
862635
651216
450221
587941
688221
777721
521202
188683
47468
408427
577237
553640
877380
47670
553952
451402
641243
672675
516844
438762
665547
141320
467249
269910
648746
529974
44203
719401
878119
202287
533162
50518
376866
594102
58422
85156
230217
778527
124797
486963
125163
368357
323099
667165
174907
470970
763109
516055
384803
398713
173362
137782
117154
400759
729926
741103
515844
407736
691868
446583
234780
305406
312015
451529
759328
844284
189733
582534
183521
401097
114617
561494
518054
515217
726787
101196
438052
470565
633030
673640
380444
774001
553174
480791
620753
562318
478020
482741
364452
851694
485096
543026
842862
423829
828298
130961
83865
569800
650861
71725
876859
451069
670040
195319
230513
26130
410305
34139
496404
353593
841656
111041
452922
389489
100718
342607
525003
24496
270785
354155
847710
69980
870437
727549
409904
722713
875408
142163
716065
550780
575169
776287
441867
881119
736078
81371
440031
526605
499018
720877
523678
40701
598735
26661
385072
530875
593933
76099
135909
75041
83439
292181
277958
732710
511014
35198
51959
875149
362996
202899
594059
219262
658615
870111
684932
697937
523633
338118
201766
875622
139952
116230
475670
337266
602494
765593
579732
834196
549479
338679
37842
609830
691778
483673
802928
57871
604575
888184
18422
146677
610476
446932
828717
15056
340451
774480
332794
812121
295987
241691
40952
285889
531465
510602
642769
748414
27130
135648
381144
561088
494576
711727
739110
851106
34064
605272
106128
383164
598276
615343
200449
396373
587529
307258
694617
266806
476183
257336
140898
558330
863240
159710
771242
737441
365831
572476
277090
617988
644567
647967
521586
721091
96349
349743
271318
319481
186347
772281
5946
224113
605545
34887
355981
1746
298178
829418
756773
407350
704360
294810
377391
89176
48517
516052
300912
877356
97664
803106
321597
809416
497160
734713
547604
782816
563456
306076
898806
436112
294951
136541
160705
752722
101443
218372
116461
767503
864681
118344
588131
365202
421963
820506
500693
855736
447646
424609
650526
849284
94439
447103
761015
443247
21026
478771
247571
146620
286991
437432
679992
349706
289690
60715
174331
109570
556580
181481
28406
107184
369459
880695
290120
155759
188211
349627
630953
30973
456839
721288
736456
221678
643664
49815
358372
476572
567481
153232
431811
24379
317181
872392
669618
510059
286933
23333
307962
771047
562114
378044
743963
394202
566035
384379
685736
581329
500500
9091
798718
768843
612083
281357
306114
398669
445936
536014
515223
790067
827936
820053
95800
578881
1374
69393
362200
446295
558959
569423
190291
584611
397072
549792
128081
865616
13406
195322
135799
267356
286178
462613
251017
688071
647479
167734
84320
695047
460857
504552
781028
851512
873260
625925
450406
688561
804998
75189
405309
126227
542202
791918
403035
40954
719458
197593
549259
164502
361192
318837
389385
3699
531857
187061
623965
377139
563399
415556
722326
526590
189793
7849
389983
815856
162001
337189
520737
255505
691913
440089
503125
40546
693547
787557
412292
163250
779564
43019
1373
753296
376453
581778
244850
805755
492086
478375
634415
756662
366422
880413
176215
350039
797019
181941
426877
821886
546722
406553
177437
136899
391516
317314
611829
264360
120118
881945
776931
453421
28131
774907
629212
860067
755880
484693
443141
635352
122979
359695
121778
77425
366265
206501
835129
116534
814875
779600
571346
76390
716500
580740
889421
621644
539698
815346
319600
776265
740750
178158
153804
35377
544825
839083
499547
601426
677765
747585
306296
352174
893326
270001
861722
412298
793539
491135
782638
241982
89205
1182
91281
414797
137531
668874
870695
879471
806558
254543
471291
42186
188264
121671
410803
89856
177924
429440
892270
452833
555698
792987
689981
894144
471594
218481
111804
283811
47466
671088
836876
7253
306909
14083
741678
418486
813546
606512
3325
555218
216214
727675
277704
320270
390583
125320
404044
737182
87959
671230
520714
228244
299329
518855
564874
290228
755819
188595
478027
365475
73215
85148
411237
442589
32968
851684
600061
873989
42454
27578
285317
368311
667821
93660
834958
346905
329136
408694
164778
844337
386214
571113
541218
641744
762407
561607
664913
447468
779397
575163
80636
571595
823929
762277
551950
790907
60392
586435
41939
307102
227378
899243
21937
126595
283288
778997
130335
729328
457863
832149
448547
778043
26245
63205
637163
543928
594103
548994
242375
59757
677996
832781
526369
237185
868714
484114
777979
40850
171539
229605
349060
373350
851219
748360
641942
559834
839849
161449
172687
68406
132208
561608
94057
735009
508489
885399
596024
25809
295846
741210
260896
536122
181429
332109
476177
235432
816135
522117
166976
767656
895996
756110
559587
25248
389261
483540
57256
683903
445686
377790
376626
20719
606
426100
46194
50887
170596
51681
77246
893693
383336
447379
344368
834393
882995
3583
404926
754436
303811
234594
427217
398495
92407
376131
534724
352272
499764
610676
531195
135607
782162
530135
140445
274464
838662
558908
19568
584497
872620
74856
336656
431714
350288
479346
196491
834508
82841
558184
156572
740442
399731
687438
113698
651036
616184
258854
299964
61147
519899
240331
222851
721831
425584
299991
174052
581003
543931
564165
360792
866306
537107
546897
645474
451683
841139
413531
825253
231672
379869
532106
574975
53165
573451
200141
646566
776355
107380
57724
286430
852740
392503
59646
223668
255664
266406
611844
22521
318486
109874
765170
318590
538527
365807
22526
14921
861413
472645
790097
756306
150913
331986
851882
128284
189505
577119
484706
291955
497080
780797
653226
463198
448079
827099
792336
837473
823225
407944
718913
556019
360165
707583
263688
361686
457580
611284
378676
146232
189546
782681
873016
485861
699722
466797
745420
359911
248282
78146
440657
28795
313406
372745
129874
537009
114752
379164
243334
250816
253797
831720
207634
206275
172890
348565
79082
4532
90061
476084
757048
290052
261560
427940
92725
751412
27641
113472
822549
618611
232541
521832
61184
643444
537050
369899
738042
675658
177020
710830
295043
132291
887959
722204
522426
418495
589499
304361
317
580812
554726
632228
617132
678400
397683
690585
553452
229393
836496
732225
766887
695028
660173
392807
179024
10288
162256
396695
89988
431486
755238
837124
306476
854880
899988
510998
127423
182523
95019
307215
434149
92082
688794
470137
723286
649664
596573
735694
372192
299730
83124
797667
597224
355582
742926
324657
37959
500164
346500
801185
540726
657728
94658
788244
547653
445385
449056
445836
302948
30378
701231
242171
646053
287834
580398
82342
725912
866297
59164
494005
96822
719081
700040
465305
391162
817414
93861
708379
456873
709348
360953
483069
668498
172133
552468
871823
785937
444307
786590
79025
580845
596704
302345
751040
153953
651511
72518
11231
307512
519870
659891
160866
143281
162859
439410
408282
794626
400544
866709
463480
466585
832708
536181
785600
209278
164384
725153
555020
242228
738098
276084
329753
481854
578289
437279
447922
409022
221727
400358
164280
41081
365316
880103
287786
575414
841356
704148
851703
109989
408511
90978
760733
375740
39192
692058
464252
5341
85381
152332
524573
46259
254682
699876
18681
39003
56498
847509
859175
796576
866596
402097
511557
15262
93470
570618
624769
820232
68288
602323
30053
437349
100695
208144
740286
89333
207828
330221
235623
358802
778441
626330
54103
216466
47711
765811
690851
8584
351479
210701
878705
762410
393275
677548
365178
684429
549152
823634
769723
29612
721691
335859
356665
327144
658525
867108
379534
192777
220780
128977
119444
699235
75999
278221
898445
667892
460437
613444
510893
699849
824819
17101
894884
468032
379800
352891
591980
521993
100127
377555
70539
539045
537105
549015
118149
253201
147140
88033
525538
737660
511251
31564
311767
272595
807419
385963
844276
511965
678320
405661
213833
743234
628442
556280
785622
244296
472943
13442
891789
314997
873614
296575
150598
292952
145941
776581
729951
395235
67168
670987
742606
156561
637631
855104
733029
60581
284882
877239
506016
671731
293956
836192
660909
191767
101953
632178
532217
39331
292020
6021
8915
76407
625442
348604
534111
883401
180733
800895
731322
378276
703846
187431
206181
501580
896130
525618
590928
823199
69560
36150
259780
666935
78980
255250
352876
546541
669051
817440
185025
344759
603
743943
9233
651506
107566
392525
200556
620795
319900
877770
463434
886934
866249
449207
115676
359090
141426
384677
887374
635268
250463
255563
689909
367408
750054
512951
728187
764422
594972
472517
500740
603624
782296
181613
388603
474698
588358
747447
633278
434322
521413
434762
248548
183775
656574
329570
551719
53606
282273
303871
620113
831672
399805
475066
206247
499935
376412
484371
722444
738887
795833
104069
545940
562009
384415
157147
201606
600291
85727
120348
333676
873555
595981
723874
21498
789954
445880
694409
883161
429773
330404
521858
763023
897503
277510
566471
359533
170603
163259
781577
327189
699572
690757
586245
221317
735087
600324
506485
781348
172992
703948
699362
813192
554274
714408
713911
311298
102659
849068
199986
38631
674411
11823
891123
559323
114109
410349
672215
625660
695349
127671
396350
609960
781170
191445
772200
170412
249549
485082
161886
236203
884967
199682
821805
263463
838146
609195
433485
91407
321990
518892
102751
411492
831139
780438
192598
24265
100982
222118
854829
637096
691268
135876
280822
300987
361987
232636
403090
392669
686008
44343
87324
468430
638011
51700
626079
544540
193111
108424
608392
82005
116526
108399
102967
725574
320474
508557
163759
578990
131789
287494
450253
652356
761658
294678
324213
541153
124684
272719
172711
322764
746836
854669
681905
465953
314304
376151
825502
178300
334791
896596
813164
702696
365633
54278
814875
821727
41811
565256
427297
842908
378952
735040
452347
54405
509115
675329
400190
796590
350194
153473
371372
83436
189380
893585
454786
690872
464858
712830
2477
261819
499539
293282
467932
77212
473154
406632
556209
785027
440627
438907
749618
59145
46827
194025
97468
470750
307788
622361
63159
799959
301111
813606
389188
317170
151916
597271
533522
733575
390189
424285
722704
571469
631234
73192
233117
21253
657845
150726
229660
312935
728637
645689
416260
425672
669912
372148
163891
455173
70960
596754
829634
711182
472865
26835
545779
846098
646865
29875
711207
883714
638685
780393
251500
801445
234293
20409
849427
235160
864254
458806
723680
587615
850934
382264
520795
545037
114132
42485
73188
776684
726860
820416
641251
335689
848818
242811
363037
590623
810263
582361
176099
566782
299087
606709
595812
93015
740435
76872
241090
626888
668577
862827
388898
507455
838785
31722
670653
379788
94083
395937
388212
684583
491684
634870
749344
78459
892336
23666
315239
167214
754977
128253
265579
279310
76069
671125
408092
881849
423421
223147
15342
107112
870370
528314
333861
173690
794947
799237
888172
90009
60649
221131
431270
846155
465307
666921
177372
892056
608189
494093
754932
763154
110995
179987
349762
891557
159940
379582
103289
487005
843898
686132
94330
898287
113829
214550
230989
850693
295455
13563
166957
182217
502698
462408
462430
482476
42454
372046
323162
456692
640927
890816
883464
521280
220402
34863
574030
797881
28496
195619
621341
350712
545996
46361
337611
399470
227630
650356
38079
648659
725818
260129
183204
418350
153738
425387
65440
487550
662904
750167
508191
556163
575288
376541
695400
303564
403074
117828
33105
334590
493933
303577
249966
68861
263895
390476
300837
432410
776097
799975
601085
430905
231799
198219
533397
454366
79950
827912
424593
682036
109861
324697
695598
304057
124526
214939
120407
330090
409766
684936
716624
194534
816512
893747
78480
323233
696512
526818
752332
506920
465410
142659
586925
210859
541083
89613
110628
75404
438584
760212
25556
433955
714659
877608
240781
378411
488068
550347
720793
398765
147811
389037
606383
578374
261387
9414
395557
588088
761322
515375
207619
471274
759254
340477
397555
520829
895754
815099
54452
638540
517741
463395
65389
761150
9619
713176
210718
410412
162493
291907
2867
693001
6780
671560
477778
57043
205843
363013
548851
87541
514426
728135
505487
347318
798559
139944
614065
256002
757543
553
657610
83186
781106
362439
586529
255450
436316
294109
19526
579664
654559
873494
800295
559444
527830
451118
334684
5472
56989
317956
317725
245549
300692
169086
767412
697759
683522
859993
389357
139279
674838
112650
829930
347187
575817
203062
250770
882923
120223
157291
332745
130795
33069
183481
273179
386240
287476
154545
883122
145633
836203
286744
331496
717492
886491
897575
167702
867481
623235
446467
270826
546871
704220
16980
602743
83265
147191
10372
273703
593253
733475
150965
853259
96625
631850
584767
111827
133122
325051
461126
38360
162730
606754
12980
46071
32605
638867
891192
619705
751384
33127
582138
220685
267311
510109
871193
288599
115762
347393
482212
780897
137915
589418
453425
775951
891734
489692
593949
438001
667693
651886
489249
770802
614351
770055
386029
457294
303549
803650
861059
503552
121777
600016
710419
600888
525003
220828
147855
650668
665017
120137
306186
257254
695586
659864
878546
25883
114479
761510
192262
678171
749750
353234
763542
401668
661829
19548
54038
732433
641160
231881
8542
113744
16886
525795
49185
637457
351646
95486
474088
523675
826506
428405
111371
687289
259181
575090
811883
465201
17518
529996
719566
752468
3569
173803
308088
237457
243614
314183
440675
80261
391057
486958
585307
11789
119741
775205
185593
351292
340445
278086
468217
550183
784921
139943
560058
468446
860945
577339
217265
579797
786793
74034
714570
68353
509297
261436
718237
819614
54512
509514
140105
843052
891789
65493
725616
716923
500057
367640
26414
366491
846300
282584
246038
246390
652186
741317
523243
151833
159170
426264
143128
473069
725491
370300
717966
660804
296779
792521
109432
516751
419758
542987
499323
670573
101999
819009
665615
869181
728254
805762
663956
370708
887022
448826
269363
52458
136642
393393
447091
686799
15795
155981
197461
235643
142688
649742
43820
140995
5651
475671
30172
579240
5772
540365
96974
837993
252909
120183
687693
561368
421664
531781
462912
183818
490536
723757
149732
479656
88995
646193
654085
511171
733753
651357
169658
291397
446981
223724
211994
722306
420828
386186
180926
350828
374814
345523
158581
778502
898744
713562
648062
296208
260980
738791
230085
713218
457566
637432
296285
89204
861203
46120
733270
612633
816008
759564
126652
17548
832212
814106
746924
122115
135900
676901
68243
531936
894553
355043
500964
556071
512615
743535
731286
110505
420652
456938
321400
652030
525027
16861
65970
488050
825765
171737
332473
650230
6356
688159
386766
308343
613475
783804
821077
591884
375556
338060
395629
577961
809775
390624
531312
289392
580332
503258
438984
875431
389662
545588
233676
411108
388300
727360
557910
570821
58893
341802
390563
514301
799088
536538
115014
331049
891685
440470
568553
388416
66058
633572
338689
234792
397942
378189
173548
566918
554140
57053
270890
531117
455293
580455
829909
746776
546221
506470
246591
562354
500448
670078
37095
732082
861232
781216
483543
89061
733838
475244
39580
673411
828258
786289
877155
776644
390657
613872
783949
43883
788043
334719
405487
493600
391741
441065
69448
836828
437657
217810
639071
873693
708560
741465
315641
358906
311082
447318
551636
546512
614546
570850
441508
421498
251360
772374
809287
146495
478980
654924
112294
581382
602220
352130
774890
401732
564562
380605
120729
303222
713381
621417
521964
691370
778451
187742
141806
433303
642000
311871
578163
476334
791493
813949
257170
707496
593015
864696
204929
231550
648179
393733
313899
567416
310804
332682
357553
399965
387120
794214
193370
33961
788837
278479
734328
463805
454043
348147
68569
334063
630
464384
837222
518882
474875
493183
347868
749329
507324
352602
726468
610501
549154
111487
545553
363655
325910
724220
377782
426510
762060
386026
856609
233433
93836
701479
544792
688281
518238
629563
149839
266598
77682
764636
813410
447666
596169
434189
82773
399354
399171
210721
621158
333912
548358
78461
477739
434166
414343
167740
841326
590205
442073
522060
524258
871947
672335
895349
870944
242211
430703
220730
649699
20446
604054
74104
555004
212928
672770
187595
87538
607686
790111
276848
81337
492763
814385
368549
405230
381609
8539
392397
663309
834508
604618
574320
244240
598306
146434
274846
755780
369695
773250
304180
513385
5149
624950
100951
419334
157745
821017
470334
770278
15705
161541
713452
292371
105649
283065
220410
510445
585540
239365
496884
363047
141152
833365
474650
320063
584290
159384
852806
749944
175889
811916
340429
65718
671718
481223
735006
694325
197513
816036
710888
664869
90743
125769
9081
499430
706719
210161
710976
388701
311692
890459
208052
502160
735388
278989
539661
820516
615824
890374
242992
785616
142076
699327
229769
842333
465310
815869
749137
846813
286411
30775
195022
535268
238117
656126
632569
43752
525225
717037
695707
362705
788772
205230
124017
805916
151014
43047
405423
472242
765103
124415
50177
141728
852325
426481
250092
795538
12552
424236
854131
677841
663612
574692
719221
348087
805286
530521
259859
385035
25554
542177
708367
673405
212849
100949
134513
427871
227808
359445
67811
89597
625763
97785
52796
462459
888016
149397
488666
132970
256424
443847
587272
57575
539297
260704
475423
206192
416190
183085
219017
895204
93600
669314
545792
743734
711701
400898
245845
781388
201455
129805
263437
871034
549136
898566
194854
505431
335841
530591
646167
165465
609442
20643
338069
296114
558523
220832
410770
848678
277585
601968
260703
750887
449013
277762
793939
253295
224182
440906
295684
598105
362359
423713
810961
200061
172475
638970
886754
223046
94492
855427
673031
502194
870746
302260
158622
115941
837617
235639
18640
764682
764612
867923
459418
351976
269206
734775
173514
851356
839543
661248
523391
502329
837755
767463
721907
627192
266502
306666
211605
759069
96708
532469
857934
807849
461493
369357
843846
774742
496645
424953
288351
471698
833082
193773
343966
69722
524775
611988
510538
597138
231645
354681
464781
712383
226368
632274
855511
825666
660472
863978
260578
843761
780958
797642
383185
656147
775094
363171
561745
453367
195229
90746
753441
373137
574519
531696
889518
719027
573835
125645
891895
172996
242443
234441
335120
659776
156363
556278
12257
460844
399122
378926
306446
71540
109294
89812
732242
659843
178466
234761
304484
367133
135515
619406
245788
2396
863328
850577
640783
647686
255207
451862
429461
841255
738341
7427
171148
882480
130429
469768
687797
366092
213626
273321
6173
377211
385784
828297
196854
733549
626236
123189
891395
269308
64707
199690
684787
873222
766840
666723
662180
347942
636735
849315
527465
506638
150415
851004
206630
221571
743229
270554
145432
432341
24435
364336
305201
476474
888415
527196
770913
31174
813384
771736
756305
381704
61115
71136
5065
251172
461955
708156
835474
566761
362455
138729
856533
673294
856686
696872
763521
441038
618669
868002
252748
820476
705281
343254
660113
308773
552520
799073
492984
567105
20714
340361
586803
168405
639877
369926
217380
753385
114662
566861
169948
758529
742323
175323
63678
38234
779077
614778
656546
750946
3187
528115
585878
489300
731913
31344
724607
789711
31191
340748
540957
477427
449702
5242
269836
398231
189382
870607
609927
280137
17091
684621
139911
16355
686070
492524
25449
150438
538776
172487
744205
737430
380753
352705
63322
511730
524686
820082
572095
818638
809104
177618
495509
466767
784769
72800
765345
772354
894658
94447
766485
558361
36512
510446
271222
480387
232454
673234
500536
469895
111819
462883
298853
396029
7403
412448
265629
771977
608596
341327
483510
479445
260631
173733
402853
376937
175742
46222
839061
4170
458749
360826
823092
788012
656449
7941
104206
393909
871685
108705
611088
741360
808483
272737
470382
304555
453031
493892
582753
69197
99871
419964
67944
261943
777711
265819
6287
757558
500578
6457
543469
715266
76474
174437
825191
796631
211496
599685
354642
898093
795959
335915
372534
71830
185603
400374
883438
133907
146343
18594
216459
569427
562836
491085
652280
176458
191069
330343
862585
711305
295439
796661
19564
834592
508063
153634
692498
431341
97915
147075
551143
861951
212354
577029
450220
686252
717295
235126
648358
480171
706960
859852
508512
762094
356854
615990
683531
456288
112133
107229
290693
553719
485163
519222
797719
111830
403278
145543
582457
108098
379805
867187
139792
699999
496392
859236
268344
454246
347660
351092
354716
501957
802694
498872
874850
132115
653545
260842
803940
353390
466411
874865
825401
767763
128249
572719
723122
584921
76363
798663
459520
632971
1875
632264
545042
190528
828110
220315
227452
246009
485533
293509
211284
197270
806541
92985
214614
38453
247858
561565
118664
154632
351347
714455
34135
854706
111294
132277
276544
812734
582428
256822
899499
664315
416031
408119
567057
216184
285144
25405
872350
875576
548518
599548
884945
432786
546153
350595
757857
4488
219284
531269
838106
558562
449152
672836
422373
528807
729021
86203
552389
576343
857219
41448
232446
145095
230919
893396
417072
221497
349130
422337
621409
138680
781771
660783
569688
98189
505853
471018
559173
218625
86931
437556
512831
689104
713175
285706
120421
744806
893626
417910
868550
663705
14949
257073
686013
810690
140687
228562
240147
409081
854663
422616
660744
639852
458769
401840
740076
494683
99118
254563
424360
744820
883923
440606
492186
837062
214908
713791
456925
581796
146073
409530
633543
857528
54790
468805
318284
883200
194937
789414
159583
803722
202517
873815
550745
363176
840475
18963
831026
234096
899264
526560
884876
392403
689177
750201
259152
887608
240626
755766
613744
363668
265887
558106
741675
270056
58122
850201
83791
424886
231563
284900
523192
869601
611638
153843
599351
897697
585677
834765
554894
52032
871414
619063
125463
499604
113096
643511
872548
524633
3391
892355
20386
134058
348303
197131
727383
548348
714581
190528
623594
229048
499816
772159
342305
431890
555534
542142
76613
310250
148652
194642
542979
119039
93494
48251
253900
570699
93476
885484
752763
624863
586437
521659
576982
182331
145325
577825
700430
562954
653322
619598
103009
633560
695316
92236
643327
649585
2851
614670
332489
534584
448123
748566
158933
129344
784162
829376
876750
165227
290610
175406
156601
108700
769225
776592
333170
397019
76029
326831
3796
581540
737678
442935
442584
24684
419892
239359
66741
390834
209623
577430
574150
411678
288958
589004
187529
238553
465055
842138
786435
406248
361780
332527
130241
280838
101231
51800
13753
897340
249828
361770
485135
856736
479493
727215
29427
463528
187947
536427
611368
297865
764784
194858
724512
379056
236921
557865
791554
697148
464560
748061
748622
271479
202257
4099
84023
796783
807450
94437
183919
110421
93573
263078
776448
153648
386034
163338
285302
800895
404829
691237
373243
434282
752751
154879
644058
493059
200881
195104
115141
429183
774139
325598
439314
289003
596490
147072
561696
817260
343536
869837
377592
614007
571493
543958
587342
789706
508347
330717
869798
33029
326319
609857
866227
787368
140347
779751
719418
451051
246057
36230
169686
145140
660642
6287
396725
366808
721349
501367
549728
621233
448051
527523
628855
851928
896390
521903
4603
344992
589474
119067
54725
411151
808356
441682
18995
605593
677015
406296
825923
397530
200261
504303
515256
361616
282122
95942
320954
841363
726853
533055
379194
159634
377064
572923
88530
35179
450030
853733
56299
872327
830476
655192
833592
677424
885056
730701
821056
591119
886662
677317
677049
528294
42122
348943
61072
458951
126935
780534
210469
610959
248814
870986
485970
831235
837746
106730
807340
133989
407360
143275
500451
592307
7261
370920
435012
85532
438855
265734
161501
558336
723757
471585
766080
180387
547706
30777
141345
411085
389037
633459
275322
120801
302756
213325
845262
33816
37015
271842
85993
84441
773697
210678
741734
304440
170616
137663
787531
82280
215294
253232
349487
616574
802800
345027
174524
701860
470075
571137
828431
435126
615631
407505
819869
218396
691500
827548
848079
72069
743641
364185
46573
773500
558451
432474
191001
801482
346114
529553
43122
573799
562632
287168
262042
100606
93938
739388
874641
774621
675345
776125
655936
633270
609250
577253
189649
691509
208489
603978
855835
338909
569181
320290
350716
669409
310876
428810
622016
97980
520991
487795
511838
885486
550697
96201
89953
192628
708313
507777
798723
351683
164510
96991
609941
167008
785834
419009
851292
809119
160447
233612
222038
420822
776839
519697
771803
597788
26944
821435
416286
896612
10771
777111
291601
57488
629029
833216
676392
775668
14951
238503
351542
543721
182600
346652
248437
860170
418059
721051
371169
66958
829171
559605
150595
792962
590906
94938
434060
481346
883649
387904
474295
685076
314754
659763
178353
682978
284385
127673
839156
643890
814689
77537
724143
292995
548179
850631
621569
266950
503848
516934
92484
644855
791016
485755
50151
289238
154268
258225
669204
621510
544453
370191
382128
505378
782063
847194
300256
716567
766464
263976
400105
629858
829291
736706
267152
572678
470177
657909
387392
283242
501895
630870
845705
125261
206338
589455
525030
162151
351887
150187
123639
698397
894031
428569
760845
749888
419391
820192
834148
190915
133126
369824
716458
503159
163944
278496
247198
411910
250488
717018
612084
743080
194250
31711
157429
219812
499334
760840
364098
166663
64120
425434
368729
676218
491332
786389
602065
684515
525654
606553
147936
68891
563832
368950
768348
502343
768606
824943
164733
111669
126715
512041
463777
123797
146742
464406
708938
858961
262550
428152
564354
82891
687898
323700
727038
661618
37478
332693
806433
278527
366456
861850
437815
158642
856089
372765
731874
592933
305423
724897
654961
451785
880558
63863
209100
116165
431054
855469
242253
305992
27896
427540
887016
566599
385851
28748
567051
281911
578331
601262
573696
47017
477353
542293
827919
676797
226605
554634
208416
634852
849599
225259
115583
841590
371894
409560
336024
808908
162872
497818
250466
748572
100688
91791
581048
83791
123421
531094
64802
720032
70951
642099
477426
81779
221388
897056
832075
823631
377209
879409
590396
514297
694452
238946
68585
474287
838486
279743
214026
869022
681558
109616
615565
385761
792896
232542
73783
360534
230149
825670
835880
200190
768364
198266
211485
778481
211910
501742
174222
544732
300063
750182
848695
368664
424497
614937
146964
161448
735858
652161
729606
267279
482381
621538
263250
537835
784846
608725
341545
47698
83543
398833
346914
230247
735536
764468
133699
554137
120475
211315
891070
666265
462117
708412
554648
337558
360025
170468
202917
871222
62926
521490
389935
337907
572033
319815
132534
255343
104349
839432
503985
249974
351702
599369
701202
313039
516342
196280
34120
473438
784623
388771
58814
502265
481679
618567
445697
363461
67825
76247
120830
561132
358607
796325
591178
628733
509397
872400
860443
781793
397810
701130
760051
591829
573000
582500
320190
694281
231746
668408
549553
3763
549797
435027
751154
470129
365983
491677
221846
63770
628924
171110
451749
127
184184
794127
149274
389283
138799
890802
834342
382867
189839
854831
198613
807492
780047
321525
878952
652393
547225
303721
86305
475278
327490
745493
57854
608948
55355
222320
18492
703432
119648
513350
354524
899682
178542
247012
480931
429207
590257
656802
241116
347516
182010
572077
285304
338936
826128
641520
674006
200996
267614
496606
689213
171585
124010
751519
714469
506038
601318
101013
428278
624485
618879
341353
523849
454281
313619
289143
298026
551151
570336
139539
334911
686381
672823
809110
22146
674243
406863
420681
545130
137101
39573
443564
251592
139938
330753
288516
859917
379148
11045
574623
233929
39716
412286
9285
808622
670825
757325
704029
450323
452061
123775
141017
16213
220348
36936
679871
152567
273850
531503
399252
311274
603864
526755
84487
138759
584835
805227
63416
623449
448617
478586
543811
853625
852408
569921
311949
117201
607413
336671
589898
667137
531638
83828
164680
731360
766429
270899
575291
337306
126481
476885
619622
811416
344314
161771
632931
701534
48473
129931
717999
339469
879682
235275
830517
899241
121975
6316
535637
96628
888482
575662
246609
43545
873006
307841
81588
750693
162819
369211
166943
310320
303644
21830
559537
226810
789766
389105
268019
188848
685272
176454
91549
438925
851210
848540
29640
230781
322963
163011
365457
215101
674595
280572
368071
663902
675801
256267
801425
865257
609538
764997
273343
369084
863951
31491
661899
822643
437329
230105
15339
597505
79860
382016
361143
188669
727285
792719
30769
5434
566305
559113
16758
51119
545068
701871
237951
549781
779723
387734
641108
613071
762702
499123
92366
799619
139646
389459
424967
740262
863982
242696
875009
322935
273601
449469
864911
389153
655224
701002
825988
459300
448534
176867
726806
269517
598770
280011
514542
628866
758744
79302
849168
356666
46269
74059
514561
50377
136476
759672
840089
206937
895154
135873
633063
214387
216338
441504
404827
1853
529958
540304
383956
545374
477700
451733
332199
589725
155176
11250
518920
462856
5779
297374
193144
692080
50112
134289
18924
171665
1311
452696
104309
330767
609872
295272
358385
94651
695869
131023
763278
522454
423220
765381
615734
75277
245504
597474
110300
20770
104419
635722
510369
629035
567890
846627
753698
90867
145581
515111
898626
558655
621337
348853
482384
113131
616764
312577
766613
520691
123445
413004
150108
579982
726261
481422
868510
598996
627070
166576
888169
723104
55702
294582
703468
809904
492071
382169
81730
338985
87383
434355
387448
90744
54528
262195
658140
111699
533931
860593
631205
806910
515245
456188
714393
416298
790078
67630
378367
604728
672209
433089
850114
71771
373077
691162
83134
622010
454280
250660
276682
245173
182003
36120
697922
823551
426278
77688
71727
888266
357904
855803
632565
91233
813530
118146
168442
191534
815649
641993
305678
591324
364591
872442
361787
662742
873109
723099
81450
150958
564455
796551
98927
893371
111636
544730
862067
695513
424608
160038
111612
174452
849056
813763
254331
629215
236465
361796
594769
320830
170613
639876
372927
75301
417675
783806
707369
735063
391658
398332
768805
441968
889369
179048
383206
566526
704526
852478
514656
219818
643298
825058
506935
38581
693518
46702
432169
296381
667620
206372
47060
535135
859723
264610
505285
388694
822200
593075
381662
338049
232678
362337
588579
849443
84179
137833
586146
230788
48246
168519
130012
325525
676416
309712
360148
170417
28718
766527
149747
420478
655912
428903
35990
491539
619866
351911
191861
395124
615980
596507
491504
514296
51551
785327
326264
821964
525447
602222
387671
72848
378304
52505
621469
265791
40654
155636
847304
832492
347317
64634
272751
289255
8049
765552
372555
740383
168851
775479
45922
613058
319705
201339
846674
311392
885833
862569
367415
764526
585578
683677
339065
799558
246174
474777
421397
7979
518240
529713
440389
363882
864758
831715
179119
353564
658707
430757
100039
9192
580652
529943
771330
822693
278708
676247
325528
58493
871479
813043
75573
470798
43311
295384
385052
323402
246310
493994
294968
660062
293065
719757
64609
236111
245094
152479
392743
604096
511202
570824
748894
525136
477944
305930
811591
456273
613235
132022
420659
324733
516369
379141
463439
484684
202373
781588
442944
784204
663216
67195
693371
474687
534538
694063
455839
796088
574961
147980
463575
277905
617086
527429
821629
303916
128020
70533
887545
47365
466674
276513
287238
473008
437384
254332
255381
505460
667878
385782
243724
110979
635183
865458
603526
715541
829868
815075
258046
818816
320157
790322
801638
5622
173515
22831
852625
509499
448345
431953
342449
176610
222009
831595
819770
353315
570747
622734
837414
407802
497535
61653
226834
411615
463340
760849
165829
665086
40921
580753
511408
142899
819080
26125
830577
668004
371187
387055
787282
854458
855902
587359
118318
785884
386892
744426
484884
126986
605902
261294
717540
