9191
973201
119017
135991
983250
520677
253339
4434
861782
4654
20708
337955
109262
5084
167586
738771
80660
994221
665359
712104
471083
209620
800895
70902
219268
549301
328438
90869
312877
41037
900899
762734
32535
318895
695101
305680
929474
984297
636409
50271
328775
847045
658341
871244
751170
183211
992548
718815
952602
258084
510407
892752
316654
436601
401540
185910
387357
962554
884565
314327
315186
427418
159599
374046
208299
303224
405853
301354
628836
33337
311481
821059
196517
538576
554759
743847
301956
386335
526574
331779
24184
244343
643668
105917
814396
675900
331541
227310
438492
658084
858079
10861
58016
207390
406828
557510
776914
330767
60765
465546
663148
233271
74672
697088
682979
519346
190942
591673
109770
635675
242836
697793
692901
788683
161163
725041
331915
289343
708102
819746
459318
869783
435688
271484
815403
61883
432431
860524
232064
259288
371729
737012
881871
85704
969585
299740
371190
426704
75902
218886
672839
95747
24489
853663
188051
122307
311360
465778
655822
864743
545260
167638
526879
194616
365123
585096
896775
475734
425867
194387
46507
592184
114764
958763
154879
695761
684177
942106
971281
877965
22075
272978
919088
433786
237377
111201
340919
803012
297735
380354
893305
83609
304922
204623
938314
40811
705286
777364
905832
34963
840788
240000
871173
649043
626788
543285
18354
537204
916898
592574
227817
437774
933032
719392
752375
228710
629168
363977
4548
429873
483508
956133
203136
884535
484324
839440
456748
811475
796099
678566
169667
899223
506015
221941
574915
358028
666667
243668
217243
638871
846395
60493
263282
937078
714523
366965
541777
687786
313099
313245
178159
465135
896987
184097
647000
75431
981727
745757
766137
16405
869776
589248
981834
132740
593919
309112
441560
444616
258486
765581
108142
385180
570477
440074
288863
845930
730534
62101
713971
478250
381926
478752
133996
839714
295696
345976
1076
306827
367711
568571
425956
635668
947199
572967
852147
53824
351561
416461
207609
856618
350042
354340
475103
705257
452430
129209
914918
63310
931742
64580
354064
382986
351764
128727
994094
18733
825446
836719
73479
428617
934711
968877
485794
476789
343014
965086
86769
50413
107472
51510
937114
36503
871785
796
140450
6944
51058
655583
410488
793477
881815
59398
73052
907630
203433
609220
629610
981492
107379
574794
498311
240579
266619
437751
181543
267355
102999
159595
473144
94064
172008
78329
90030
397298
807224
393402
570284
237799
958060
528638
366284
708531
619622
317534
138443
973370
992057
461805
559124
145116
887241
513229
199079
659039
4863
366941
742438
708523
304871
259152
295228
785390
431590
140761
525866
776608
951195
38146
791344
952608
251856
447901
953876
426429
837533
558161
485969
914002
864857
555094
169503
653577
759806
738491
34395
728256
650904
117796
246996
263944
389482
905042
355441
418057
836510
937691
53634
897988
810406
641016
171745
893425
244275
118909
6597
46279
444689
345315
994467
460570
581789
873793
452096
708510
742948
251866
341976
564297
16154
634127
655204
458647
518964
904949
843276
803175
680738
543105
47913
973955
675500
207392
192949
994365
941800
680228
729362
64500
380949
316824
190899
259190
248152
452404
28779
618239
672144
77036
632208
110944
290072
86114
889612
364283
219992
720509
792384
883307
546376
225361
611220
283648
769987
822205
954783
644199
832388
483348
746544
962729
299455
431347
87735
696586
229918
417394
726035
437649
764758
860854
598265
409832
755686
254370
59965
143385
152108
621869
835265
721336
301732
794895
220727
277664
119741
179733
155348
595733
223322
901908
778771
78473
663394
851450
32226
324218
830084
108607
955245
6136
455690
120443
341190
617220
541529
683410
671342
714580
259267
218378
546435
344372
149577
353021
986693
304710
532080
343210
934790
263786
584510
428389
108718
533048
998801
139119
237096
139178
984221
439968
542893
347479
180800
48896
813419
567706
537348
640694
139345
25873
850224
172632
50490
249922
212683
732705
362547
800023
746350
672320
579499
219018
828357
381901
192182
220252
692386
956502
192318
849214
782461
208600
948742
435091
170060
418250
189852
19149
444347
524946
157979
416180
225673
323355
767706
545093
620479
660542
499381
128311
661388
980509
606517
488601
144130
903439
90847
172438
945383
980981
921814
59931
76089
708651
515693
613519
221186
41051
261133
26305
440147
367467
923647
101280
201504
893526
940888
519139
296504
192472
953982
306697
832607
441923
322842
85434
285257
947759
599388
405581
690677
907214
925029
478819
296100
358942
427734
156400
646517
976375
787187
962970
880159
848132
662771
362489
597066
270862
234342
430783
148874
936116
204803
447601
980537
211831
568717
762451
345711
242610
998050
854307
698657
277991
643296
492411
454483
471796
215924
931609
520507
32804
422016
705532
679092
986145
629992
565413
684955
160968
146810
827005
863434
416021
972408
114325
769007
731261
66627
191687
54728
662811
212133
687804
744445
205826
545658
243911
808409
617457
168700
366383
649510
212068
598762
850571
343333
698311
279189
659397
122151
476357
12871
331328
779787
839999
635280
814806
627477
745113
437934
204922
462502
440878
531544
617597
316702
537827
674087
149356
707147
260505
159394
3286
423948
933308
953316
741035
68998
162873
970476
441663
326338
114508
301953
741550
304610
942967
777152
473498
261246
69902
825219
393680
340448
988719
639152
749705
453208
427664
389915
332492
134588
279281
763609
708977
811007
132592
191842
977408
360044
985467
850018
720375
300864
791903
505820
917098
858786
231871
149819
492357
336640
591329
665911
999725
808903
6819
846368
395973
667070
703627
128715
596301
369088
790012
539094
120996
229716
175747
111320
122990
522731
170641
716778
791440
388533
963332
290957
557592
361824
857182
734775
789946
788654
397014
38909
550453
581297
688141
572126
782613
868902
872729
160169
796881
920684
50174
882892
198292
599263
581051
351419
606745
483925
928192
709241
814255
121205
633661
304838
221980
831855
820053
867493
527774
721819
269873
744265
719372
246450
562353
480028
397788
543139
208318
36267
41406
36563
470331
632752
9764
236980
718746
528317
624037
453056
252363
233795
599287
318355
418382
247101
206170
522915
871465
780668
167572
580701
669494
406799
447831
454748
729108
924302
621950
822216
604542
11780
131830
516617
221560
343926
593850
994983
156901
518100
365750
489664
884918
942011
32973
830501
914877
496485
824758
14289
714335
373614
346625
815494
237672
280067
939000
593414
502713
86633
95328
749483
448924
604007
152799
515491
16760
597650
88823
181068
16800
442227
212592
430952
920261
335126
692436
146045
740684
584434
387732
517004
864891
818864
469576
882667
726540
139674
233236
561857
994916
774625
335462
636190
294493
673867
756251
752821
520255
181239
999553
685559
105486
129614
126967
175884
507005
417416
515761
930416
13312
740824
97624
99688
882431
845877
150990
642592
803686
876934
237455
872611
690841
107370
412019
443702
99077
64481
622928
677265
316818
201754
604156
55931
861621
600921
755312
812929
28065
42180
14920
690258
947997
286347
739750
517114
192945
25459
537911
157625
574202
600125
401293
852352
348573
215479
682348
259783
584280
859230
235040
489678
541684
554926
46155
64814
660247
447689
564477
202458
344501
208512
707771
624632
413351
933504
711138
121622
862868
18715
188838
468938
267147
50546
651059
364715
990003
828221
453492
930917
874202
680951
276785
250877
684457
393064
115603
356578
512633
331792
688579
722924
779518
181485
92721
215732
572257
646826
326193
795470
933996
22948
28927
577575
638943
362649
683043
404280
149919
38639
508719
141540
639374
61535
117094
652340
374134
431868
682999
587308
575966
994212
326246
700618
290111
915970
809740
104730
447952
411708
559157
384313
577726
51264
377959
567780
122936
335206
416514
728700
216358
243202
854851
296472
69497
336330
279970
35015
501533
739870
338524
577953
894604
704248
946443
839688
640508
918321
696880
445504
673464
849900
932499
766056
39373
925476
923714
450901
179546
981134
740661
74570
61899
390250
301394
170389
769631
223404
349899
554696
224740
817729
618661
58963
212805
185344
913876
852091
828666
862638
778434
772409
166237
423470
972911
2609
754653
233539
382579
406285
941643
941187
101086
247926
315282
370267
449792
974959
66948
313145
184964
948366
795599
774618
470839
748247
888206
726640
406631
185910
122107
612206
50470
829593
306243
420020
296878
349032
288946
254994
556510
37090
347917
856187
700387
216725
793151
682248
390578
291129
757291
791781
826673
643306
850976
212700
919925
249537
876779
58556
949606
273742
804677
609957
99903
750835
784557
75443
551282
123551
932369
628933
44520
957670
800422
570409
152742
208762
670231
340006
196171
641097
164185
591589
168438
885426
525085
692348
260164
153252
818527
414104
560311
141078
303708
543303
651762
397149
308256
994272
761568
755117
666685
244687
932277
199662
826456
777153
170828
426042
744221
923752
409008
670705
186706
709611
189943
144954
928457
487214
612487
408726
645615
550457
961404
305826
479042
959751
433634
881385
943072
544046
502237
789923
722618
38565
70824
211279
519335
881015
288506
953896
504533
2435
136004
906118
241562
469421
982871
606740
997033
887333
490915
95146
3808
694610
634523
554183
423293
91482
386548
832364
475889
194449
729611
591831
574413
464251
398822
962715
147033
498559
550419
999129
844803
21483
491180
604573
579573
565854
473340
486999
224255
726678
636220
202227
934707
612823
293686
654808
907600
212468
709387
427770
251478
830461
698576
838237
492089
352901
272146
291943
670512
561230
270074
355615
866668
790227
128268
597640
947302
471026
902985
336532
828689
491445
440437
973127
436719
153212
134579
883946
724160
171848
929612
970343
127188
10278
476174
938760
981890
446902
837009
356615
135601
56663
754837
35409
39891
271216
121479
875740
884722
976158
777826
719457
190179
750901
122290
355192
999383
166837
666932
456144
321423
878091
513178
363655
836464
99136
924715
53164
915244
806978
541254
130126
170784
437645
66694
774464
388349
1910
518017
165165
73693
323604
870123
878418
656119
587211
9817
202268
205742
712630
675615
151454
237955
122928
180634
163886
535723
896960
928905
679261
898748
507423
42006
298130
358529
87718
782643
573059
966956
367321
624288
501071
936939
925642
589896
742586
394259
733355
57547
879173
922553
411892
895639
626217
796256
225261
344175
367664
727372
272728
510734
258289
430773
557503
800548
937574
65367
487125
823551
241643
946214
955980
94661
636373
902303
608050
794974
471213
870330
971656
954542
519624
754748
184738
234112
305860
340520
498484
989246
488481
300757
580094
221084
833913
233691
143702
622613
210653
890791
919055
700878
465038
504046
283203
655830
250389
204927
375042
683279
856319
921264
44183
950630
71865
277050
136115
640701
248708
341921
701305
389675
754708
563723
661477
902745
310475
954483
163546
271437
972109
313269
7046
831875
159487
710793
532276
568311
927969
485517
411565
378368
646470
485946
791052
338902
226668
177017
209309
721268
886140
342158
632113
234648
981727
875762
731521
730152
150394
8255
112957
673391
97096
569541
563760
919812
707795
803258
375505
985163
650959
442893
959784
793429
311443
480603
996826
140067
387765
273339
734292
352840
119296
764532
772240
491116
794580
722702
718215
587820
834331
175685
519923
614623
402275
312794
434431
239156
225693
517317
67918
269879
896625
700869
851173
672178
826108
749975
334006
377648
720871
249349
965578
558109
743077
818005
654538
325193
459337
327587
548777
823627
113345
506889
26033
932162
385587
406010
651689
18487
673586
129710
137185
276894
313821
245751
658074
711996
666260
614067
14612
169506
663384
843546
711156
348567
841150
563127
117330
595476
934160
833908
893213
308072
540160
495566
432555
941308
297610
461479
905185
761073
810213
205562
91452
787493
973413
659945
337337
125589
987184
137842
506151
279388
963610
853440
885511
474330
828384
391070
898141
52528
78142
57734
787222
737575
374189
297943
263573
161264
776893
613606
616924
695878
115594
538731
10835
97647
680094
377116
944376
154082
497827
480152
119204
517507
311491
949241
571958
495434
693214
631820
629150
44865
243367
648669
294536
858220
732956
516331
424482
277058
169696
972474
102476
133530
784822
248840
91419
506529
472924
151703
937418
469576
452290
318441
979518
248314
818981
849930
172597
792523
723917
804423
590666
349356
893919
819708
499559
515290
535519
478411
279431
563224
930054
343401
886950
854609
142076
38418
301832
891551
540083
131741
101219
659945
984095
901738
388075
551078
288149
858231
969464
448065
467519
734738
415381
220693
993658
747561
121191
976087
790412
852221
20344
831187
802373
110901
688607
566415
92785
770255
894222
536908
904119
244145
897464
988650
812497
826590
729181
585771
198120
208900
224243
485200
205323
962417
517938
852703
133516
247526
326140
594886
191927
534852
709608
485593
437168
355939
877354
326648
512360
524994
413344
310284
554107
470744
565435
785840
487785
343177
86664
579052
996080
808628
852698
140636
595650
15401
57046
640495
329448
700600
679771
849291
479155
746020
745164
587982
952858
268407
378875
486512
738485
11631
207219
380484
668437
502166
649378
114461
492286
286255
22561
531917
688898
691148
441442
266249
480379
359165
8437
919848
76260
451363
976311
136970
103380
395362
999255
963990
283545
596660
341062
666139
869165
589083
886843
414040
62487
478703
661664
584023
814945
183445
449436
580147
58929
994768
453886
346491
178823
827953
319426
376623
39378
581994
43076
911079
690927
170945
314174
899667
538239
523104
664319
700381
713379
26185
803819
181931
498007
331046
238057
439360
381608
406590
763309
978306
925715
655108
327586
324374
10812
730762
788787
998823
2504
467
325942
190534
912471
901509
769781
783212
629729
576829
621211
682330
194668
323709
411640
743393
315495
338816
43249
182590
507942
49518
586567
900061
384699
489451
80898
330686
372525
857546
250233
280437
551320
774048
743169
408971
467937
705331
726256
884867
13011
906896
594700
911799
694747
438331
226645
621599
411932
354369
488620
633587
691696
848874
640671
665833
542781
29003
556306
705432
8815
741943
259211
320765
882263
195221
124249
925978
543264
732941
638626
696700
497129
174429
356680
457878
399108
388744
123576
811145
25163
597229
232975
974597
427609
733237
425064
884873
296300
422630
911430
118726
740181
758805
17883
757282
929113
256440
851699
73240
997224
409049
711936
214332
781047
707239
694018
626460
713468
910887
263506
457282
961734
695559
142668
167959
812598
29779
280599
606434
703965
892289
910227
820397
692
994598
123549
561288
32882
242828
284097
928359
823886
104795
844541
294886
226449
822323
895022
107245
35030
429916
872730
850607
402466
814613
838489
907020
755354
299209
455392
221847
271397
743583
10923
538097
314207
534384
300551
216148
93046
733716
251257
911020
959589
923669
215822
702175
445771
992645
132480
894894
627303
581292
457794
126195
413106
966809
349097
456522
459865
762841
587895
990157
314262
124230
57924
504119
97898
390838
824779
241962
582201
303893
396046
721291
914626
852365
874599
450123
3257
18273
223469
536833
980546
532249
747583
114675
901900
539608
769456
509812
382536
292553
898063
314663
331141
625080
901265
130721
240554
915261
448029
553773
107471
84627
6580
583913
651320
57990
455612
415181
316782
172619
285735
24396
14140
852393
744516
512210
249539
808789
542178
386478
208506
221789
671836
995850
905926
276218
652742
330517
753458
883336
498611
715265
868043
475345
760480
383784
319515
1157
282240
377801
574592
771270
221796
43313
542567
799136
117254
849589
484138
283990
292915
344924
72644
72279
675732
947801
103597
352912
320535
452661
581591
997467
30847
960587
626755
296852
959492
525677
689408
728140
662695
587621
499969
297687
165015
998357
936154
505089
218873
420480
63191
654109
674200
169953
414201
454653
479209
792889
944590
994877
982393
896807
389292
96570
667189
275183
126857
62497
159830
201501
572602
44321
572455
953922
483654
886082
753396
233821
430950
613007
930193
335830
200540
270639
926852
326243
108845
211794
805264
338189
339837
700807
500830
793805
669765
815146
325706
532176
408371
174521
292872
963546
842398
219528
530162
792518
178659
844811
783599
511787
993122
329041
612225
922971
349391
525200
319018
583045
587189
23515
461756
126394
71693
152560
744188
429581
279991
368045
869106
818579
184083
271075
148880
123529
409599
221827
827069
452629
979181
118709
241724
366117
472735
472584
916478
669108
648578
85124
302784
426795
328804
704922
177058
123172
817300
914621
251590
186697
717717
333578
541025
333403
82430
465698
383777
908559
412017
385112
15355
729106
863798
726534
779728
616110
442867
395386
188027
673028
655690
88654
162874
657529
440847
195029
369270
675246
636068
914161
469168
745447
954676
595010
193034
344781
917320
253817
987056
606414
777737
637834
233633
89250
606419
719104
986846
625065
877169
897258
210093
477680
847227
198195
284810
224147
415945
526480
721643
88572
81363
345426
462894
835337
397415
698651
560546
366156
341189
344429
592879
369644
485722
198238
176867
168616
998679
399976
557593
947452
963694
494684
574088
58140
85481
96823
398821
661725
556455
518221
756982
313715
678195
256610
104565
664341
437058
468440
100509
809725
74057
60674
801363
394507
749241
732630
550644
48713
341976
361153
934647
590154
789885
686037
325759
26923
852456
875550
541312
865787
159739
96466
349067
447543
90521
724582
865207
963950
708442
455357
976110
826243
483112
796411
924817
20369
412985
143672
137161
869097
950953
101457
168427
695030
307
151448
851271
158210
254283
249387
926670
435921
722652
142370
553181
694955
687257
679394
532586
228344
291010
159695
185034
785603
640181
427230
711452
7713
240302
174536
345558
254059
377565
943578
833322
802854
168931
400233
941268
580356
956200
409443
987587
389059
554203
582465
406369
310452
216135
571353
888961
471254
266255
120848
89444
780257
376902
359213
494056
285662
865069
94024
243150
910195
810122
148257
160614
571261
817121
771213
127577
189206
953426
925834
972883
762230
276622
587572
177611
287157
392631
14929
541872
824110
602452
263622
318449
220352
301422
499437
701673
361774
215433
524606
234534
685734
62082
745386
711701
557727
727938
495046
165195
344155
76380
384740
583026
395660
832713
203774
907854
189203
662141
177100
617067
972003
494053
112053
588645
196996
714688
282465
992468
750388
569495
409901
737938
284391
186778
529528
268009
5615
36953
11354
401374
235960
429915
723445
130452
860074
283487
935267
530783
731569
262765
462671
88102
627161
381207
743392
668212
257362
70033
331151
135131
514195
631914
935769
862277
891931
878118
935888
293912
597139
972218
995021
642821
570000
632292
586944
450158
629748
759268
661160
185330
823412
141210
205661
902678
225780
103805
93259
389905
431566
266933
944505
446068
373425
111639
9095
146868
973606
784635
884471
1877
823854
985210
22817
910005
404936
341001
480650
138867
981519
553901
340624
239738
104127
973082
494140
941869
80600
186604
582714
971121
220443
69825
350692
171345
895537
418673
592058
850898
984299
740331
53742
186837
225956
400109
367452
434850
241411
709151
461015
544470
976029
405133
248223
892908
779383
101695
66542
612577
469417
578999
96497
88519
900509
844743
270740
293608
736183
411020
306678
272853
798607
876170
802364
15626
798169
3110
660865
218495
364262
128698
73195
698510
295747
81624
899481
938235
15295
712095
243320
756517
15819
271155
54261
390536
240761
839260
181965
218348
477031
646205
600512
103342
988213
99310
258787
585641
264433
313593
521429
479617
402068
224366
859338
966220
165222
796387
55683
366365
83516
694668
126302
355949
71266
332082
160009
411624
922195
329299
473874
15954
547557
264727
509658
775188
786498
616490
189737
536679
2832
533690
534043
244572
656562
363343
630263
574213
579048
835650
902560
803395
646226
940187
669860
425133
840338
595147
597362
597338
983630
374658
303784
994060
194644
279982
204939
428665
547609
563538
520208
752119
872026
761470
324951
697283
583972
317552
726007
855726
95726
785223
759156
467876
661220
677280
954381
182170
89087
510799
255858
58195
584719
375996
214099
407440
52506
630935
298900
906706
761951
875257
214109
923981
622515
78745
858637
220011
562573
859943
654222
504313
939229
455944
542339
479602
590422
855791
625886
955622
14797
97685
730127
238151
49977
724180
612823
752912
309466
92198
903291
652691
49783
745076
642899
880285
791167
640862
927553
161159
426641
193223
135679
963356
280919
21081
179730
621794
614029
88924
210907
436935
215200
930158
55756
377258
811761
218400
499384
463426
344248
848749
349250
383471
358406
743320
896631
390747
82467
190177
282168
908429
155797
181795
494928
209546
731074
787405
876388
487784
631725
961403
826440
536816
400860
936752
348846
372591
314138
256498
890169
121753
122648
607938
403248
501467
522991
590647
164750
349244
363841
251382
986549
41838
847101
899792
621571
835703
428993
661880
231805
950263
916697
543583
117993
169173
76197
6126
698616
400650
554073
114208
652895
458890
481951
212601
818694
380106
998295
524710
928473
787442
49598
586994
512381
824801
875244
596771
113181
494871
506231
801071
243362
309380
844149
787934
658113
122666
29087
600189
832878
134257
747026
480252
524334
519239
626671
856869
579530
871985
52129
1849
739295
879667
582590
818345
313235
905880
400903
365038
21538
611039
632074
439813
741846
18114
468839
582410
154773
343460
854511
560240
265492
844822
48104
309275
471465
479685
93805
901210
61247
75908
613362
664964
390819
582706
369894
404846
398907
678728
420017
773702
845909
934785
252252
869903
33565
86502
595344
653497
891305
854645
188663
887580
20463
426157
463039
119953
785046
315321
413053
544877
622249
39223
999918
940763
160360
12131
332568
239701
259193
983524
710287
302463
96956
914611
622483
179808
687100
710308
599255
158845
754176
988755
460764
913364
321666
303660
298364
872562
451191
857430
720195
842865
857933
490109
850360
870482
862131
388154
327673
603891
787729
884834
933060
513197
42265
880488
986194
13580
330421
480431
937309
678635
263392
838705
453443
730348
88145
421637
736003
128210
353489
443408
549091
514875
186990
185034
884
824700
35592
38124
700718
252955
137032
758259
534325
701155
604273
10388
383549
672552
756174
816764
793993
831128
805195
570882
348110
530233
649760
541164
528823
852932
687720
860827
158594
451614
2320
704404
16839
778671
429034
681131
775769
378401
377377
198798
735685
734903
439815
239851
833591
334343
422859
531839
351676
286934
383750
793149
29859
399118
850164
387159
787900
52510
723455
334379
358210
209326
866743
314317
571541
759166
651039
187501
959647
120154
381217
910949
971609
375868
623009
307362
16870
902078
813230
553516
393437
472889
477013
915795
393700
822336
984592
524216
956151
855922
294620
421429
97608
619904
109800
472746
610433
917244
19049
620389
202021
469977
282506
551341
318548
335685
542465
808171
847533
585376
704957
359222
333198
27479
575099
567417
459382
647394
379704
408707
644748
240214
538817
303275
424057
872871
51110
591134
329840
288894
222989
784967
134989
889459
710626
651225
370331
682343
885484
867580
94960
627905
716731
471121
709363
691139
77566
421988
3902
952520
553521
326253
982942
426012
110899
115843
170999
229304
43061
734750
973765
599832
604239
961607
568573
155451
664620
393374
687186
565879
836582
855368
796755
799414
446509
244595
974961
719185
618464
113543
839071
144391
435646
152618
118098
528922
801910
159728
145384
723974
205466
931294
798116
888990
667890
761113
214743
371014
63917
468848
109276
874631
912050
654275
852090
419858
74517
684942
914796
278676
619494
627478
770300
543218
553123
483630
745483
914274
377549
51558
366254
466725
495896
418257
532851
561701
857531
680306
636545
883686
553832
271811
160221
80236
427094
67745
308297
631658
918137
557399
260999
47778
270931
230405
200443
811486
440100
170284
886382
709641
854717
369177
514671
964778
439283
596652
946131
359678
530606
583428
491166
238450
922145
206922
864186
529530
82644
199958
795108
949329
222621
525377
870182
472013
322413
262152
284030
673822
431366
608409
532446
118819
219594
689086
787725
44264
127791
243619
324651
662592
98191
80133
63505
587068
221404
432889
554839
506949
864625
975127
815663
279259
452739
98369
844270
33706
719734
727955
922795
94982
679692
433513
283648
860868
394488
535943
447534
210932
494417
627625
186781
190078
979810
378344
28288
615768
84062
522374
163287
678433
932081
210838
54350
831325
820273
91723
336835
531150
567859
7515
49957
265323
73402
551951
74487
861567
966347
920554
388788
740897
889564
268083
330125
264268
657258
739361
502670
929306
259690
139811
79646
338530
170583
183497
25061
984298
796074
830674
662856
854603
939944
462354
501071
978976
926805
511872
573672
618986
713094
626394
786821
177860
669716
597557
693664
662077
59820
702181
745630
986071
246916
733700
813713
6299
512488
944035
318040
592151
21490
546123
963170
321078
594328
741806
75535
401274
440032
243183
188407
370520
924334
633675
411395
913199
899774
850146
358073
191527
113900
295590
893142
456866
180144
599647
360084
759010
373416
445848
121739
760503
426382
867498
8820
989603
374025
274722
119240
65356
997151
653649
62279
319580
938119
291953
824788
885113
453020
787055
138621
406876
911470
470426
111193
585680
425459
539622
296970
659913
77595
521116
925026
835039
360961
991010
821730
600677
161341
688738
461406
970602
364502
561306
873980
696460
53845
113920
376411
778867
610293
99280
636368
884273
369974
650419
333643
588596
784144
375629
622168
694886
726469
185700
912642
638050
97743
526760
271762
365394
482297
251747
676341
812137
47434
901246
564219
460602
563099
866797
630780
698931
220298
261944
816533
316090
733063
856039
483344
989283
405388
92298
871777
254091
990761
145250
508301
400596
667453
21231
104550
411453
84417
339031
346545
214044
30910
464944
732648
287995
352863
768554
879450
120205
326433
33052
306800
34955
177254
45033
696332
476272
953769
735759
361610
900493
633228
858828
290920
681161
515982
93229
814914
726009
746072
889908
618038
289880
391094
815845
740966
585507
397731
916333
798875
631252
223932
789424
510214
356472
259415
25965
127395
762223
355117
523216
260407
938112
216498
91157
894968
274263
142470
277908
467403
591900
59203
340973
207975
592432
578231
639376
224409
51974
857196
336041
159522
407580
630690
186919
954363
515157
953822
523048
627897
317813
829851
225155
334794
848888
443487
185905
734879
425679
558441
516952
9572
520696
927238
130614
220842
325369
119555
883686
891174
520952
807229
944018
66451
673146
353812
76086
487858
706486
46398
330316
652146
336533
504696
692826
493354
78345
584790
696788
942530
586695
629948
807790
917938
326306
487333
163779
998690
624005
640672
334811
344689
866573
766236
351900
767506
728385
259160
160336
262160
820271
53116
715215
937906
894244
311878
723785
486073
42695
218525
772402
448902
605778
691714
15306
787608
564590
813220
782600
165492
418091
78034
982562
513949
452697
502475
747068
705539
450118
514609
7659
44344
312851
110044
748004
415453
372341
48459
974597
853851
164614
409974
578752
246093
164933
305919
875296
869051
597168
75078
762681
254594
494525
857051
239089
721167
318128
152207
583588
876618
70555
136291
353912
217103
221560
805794
11391
439831
141084
526923
858754
680565
65049
301798
115760
22461
431475
514999
545955
999487
119356
800144
298891
562993
76687
261313
497209
808426
552293
37547
865098
497675
682903
645043
145198
240504
801648
501970
752340
218948
408430
49416
328244
980715
201942
78640
398520
683768
856369
337199
30984
932359
312294
819270
16817
490597
603701
669320
639537
967059
406990
893157
754529
627306
124172
91236
355455
702872
370897
79663
217879
48520
976190
522312
771150
856928
730383
825946
418059
476388
606226
337898
52610
159544
844738
765164
457374
269826
91716
80434
658443
527918
663997
727231
161309
867083
617294
255226
673952
833426
260333
206654
662013
324615
965473
665486
760197
972920
358745
377638
885085
382051
272682
280172
214471
66229
564452
511302
587081
16684
15247
959301
972091
36125
91591
91326
269874
728594
757745
150778
386245
251211
358169
547011
922168
781285
580266
541791
819213
51033
877193
443545
884067
631003
182734
531002
261576
578530
104671
973207
846883
721223
64875
434884
236855
221319
189632
500838
45653
499235
292170
220454
157729
44967
439721
942338
150398
989447
422061
181245
171353
881444
133105
791095
728527
519406
404689
415895
48380
660132
565705
817700
128545
624888
679723
203507
790385
350478
703421
297019
133304
126562
594349
866692
945256
507528
959729
502718
793986
211663
548287
943662
988894
774207
227942
157699
792087
312450
936840
845511
152981
334367
177012
756529
355000
955489
972644
819223
238237
345430
164496
561536
248785
346675
645740
609432
294992
881045
212421
316477
371064
805602
892467
525046
559375
490254
710076
217411
442605
517114
108102
472463
166728
489910
67126
75010
439194
630823
110057
818995
540337
864708
331021
603387
447315
733050
680670
95780
997259
724016
404921
422465
855380
695973
330078
702423
436961
262388
440007
860025
533831
593466
546911
505649
531848
211918
850529
65178
395965
672751
404622
588043
371807
215484
720522
916590
401522
440348
107156
252590
349646
158333
98400
401166
725259
329722
426259
657047
640968
66326
386138
426346
483800
650085
976552
185587
799754
994890
584010
726654
348756
786139
411624
576355
787419
929
395034
193885
104546
385019
837668
872825
358860
385314
46224
908202
7247
568902
123559
134137
192440
661592
740107
804953
394388
159777
62388
270105
757506
382863
311045
921074
107603
33808
836298
288064
905691
891991
969425
392974
968855
669948
895522
697674
648954
16320
465243
597719
696534
263022
980717
180993
279652
366108
282797
968780
306672
946833
52823
279141
876836
491329
557414
212474
641966
643635
248649
687397
733073
938371
290370
211587
964485
413188
685920
481507
693836
123325
220439
119003
975827
628244
187961
590836
278016
502537
749779
405893
399326
809049
406758
266269
958371
570947
996609
259354
321050
977062
256376
246678
975089
454857
789443
327681
87585
820725
353333
134346
854261
718525
762838
986615
941818
338782
944032
55829
849858
643713
865683
957385
388244
993053
927349
283908
320435
256761
386601
761877
754633
662479
1643
959960
667441
741196
735782
917644
384734
179700
574578
200003
575595
404835
177005
458354
97407
6894
897141
476776
865884
595240
796223
516764
352837
657217
136983
858911
666698
22728
323572
607920
564913
791888
50551
580462
114179
533937
901248
874216
307568
579302
52717
91600
102623
906388
981808
933903
318806
727914
431308
498354
471939
497315
949036
750913
861669
220584
289376
743600
309082
870803
750645
476143
856965
798799
573743
209180
260315
971675
706917
949592
623179
552109
446650
982903
773384
802611
811827
681425
588404
46580
729210
168310
526506
827222
545006
2686
361256
281144
139237
193533
226135
931007
701823
670614
325881
79279
468776
107303
822446
324975
363817
983778
138467
926767
354347
555131
150168
175013
146378
215677
751563
668274
935122
338552
52678
4708
571097
443989
864194
871060
218233
324490
542071
139440
899048
896104
356865
967187
806325
539665
304752
76176
429600
672584
45676
150158
509783
981345
23875
941197
722953
389591
522833
846279
741545
771964
609931
767217
20033
181579
645736
215840
613808
774169
586540
631049
519042
781290
631186
197857
185450
64032
903829
443747
424862
322766
16475
271856
255503
988331
641087
552528
63684
817251
483385
612054
977810
794887
778476
827874
93242
776867
461708
477633
476319
214192
80746
726703
813282
858976
725086
758652
929052
80343
200784
674763
152823
663162
368163
979831
359721
999455
640958
444433
235279
363172
360567
296005
720482
335195
399902
688859
527128
169379
872996
355289
127129
813970
551463
733125
963164
228814
214555
966343
573918
244027
742166
716525
823935
159310
625591
651273
658105
158785
509172
817653
525757
381215
233280
178679
405740
989695
995797
221183
948014
432461
156771
217613
58547
5827
355029
722671
173828
742456
256700
709352
364485
41167
473562
270765
883849
900432
89805
36425
909266
338067
512791
688480
198052
281432
182982
46928
365444
346292
557124
981619
415826
612518
709821
191489
789440
587528
380200
675027
166702
903905
807797
753282
524836
973015
414866
194286
901035
989890
671577
604698
56712
352027
668505
237237
800662
199379
190655
945908
365183
982656
831712
263322
931030
171570
136742
586969
710804
354980
393686
82386
263534
161486
121722
276729
370895
640727
966191
249492
837623
409896
444237
713122
220848
378524
871662
974808
267752
411603
479389
221574
245872
137894
113309
367257
195728
742261
797523
957113
434180
941531
129937
498323
385496
980419
499519
503089
364379
53908
161128
201348
478019
585928
363294
633284
515677
70682
927883
691054
59950
919006
331862
726316
887467
577066
914286
123667
690834
839026
7286
429382
835684
638386
441869
935671
225535
888772
352057
882766
523291
421137
165103
813282
528161
229156
156289
982372
210019
651866
647332
606811
996476
939894
608157
544009
759877
677777
721672
601645
138225
881710
179077
122722
282758
454316
130432
724453
819449
754964
899354
600307
577956
484434
786489
673169
905254
976705
477545
332837
66263
440991
37805
53058
226086
341984
287526
100225
475858
95134
185887
134154
311681
789805
265971
934322
621952
320013
998619
767871
708440
875129
248408
50182
712521
950172
651065
820149
378022
309923
102346
742509
703500
360685
495065
673799
791232
16799
324966
439032
767589
263253
778342
949391
101974
274675
466356
313947
218598
753753
35285
840105
533105
520949
624038
88426
404831
529330
905572
397748
684853
237774
65880
561439
491031
104713
961181
639760
527262
291129
917263
401298
46994
926074
398098
215711
996164
702403
293948
956991
757515
835221
208928
536904
317017
330060
494584
736579
884473
394328
584622
395247
616935
258245
259847
675551
949899
59317
276333
967550
293204
280880
567511
871475
324333
504722
512791
111135
843743
269091
9087
1475
193731
255108
5745
947839
83618
797188
752514
308661
754603
859666
55755
95244
95632
117581
810316
379857
913725
465592
949564
849655
668405
700233
755313
540351
775947
10528
732264
757363
487931
648661
185842
660108
366115
313130
577660
497715
613665
516639
371641
826917
650186
446437
513390
994991
600387
912938
691225
786585
903232
884819
992191
540831
78871
129544
660177
121818
121216
245544
334714
890942
683819
953118
869320
709116
342782
384267
601908
476936
666794
845667
86543
893301
609065
268756
681739
950267
721686
214880
504676
895579
423592
290380
235561
288025
160524
254896
39659
700072
714079
679535
389057
235428
914373
681665
803380
124729
880361
620844
201550
642913
761873
704722
130362
529610
414044
124195
533912
858453
999131
893042
816992
617851
442762
77093
391344
300362
264746
115463
840563
949069
862012
901880
633584
996234
976923
47684
666796
961957
65974
573776
159293
575842
970538
609264
831277
629960
745912
553302
572807
949665
335528
798118
504961
526813
341689
180773
818181
246294
102723
740751
801374
998766
408619
913479
598012
350804
983875
712809
445219
315622
236604
311291
192246
269040
720456
27779
914524
225299
209360
21362
873485
264257
343247
983486
461627
980901
431050
500749
678047
856223
15724
828365
755038
140909
60033
26272
449112
897957
584847
349813
844302
687199
917645
129778
421869
662959
95425
618509
630395
680399
784313
585594
523805
607580
103077
142911
181442
71991
554319
14371
348016
986892
933241
360708
86505
828783
876818
406536
981625
520802
603028
292460
256863
852147
71549
474680
584726
642690
726951
792403
489663
153825
502982
782707
826540
240148
953470
809900
482955
912503
708319
776234
509165
856639
891646
615034
276146
352984
124145
422018
463571
339630
56486
366993
287564
518600
947424
486225
209508
430094
149968
605721
955802
702955
683148
805663
997870
77773
208622
289483
463689
682889
201036
543974
236169
578908
855183
857713
499821
811149
803826
51090
143194
78382
332057
294249
962440
715457
142603
493570
665676
374006
200974
560611
744642
939410
870814
129732
529238
561708
259785
998814
592559
148626
408682
641628
214969
95560
32064
686574
125518
917232
381098
546685
963137
488389
875009
404217
783366
841025
330578
911757
243777
716831
913014
637236
433641
911291
142864
166117
143705
620501
834339
474794
34483
257716
70029
645775
764913
343015
362084
155573
972298
908518
324076
260358
452605
603928
162098
855810
114556
859310
200903
21688
492920
242860
485788
750225
776709
535816
962487
626503
219435
720107
958224
208755
177928
887572
114570
825603
185189
621980
793681
612938
531219
455700
903372
721137
22977
702218
412415
103691
897630
353067
967361
989383
589925
804866
719892
18430
943114
807838
682022
300716
618367
522066
108835
180860
296547
606998
577013
725884
905736
945291
470873
674480
79391
88924
575455
743682
310594
448064
326910
902999
633310
593692
735249
513532
547387
895940
526194
909951
200298
493346
16818
414490
720394
695343
103986
901451
446454
489439
529249
118335
380686
523930
742354
622956
625185
12452
855096
889342
792180
422813
402177
175593
240754
467876
338829
32477
838959
1495
350282
651416
233370
566134
395438
694677
895423
270822
730383
374114
112055
104849
549602
128591
753581
649386
342094
197314
713869
696910
124396
538280
643658
674438
854686
316102
699852
453801
554249
559469
478005
414751
802864
577932
843087
711232
84654
720223
893524
633114
10064
696518
891289
948370
856716
117104
363223
812321
483298
422454
744279
762048
512654
601924
387962
168287
635623
745010
22114
486798
848024
273585
578881
94015
107128
714592
764156
538786
805255
176830
345915
153136
689991
197434
576591
629380
300852
317415
537665
119459
934562
959691
15091
924508
745523
42710
557301
906123
474417
130480
69927
358199
853838
542699
11846
721819
268405
331352
894741
413762
638988
848309
962024
876235
49481
949892
242576
882892
150638
326455
614366
44883
394914
236103
184022
981384
868782
419683
373362
233262
110992
791814
122639
356488
32063
153057
482104
354904
544445
729464
64526
348931
262802
348105
739280
818384
701866
565798
147661
439439
671821
574244
313891
930518
334710
774444
750962
858791
686675
306798
892899
10221
7640
91766
807375
703269
475840
748887
473549
406874
121634
903171
828443
160840
703148
430908
738151
416034
361150
719525
740539
233647
17829
874546
823428
821007
717170
785599
692413
565404
911351
220732
556797
841644
184221
723077
874777
68018
481637
216975
551223
639940
255353
531070
282608
172727
188654
750100
615201
34982
86553
534725
480591
889554
461387
405862
782900
596835
571306
412547
668906
211021
641325
806927
786291
202446
598387
467510
241379
812243
200961
346703
822826
940282
903702
424493
291458
565939
202733
227989
74225
149247
426639
183753
214075
544603
258066
257027
431848
278326
59953
204158
481837
577245
452937
313133
564410
686647
779950
201935
876895
57708
442088
533146
366492
651554
341709
592980
867907
474527
85500
551745
559052
513554
557683
703159
364277
532141
112526
435853
626196
889515
784733
371314
5179
171439
304480
26841
933766
506253
748642
958674
474499
738785
847279
657524
111935
208349
981490
348535
350249
532129
253872
602270
897125
587587
419739
832465
193776
886254
178580
795209
630251
263974
716928
691108
464710
701993
700486
581976
963210
276337
833186
298308
547778
27927
958377
527074
106119
811473
976665
674137
346535
227420
585436
41455
282866
953845
748826
291036
397024
90624
465719
651065
164130
541324
267184
95255
577668
298478
54221
876653
827067
501130
806468
187689
663505
425136
756010
459559
166890
435874
32726
951167
475697
293620
322388
446841
499236
405516
590467
659996
248698
329609
73804
187172
742765
56640
948415
651857
556263
956898
793995
729372
91597
764537
823898
157701
166498
24337
119879
525319
535578
749555
583421
983789
712636
292109
753709
990206
158962
93357
807467
767636
566000
819820
187046
2635
884799
887847
857410
969748
586085
246185
216724
629929
826611
654373
292345
900827
138411
894686
664531
933959
270411
528681
689442
931303
660858
328202
286586
114500
183950
826236
938214
98121
775800
742029
347098
126004
965901
377765
37069
192421
619313
854247
150715
228761
858914
5487
895093
377392
685086
416764
110691
882346
318770
950951
721368
53808
10849
862929
845136
918223
591789
463388
696393
252735
213957
737232
165306
426977
941962
765085
755444
283720
479295
780800
169492
568175
720078
262142
161826
714440
39601
537485
417610
743476
166723
770706
764917
267726
697060
689669
272834
472737
331138
427633
723110
401722
111243
421272
601501
207193
396588
822708
763531
935809
508868
918807
778356
888495
932266
642932
161940
966119
510231
881782
581789
749353
232818
470414
424907
580035
436855
621258
382373
232576
711618
728545
464082
337726
844158
659851
329108
639581
327653
957837
724582
448787
980978
799058
668334
659741
406635
523061
291935
477392
211396
44636
98607
818510
420914
326590
704367
914132
386318
178436
41932
58543
398945
819149
397344
938062
643410
149516
117750
255987
643689
581069
302041
323780
373183
141589
328407
868094
696132
488358
55319
429385
123181
60001
57620
492006
737400
353990
896821
650884
178013
988759
72395
719346
69971
250012
836966
777647
377979
791743
269460
446878
144621
773719
759
252822
633374
668354
757826
913429
779115
770154
551056
438996
482884
566443
515233
46773
230968
229643
4657
77657
173720
350375
17463
489678
632971
222255
505527
216165
600622
85576
654148
943906
48805
158736
921558
625997
243971
173694
118467
179878
246418
737446
438174
438261
505151
247772
468329
684735
415013
578801
105271
265109
321140
957209
757411
390342
591485
552429
297062
21428
701662
502667
733273
314564
586181
266075
883528
853615
695586
888749
905519
864630
666413
737214
59860
673394
368721
290522
523520
866569
45300
208027
923163
623037
585316
560079
963043
295902
358943
340087
259721
499680
873278
593452
666408
890631
523264
389085
74147
467262
759151
521907
58201
897992
608241
639189
141831
787342
597166
345351
781819
753942
314840
765613
186289
367636
336859
83566
40460
815195
945763
210740
801586
678444
633029
559375
20484
839535
885067
131577
387257
225215
363743
207668
105174
670752
424786
114320
453964
120140
640842
341769
837166
247338
534854
800076
188365
445792
635023
97050
268849
555711
950078
679750
116215
61725
674212
392728
398402
55041
576153
315092
903327
709302
11236
549780
799033
820098
373700
552274
340533
190897
950937
806786
957675
779530
134834
311388
782594
560099
278260
159735
945447
160848
339171
91601
184170
306935
275472
227819
768437
190847
100511
93201
992169
409767
443828
89144
269142
306483
203834
974271
435735
750400
672975
167704
60617
992057
83280
20416
934182
814434
4348
552554
305281
567506
796167
712826
739552
506878
553598
63532
294769
578927
860433
7765
74283
654422
364738
898690
500034
65398
792297
290621
894982
48063
381473
878958
673881
814523
307411
360029
769675
911201
105180
884053
349972
749127
595806
916644
165357
73333
693792
762624
123531
774421
325283
88708
102777
705670
797314
537623
73425
466447
181508
651693
262422
251248
368642
696615
723889
943253
435439
151702
636038
969124
642057
181277
549427
679093
143579
939508
804773
382305
219372
971465
898902
919859
491848
641025
24039
120060
177192
230748
686741
896387
634176
856182
403291
13528
6950
195177
989860
42889
956058
774864
271020
441774
10230
272871
838130
968863
142067
794766
881180
864262
10005
251116
169319
350415
632821
362736
573448
726652
821225
792691
189988
985940
153681
427641
556137
97211
731137
915671
639239
576285
380358
734318
368783
107588
234775
526357
98790
151626
224410
274581
670565
143464
941135
128845
974673
404012
304157
666422
49842
966025
358391
391681
726162
91401
956971
140765
835411
922781
512327
821460
494893
742869
206504
236757
191428
127914
33952
622924
907874
895417
411203
43565
798998
687691
370062
360977
389032
54223
124213
462519
392311
299049
53832
960107
742834
452707
994625
568772
50159
394625
467948
836294
96043
979891
305075
583592
353759
791012
613893
71921
670395
378096
387363
402428
406977
539762
112391
730650
178945
198970
909873
564438
752109
943582
833231
477331
41880
24552
808968
949714
325904
719085
963749
141008
647572
702973
885148
23820
425012
709622
681723
181094
631044
591795
118766
496163
340732
977698
297836
893389
449967
255667
584452
555448
399590
262701
461952
931999
831193
434907
537459
819180
624393
662307
400676
232342
508348
609526
37655
4965
638422
737187
869876
962769
274577
390983
452375
872136
759449
871135
265459
306639
925127
26622
762723
244672
479095
899097
326415
123889
232776
747392
221431
314741
517487
87847
395743
576892
567928
541603
121111
400406
646683
886704
731686
783188
537143
469998
310867
966351
154990
319213
305551
305218
244316
256413
303938
650258
327796
110056
853872
210671
825529
834715
743752
246802
858902
32191
262217
478118
933340
591494
110161
585731
287126
902817
82756
111317
923209
887983
550613
227035
951053
599183
473652
580876
281154
943190
443860
604372
478961
881308
567128
414331
95361
908785
104537
841191
710099
60013
302038
251064
282234
283109
270137
7825
327386
869242
109826
879991
982492
752203
897811
395345
965771
396490
636758
3983
546190
956396
960206
238183
712834
110650
261305
152379
534451
825413
809439
378967
262136
706423
913915
962966
362600
767172
408898
602980
286204
502142
694612
560989
143427
416072
384446
357972
355644
829218
689770
751217
640275
826660
400740
154098
504507
668550
848265
877778
676
480283
563278
795398
848154
35422
513642
481572
191546
870181
258466
191391
234705
897074
988783
336109
906642
188393
58637
607817
553716
590491
585890
677268
761574
809408
697609
157847
192368
110276
741307
82019
307943
12216
625306
823321
49932
932521
335513
154758
466051
575438
179210
720678
123755
961883
367429
334986
944030
688114
162098
341972
590982
695929
308340
188766
295450
767814
105970
350778
321524
68791
489283
686804
593041
515935
502518
128372
927780
546267
431483
699744
58327
161602
281264
34846
189919
466682
888396
714199
427002
710312
934818
586007
444744
636479
884947
780465
327171
682298
299923
43648
126045
429988
950998
147912
913397
78484
657430
759674
246389
234999
100484
338070
272202
518597
933896
459563
789377
583574
293623
606906
5627
123213
599441
570041
351949
136306
213235
459187
917366
495710
956255
416140
571709
672335
169958
882275
523239
37724
201072
886736
824018
473218
613608
623820
765874
88348
339270
880176
310437
108849
32698
913750
755316
407272
292978
549340
18664
414166
412040
542599
234887
134136
913739
481539
701098
956156
724009
276424
446076
721081
600438
688281
557521
66944
656859
386791
588512
786634
716189
217810
644831
240336
697609
193231
905209
192570
727290
844004
827247
951727
663494
731280
870664
896075
754827
960649
957430
442735
36945
763421
823687
118961
207644
978234
374468
746932
815057
499721
497706
811411
260802
267380
574082
422775
643224
615369
566815
405577
960412
970358
521396
896192
803554
908468
139791
951835
93714
650177
294390
748587
387028
317637
914269
5704
999768
179862
344768
848868
28031
244119
874403
301436
684585
548155
263716
879146
855452
596583
629881
381528
602317
795190
823500
839055
631823
540118
433776
178605
770453
27407
362814
244021
393829
501668
383441
27904
74972
291794
431962
142482
316888
16501
304224
332296
463877
65290
254295
562861
619591
145039
272988
651563
327745
912519
980811
229150
355456
606426
691838
203844
686024
218520
319842
905105
496312
94622
858871
109471
261212
914769
207780
362115
835407
469704
468852
311803
699403
371334
462193
894019
436367
207332
994203
244550
307115
592270
825669
259954
334123
35556
340621
751652
510750
556032
845750
591683
65858
141719
646948
954856
95693
688504
271795
271739
675162
223538
507571
778201
203695
734931
742596
981937
90983
274698
1739
532846
428161
787950
829966
391182
893635
897751
352946
615698
680844
761514
815950
846094
92277
3507
294827
385376
400547
207531
634331
45885
708333
945112
754290
48679
165796
511379
880486
919163
715139
55973
895743
109094
402932
265291
961082
697464
858877
938137
291328
549585
104773
70267
500798
536183
700999
22614
281824
61130
712914
477965
837167
701390
857210
318623
493765
721640
592927
685805
758313
241636
289495
795609
226443
337779
181883
920715
179229
465778
449739
451661
470539
751077
321279
948566
67737
84418
47019
157412
523480
846698
827597
271490
972101
648819
663030
162793
576958
578336
813075
101827
337186
394930
688152
789258
990596
356055
286024
606287
252618
718081
503907
980375
203048
165650
203692
883680
611253
123059
40021
553345
619431
333508
579657
85679
953648
556333
699734
241564
441140
338259
140086
764729
396517
464743
327096
995357
938877
683928
864400
595454
664983
204713
389687
254747
901867
612829
697664
119292
452452
120974
544377
761041
783136
38684
419450
419768
238659
686083
705293
771482
636280
813894
312249
993652
603526
684552
576685
713460
723466
381817
800454
686073
324567
551917
565821
669885
527910
953864
170608
594511
384699
952854
410315
859384
580823
891383
194899
238528
251028
26679
754191
171401
272544
886524
962579
968408
628632
920089
941610
554804
503744
268415
445599
846119
914525
880146
347688
809569
796656
213018
147376
279228
803343
472784
849152
127259
868641
748440
13641
202539
318709
963599
434896
476171
745151
979513
829878
837896
983153
865565
70307
963265
261362
685933
885327
594794
495742
412957
451308
537899
212954
387348
239412
582248
297842
513856
221450
783772
440913
197508
606735
21150
701371
196621
101188
443590
641962
156418
583255
543273
59492
700377
917388
799615
187893
940103
897929
762790
267406
687503
547518
236863
897850
399420
525551
933751
997177
408490
816415
113632
7419
553022
157787
284413
646714
744245
390112
907101
863028
429146
871081
235422
442692
6609
186457
770515
716444
542289
929410
635136
129057
239279
273808
546114
210851
451093
962774
178891
508472
902097
266226
791819
881780
492490
502814
188779
217286
195149
421334
789043
275698
141893
950690
505292
137063
48905
89471
273631
142204
289872
244654
505883
334988
372095
60120
765014
229610
36579
895772
792907
543491
652858
49719
11650
769935
369260
959055
323533
15155
981207
459356
326958
196151
401608
575219
110422
351583
380549
772017
22088
886952
795911
94784
902812
15520
336901
673929
142432
861538
742123
563766
874649
621997
477673
859938
779431
564065
780072
8160
449094
997205
381208
936997
993137
504599
296805
428499
30689
265793
844616
87842
764915
770740
980986
609837
903847
627124
275715
317655
57732
558112
704944
608024
896217
12044
896802
701288
208735
138493
743683
542918
172539
31680
742356
516581
143583
939751
64802
333428
536592
354465
384984
522952
139650
672821
308653
60457
123487
14683
378173
125238
442343
981239
22326
223797
361840
714419
261161
14075
203279
503863
101568
33780
164047
381832
236239
872144
327518
994234
498243
73803
652168
725459
121591
501655
653658
905406
466725
73831
209192
755433
352249
629274
994411
305019
140097
665794
59330
749429
727361
175825
819289
159524
111460
160799
401383
316352
767180
411227
875345
120101
463562
342475
950572
950955
948137
809473
107492
595941
22428
40488
115057
238393
78264
412021
534977
707606
77939
900658
873384
364463
284701
532835
255127
197553
947131
791782
875838
709393
619576
49052
502587
946173
884713
940513
460925
779572
914363
680054
433274
193393
432380
921664
318153
374338
953346
190570
331868
575608
29500
707941
146462
944951
901459
604879
852325
377197
390652
338225
53460
567584
992605
20131
111248
854751
898713
687242
979037
322010
437498
616962
97108
399822
146426
26262
398147
285080
8110
955052
532833
97131
342800
653950
995692
645405
655271
285891
610145
491419
499029
813932
811543
499069
909885
24394
286649
901301
853326
508044
357278
459744
358833
34022
278471
59775
826635
318798
943348
174463
704111
520032
46307
571252
307171
615330
580262
686117
709965
830753
21408
883008
921019
334074
446940
242990
325324
664437
702537
978689
275517
934987
583830
230090
666579
742152
997926
616584
375202
662859
291632
440059
718521
804651
927926
87958
53675
762100
102880
913106
675898
189711
72821
558303
366753
501119
628789
41845
753214
487112
732757
908297
922330
301226
222359
448028
512535
348555
705926
296557
662325
988210
268427
691535
233024
508015
444655
999573
799706
478105
939822
966249
284128
476911
456116
763836
689660
447392
595767
355671
971847
643239
873520
37969
308120
529165
410103
304217
811310
218194
809914
127987
623094
611558
275225
275968
229433
254098
254498
695157
836132
485044
331492
808046
55285
343911
719218
399515
306432
321
280438
52184
800987
953142
406894
726427
296172
960409
803720
194567
959885
596675
77782
733021
628761
649036
888686
404754
828182
431606
509025
132283
867967
428266
277206
191332
345196
836442
968450
140993
729568
97733
691206
971324
917039
923609
636004
710701
882058
132850
731103
523176
968361
316225
397871
987055
357843
584
941086
754760
855565
921601
235010
540970
32157
18974
506839
716561
639929
319660
478072
587889
888913
456657
221370
867655
160310
170676
975910
294602
139493
370619
94736
671424
645620
761199
415320
418286
810776
458749
13245
638376
68305
585494
442649
466758
817970
285365
623997
795319
907473
919360
883561
768367
114823
975816
117672
825276
592548
924651
34438
485622
357938
353881
30063
489493
294308
318579
459558
991133
438876
487503
925150
98740
221334
706200
709113
51348
664500
282067
424154
490843
166118
449916
733161
284031
975733
809870
588514
566944
399405
326498
548698
952886
211877
665007
962576
503081
362604
571632
929900
629824
351442
27363
155415
737393
531280
607917
841526
456150
493461
875803
384324
526401
625838
374531
270346
486
646544
340873
875454
72183
124933
257405
729782
868109
834417
118370
289095
544450
121664
593034
521342
609499
571759
905116
225722
303586
695731
745400
531621
235987
304649
636529
164173
39852
980955
703161
861987
188903
196812
592538
480718
187716
652896
672288
757485
600319
242699
648277
359656
98657
947029
883044
777649
236531
18406
949727
563165
630477
791860
939164
704281
175820
837510
92218
893130
473378
308515
602626
239173
82439
442460
254312
456104
677709
69171
237552
290771
908049
249383
496877
828870
237645
396765
956196
582745
330955
888300
614736
327570
234868
149061
178303
210598
175751
779005
834394
567055
823845
634297
748161
30918
818248
651893
566485
331550
586452
885425
87247
906237
756358
275000
476557
628023
73289
540750
573037
881288
998119
444917
692370
651310
296540
35548
471108
312929
180807
357733
307444
583728
930234
104529
419868
397945
925168
364683
716997
39685
8158
398606
399842
454206
245794
966515
917850
372045
798296
570331
554979
468372
784204
528373
312138
360453
399241
64236
812367
998109
479120
778672
997740
355201
187108
792544
504118
57459
131586
64657
746461
447345
332719
673342
446222
826474
846057
912972
338999
903582
24063
561015
825962
426641
88252
19743
769499
173803
520447
216361
198468
17263
561254
847955
306536
738838
229737
143832
10931
891655
686275
932860
964864
79286
414922
463925
236277
739798
898208
585590
702921
141116
346626
744473
4518
632530
892669
92647
253481
899636
782785
617095
210119
851882
27790
405570
339017
381699
110667
56047
594423
947210
97525
905856
778387
703592
441652
340967
826044
218453
101450
825894
944884
776764
340388
639218
222651
426283
266579
386371
888026
914100
585044
928891
191931
373795
476299
627952
926197
465371
415247
48344
203686
600271
254430
461072
995194
272794
533233
306697
452360
419580
915627
721807
538523
630962
492523
370487
946061
318385
253056
449893
221327
382590
396732
529527
515974
816941
756705
942290
883088
396852
319545
163783
540517
948906
580930
158433
704856
693986
395589
935053
197243
314206
621255
286502
365282
889522
205401
365149
668352
957879
561930
558402
930799
631976
383165
373297
925835
639260
434965
6939
695933
703648
750732
830256
745686
469168
55651
261862
571345
889234
706548
778409
512507
907280
556899
688735
203950
481232
935923
654039
475769
38993
482933
898829
492379
749444
308570
375260
833838
598277
592426
623681
413025
136564
744590
552583
924766
898612
650055
731541
634250
299456
651073
553808
372202
862437
915970
384046
327395
886880
17341
32984
420506
502356
186179
644219
261690
430312
753369
838380
993107
684091
186340
297845
317408
878597
650753
595841
353441
416139
828593
459551
490855
31422
478065
693942
89070
469553
171816
986758
882916
539765
807290
929366
960776
609108
373818
266304
159790
470694
544060
174805
312095
298770
425928
246638
450332
830693
404266
336336
973315
983880
754598
32891
182667
62689
467720
644943
955050
664201
774810
820828
830742
690341
263600
94661
627687
956771
90077
769615
65115
58195
915528
604620
240180
776799
611480
538974
432956
199849
30412
250986
181672
436352
689000
968795
848347
606013
789642
143376
898625
357184
117979
146083
149788
862339
879009
388055
693467
269911
13296
810973
228262
60291
729344
443075
746679
250038
439962
650810
491618
549605
59245
57986
879029
378821
160189
993780
466618
433575
673403
76523
64345
783275
585327
448848
601562
740322
749329
98625
99209
132548
455416
60638
360242
921418
32042
70960
256460
690218
453522
184693
944882
152877
430476
679820
251182
130473
631481
45452
909745
666078
387286
860117
741789
319643
571479
859446
165079
811206
646008
482067
979005
679928
30597
743588
263420
832904
624262
440599
910415
758274
553860
214289
872596
450487
410556
609810
717388
515438
30432
803127
983663
136824
660484
443032
274602
425825
259116
32593
76790
82499
499503
265758
575574
607156
177223
16928
192813
836191
883320
185660
744057
467760
183387
9443
344688
835689
912647
254060
638645
314386
871706
344605
890359
253965
8489
189320
170599
24519
127106
587922
533332
72267
279450
46735
342372
190832
889304
113225
344113
614899
299517
548832
568445
965727
323054
422347
590740
662952
861791
555132
502973
479192
745438
829794
877084
856289
448953
21064
169191
159505
594701
862939
225411
677027
789613
978248
871674
247409
750443
642564
597275
516935
835910
924389
169327
828180
828208
97965
933011
635322
421306
414696
405815
877892
58142
39019
441969
215095
901993
331516
212287
653505
141315
231376
34136
344718
617372
351983
613485
538426
817653
43060
80257
431073
847304
163312
851873
81105
35989
542959
568066
523745
986187
559826
356215
513051
179983
77531
310476
723156
97707
734472
977090
719645
12694
892374
569062
77778
83164
824742
110416
109392
527146
758077
231221
121795
806968
838822
892714
84764
125907
798066
181110
909858
135046
180000
846610
416608
449892
362775
858751
990780
299381
314127
588164
619432
347771
25040
297731
318385
470303
744595
883447
45237
681725
567108
727629
103794
523721
981417
271067
851769
26716
346780
735297
322113
380511
796084
101019
283159
257106
832450
725728
770675
871610
829815
414106
461927
239077
886691
73922
156464
924187
220184
448759
933231
581731
942957
573083
601713
852847
90655
224586
344554
905765
969425
14328
794497
845450
449076
103206
99845
882445
337217
421185
453437
16942
388515
174295
598492
599369
145651
839158
289043
246339
576923
338275
226113
139472
177051
305780
435078
766558
34666
18891
886517
655585
637300
176495
433063
319420
539074
819592
710893
193993
385016
57143
744669
135429
490487
613904
773197
158043
1123
239285
629406
710667
367038
447504
829040
268023
851187
77292
988467
401930
128303
254385
389021
897541
450346
512954
503160
208231
663876
783892
378771
324537
971914
173334
978136
123763
157143
907224
607166
34830
825047
348881
726101
454439
53927
707217
619454
704461
240920
787543
754045
50151
680787
641488
757479
597189
745686
831917
295541
314689
362525
712991
665531
850577
731867
653298
577842
330029
333927
694659
100209
123159
41972
728991
126075
760652
217657
729594
92657
74757
999983
508361
279464
90538
303737
894908
178709
131284
988061
563420
258469
61501
989296
582652
310762
404039
336529
152799
254255
29797
957195
397094
884652
50794
178078
305268
547669
464172
598295
712800
522061
909460
743644
643094
786232
447622
590596
161739
907501
966503
994659
424602
745162
545359
590755
799872
109603
301901
501389
233328
218642
557841
779751
614868
881970
237562
50104
997666
383271
347389
78631
189206
761492
933742
527554
178577
226160
731374
40090
19534
196083
789810
7243
707453
576298
33195
684313
187902
107498
157591
470901
975227
647905
895780
245920
673314
326087
759292
705191
7038
528180
365298
988364
326385
496780
726471
29317
287632
877461
227544
416477
8219
944809
766888
418809
323287
250567
740550
719733
649674
245955
895835
913709
681427
847390
333586
321496
30883
705840
276132
853454
114908
55490
187135
831338
842820
172088
784466
338122
56613
542443
407608
288435
182917
208341
768574
929298
986046
421221
601170
442141
611193
586675
363723
329560
289739
853518
397711
726068
88556
74096
668965
731346
960271
798931
920280
948709
476387
365532
857668
316276
399974
154038
223424
102847
847777
808570
209000
937593
825284
537034
802373
741748
274142
274109
698075
513499
646840
479668
493328
669272
443599
112523
289268
875990
329581
683628
634353
408928
714723
323197
624080
52456
779749
983929
117733
855461
114498
352092
819033
231763
497726
265592
860690
150366
386830
76389
34305
368217
621615
318230
493063
989416
675427
726534
400709
264895
587273
964816
132991
62593
496600
491486
864555
566730
46647
939386
590428
780104
805372
838080
31430
431940
630400
48308
397869
726527
53276
795504
709935
322743
80194
956982
588906
246985
797817
461284
332299
948400
439606
730821
427700
627883
109780
626115
297481
378365
20657
232763
193240
183822
599268
637993
915746
862255
631518
470466
424458
972923
576988
125025
940441
164696
602246
282457
894380
867677
955816
702569
659771
80206
420810
895757
73862
71682
157997
964849
880606
907174
807717
721472
465741
816922
522126
196507
561443
560953
480108
312038
421854
855030
48547
442492
538805
864417
673423
677506
87873
76809
788993
411353
712968
891580
712535
358381
659752
955882
658999
493227
870877
319400
241448
235087
717999
872592
745804
842651
592507
686853
752574
668259
931931
753940
778564
49349
427509
878070
520945
462455
28253
883250
457626
94137
627816
932831
103858
101609
608654
563015
793477
175925
867771
658088
675405
343978
467122
456020
633332
649196
162974
645752
856935
143423
297975
873209
474452
861889
939533
991674
556160
943034
58804
534586
302534
692492
560781
520091
480815
621701
199404
85181
268715
411923
98283
836233
285930
376727
105994
264842
674266
173330
51265
613173
726013
820092
593061
390601
935526
451635
650162
62353
813071
218256
832507
825607
265946
904662
709547
318547
743907
749060
449079
10544
620542
324490
70946
496175
823634
133784
644140
673686
601041
761937
170008
228000
332755
817886
634329
802216
851662
183903
710360
267808
59252
464253
629413
459771
462377
713755
750903
65579
804192
602475
50593
24068
6097
307677
569620
764480
875480
46129
811595
160860
460845
934382
756439
231519
828028
307563
602951
560570
473121
574986
129203
383819
386370
108869
907941
845756
896072
60576
699301
463048
170874
745662
237856
720286
640568
87504
598068
291294
895634
899368
202203
975616
352131
486507
43697
695572
140813
951141
364451
584931
802162
296567
8822
988213
603916
867755
799217
234412
812106
75880
731689
340302
872199
281025
385703
346656
822856
745319
984439
217901
492178
551871
198160
180262
567590
999183
867419
261539
44251
862737
362018
287623
884758
980522
277462
692866
850919
769332
155452
970673
939331
973623
302198
371872
615002
629367
275754
646383
121557
452071
550993
461458
417198
283771
613854
63666
950827
969947
531208
66545
553272
446387
144758
668811
846112
474727
924103
785815
