9595
177632
788604
63132
658590
83713
647282
366845
915589
790951
783459
562388
471782
280030
694844
983365
682932
955318
179529
927495
449789
433290
900791
990141
775548
928942
140660
649587
61388
138868
849458
198134
322295
274459
896075
989200
140205
672725
639231
769950
195280
805556
266008
862160
420524
423152
911022
59645
235588
37975
743879
885473
25863
256401
648086
347892
256546
720463
525732
536167
187247
192144
826572
301629
527499
92368
874784
284740
217861
895437
315434
358320
246129
648182
727949
379154
999517
982835
21001
528890
435099
967052
120476
992294
628989
683255
33926
690085
146719
736832
385318
185228
155230
323159
190592
957268
841319
30641
836512
453519
596010
969628
215703
943045
503340
368164
672740
622319
792380
448218
448751
145615
677117
623879
706030
572778
487458
137517
878122
765923
683897
371190
343452
990774
897950
2044
962545
67277
535568
684084
405101
865858
223456
831159
243564
724210
227077
252015
464195
762938
984205
319834
148100
255889
822766
253822
189984
344258
479099
368042
693287
839108
5298
199140
40044
675511
31858
978548
43652
107901
576009
392140
17388
185395
76203
977874
423946
253451
513856
370572
33292
17352
444116
240039
415405
341716
466930
139236
712406
779777
495050
251808
470305
743898
297935
963838
105144
215014
58590
914547
727900
306873
829144
696621
275394
591286
243280
310753
119192
858916
250336
55407
973605
708076
95318
108661
439374
139693
68044
215469
780532
268476
748501
14083
21947
307195
762323
459384
327334
991060
888230
545644
593758
560403
485055
260555
313617
792413
318994
8471
935735
823505
424298
621197
348912
719354
896214
147703
100938
304686
99457
855373
718494
873478
424288
418313
626457
525625
549572
178246
888857
432343
99279
408020
229421
439072
340035
244699
315711
353407
869238
595432
572750
541862
90594
599129
209555
49351
559961
402209
895813
164140
898773
145913
457464
756147
273453
758756
712928
526890
897316
497244
827572
884355
102300
290590
337198
31348
295272
112463
144367
845357
818686
748874
714302
110519
177931
379783
984497
175014
852385
321001
270628
631866
218636
235172
55206
812312
450562
371912
297588
671648
722680
470959
82013
548394
654737
572543
155076
908706
166257
925213
408004
726589
559216
495663
92398
765975
238059
523659
33069
193451
275508
126401
49035
630702
344681
367681
745356
425800
394082
16107
109048
250352
414084
65586
214199
518947
919667
966059
322836
281216
773668
451512
222436
178947
652176
115467
397312
174172
297412
161049
39725
579755
682261
427357
140573
543835
914930
826630
846927
48408
884114
639039
268241
509934
145483
320344
166501
471935
235460
13590
967234
52705
828611
897556
507441
961554
29856
335508
875160
698712
69403
739430
666580
303098
825865
556147
470335
436628
469865
498982
883409
766363
724948
595256
271778
340846
905811
727319
859789
967700
847627
990323
780785
223000
1235
902501
912913
998078
692710
911548
968987
69537
622004
82212
820038
657386
422163
984949
675028
692655
893266
92758
686007
693221
925102
767948
562704
522884
403678
309923
694802
790390
638985
175671
385029
451387
914520
187679
632743
268892
356709
787895
418157
866825
569490
311369
953191
770321
950391
760343
954433
805758
943475
297352
33509
414667
280163
591597
306558
271619
269041
50606
378456
549240
632708
915477
72931
901724
805077
372599
142614
436735
727266
356218
433969
438053
235835
826696
400538
892419
679481
854159
303721
684438
962830
596018
661823
259745
191480
495311
303889
154305
260944
533549
267843
250862
264767
53250
868463
117968
43727
59295
80260
522555
76127
129849
529803
761097
695089
887317
552261
44307
785629
917775
737649
694028
579433
119494
228394
591289
534832
279719
108076
626512
59646
322133
424695
68013
494654
766578
63436
893931
323082
501709
598676
438757
993890
549608
198560
126025
430585
380644
838795
84245
793512
247115
26428
629426
430469
53690
326152
439145
215887
300073
828660
938246
130240
616793
802008
726536
750917
707161
391646
493569
253962
576116
574378
383313
59950
303226
826388
795641
805718
193577
391440
460958
527006
405817
423471
811165
67177
121217
772478
603525
259289
262793
9164
857013
817818
98605
493962
408915
682265
382506
843787
512678
694227
434696
896170
476817
524552
194532
970058
968365
55438
156697
545976
255873
932609
91787
806701
824609
946776
198735
45809
199264
715347
697402
321241
466034
285200
216773
248817
955875
161725
200986
86964
443950
773864
714877
419640
227707
908275
977178
386983
236217
318243
819623
571367
845267
961431
825461
426203
800721
253205
877337
997251
88462
355072
558257
267903
41042
329382
14677
12401
970123
612726
947868
394175
981549
332366
144392
936760
273123
809843
836239
912526
796080
574426
21383
659713
498983
644003
685228
450973
209155
608613
707793
160794
786724
379044
567074
703073
805991
7839
334417
636462
218144
784454
473765
341904
29046
568713
153051
262158
464284
984204
318008
540900
803240
944951
971820
206698
468241
419881
962660
736470
421834
711756
905197
371224
257781
430979
587136
425635
898182
627200
207086
297484
32245
620211
526633
984970
381471
940125
880236
850846
227514
530819
358600
353356
831027
707261
128013
771527
624486
78318
864913
776810
658041
448910
738464
529699
116310
912546
803712
975338
728643
90829
137887
949551
879839
575040
985499
185042
692475
404238
123694
16268
753426
581147
309812
297131
923686
24562
483611
490874
489209
470068
555174
524926
118246
219118
928286
62557
366298
864516
936149
601306
839345
510666
897112
487675
998385
255282
433968
579916
533853
426399
233109
228860
429047
965528
449328
648164
984278
293912
234955
976104
814815
797570
403800
233846
212003
928177
599131
560492
933141
985646
772532
399702
900966
243387
369485
494228
746623
762124
200860
91994
805594
715925
10389
433170
614462
830206
233456
324572
559573
436724
794706
278965
654571
708953
897627
714997
843781
98843
788747
241778
698588
701538
121553
591299
625717
772579
393010
244895
472414
455186
511698
593891
238278
276532
907555
125362
276858
880914
321639
531062
541752
611849
280355
340549
950897
388671
374434
781152
211104
649776
93474
948693
943874
567462
250464
517252
304369
851719
74427
101502
449697
452808
689095
662281
664245
800192
394865
187648
805567
445783
827146
639639
201683
387421
735794
959677
481926
648183
415586
328410
373192
888819
354709
451640
295707
910461
609428
323837
225647
525867
126877
876950
691804
970611
660207
939824
930171
178940
979381
646624
749922
746577
986700
401251
688058
15154
925875
277247
489918
849733
416654
799048
684753
11498
866711
417278
884220
616108
140066
169172
236164
94035
716874
70668
990500
527574
284157
650749
676524
974573
975521
253942
738102
440197
474530
393725
956224
934477
249562
747312
667947
281133
45147
250701
967567
977367
690972
102605
716345
991029
321341
315114
280834
172290
817144
847234
929485
310517
470182
593684
594908
71703
926059
761959
351503
368502
684416
866057
933947
509938
905947
173173
148579
10804
229053
257358
227094
277119
557336
229384
744805
221022
185178
708454
469374
442813
585114
179869
319849
53268
828318
902616
134047
92478
775111
734293
631042
160168
525338
269932
796734
482084
466283
262896
563386
193821
32488
416686
877946
593893
806271
584531
21716
68459
880109
865514
123276
372872
698212
606274
733903
976120
463640
834157
716361
641830
626151
502309
22627
393695
381347
187594
898332
135273
313341
86343
457283
211053
127567
754578
710606
937103
401541
251793
645914
518110
393961
795098
414272
619751
714827
534867
271632
854436
270345
159416
272365
863442
833792
525691
569029
259616
905167
463302
392555
178947
68548
666076
871826
873766
87974
736029
752552
55999
467679
634792
729484
727677
922691
708507
15982
438301
6529
359606
909186
565788
951141
131229
481889
597319
164231
578812
926460
653038
557780
698437
961213
313143
206582
84244
217916
944974
344163
558772
870618
456570
61375
111355
321534
475787
980015
349648
667178
774448
552444
92493
334713
184485
20127
703167
653239
626057
707695
792138
562140
412557
47140
466538
102567
89225
755847
978068
284756
177193
378488
602299
398585
567364
755099
511918
605891
300237
571424
981406
428103
910370
435694
190206
111495
267202
47340
127683
890948
326492
539436
388619
521851
375042
833012
957402
303869
938492
153705
682111
250798
281401
712794
323157
760730
541345
36390
549349
703215
199109
109004
573865
332059
148472
620237
898411
263043
71543
821376
904140
966876
475459
420146
954977
214954
60432
276215
693944
94547
881557
285713
340920
503903
248900
972412
76710
931279
788436
584788
752708
296086
538489
423332
132436
82872
243254
946124
502778
120062
834888
786382
655039
800019
493635
826677
826226
703999
819579
76002
841641
885373
987353
32436
504933
208762
251533
840723
901523
111853
529634
782682
352431
727693
941293
548895
744195
343860
643039
437855
385101
171150
215098
913483
188607
770493
261728
120297
939680
593549
932231
64425
525328
982607
676425
614725
762152
585428
796696
606483
8192
342920
728975
587434
571338
472552
62563
926703
666011
392801
192184
831163
986122
109959
209744
879274
653105
707630
956510
979843
998417
554409
298873
256127
91410
159197
930476
381176
885799
512
42474
19951
354704
980403
883551
251898
932473
80826
84257
158408
843456
531924
94085
380178
736980
402427
139086
96993
295736
516026
426497
357942
875303
701798
984596
124313
188114
851898
58756
877697
501381
704083
269446
323548
122471
361028
740437
308093
358304
625495
809066
497760
242581
765793
687498
366682
733839
148609
238393
54753
313273
90165
71116
832949
908232
223384
487644
779307
45877
242492
436119
457364
786086
346528
94384
558606
377003
947278
937078
366566
999331
845140
957379
828137
194239
717852
647179
438790
28318
817386
248596
637281
405400
932402
259524
310
566743
443028
696470
340584
92126
56117
667111
106982
589485
271931
356973
530296
883965
210148
52230
342444
272294
502148
834350
122711
682081
847577
448779
619018
464871
308492
132643
623891
256248
445063
867373
677869
813623
3565
185925
145989
446066
505339
689016
264873
201024
9657
617599
532303
757060
958812
31305
784576
915214
920187
559857
161759
381472
488044
290767
239898
330189
985531
790186
653612
300413
442246
91595
699660
968718
518008
718317
703477
969877
434976
399056
502547
22466
993389
458988
860487
744929
309960
505923
311255
30013
671694
857871
347061
871007
569641
666139
320042
451444
905482
897966
497375
966220
335749
644769
941896
685951
372488
952786
996398
461546
965497
285937
485015
821719
27436
882552
373715
415291
751230
585975
83622
109272
444624
121293
708045
13187
582435
972915
613039
590208
150029
683122
699234
170761
704214
645749
100950
465261
546674
974009
498594
822358
984346
840288
991209
957027
627657
443173
7208
298227
262544
447786
287519
854339
608278
872686
554074
474991
551728
839834
482331
899669
255257
502074
557350
710423
758414
857161
89065
343166
389704
512869
543045
235196
554071
747425
147645
633482
782616
478713
300346
573872
531539
943840
332920
657443
474739
82230
383889
966664
408866
876374
383524
481303
710465
156107
924962
1306
804225
70114
83957
20117
191585
19162
916685
964672
750148
146424
624071
195312
367342
241463
327932
751956
259611
41309
447332
326106
128572
979689
212262
104049
22415
687017
917949
717418
751577
77927
416520
715128
797955
450243
457774
650134
448463
746396
325099
651719
317493
769640
787644
385081
911902
895396
194979
732227
45692
700389
503128
987917
148356
429260
931788
440079
624585
793495
133914
539634
478390
353045
917453
183250
88680
547314
647368
198053
603238
917552
534358
197301
273021
730294
975695
638665
891772
997122
385891
922146
360649
581435
238854
172193
700255
674530
895672
250630
414373
821286
693552
87699
364523
932246
499108
277966
900099
553585
485687
877286
931002
804825
415424
107885
425010
928870
988659
412548
118301
489815
291631
898964
583064
806372
747171
653752
654242
384687
633757
358713
6903
659480
738289
238833
771085
293360
88258
61904
32106
487365
958128
122493
285344
857628
698398
11796
740391
918268
217950
481486
389333
402855
911420
900158
158332
967140
840420
924536
72352
554487
273201
713036
26771
786803
423699
527408
493295
326822
607195
300219
720112
494514
838246
191822
702059
809979
498532
571917
112495
675196
248708
333899
887095
842420
830526
890948
302792
155710
133756
394627
588781
450751
510629
684772
194765
636409
898248
935156
56102
121468
319330
904436
844904
42427
461005
238653
216560
738044
715589
118333
107551
895721
326423
923167
901655
7940
954344
205449
282130
790200
71327
351935
841886
700042
936112
373413
395065
61422
853318
653473
108165
876022
710796
108255
104040
781029
728217
209134
538690
776930
172278
95559
948108
746120
200332
163822
72714
499482
904111
372466
881964
429844
153665
520462
667207
939229
261444
696242
850282
453720
968064
134491
786848
874329
28493
156766
631874
878004
186110
980293
490294
75058
495210
811472
606024
72477
896088
169181
636835
330875
685254
841954
805547
516887
75414
926294
375098
705338
547414
199471
662518
348985
507306
48839
443212
37224
288728
178584
228299
890220
433200
291238
849247
538606
865750
66236
34280
549228
283438
782926
225718
521193
951970
765309
230947
911109
646035
329466
371150
790183
688217
907714
109423
201366
716153
695687
207196
989095
622178
120431
258135
560337
632996
274677
309073
297180
997038
337646
573760
835512
56834
335782
539096
973738
289719
159977
7913
383969
6378
512605
664980
383335
476611
895116
724523
258867
982111
737728
912804
217435
376863
282887
806394
411238
324300
872726
394081
410496
948198
559050
15204
703175
190920
212489
568668
998786
832313
676935
817998
101617
660945
684517
918050
228927
475269
607412
67132
444820
826642
872086
994297
779783
237314
500357
118664
36721
270942
16558
169954
427100
648369
453685
188967
107163
612724
192924
827479
993011
478683
654398
556137
354935
420475
60661
379852
407281
272662
193051
890999
954556
369861
309806
997103
587311
552704
438541
552085
706356
125453
853855
197289
922486
290627
814419
955231
194872
865082
923649
548572
377155
509650
486959
610061
794808
29404
722096
650532
359299
290408
650664
453489
276400
984428
256682
288665
235800
550349
372610
425909
732019
230285
347662
764233
150865
468434
503431
558495
356004
117583
359838
340031
174005
222609
535681
491982
594295
736360
69564
44481
339449
877040
567356
223484
509620
775419
202672
867659
380548
921692
795464
997115
214004
200275
348191
525590
127282
149264
266485
768058
211361
103334
304917
456469
713806
482573
517142
237311
919802
33171
137788
714932
176917
338785
607934
278893
106700
151270
598178
144217
691385
228258
375877
172093
868921
511825
774391
871973
208924
809010
332546
193477
962293
821490
306123
330673
692560
872890
818962
155638
878211
402322
472212
863187
47133
452976
980496
455703
298108
449633
469734
112856
449723
712787
328474
343373
368007
4157
784824
607305
655827
18027
860690
189781
457058
296425
713189
885224
194241
147852
425114
61317
871127
232920
186088
708850
355220
722257
881878
866512
39495
359969
422558
783836
464076
897634
486445
609601
724514
452681
221831
454487
239835
220656
557896
904956
421612
520895
223749
38861
647652
768630
669585
980226
777914
581592
907036
577379
407807
340343
755957
105195
157746
662681
418992
621687
372914
39300
982306
989739
707854
276459
848777
804002
316600
286517
274953
498959
374617
423142
297553
992821
714494
937324
83484
179519
160303
330824
191380
683261
935136
702359
597200
239291
437697
699581
140030
725824
716912
984685
16924
536864
274127
644822
991392
388798
396783
386093
707832
988642
452139
181523
835372
228275
530322
550820
201311
91793
714044
577756
344308
95889
48701
143077
34380
619350
489464
30081
57326
436552
751371
301712
171200
544308
474344
70911
874098
104000
762051
219853
44474
813257
105895
883195
144953
251035
105636
70992
748093
300620
356579
355014
773216
950133
467418
350548
943181
861518
974682
433177
990178
846693
289669
844386
518577
487867
124318
757208
491233
752891
482169
826377
782450
862360
972817
79377
557214
80066
399992
27301
47322
329284
463657
229179
132412
610685
761081
909529
969782
261560
678764
611513
987456
26027
508900
75862
83988
707529
559797
755031
526099
35844
993235
456596
975685
420515
970989
266441
460286
450555
490835
853974
613531
811021
643858
649520
164524
375420
378720
553000
870764
767657
458418
208534
243563
314861
950060
858658
652685
276210
963952
98030
935722
334702
240535
477987
135702
992637
501502
165463
951100
375258
644280
745112
482020
749882
956385
141656
267860
936326
498002
961716
411154
482739
937072
495011
659463
297727
480415
904759
474558
26249
231061
847763
452620
387277
669961
279466
45578
464380
687369
509359
421182
191476
284395
589663
821336
522849
921499
349607
146008
444847
404820
919026
595148
111147
173674
885011
535863
329845
385027
372748
769294
442788
755366
145977
366748
110134
333099
238940
777477
273970
842258
497670
694567
678877
929840
113630
217500
776341
39620
824657
797852
367501
563112
882902
840512
65637
13987
186652
976865
161956
453147
412243
192415
2325
403304
178964
708093
925949
906307
240622
73834
919093
656157
406094
648987
630247
159820
847434
757331
31273
103072
178954
655236
815089
214868
494995
583759
486004
964320
100530
778600
281440
677420
986177
520405
541682
378206
534169
94997
624692
339796
738644
997533
828055
676269
798269
840125
362281
220354
718743
234466
378738
49203
633094
864821
825713
768475
990558
796320
754542
231397
936583
740912
286396
13368
222153
780373
555789
686606
566970
146631
860209
838947
788673
847619
115053
890376
924998
256307
777396
470550
437752
736236
138949
573440
634106
881105
55968
70082
479979
382420
217446
251958
709456
686045
328844
620869
263649
729603
878715
111482
225133
946743
115208
959282
691242
409408
445003
89072
143965
396384
914654
920141
606050
353238
192564
251020
678105
203645
909587
528716
712941
586066
174127
453910
321474
96595
368869
813078
428282
714242
457041
238055
687204
136968
752588
131783
119427
51895
422725
461290
43254
59816
437242
410794
487113
138947
955156
549467
7127
745565
525213
189821
165145
247036
556127
441803
673168
9526
268954
389232
767819
263415
957409
502873
171157
963296
633297
301861
858239
414285
222511
386937
297925
459951
707165
150321
49440
839192
278777
702577
59688
575190
332435
113497
189411
451510
619208
446551
861422
751466
731967
707606
320774
742341
982784
197332
909812
115618
271468
867857
479315
168741
938269
364707
837951
16793
731098
661735
220380
806265
94775
991505
344576
674506
885191
635749
358526
744293
579775
166783
272464
257107
791913
658700
995680
126416
24769
625307
878259
389618
7024
798606
660018
855907
363362
365930
108951
538378
177094
248718
412592
682889
500066
469121
453907
5343
230736
548900
937887
539436
813528
972550
376938
549013
304939
280470
950732
899710
639098
247923
106311
658100
813681
697696
405138
665837
105492
94675
480768
16230
876916
810540
195794
368940
68301
91459
695638
788599
621375
66906
615289
674224
129256
918898
739952
767828
705690
953657
702207
525360
324478
720800
292005
181004
124420
301515
945700
324388
327494
837410
199792
325777
268408
140677
208436
496391
120846
194332
636411
411319
761771
709835
778753
259669
441344
23685
831319
494708
378377
141048
696557
556749
75552
245478
614591
741214
612477
87508
122143
539503
528843
702554
652635
606255
905255
705691
861834
481342
157239
442447
394680
546820
882661
685820
469739
412734
582839
584196
148882
75097
449805
576023
94921
320566
253686
649800
554251
184462
218734
701758
281077
36591
51192
737025
977331
898405
841364
195252
735177
18868
343582
90978
327808
582528
284739
832432
113323
579408
98976
110834
429461
652967
458745
256666
603080
757010
484690
168012
238332
39744
520174
176653
656411
408523
788129
759705
731181
592469
180756
232275
599461
926029
94997
817751
985799
97361
774360
833516
309300
59630
985039
299605
336404
788162
963617
209286
383006
315523
456138
244148
114439
354520
861070
771653
492996
881765
873691
359335
644478
166692
887610
821500
361234
722030
232369
253427
426305
130458
634809
413682
236731
123068
117271
687087
685699
300559
281242
57502
624319
974957
323376
838917
600990
963258
825252
218603
942054
733601
189560
609327
45337
23542
859931
860084
504451
458427
716807
565946
247203
630270
391289
742856
864691
973919
13646
246085
115990
664624
490935
491559
680990
901045
786201
661762
809910
839946
471107
41090
215474
109156
883725
626868
952178
845360
197961
517438
968493
672023
474729
390127
143967
662307
46061
465649
260113
659387
771334
794587
846210
630794
791692
928739
769839
162878
970457
168049
887044
178285
907648
278350
610015
71249
675117
587323
222845
465972
736219
611678
589699
234983
317036
164376
955691
150060
336232
777266
956553
827187
432149
247285
844409
331841
255534
41304
365096
119405
496644
866964
235387
294213
633326
414036
724959
501005
137006
746440
436782
196327
352034
822617
880954
778574
465252
910647
464826
505404
265470
705997
681679
8492
361165
196758
149617
714170
482993
89993
89339
799526
189934
747376
806991
903287
732258
415191
516967
714940
315427
950559
735737
764206
406900
450418
923846
497777
73636
323409
71104
890297
142020
991304
80278
266249
282243
337219
957725
519511
491240
125051
751452
566668
591658
243337
532404
220391
284143
270427
646506
449153
810015
89220
495635
158891
578789
527149
147931
496819
972738
367273
88369
139014
570509
37671
181523
754479
97803
250624
507569
846270
667879
862001
528128
195203
530446
219426
662174
754426
729705
56548
112413
625409
124472
454010
506031
573571
794568
441294
91756
613689
278097
281733
242626
409799
368302
594860
992569
224706
45369
68049
247393
6545
826562
523055
128859
231345
691052
397633
500610
154258
319013
373559
112628
320799
610240
654278
300864
867163
520689
915162
181806
236518
383908
349287
47717
595168
788474
448541
287357
410660
507553
813562
56226
831989
975438
804217
202593
798583
497562
65704
149714
684244
613430
955287
291170
231871
130765
988140
127612
411285
153973
946196
976852
566239
789136
750548
833168
814452
863557
804605
554451
909180
191511
335934
105383
758991
572959
938835
727877
654907
125098
932700
645380
652901
521393
615688
178589
211527
704497
723184
584087
620183
352423
232000
332115
871112
112362
633680
911286
246761
506852
781969
9262
390316
576302
341090
513251
526210
463815
690626
30204
727265
276849
880480
71051
85607
453225
370767
502294
751320
515649
865173
344579
382147
368027
977507
577887
252932
168004
368926
651147
13474
636394
500955
477891
270936
500796
496042
672908
455217
400349
541257
979066
414156
638660
509562
579995
252352
911667
314415
723076
667352
387345
967265
455541
559423
803238
120447
716075
405111
649523
821252
757251
401155
769068
378273
730886
364709
797459
84506
20181
441602
793138
872813
681394
300065
131637
351980
878696
570322
266849
251628
892441
182507
975349
296406
433186
971374
565660
618842
500396
718918
873995
389828
102226
715760
310333
886759
557802
315703
354121
864821
761970
980119
850844
730353
289305
638019
646105
976635
233319
747075
450634
118346
703433
663221
169473
491193
316157
380723
17487
444216
567190
159573
133664
745507
18925
830093
641137
619823
69668
73777
737968
414144
757592
482070
112751
612057
984099
858455
835204
245291
708362
265845
351743
609614
574858
334360
19336
289485
454714
577524
323157
251291
998941
228871
76166
524452
826438
460670
253277
853375
62376
251704
861981
609535
713209
626722
272446
355817
976451
748097
226313
75520
124615
824014
97558
561659
183694
66875
867808
100312
902157
335380
769730
335177
356660
795777
273489
399629
750099
654183
132885
281626
575273
876911
180900
242486
45643
808734
525021
118821
682862
73379
392126
674429
151185
335728
69411
25941
96329
659904
655964
63772
411946
530806
991145
101510
759439
660710
688788
173856
75399
905261
290475
864837
190556
606714
380569
57769
124673
881264
74592
290066
336535
102820
537654
828391
214940
116609
804537
776993
913393
326475
304911
602398
586118
651200
681566
373140
302052
693466
528165
570850
212246
581938
473717
334594
298933
821823
498704
154651
184719
864251
132636
110323
519795
443110
630532
278018
478620
501796
17068
766946
964344
961089
367246
42274
694803
884181
506934
758841
650533
933763
343126
662295
509492
949723
124871
712919
818663
150623
866077
714321
484201
432035
854629
290445
352950
643341
751038
51026
989189
129724
767313
693724
581074
225350
657262
398571
32583
726361
145860
374904
328646
200002
903549
960195
881686
536076
324724
587015
233703
453505
119380
24271
265091
431564
375054
657250
768212
374590
247030
331290
221900
371823
4795
450515
274100
964541
150785
525182
494997
591728
692253
14293
313149
627966
197420
177961
865966
446313
726480
946903
150633
172550
681672
410649
541906
81818
42347
928568
440064
214109
43201
416608
49315
68192
259582
107148
651282
344138
994588
912416
790001
390398
219988
250453
770876
783129
357688
656782
327666
216151
279920
164234
174688
624917
961679
951219
396552
400049
719505
483155
120815
488525
140787
630886
138752
703539
936303
518026
108320
833618
170963
587154
124303
205095
676605
54075
104631
604791
232245
297206
79701
33912
43623
17636
239169
694287
209979
612640
815195
80308
702867
710709
443284
885171
336992
808688
389142
856395
76577
618577
876241
491961
788218
504475
753571
356239
389997
148299
624547
54653
208055
933989
895947
917617
820169
473705
384767
564123
839329
102949
612734
664201
255621
520292
867044
409842
683932
315972
600089
957774
175081
126245
291610
2338
26341
812798
7522
695578
936823
73097
495540
466382
253266
601694
627720
457959
683179
449118
828752
587355
336470
697414
186725
294739
824892
683555
157203
694446
618235
545060
860222
388511
594842
380939
358319
8498
741287
675902
466303
124908
689328
955386
957406
665039
991450
47335
394112
803580
105313
877446
647590
426803
605356
328646
907972
598903
226380
983542
588500
265549
797457
43926
651383
853346
36169
877446
630211
847500
724438
1184
807981
925097
593067
792097
690196
336548
895715
460802
875432
343062
781885
658981
651317
364744
901880
68331
504080
251415
545287
296418
583836
64688
737969
21596
57657
224507
506697
780699
352587
387925
38916
175720
290978
793845
721148
249666
935883
552560
31296
256116
549682
80151
637205
464319
322290
137918
716366
840503
432507
118168
266435
217130
110815
315134
479793
69626
755641
80270
410478
871372
408186
846192
141895
741273
260434
726452
543032
231202
830711
610775
434375
521408
228372
705701
977469
970009
592849
137912
345666
206319
181179
597214
146452
814226
94481
352984
667363
226998
142250
65855
621837
539743
522053
806466
952945
11704
2095
121674
486194
58180
10187
547006
490314
748652
371841
428258
826376
431606
556550
136986
216808
151447
238467
539405
223949
444959
908197
190245
173597
195666
178368
661874
161913
275287
819936
506094
290135
760138
423918
599771
114239
968876
359356
479049
529886
552250
220269
403252
538122
107035
116420
248457
482003
559410
892615
850249
440962
986964
44239
42247
525425
30355
435439
775115
892678
622777
31103
37209
768526
717712
216004
176459
179634
551454
101117
491483
294104
634671
867725
953533
913240
82762
17728
543337
12377
785669
216891
769526
722504
391861
829829
168802
487092
979005
308844
24302
297289
150471
240917
715750
968296
240209
805540
599999
391007
722719
931716
966745
296906
322703
406611
453923
624517
982985
752365
319773
401420
237780
884180
635897
59826
40966
708409
516187
444922
52180
950569
11712
343318
982919
58903
268538
196090
204496
241026
109593
309787
510706
625090
522534
376585
965213
211381
425353
243878
532571
11264
577802
596098
121699
618244
9140
626645
841164
213535
836373
335383
553819
885020
871523
236096
698685
951032
933049
385175
556496
420562
226110
641273
866587
102638
682918
243177
672606
194533
293010
579342
970309
328557
179603
406861
743222
56193
211980
644355
737353
508013
508981
472735
177431
311416
91452
967515
825387
85613
695366
105173
252502
216712
29523
687758
829471
422778
384703
796350
499543
201881
386788
965777
897673
888232
51549
128962
393808
731262
196838
829267
932356
935765
454943
436326
579980
122033
192879
205883
346839
630826
375429
423175
204838
76248
566778
967149
720513
915803
53970
693979
67465
994564
703842
480196
428845
555236
751627
238901
373303
434095
897572
876247
556094
786123
73014
726656
586622
25275
298720
883125
94916
213027
79387
580096
588163
738487
582872
287978
206277
525956
66950
854742
15931
141403
684528
78138
776245
905557
13250
391482
113389
661640
873452
106147
460477
685317
431519
644609
742321
548106
396276
221149
767991
310347
852076
100182
280947
722840
447762
793690
325999
396906
395517
858562
991856
275984
397617
720008
686371
611569
138085
237285
725366
509949
889056
829515
12612
873333
384829
390396
657832
561555
553229
939206
383155
741654
180251
911963
151224
255086
988234
528721
388100
246209
342683
921330
304043
551512
837003
320385
180349
859050
397977
540746
459352
236354
917221
96100
13719
336911
494132
254855
539048
522056
377680
835012
740540
639866
245005
124389
797655
511919
868454
941153
961415
852349
338821
61820
762801
9448
300641
719993
857350
988661
253186
373373
875221
3916
430752
807810
132731
409672
905641
710324
157877
464799
398626
128619
321430
586025
992229
461574
880148
885967
973576
423520
604860
847121
598942
744754
217542
276723
789783
29701
273795
750853
63363
385554
441330
524174
182580
799224
949235
966740
353216
528472
424723
745611
108709
212752
361989
580568
83080
418131
291314
372864
825686
339234
724519
136946
258955
134313
115949
980525
196113
382712
48950
268879
712960
55388
8499
882172
856452
503578
962051
282727
380060
281351
402501
724160
25535
2375
164558
240762
433561
909600
335734
175031
486451
505402
620109
760339
150960
52725
891948
73418
90931
255015
13605
164295
147614
918001
482844
579914
493494
429692
788911
418804
70370
320341
438609
490034
898898
272483
682676
417092
281277
159809
913572
329385
524802
226684
273329
694441
828592
771306
309829
425086
851297
448741
987028
776096
726849
968099
504688
441964
534572
995443
815420
240432
869237
236438
254777
981077
420228
242296
376380
421354
357655
795914
97536
584457
405929
752829
841944
65000
845871
153756
669885
324414
322815
840006
211461
124111
265740
297735
842677
608662
991372
172179
486061
611343
76026
798430
605825
497438
110647
951451
210409
222751
489228
951438
295950
268747
10698
287248
666820
534339
220691
180959
453847
601020
401137
207903
898558
547784
180323
652593
761261
38653
716921
165551
528134
989252
426005
790657
445359
255040
645841
398943
569854
255704
435199
576995
194705
957539
27339
870217
664571
961967
151805
246279
897241
886062
51995
827971
367938
827582
256555
609014
5276
484564
386582
711067
981260
877700
763689
812307
693061
302063
875892
572184
220610
130249
23253
504284
899790
98245
538959
976637
298560
628704
502227
316007
354373
747207
766305
663175
879446
276134
751944
55080
954120
428942
578505
504171
479938
614210
837146
139815
894472
925791
830982
206107
769014
150373
38001
423436
825993
885158
450618
341248
837400
929673
438009
827605
688352
675451
551911
803006
508476
148468
22621
586779
778547
689569
48181
245045
825324
498227
184013
936339
31420
487876
422058
399675
551840
989665
22136
744456
688070
223544
530480
949348
60998
565407
931538
649315
584558
847998
262290
500093
133242
21979
384975
913893
218019
305153
971646
752522
522638
837131
654821
877161
257637
651858
61956
478797
123587
273009
248462
953765
917961
328689
904980
967552
483022
70998
322115
163111
529395
644869
461892
487638
243091
626320
568129
246361
458777
606752
579016
790848
444269
233918
511687
965567
883143
202622
14199
232996
174116
413704
571926
174965
570005
963332
168076
676517
504564
621345
773743
696435
588594
268610
693858
410720
15372
414087
499096
435659
116124
216755
174903
416490
393100
792959
131607
535719
989477
127290
694953
333076
429125
193115
485236
355533
652207
760997
330043
278313
371645
396469
306555
953372
170928
692587
735312
374892
376872
294003
97015
736910
252015
619119
549166
488733
955055
214595
866872
864246
38980
706300
669949
253362
177196
726557
636238
141377
461851
253128
27525
96
227435
321030
241802
598390
42417
941299
287731
353937
948267
72201
785603
38584
45909
75399
290899
733036
251866
62525
961039
230464
631272
676599
571863
727762
583452
557252
418053
860965
314461
498465
958670
229020
517381
462023
220481
708693
5817
313742
589485
67744
227865
892476
243616
229275
566355
759215
878281
582635
303186
665314
589311
389081
57556
110687
261723
292166
211546
234625
504639
99213
440632
318117
579514
623347
358220
186221
53764
222541
150731
677168
45219
686639
854583
97218
710001
319500
515949
720155
900596
376687
903386
59878
19885
556949
165646
400488
943468
909732
364969
987979
171680
577164
14577
165575
672621
836537
776262
975788
212470
478194
350765
318350
744698
653009
979400
923788
43418
543967
756902
703
859896
983820
205815
536380
834300
812295
441048
636935
940784
518976
603981
884500
850315
523320
514060
151482
464395
923201
40374
36343
697403
716120
298593
963354
449428
649499
297808
236049
434560
924520
228228
582607
137530
684116
141867
872281
366864
942597
13239
447214
976138
311917
81866
49937
47973
252643
761101
252404
778168
201439
733408
595907
450616
998866
886187
224010
534167
331680
707091
91331
774727
846267
643529
100736
671132
58269
96572
4273
72271
352098
714479
711379
595742
385983
540453
373622
469329
433443
130552
445417
703256
84456
369289
963587
663889
250806
24849
729232
428901
658229
559190
629975
709906
806956
645818
706501
600259
135163
549806
487480
210395
254449
645571
351081
31312
158667
190369
374262
537076
365706
21200
771979
201680
401264
461107
762797
758953
297302
777686
232098
917604
469229
22044
643713
285701
950607
63067
796882
269651
899457
326851
327137
910232
55816
343225
415908
436676
574180
603394
451974
145521
594477
560154
262223
845314
719369
487717
924210
36004
736328
513661
336372
453814
145628
618282
721332
441285
872504
849711
991131
135728
286531
298241
761056
616427
408633
872595
176440
266846
138271
653068
817433
715885
51040
987994
174058
458003
672905
762272
885961
157479
515166
890443
329592
882049
33175
872386
589541
996086
724794
547131
776852
579774
857558
336107
120235
365879
553945
554134
260185
711811
745039
983748
323620
582540
783863
244500
739855
855399
260036
297386
4516
365526
986733
309763
504803
725096
561969
488042
678279
387387
11691
299268
18225
558946
60045
105349
934580
316129
301692
615621
499900
756437
299208
815341
974683
66481
28038
365963
646194
555170
113100
572230
787256
789460
703689
103467
556138
713614
901567
346533
234063
31481
267037
616139
617255
680318
586749
111316
953263
914508
201462
511206
471956
164281
163103
407307
788338
526912
733665
435909
537543
519529
803448
812600
655865
134086
110406
970053
626560
463385
475220
388152
690481
468435
937829
12631
69864
694519
385465
196763
410194
606493
580123
67515
328852
349139
399079
956451
949852
34654
818268
445508
318402
319070
635353
525764
694938
556111
489080
331222
847704
42028
9668
347365
168480
515950
19288
395179
593258
248882
799893
131806
851279
603064
24639
878537
92850
843463
771253
55864
221454
958255
107083
223756
799511
557862
827461
646383
800591
306964
869107
618786
466473
421738
345956
887346
102994
690477
993992
487242
180832
772753
230566
202209
461530
383488
346230
592980
407266
948858
124444
489550
159675
204630
630179
855099
458214
346832
584380
945102
949240
576138
997933
529124
468665
883911
555555
581112
800949
104330
904569
293758
426105
574015
21481
182889
224410
571475
254175
297942
819918
6064
235369
104472
470519
247764
980811
826081
321152
163213
622256
259785
535776
875219
857338
668478
851004
271297
269498
355657
228009
732786
687483
414712
278415
51188
210489
750126
366249
734892
695983
294275
730152
116166
287310
459929
50359
205974
220362
852540
662938
861584
312461
201205
362352
671840
415503
932268
352919
628519
878269
439479
695982
762708
64726
205571
583541
395866
300885
419357
722257
763859
474889
429598
869357
98545
104320
746737
171322
381788
164129
713794
678230
518318
387737
633733
519499
241671
995822
714592
787054
632461
450479
473270
57384
981507
739724
625361
637713
981381
989698
778156
806648
295838
727279
928154
675903
512838
492931
495317
852067
7483
198679
721639
961050
321146
377176
930030
632405
214426
450587
146768
149349
652230
637973
608700
373945
980693
277602
586776
413381
660168
264899
182860
689023
391711
275493
26155
864003
762136
985628
427065
386775
657861
437807
415517
388872
289224
964172
20580
399923
939246
221020
722095
856096
580518
635121
263163
912072
680093
80028
56587
194423
607031
784028
212084
553420
828587
495537
512133
404126
201595
718414
247312
771129
110671
304556
278169
977094
482285
435643
363035
772616
587863
127987
347313
935875
396738
828361
259048
245495
636334
9854
276382
954506
973350
992977
845526
898115
190614
917205
499484
165682
620804
418589
20751
237230
509357
732051
89680
282167
695421
971240
540486
929913
737385
667942
595275
172914
360365
943201
449078
494378
688093
989131
329093
736801
414186
726759
77223
889096
571956
749398
303844
61925
37958
630093
93162
377625
988211
561448
949173
160638
61194
442071
681433
510762
625464
621302
351599
558161
870651
528635
693466
769735
836543
795977
858549
907682
426327
452321
835867
674429
659545
523384
101714
340761
187926
728931
399380
149343
50804
205871
353148
854849
366314
984013
410570
28926
852376
747818
662547
920708
571009
808221
741384
270639
364454
449274
716576
248240
722752
476995
274149
950409
748121
112190
210264
926836
452935
757922
30146
630563
90694
60523
555929
205603
497649
793101
784779
476378
435357
81797
656745
866927
54354
868554
595059
37704
804967
46947
665020
952494
672761
282642
397882
553998
331271
966062
697452
778713
36205
822606
152488
140938
83643
982561
372288
740551
799026
499291
694544
307553
564571
994186
955559
638326
780419
828871
196432
457462
116310
420999
972604
561538
458391
341777
64141
758000
493945
756746
900737
944491
898333
437292
574521
565496
807657
229717
778534
504019
557377
376764
734223
448184
809445
821822
706368
571453
692135
766294
563731
775836
608071
697068
230228
771663
329197
157508
253779
10772
913665
41623
21387
116176
551082
948607
827306
74896
332642
337867
472125
566314
687091
518130
570426
299458
157457
165413
169897
378408
462226
40445
414127
9695
269646
507220
381240
14905
860751
654639
843776
411357
663221
565592
78335
202603
162985
360139
211247
532918
586940
457350
262459
438000
838043
976003
713861
184996
274353
918210
832340
382236
987929
53567
556441
736674
170366
336196
68252
109796
475026
278231
523144
309041
687463
968339
257743
146399
391533
299988
974011
267599
160777
242700
903827
98249
21966
803059
887398
760449
760346
283547
718711
318203
966864
377313
802628
897546
327213
390079
194933
233588
448137
606847
306782
409393
499820
96650
851057
145042
592587
742239
518403
144063
604830
37599
726841
960857
178847
543108
732175
29438
627744
202930
583812
442794
688329
569766
747430
411450
225966
114763
287989
153996
696329
542443
160183
4739
520217
369282
974296
50535
338134
34863
29179
386537
31119
776772
195681
388932
778018
169724
142644
674942
611031
576780
369841
175885
618330
718866
485041
320023
130068
269546
557778
76754
467557
498592
123974
940043
730816
517951
843128
787650
147746
648840
842390
251121
241712
52286
845567
179949
391980
410462
390603
480678
378259
575597
25265
730505
422039
963497
710297
711684
690100
617825
210047
687273
327665
747105
196480
506988
973174
577093
960005
918087
142852
619246
135561
898685
578004
445843
662408
697594
755856
67695
361798
231449
542184
678360
623032
563200
943507
708272
240531
240230
791907
656564
652528
710005
633922
213938
199769
622539
465102
249751
726259
706842
881999
838374
294983
183918
879569
574533
162799
745039
348643
241394
777753
539964
990954
219602
807355
393752
557410
12202
503699
907233
770739
28263
723737
792730
303148
498903
305605
386635
24350
326010
482614
301791
635287
8115
283718
193579
130874
820825
79719
346638
943736
999467
268537
185331
51245
343584
23468
627251
59801
442139
767309
340632
700537
422653
882031
745020
870977
730197
126647
22481
511993
190130
72771
997242
774385
928026
39543
955605
184866
292371
715878
591196
66787
982750
496154
959777
36356
238211
174081
763767
865483
747271
78900
533359
147337
193595
547684
297856
590999
191791
402147
679616
466290
282115
769997
61647
216177
377245
906321
224467
723487
47798
902752
932701
168121
941199
357808
477994
561349
455938
378925
694022
162637
514739
267453
849227
644983
400293
758062
602952
243266
883753
314303
37821
21663
647985
694088
583874
883881
462914
611654
724806
229635
970568
594567
618037
506253
172035
880046
945651
726786
514399
324516
982662
53937
515490
172699
652368
340630
596415
492160
671481
884565
208263
915453
839211
370962
993535
107688
47159
287215
13388
245259
471317
294179
359755
100688
408648
745972
503549
938057
923232
651281
420512
200666
135641
589518
580313
549828
171233
42428
657996
340942
814135
438884
621262
55121
737519
127328
728690
752033
274450
21911
339840
914452
226786
869011
848772
436592
690810
365633
566402
633141
114452
807236
154183
161795
273445
204662
296922
489513
953443
18748
679378
879756
758950
680580
507905
581425
493804
262046
162510
29351
715895
2740
206176
171412
291089
887847
812086
313242
552816
779016
610580
397221
51892
705392
977368
309588
755724
598397
73707
324033
522489
454313
424275
353839
803179
25032
990948
944207
38407
294814
557975
257391
944202
99546
552883
797439
591879
734963
296103
728706
545100
684638
191609
886350
388963
866217
670041
880319
277172
565879
57231
238014
756104
305049
524756
33193
839144
261061
766716
72544
461092
256245
402832
639787
139311
408670
494586
358987
106215
212491
888985
263580
276467
129622
369717
470435
23686
754563
755020
437178
947520
238969
998155
528789
819315
875230
555480
396912
283330
90830
135628
719383
703910
190199
991166
988433
329994
25491
973434
924458
969430
322947
500177
945948
595146
382789
745546
610073
312448
903058
518902
521976
162899
247895
840097
604089
400927
695245
921253
535927
232286
29751
60312
982441
313073
75512
253733
612628
846784
452366
784312
814417
529400
517615
693331
722038
834867
973246
492478
796900
762742
933354
956443
573485
239315
774755
420439
949471
504687
88954
652541
352498
816094
793749
123941
906697
828138
803915
964425
796712
858867
925922
772215
381747
538992
211106
896227
692639
998611
570901
356308
864696
652363
929630
641855
239757
124899
691636
763249
578363
994824
139769
883493
912725
66087
784891
810485
681389
713845
413830
581038
706114
991496
412451
303356
792517
293923
408946
713156
758985
974671
934367
488017
413064
127588
128196
588965
408012
841575
394331
516849
739265
728973
764574
917793
726612
45534
776957
587086
434951
60085
543867
494871
685652
863843
653478
973834
418555
457844
470513
532539
132522
272137
864304
792951
503752
874980
861231
776659
628511
750787
237038
499869
203684
994531
284477
362548
599395
559973
215728
275636
108107
628302
109504
947337
568020
518057
617790
526629
132617
185671
501364
237004
803189
305063
544282
760268
567662
723120
45554
892107
805049
319707
309825
875576
294872
917933
488938
882723
410423
934306
457576
808233
506671
829542
650407
355400
890868
56188
781632
136977
346082
97665
528080
790459
257119
130635
985203
998099
617196
138092
245666
157521
279437
809618
751655
467399
46355
759120
713080
539955
979651
631159
949816
141043
367077
983518
384581
754968
993258
135618
619135
807954
367482
100806
8151
411275
701914
219675
471695
576017
473079
877818
765459
858347
600849
432078
791732
670028
3143
211632
571901
137445
796283
739786
669492
166485
503521
411229
514927
718524
216937
417629
469967
618093
954503
282937
416734
40706
606747
779257
785025
426057
9090
474753
445018
85787
303609
394546
940860
18061
734504
940720
478731
861824
514899
371646
405808
816532
196760
70212
726263
325305
405222
129203
682629
628261
801275
334079
553977
397410
135575
42251
271389
452927
345858
746595
969737
886438
788087
577314
460180
284814
924012
774260
918712
734855
666559
991926
144385
968114
17342
278074
869362
154771
375891
610662
585908
607871
186442
687676
347451
7088
895169
76276
555896
415351
480811
913349
688308
953296
693696
387330
332752
402193
752901
131681
571926
460221
71987
494232
968123
768565
890503
495008
351796
816270
404261
107356
219633
969406
942058
894674
55034
171055
256141
624983
971109
836726
932592
931722
721009
560349
22153
341430
577923
230876
278952
974875
577082
112871
633252
342023
59889
116001
595494
907165
297552
501998
582161
998135
377231
489573
779469
364712
250313
295461
825263
985114
860216
785023
887046
115734
413331
38545
556613
375523
683009
216946
141384
95237
742968
59913
794820
453222
548855
108792
539280
356435
864412
43446
605322
620701
505699
238779
772519
405536
855611
904724
458075
334112
947590
682006
292257
425614
47214
528047
129192
752363
665183
996952
326682
471748
318692
403942
801353
118875
647970
166336
513720
554726
231979
56555
600196
762673
335616
748161
746798
466014
506598
433857
37254
93517
616675
916287
324340
108310
61141
722812
217062
858803
348784
693200
96913
252603
228050
592516
657574
632265
184133
86204
596308
840891
910992
623057
764723
102358
368570
483069
407956
324551
768284
606895
791266
873732
287970
2047
547572
424529
880670
571324
837875
987167
920008
288288
142499
585871
444438
517349
433935
17492
517620
805297
681557
640374
690593
831596
597579
315250
610981
37746
212557
415679
329778
143268
247973
774699
122583
607001
863509
178340
774171
642610
224707
973395
402684
238923
864770
459235
248132
812366
176249
854048
272452
999265
476082
787642
226992
116671
941377
228328
681687
505637
657871
69353
501373
632034
859330
464165
923990
126033
990922
45874
384417
710052
447499
466484
123999
554518
268514
225244
107759
641474
324630
913424
37768
614866
804189
812971
15378
391952
516232
58331
649569
283480
183371
437481
239439
185006
261037
415638
881716
444204
963656
444960
834437
516820
715902
923876
650374
598724
631481
880925
509549
717895
56540
695498
298389
946247
828107
961198
905115
366945
914451
697841
761305
371153
491192
882212
924605
675980
588826
989346
800645
474349
512131
400082
247577
530183
497807
270856
418948
970201
202104
967499
410768
198751
753598
776945
852734
324037
447919
658471
900063
305207
569240
85325
317394
654355
609096
436990
118683
824256
527805
352749
917531
851352
44526
882858
136178
622721
129972
351300
133550
589977
674198
60937
26478
425679
810736
739305
492631
897423
328702
809081
182066
384149
537354
237459
601825
748451
241584
794778
722044
446029
869387
433371
170445
688434
962558
82447
622691
546181
531745
460669
307223
769929
787973
660604
920345
24347
634534
745558
654133
832809
943852
893129
321448
430977
902942
685543
312857
243396
379876
336349
527990
968313
866679
874704
891884
719037
60583
733219
431298
946712
378184
670357
405715
520556
995450
407112
297958
817287
49300
729052
264812
285335
794669
574138
128917
456445
446278
155949
80143
124282
814487
267498
530396
496262
515700
638896
52942
984383
357404
405066
261026
721790
23454
299698
784695
454342
481129
861776
87849
62934
179758
263647
758286
172510
227892
943985
857996
433934
417336
236425
548374
880393
226814
698214
439041
339256
700472
899935
29255
259452
396946
752873
478423
787707
269144
146614
162518
248539
181637
582584
872182
122445
905001
529860
23601
302465
233269
826833
499811
294583
606950
155615
932802
986102
797772
830772
719291
90389
714870
165377
303529
122742
497981
212260
191732
672403
980969
316871
533892
350704
29827
147301
441633
354608
305400
445869
718057
787972
518950
818495
362988
847614
39174
581139
304808
70276
879095
220601
355804
935775
132003
204922
624459
797171
87184
334366
579215
198729
935941
910087
841110
694600
328662
734715
814398
405827
582670
476287
449481
716972
599609
253982
745917
367653
863115
596297
669467
261303
730736
498904
755065
746203
181169
240239
265726
569334
883136
887035
82618
411299
550624
722588
798752
593448
414963
325981
813984
891721
5602
442270
223845
272379
417123
943187
24936
460081
415018
597221
354927
449555
222830
717110
273830
849549
341526
876226
159640
979908
581888
595041
469258
397538
3374
323368
508660
290706
191310
693040
562077
342984
943397
172910
23954
461239
170199
900161
155010
789606
126997
15819
291897
660061
87395
669430
886391
971065
410629
809880
647213
625119
106053
293873
693843
679373
943332
728657
450409
975628
758491
941719
726408
477442
146700
576212
842787
907620
225610
775117
266207
505096
377089
799647
892365
662744
265412
837245
543168
534307
953202
764245
37456
729357
191939
657169
79849
851943
273268
802426
654480
685273
752589
358262
520180
932604
410572
551346
560493
673092
74864
312731
25491
462234
735011
233925
981949
954504
254596
795247
635413
966414
93969
298078
881237
845201
56558
690533
398752
662131
133652
320902
440255
89534
168153
261491
907446
742649
419735
902253
726979
624605
888828
447758
127026
305954
345454
200354
847840
913458
487128
239407
85834
945791
207062
709781
505296
226480
984441
511568
719756
14006
182583
861147
918473
482749
180338
158383
723554
112383
779555
412650
57337
993458
314019
525066
129552
154466
445462
581848
144135
612441
740788
509409
708851
137786
531253
882463
260823
426861
961625
830903
91969
897716
724113
706460
189315
469020
740557
552465
452493
713616
974563
634955
578148
285448
121561
607924
356865
306590
150159
653132
625352
99009
612748
667498
516899
421826
34595
739617
581243
120524
131329
104958
578835
663537
165142
157613
108736
141535
687454
793978
272137
631345
349195
226165
839447
447522
195921
878000
112665
936220
405261
682658
188279
687534
994067
104494
361776
508445
368402
60157
591058
468497
943974
102279
223125
284784
804347
860913
848533
504648
180440
295441
985323
734246
630543
481293
163110
934660
958080
221729
23915
875486
626181
971327
160230
717797
155901
767632
103788
113165
972536
551257
785519
805185
30780
879993
135261
351414
884274
927630
573717
455389
164912
788984
604358
440242
924260
446453
218534
967858
997657
293932
214925
417769
20265
553477
444716
809321
221952
817461
985132
36631
270024
600663
32423
452319
288055
951798
93949
281415
8177
782823
331860
327841
127322
752851
723248
161115
703420
778579
987563
757744
688530
800500
962769
594945
144687
981849
913498
163966
932494
939264
629189
703486
45687
417629
259213
787695
266826
153506
917322
33959
369067
158368
576103
774937
849226
75911
739580
338403
335949
603017
474952
402947
111517
840093
379660
572586
114762
94944
688774
298857
82076
116246
178633
771016
881399
853325
978549
343222
675049
732834
666521
622106
761748
266333
416482
467847
967539
374968
766013
543887
55946
601405
487953
172335
215278
366797
994898
904935
15214
450108
122692
376621
928669
475482
608525
516663
357117
995405
819316
772214
152458
332954
168828
192675
505184
763714
955863
198193
664585
353865
326025
105954
604391
260946
612378
494710
62266
744485
782007
136766
59983
869843
183335
384206
211078
726449
661861
909776
210430
23807
674078
362358
288799
905965
955016
291207
500675
348467
968668
928667
935426
109726
902770
578530
84824
125035
126968
979550
698421
938508
216271
36081
791458
875847
570755
458064
39691
574206
411044
462231
261869
906121
721157
836151
882013
683647
385425
792202
363890
565140
598789
50247
148496
801116
625037
408849
684626
401518
212351
498026
911699
766372
679342
173700
708121
432510
141356
123320
108063
176102
56288
181520
913214
707022
899648
213374
792631
110837
255658
949040
143647
856265
818533
685947
150823
165223
289967
94964
62215
474174
680066
713310
72199
818449
476008
395325
833514
610842
160439
32137
614327
253004
735468
917182
764389
835378
37024
575504
234338
221619
656425
141884
983744
241590
4880
266554
84797
691298
751786
607503
469037
222782
898069
900094
919622
921336
648977
313438
713608
365633
895800
779591
503431
564181
603611
678886
901462
356376
298875
212273
111698
592604
698529
228916
600456
726719
760410
22089
945732
446898
385683
719397
831799
893588
170893
82575
79492
238524
856764
371565
904551
429270
359618
87927
517314
134820
440195
445964
819590
855782
709476
251939
146874
157269
8357
595546
990507
503113
916953
745258
622064
978618
983102
18108
726105
680227
414397
912596
206580
44546
696767
928364
790715
253372
587625
584668
984157
330846
591478
981300
369895
656639
707056
739116
733391
81025
219339
323315
52829
132214
104030
150499
258103
94559
852990
54742
990215
305999
350585
480722
46411
423854
927916
365023
23928
968985
1154
596282
448268
620967
309833
940450
53871
267975
573682
581839
513477
628165
554021
605826
506195
749867
630847
374199
197515
74116
740009
946744
328309
996476
382550
802060
803836
323043
269337
245196
711251
74448
208352
823125
522690
316834
911761
246745
145489
669602
932543
560656
198799
442372
951177
604493
589823
607692
998479
423339
634912
759502
366930
699238
292248
740877
407719
267717
978748
11461
472
883765
256638
461957
19095
644402
131508
902323
594528
565406
808001
698099
217962
592500
82082
400867
930697
747542
125271
118398
496675
608706
364523
656352
55628
594403
481762
41896
572865
705604
927103
182585
653566
197087
885743
368027
415420
337108
942165
275520
744459
592693
456691
948768
180103
605630
210354
333061
323642
436130
844942
434275
176142
181248
786016
817951
194285
619636
508681
85104
254839
472266
274616
823523
605727
314894
890009
950072
55779
310527
540315
325098
551013
574882
116315
647948
747947
734770
994354
829199
805488
546548
81880
817056
807332
920297
491059
771246
913991
996445
212288
102473
499421
703133
801053
430950
632527
859206
586608
401343
898334
869175
154424
157783
243332
897000
573550
74011
606825
29204
283351
527972
261823
503058
307945
573658
600250
637506
41623
840946
709679
395298
671419
868055
333064
881216
46367
93287
459298
730186
383208
757396
358083
442241
246816
758315
305531
130316
975071
399665
454358
997417
908820
265193
571706
630462
386101
397747
139684
952782
394433
835535
976122
604039
820526
420478
369228
858551
772981
952009
208555
460895
689398
593755
452198
825120
883400
882249
608798
502418
286049
311858
585413
697396
660831
864962
609015
462845
736497
728144
885236
51345
517157
164071
815290
398607
640462
237730
836667
450823
444241
980145
328768
980873
318476
996856
126362
403801
871716
701398
489536
858750
579818
758659
188170
696185
347754
824594
79689
913811
798415
414934
501249
745487
683446
994785
78916
932735
142541
253223
935019
582835
781032
139906
517364
595788
284960
909839
503923
391342
677672
878325
515382
177556
835117
539142
387450
993341
739625
413117
904003
435588
275205
500519
718812
870285
312553
615519
166059
264539
607201
389554
128688
105279
399981
955617
59674
245099
641509
784324
250630
47205
241415
779019
942549
347351
400991
700128
417384
362691
13073
990568
75003
974227
224134
373801
445915
212942
651313
934086
703045
467495
197693
253669
218973
417072
209685
785905
711176
590252
613455
541627
992998
457729
342966
114619
311983
112268
100082
645109
770281
625295
661654
511927
192771
946373
994630
326719
56849
612567
484355
213177
814885
780199
468629
931493
289094
987913
143252
158359
315792
315473
321810
421720
819560
201351
579560
237674
638745
927095
32284
951913
827664
857061
907756
735501
638384
463070
946042
163788
864339
77226
6803
912476
344478
504030
740125
107478
107328
588302
714269
287094
745479
775455
385635
527167
221279
91321
245586
900156
805607
685852
304208
98784
402097
109322
63558
263119
580310
673250
915668
214006
254580
751309
470485
732629
212358
194321
974346
989277
788574
452483
105317
38323
379649
404697
400308
934676
696607
417630
922344
633300
66221
523582
655234
317439
506465
416897
877209
768416
463882
772501
695242
297631
939593
122179
378172
831813
658799
344708
197518
269916
332277
599789
785568
758706
454930
277509
524091
272700
861117
651959
454046
589206
719807
106146
460326
256424
190643
384526
344408
860709
653341
131514
643214
95341
36005
887825
353213
662418
626479
783226
391647
313336
647704
605262
824449
904534
503822
724005
842475
513817
189068
684553
19175
36967
411761
698892
596720
967680
932668
60790
21560
882241
524262
155222
207382
54019
679388
318521
786123
78432
574552
914425
415343
893781
775707
561389
250749
566403
565577
449598
742712
814928
96032
524121
267960
738795
122134
984960
752788
56236
933775
488508
255277
759257
872056
163501
230485
727621
883267
344897
476699
997522
851519
418499
943412
674904
81491
5451
526024
343774
584087
63316
811414
277893
882382
980586
489796
562437
714628
597058
502663
153102
418881
379108
462507
622928
58279
649731
551679
974806
64493
819885
20385
301133
663032
116573
337442
693667
741971
939886
645205
115019
545291
887594
964345
601373
436074
490753
232320
489945
755214
268053
855739
133068
939044
947122
327013
778443
218310
364699
554505
755164
747887
663679
419088
903733
885911
907467
182315
198428
236848
916377
737049
542893
252539
529734
328213
424186
698183
181537
564896
280972
825863
858558
670054
139336
228431
646635
497424
731373
494251
458234
363557
749498
937244
960573
756381
994669
575216
739792
557508
746533
519804
696592
971656
122665
390521
702122
707487
592577
18553
690574
826455
16066
656964
970625
475131
254952
416083
257170
267039
562203
878248
864420
922249
480596
181960
357034
515388
351065
415639
786354
203234
499492
160718
394904
255253
900258
743515
902235
319562
282519
274197
322508
919642
941662
238489
340322
995182
628238
341254
969643
657095
554361
211859
162781
464552
937934
277320
895307
189984
19550
153375
621171
192440
516027
847864
812212
846517
216700
669491
759644
245770
267934
230638
799135
154717
613317
717147
398181
408820
663264
805308
403514
612604
392426
115966
911977
704310
572044
758511
664610
473278
970911
684894
467992
210234
791760
795726
186344
858267
155293
728534
242803
954515
756540
862232
377932
639763
242522
337692
157581
80191
598912
345416
558596
52593
326418
691198
263243
385831
211058
897490
855157
510474
25473
995366
713060
208348
911237
316580
133560
935421
949670
599832
630946
220121
855251
751912
146198
573489
439874
621168
172895
961221
283796
493886
698060
902107
389910
632551
46344
133807
608548
42628
146120
572408
914920
303053
227741
85266
799424
108368
39337
563596
225406
54861
796718
466640
537801
515313
683586
378667
710880
38253
792863
275961
339775
428467
133399
691182
355290
565453
233380
180867
200966
10265
561821
113595
582135
987941
569861
35728
150948
510115
123902
906815
71687
349961
639451
605485
725568
402440
769427
992884
831769
566694
130896
98063
841444
820858
5991
553822
69889
345092
842403
779989
45436
753638
596474
701895
35731
340803
60321
631563
507860
473651
440699
726792
44645
191456
476332
781667
386974
694784
7501
32641
265360
678447
781560
243067
580457
978088
970626
663134
398447
511775
735240
174427
516202
632767
741730
430802
926239
31099
607605
186357
466102
633683
33253
60252
902653
858533
584231
548453
848197
476205
142772
761926
751274
531035
155865
668273
264049
83984
842923
262690
382922
840372
273369
56264
83316
379958
413594
203342
905919
846241
505669
851460
948717
447000
123071
330671
273266
225710
568590
532393
24347
166564
681100
188854
870795
915648
628152
122021
298399
864326
566951
584992
204851
464022
449752
647888
948094
829793
249444
433199
899545
280521
397972
544875
254941
11797
874189
603572
764713
844941
497446
10403
345603
331000
70106
744774
524438
213232
818137
333260
55257
803039
342969
718986
914129
993816
846025
919271
760812
181204
771718
166506
838670
264583
280295
29726
143338
439774
90643
472480
263750
214744
829811
944517
669216
350078
411937
444266
743919
525568
233599
352409
76226
814766
428197
560916
698693
376271
98354
715586
97059
24034
872643
620851
823237
744559
636994
792914
559991
392008
268566
539366
161708
403297
109176
928708
337432
398281
671782
496789
286011
526916
917424
46976
989246
435783
97711
165172
182262
197712
639573
635091
598085
61215
247392
563198
132191
597972
197801
720505
596970
716646
835929
427643
28543
244093
484090
142421
770318
87150
803819
209916
429982
876177
4334
683061
682865
889535
892828
498588
132165
144685
950008
784656
869815
399200
197344
784894
275907
170380
664543
958857
932326
184973
263264
36819
986148
820161
379389
634411
171814
612992
471030
566227
138683
833272
896446
694316
741759
415786
898798
372736
195225
74811
182685
801900
496798
730232
734599
735720
283155
181481
672873
88821
82127
362000
74607
715234
529663
102591
641669
260474
188931
601939
198794
255309
103094
468752
152291
569497
140044
180058
859052
648853
109140
563790
617352
238619
396572
403003
638361
287728
677043
415489
756619
2033
166729
575428
951435
739867
793331
328588
253654
238902
945803
197948
155052
346719
372533
626668
641827
313009
261244
126566
835095
522639
392858
644602
717823
243537
641814
450558
812571
788937
38344
68390
416329
639345
841912
502779
351287
132466
871909
115579
6451
6995
220193
77070
618975
254524
450073
833504
414912
122150
594291
411423
702965
245218
479760
88275
305540
573634
270065
55636
79056
83304
323189
592045
321255
751465
940480
922316
382904
364509
946360
733090
322466
244358
609321
221021
403239
702554
686216
607551
672255
571950
207125
681243
228041
858561
944281
713324
918236
872099
561231
391506
370044
402304
317215
515306
66472
783373
115205
500360
418064
431182
301585
77972
487140
1025
485319
904446
317640
588779
778022
681631
195108
631164
576198
30126
296535
334369
73242
949339
866571
889319
171862
31051
643619
706439
745962
245617
30738
617426
773995
226054
574405
683386
599379
389156
449600
704954
227423
186756
971847
79331
344471
44498
164850
604100
62762
671210
503332
825526
14263
749362
345045
323329
835304
51476
329354
898350
587129
109270
273126
891179
49111
980631
65755
126868
174243
763880
711993
110820
309205
421444
364775
601655
25533
542766
23087
321851
712357
966502
732978
641139
883347
272775
306301
734119
402283
838080
111348
551276
490032
143213
177579
337419
444139
721425
678164
413969
486308
602738
140562
677235
727949
400785
133228
387419
108415
621637
819741
357459
799195
105843
966216
14029
802387
564140
389704
528332
963713
518243
496166
829235
462325
576457
972708
51752
580428
734983
342390
433317
695227
150551
898128
499739
772715
968960
619866
176195
710207
756972
405441
104962
177393
496999
955751
591799
543002
355382
96954
403365
732176
127186
365346
602424
663913
259264
548564
429558
170334
53966
152196
944963
227659
835244
880055
508688
520083
754212
633142
756322
553121
26167
759070
137083
795337
1110
284181
40487
2188
412986
538327
123492
652794
985696
861870
270702
853682
651108
214080
350631
24517
492217
93570
329824
661945
218883
108107
288327
832106
885777
993859
764653
714378
788602
577850
41265
631368
813843
872917
986254
767951
524874
909603
977407
674661
580706
646733
553355
525172
821835
137004
680368
286054
745501
219765
482672
926505
328497
824015
128050
951122
829852
322757
774423
870557
570313
584343
632475
694483
610162
36779
167779
614852
999611
23265
247657
137204
854059
456772
183168
309522
495239
822620
953222
698595
110413
406432
754022
946238
370122
861064
309319
178544
275736
98369
223765
359999
992824
579642
964458
995404
498312
760668
763160
56850
288928
152150
328789
111435
994127
196117
632196
805745
7725
209555
372700
166753
465181
781511
35575
119004
633314
813498
526649
150504
977498
374138
17883
863572
553370
533607
848595
582680
106600
587306
992930
699226
737039
345606
759289
627213
21155
779846
996553
423540
989265
837078
59046
285125
574306
957230
861847
494824
517260
65705
995196
583006
292981
863924
37276
550655
736709
748322
73099
549148
963046
439643
413940
360387
806107
541749
549385
339040
424506
798683
76420
489920
828615
211241
999000
159537
334959
165786
786169
144902
427230
390297
306885
777463
645629
170419
901389
941604
592779
280622
776964
587066
171351
727283
907587
378287
493912
701286
775479
274087
626345
811990
131432
950136
860835
980880
308646
713291
412633
131726
93010
520793
178154
536781
424070
13973
134599
381948
442082
588265
260418
568656
360756
513624
183502
67444
38787
621314
325785
286494
601273
371590
497219
134781
733162
881473
437177
123151
747397
801973
524211
749902
366422
421638
301254
3594
454453
639581
165798
746770
79695
536367
244348
317516
617550
861464
450464
322660
880360
847329
244403
696353
532801
71777
665372
383827
391102
921471
651869
324457
963303
264213
986385
663647
9272
729520
923204
604500
432709
175092
584047
781177
876231
540572
703630
941734
949766
439584
267616
605831
404389
119983
949947
465075
518405
277916
328905
583197
661271
672533
885859
207395
956802
395469
649864
968644
422381
7612
868473
767407
79593
84156
924277
971446
523838
224916
75148
44833
708049
926546
334755
765535
208175
671313
909187
580312
798968
433306
508829
349021
191850
20967
138270
14721
472009
677891
647979
529601
716200
415501
628538
274718
436951
946459
745612
360524
395946
799674
675850
226819
230497
950420
59899
224242
356217
788907
298592
499347
799310
291521
125101
829913
87915
817946
142116
492167
377520
580377
661903
710042
664159
101768
743577
507174
480195
456691
855561
728575
631805
854451
574620
412366
938540
782792
159423
845827
105848
51232
779878
735913
475516
866996
193420
628501
278605
474898
104199
228280
40171
65653
771335
296660
25028
782928
730923
260043
737503
180458
329663
174611
316395
674978
475606
252230
551397
905044
420224
123286
101728
783764
529705
177694
866932
758743
230542
929555
752453
182450
39964
258521
819119
134842
567079
483954
721419
381386
425988
128209
141217
750434
323139
808333
595626
54380
936588
751025
4352
672347
758229
944816
166564
765164
716285
523510
653164
360079
747656
740057
180679
684062
438200
577326
389358
693515
169220
791800
936361
817049
739127
300092
663931
303105
194344
875760
435948
275317
500690
164433
1969
948032
20687
163732
848121
572492
197430
451188
752214
604990
83085
205034
55814
804028
651501
881723
250974
259022
539889
690475
386130
308898
504858
534927
506915
257641
420227
864256
253861
4832
712187
606444
46188
835689
437636
681350
209619
274583
698215
708893
570792
182281
708594
584395
87479
759085
165648
353732
35122
185510
348803
191310
