5238
464308
408649
512904
802791
888361
166257
170163
514982
182423
97207
257391
433992
317423
797550
403668
227464
394418
744146
144195
175165
860901
186802
731456
629108
628833
53631
562398
668106
251622
779759
659065
337411
409808
731918
598973
684010
796322
271234
806852
448229
680254
242042
543708
263603
434678
146386
425574
44869
286813
201573
399963
82999
81655
821424
325417
874442
428463
242911
380763
142847
878567
520310
585879
793713
88490
137854
370625
24880
276158
206794
252573
461622
89301
217189
378898
417159
452258
359834
305450
721354
757736
231902
279637
760862
160814
332062
280493
894811
533583
558945
829172
380807
478414
506874
161817
88689
879623
58669
239162
69389
652161
487611
883587
584972
167167
830668
177013
795384
799574
644247
31586
454345
387096
533073
197237
283143
103119
831600
247758
261756
655301
414874
418827
114517
508416
629935
854146
340565
436843
359631
880778
710678
437263
701194
827834
854973
237186
290403
189609
882296
38486
865408
125493
505879
100241
808368
367583
210533
893628
858329
301939
509377
356373
392509
869861
897181
611552
96392
457175
495506
5306
137049
171191
839678
288525
34986
598917
139483
751360
421406
649363
485789
750854
185223
583013
442792
450967
870865
658807
475980
247899
579310
578558
171230
693954
651166
850630
583668
214609
74874
161499
550812
69528
544829
126084
478362
220159
86097
451753
244188
66621
76242
475093
91035
615307
225632
23510
652912
202349
567494
790785
42513
205072
349154
370963
50375
801298
627729
532979
248077
688282
204568
56947
757735
804552
420369
7444
490364
544839
660880
409257
608850
194463
334673
378132
450309
67879
265057
760013
80963
118296
69573
168482
443943
605693
160394
516471
637360
608071
718826
534222
92285
241916
123864
819842
449511
25103
804424
21261
810811
807147
871614
492458
671474
384009
78353
659029
236591
468225
227452
95662
487637
454812
381057
761212
279203
263400
298330
427918
594060
319749
586941
289564
252695
765821
262507
886797
410640
605361
313142
97458
84329
477998
673965
188943
169233
494814
256581
558426
866286
869818
454853
539228
444730
376445
633390
302356
773208
54036
354757
779739
885457
635634
515935
815010
350799
793760
222760
314711
56918
494834
451247
742951
456858
424852
668850
175677
325537
282979
808865
732872
218421
742904
105234
30587
38981
825279
579840
465806
93242
847686
11584
23106
579154
40400
792387
664226
174650
811114
820289
107173
856716
723093
228328
127888
693890
93858
628736
727319
839286
146172
313146
546436
157561
568734
350197
185264
42796
545925
609132
213807
595390
29216
568863
239241
72706
787109
599868
126850
402252
314045
699595
628954
544776
667903
716275
863248
166966
596698
537388
766338
145798
167500
723522
641968
169549
119248
316226
116223
344609
230356
9508
437881
493783
423368
791766
19889
592470
735507
840929
671684
477879
34463
543769
321499
148316
492084
144422
642445
417546
682339
186762
45794
61668
263576
266351
244530
50021
175347
23886
174731
297082
320624
852094
154801
363674
624706
367384
704224
718370
181790
255651
513102
173713
415987
122304
37324
865405
114840
317588
590634
238193
560638
72877
257562
850372
116965
844083
707980
656694
883434
5165
352121
773993
527645
622797
311996
263546
305072
631417
395738
294651
110956
198743
156930
40878
421118
651476
391760
861311
182639
788177
281803
365727
474385
12362
105934
440985
714708
646532
695620
863475
77593
384179
480492
212259
395294
477285
382588
305515
552952
722927
478946
821267
706015
116977
302246
814977
522115
327368
504683
649815
307260
353073
627092
624393
528863
61749
775843
665753
251116
202581
638589
447537
127460
570611
199977
860764
11384
424378
351639
235970
792221
239788
270813
778430
698044
115974
806300
289022
706726
69585
121218
837783
139876
851752
379945
715586
817004
371905
699165
801718
238512
273915
126426
141731
769968
551106
704819
432552
47599
567105
641071
456946
883748
356804
739278
764498
656743
276393
21706
860986
469515
553955
840665
311316
392171
392971
616270
804766
583837
310627
611871
412965
100483
254600
891745
503613
446656
555028
521423
849371
480903
72172
413226
759632
622735
560877
585434
552546
885348
779598
513107
148744
683447
308754
509939
181377
811733
897132
362247
856818
239348
873199
880333
66107
69322
698225
863541
753588
892152
223836
536288
151209
507428
480753
9322
853327
400676
881529
198469
874754
325238
813545
264347
777756
6125
547089
288756
720052
888133
881697
678904
270481
443351
710168
851180
211786
100553
281707
10841
240347
762813
69295
84843
701958
443497
364035
866549
282627
832231
491324
152241
160069
466786
4494
563237
138027
449937
430100
713922
560064
862336
216989
81765
406512
836874
257555
684768
388487
811779
496649
289587
481095
532882
49760
342996
392773
613467
536438
590190
243841
512122
797868
60165
750625
98828
847186
360471
297449
56039
217265
137246
397496
150443
88564
699027
235042
114736
404404
63148
359654
251198
46559
447142
808939
30811
790020
328638
372380
759294
697246
533304
540572
335075
823931
8195
485896
66264
809895
691668
564296
844820
812922
58798
794258
256295
780922
428324
443963
77357
828174
699893
24058
57724
404321
564630
162364
692156
748143
771277
797085
57046
329903
451577
803945
733189
30109
24111
881967
435465
172547
137088
326239
206683
734499
2966
381856
76411
67780
603101
562736
370917
298294
889822
359481
669026
71747
620423
100108
619930
127765
444454
718429
251367
280670
831124
201051
223524
291016
826798
49610
113093
586873
511775
738495
18368
276962
440794
115863
548489
538148
788386
150997
261468
518624
809644
837750
270227
186810
691452
521650
12472
4681
597101
494321
815124
558461
789581
758983
373125
181293
413700
136398
592846
71517
829845
802974
15944
797065
384060
648044
226838
50992
504408
851644
244567
134303
193090
7684
706869
883896
281339
316863
613242
747936
131333
719563
408770
801474
404871
93440
374251
115171
677332
156684
121033
14723
495429
563856
876982
561132
847651
265521
244774
587323
345025
223195
370617
230344
456965
733049
456778
547027
146087
35753
897317
887917
364722
247168
201365
63104
795240
38458
673530
277596
358083
434939
508313
408191
102357
263335
224814
132769
681777
682203
558653
481817
773058
689446
727750
58127
268985
431111
29719
152574
399428
403716
161563
280837
769818
63652
389424
730059
379795
893290
356599
261741
411604
98574
91076
704870
660488
293690
162101
453017
136010
44414
513471
321054
330560
117456
818403
757415
213697
700803
829728
604941
383030
407811
235170
518332
865438
500395
608249
728952
841260
706883
488548
247146
861547
616825
71692
146283
765378
876794
255405
560459
747891
192557
737263
384798
589501
861901
444371
520741
669377
298657
643337
327157
216353
61274
710206
68037
368868
571944
279442
812249
583703
712217
79047
431398
166894
43855
481366
575425
860008
676445
185564
58473
510511
551454
273426
723086
784702
605042
489338
851420
33950
73525
88597
579016
825833
540926
59825
159285
267120
697553
549024
885540
508824
812705
432196
306230
725566
487782
147014
221086
521596
518007
198118
700424
831971
709412
776428
123521
505416
281298
438813
202305
541756
500019
477417
313788
190195
882690
260161
314240
98149
413177
574311
446859
7347
589519
257533
519853
441698
800272
51807
118678
160611
557210
168589
791196
24755
844210
63681
601802
399965
244610
66719
69800
865822
266959
353161
542339
79553
86490
597970
227930
483848
72371
674346
898148
748844
157205
714840
398177
78236
126659
150695
666011
642977
860061
569719
657592
617794
854174
77972
695039
557283
271348
224804
288741
309096
650077
290617
390547
827000
761019
402086
440886
742173
468468
143566
121602
686663
491177
152793
103203
858736
427569
543104
203010
124474
246353
568007
265905
769525
601562
522410
96531
668797
258847
264112
64299
748479
474321
322172
362239
146812
10585
673219
611624
98214
209169
108888
460857
548712
87135
183298
752202
587203
626479
202511
157184
173746
324172
407746
310234
697967
262939
876999
795227
232622
804757
564935
804751
451463
42174
644600
142587
581361
49254
655788
747142
692650
869020
421097
532478
837683
259658
780505
655816
298872
759601
712247
596680
127630
711906
506122
597033
682868
724565
249359
720169
705404
567562
758574
374916
861923
716986
499215
696348
314780
700473
193637
786082
521835
539594
438728
127811
704556
221790
750081
66002
847284
324651
776414
549102
149552
729221
586757
184047
501226
66524
708965
424211
78217
560754
377705
599519
25816
892439
750886
217236
129791
195043
125907
21680
126221
306607
878936
59614
496952
720144
806814
410203
855003
542641
886086
678854
285661
375564
589718
466435
880146
410116
41071
556363
869307
122498
598554
723700
451433
364203
140416
608633
847647
521882
764889
508198
759477
379455
58972
866338
362521
652883
489781
188184
318864
420439
226036
412004
625913
32328
238210
348087
374291
137633
313071
24359
389941
6382
877095
252375
825915
271368
719427
133662
480417
524305
150523
761846
22279
43918
224793
563075
747316
674044
616649
384029
75095
262832
638636
621564
162889
312303
298092
596608
604046
808103
397034
560314
476155
580360
862579
283227
219153
74659
324017
574583
97191
183677
119581
792372
95046
850927
2963
146389
80013
115326
161086
742686
890037
263346
211922
342051
271919
505749
192184
597969
52874
261770
55619
611193
811856
512199
868610
467604
774768
820784
698223
832632
653590
99537
116900
45494
166166
64984
435917
233228
651113
245165
218360
579918
357902
13743
288361
593516
338001
837261
676586
778464
96456
420541
313088
48726
248634
797692
358041
597752
472123
525315
856257
620821
769779
855202
621299
626926
746588
410268
446188
284541
61642
343390
844988
587617
224133
710525
234262
789578
305905
284683
820839
293630
618063
544470
277123
587782
469756
24445
532570
856537
742711
843600
129130
309762
668000
698083
299086
171856
741532
363822
212917
579322
117781
615044
402925
339821
819582
745518
397181
665619
107893
447172
782802
468130
592193
684199
794801
824190
550874
545726
372652
875276
390279
543850
431824
421172
129699
54536
386714
43185
45049
495491
779209
75257
394991
850612
524975
895972
396383
775223
736546
211099
300159
602347
205615
384350
539970
405797
457486
564657
877496
322578
278320
739588
116272
164487
696597
121566
561214
26726
17370
77093
291704
485744
122735
368845
311578
378241
606759
552059
765833
708844
295112
705684
393237
883668
672899
189255
598103
260613
9053
174259
113882
761549
80460
134166
381718
295674
697918
763636
75287
440368
513202
390080
80156
844967
486090
309418
542844
711423
599768
607237
215971
126017
694581
473971
589241
895956
373456
86448
312420
829401
735748
801560
461412
33251
634755
670166
707132
308630
57998
13354
152208
141787
434054
700629
870218
355933
594301
459812
826423
803139
363686
112919
516686
345930
153803
178605
333201
465599
338685
57166
177676
744182
41125
437652
380954
523017
435129
386103
576166
692785
491115
820980
565839
760314
261019
328697
570053
770566
891853
282000
206321
331936
705333
533573
304529
675195
280207
48341
167456
599975
671243
602965
652883
49776
886277
418236
375776
46035
246355
578542
479162
189757
883255
448870
803735
872833
620148
607936
894962
29878
803326
732896
470028
827179
558634
393762
253166
158056
202052
30047
818377
743202
601152
386520
55614
177659
518920
894211
654810
125396
601427
808175
689369
888015
508663
874005
488620
750021
471797
230461
867252
169025
431795
568778
407982
740695
853096
318659
127305
621701
124848
604575
688050
844868
611134
273996
146289
92202
729393
194364
303628
252864
556479
102989
282857
496123
796175
796372
224785
184601
392963
582341
5936
898362
393426
445409
131513
643129
254131
760796
67559
823909
475765
79401
625438
39552
58572
591877
711567
351123
346469
507517
370362
296204
6683
234941
756494
342069
119874
858550
713132
56018
257953
348107
886442
418679
626301
873945
713139
483043
542832
52992
162539
163102
174104
896082
69809
641226
68587
138198
603133
534536
447496
105817
777576
421931
77930
877363
156907
69425
703062
267377
825728
640643
275571
22340
61221
645130
600857
290790
887231
670732
853121
782116
400954
439778
306109
45292
808238
146551
103617
255412
291934
191999
369982
154789
165434
164625
46800
854114
305637
43235
613837
514233
898065
643937
630301
755684
766725
765353
722793
399580
187488
39237
544588
623612
41752
164006
60423
698573
54427
253050
787761
359539
894167
839914
723051
848179
424341
411667
750769
185823
620799
834495
259532
477280
229890
325310
608932
842527
387503
375462
52051
10768
379388
266565
350933
874843
335336
414302
747771
329416
308891
473608
511391
581894
212715
91391
67634
178617
595355
850884
779537
191390
283998
848952
1686
589627
138329
363185
831179
859464
459495
662806
446969
402388
311190
875101
149631
54870
509998
626206
783165
302001
754930
541940
886768
179682
68575
42128
61944
116713
43729
102809
454709
324946
336453
118148
24593
858623
319577
898283
402230
61780
32336
284845
262880
245726
529106
504803
721677
452096
207535
699546
572465
383868
872452
620050
751207
128347
245846
883090
26625
125977
147388
44773
223296
164304
138617
581941
722495
898239
679238
713346
183754
614358
416142
114911
86572
586753
243731
818314
730662
534575
540687
466214
455803
640701
720277
396663
4904
435620
544949
438393
456945
137116
627710
888797
308759
18507
373469
204352
3877
447183
71236
442026
170474
213315
591079
278432
578017
355985
440511
877959
495691
495605
508561
578518
873598
687753
167113
49270
514551
298962
647520
362681
56556
507206
444316
785908
573980
490649
433430
744410
803719
832803
589015
116086
34266
893007
799516
508868
898914
70594
679833
36429
816354
443750
572250
192638
25920
127155
860196
619172
317017
37529
240473
598310
818293
303660
281211
815070
825429
870476
279880
694901
109065
704367
79779
574490
10302
823757
568276
412351
195668
146697
555621
319473
722350
28151
604781
803473
201603
89038
340714
682836
335985
216588
802695
324723
808305
693184
700701
516784
429253
269688
306422
557894
792558
246727
298444
425259
95995
160371
580752
582853
422011
120248
641671
285798
509747
775548
564783
741893
633419
307600
700671
265178
420675
746464
283596
82102
313572
419064
299368
360349
168561
370674
756516
6401
877531
710528
82742
887452
679412
848658
277239
675113
830523
180005
749315
413568
520150
277065
797315
657964
592190
837453
848167
336587
111988
543112
893356
507329
129233
67079
686526
323097
147228
97806
128503
684698
609172
491981
547910
555105
245901
117345
57962
399169
689336
407203
289181
215060
371898
890481
725710
315644
205054
603031
383302
551866
577895
324858
219629
842346
672830
156225
413797
819641
249354
189600
418643
372773
791837
845538
659134
302927
395946
93394
345136
68863
114901
443654
26041
892373
799587
539433
101395
722503
712689
420995
100737
338332
496384
758183
688624
271171
856589
379706
541631
810385
412543
656955
384251
93205
450682
444243
868867
583130
761360
868121
664075
471960
882775
68450
872347
306839
147510
560804
444727
856450
336216
573926
331802
674884
558595
139686
134427
347553
235683
874502
160722
625459
275072
460500
395796
49472
788366
74868
731897
616852
794338
539564
19807
430721
519874
203083
223911
103951
587765
169175
796637
292897
362938
722419
767990
554822
497493
6953
167410
183993
181828
57561
662944
586166
185935
790366
290849
804792
469854
597081
21764
87412
893220
871037
390865
47596
356505
472342
801570
504817
724998
832982
359402
594328
310938
186718
322105
857879
591449
322085
863448
245853
316499
455976
720015
323595
354195
581422
151591
408755
802286
321047
188457
382859
815579
775008
300324
92334
580002
395510
185934
451247
709453
218677
764578
104091
696155
797563
668904
269514
277011
700494
652242
643330
18550
136486
744386
445704
879437
381880
551465
615427
506465
279872
170282
722127
777066
247755
189565
857851
646239
418878
372592
131840
769356
546599
181000
564222
592802
885758
759877
827668
232808
45047
693731
661211
758735
647207
590557
485216
570595
739119
890796
634781
152605
107914
459596
130483
88533
62032
569280
24806
674517
91140
154988
550997
69865
549441
215360
41268
430835
673659
815637
116776
525467
174549
890096
468254
824995
725983
522275
661384
664120
189833
717907
437237
854980
893800
893780
682220
529857
210531
671312
125765
853160
98332
662342
624228
524039
273238
571087
459795
486769
752551
159741
205594
8432
8507
31132
798942
125589
619074
171098
424467
695920
701975
122851
527999
345307
41198
65476
707117
878384
658298
363281
721835
426587
143544
88771
316385
444843
782843
32505
189165
111554
51253
762815
50527
635627
380830
509804
231214
397451
350116
258949
877590
487120
351856
102175
809103
572326
137008
54306
418859
821256
344039
513097
326059
594996
17005
446629
8062
285655
509924
256353
43672
186376
684952
295425
289931
407889
791570
174947
85636
128871
17658
595688
652388
121947
736678
343468
558425
414696
827299
50800
187097
542477
59582
65305
788347
759029
361872
811057
672242
754513
403556
190476
699462
79048
113510
142181
22160
568837
236650
497542
557010
250926
657430
693511
874609
870261
9646
329997
614641
736455
117018
681684
96875
693857
292693
85575
349165
413539
163092
286860
509902
731325
176176
897981
359404
862918
581875
371761
490948
700811
712123
679801
763662
628772
100494
319878
736338
649378
693915
187143
44555
270245
528392
325488
439126
71530
248030
833367
81814
519041
817517
568472
663176
11645
66588
443161
516510
356485
868081
604647
356411
53895
292633
375935
180106
770732
48949
218217
672635
768903
690178
894206
18266
12295
383107
433290
35693
143627
600653
884492
405355
685781
857903
54971
773012
367895
165627
731939
599888
287178
164309
667597
553256
756766
688184
537500
156571
253612
760095
883507
895742
894727
46743
554357
115764
328816
73982
788836
895429
669065
291191
667403
457182
857505
125454
158167
161540
71726
109826
248672
886550
377721
214580
280421
420159
244275
105931
855957
752725
184038
899105
689290
102897
230630
154061
850096
606763
254022
847853
655556
406705
849254
506384
514775
96004
587722
79902
47506
244495
150183
168549
129235
177508
558550
685505
580437
716341
636043
339334
646158
190956
357791
152973
587794
636040
502697
303641
704020
447508
403339
390533
830253
808165
152680
148460
428821
451888
848372
392724
91822
199142
753956
19255
232353
190670
66341
579216
577344
274717
844360
417055
408810
109396
238810
609209
292301
753493
343090
485871
710629
183523
460004
826744
783682
899670
25235
875422
180137
74008
249219
825058
17777
98751
406603
214349
678029
134375
670473
142869
29417
295084
85936
106248
784814
750848
701597
764984
132640
302607
329480
588706
487910
234733
276853
420252
160649
511351
773417
846523
283797
572623
340602
790654
532446
400686
518688
834267
437052
697733
652903
322212
201078
35508
155654
397622
890461
800518
48010
817373
545743
684231
220044
100679
416316
737476
51489
619780
328613
796509
862224
236758
378176
93353
325022
38107
897176
633734
15589
403220
69362
754298
430435
179026
241770
665772
287823
575708
324379
492345
165446
82175
270142
656531
396964
661938
252234
201596
349358
27140
238650
119099
258859
709381
197356
136633
852083
263406
781957
340955
379296
803757
195250
802684
164993
99793
27977
833478
428494
203599
73582
698732
94005
62991
191889
77799
89139
641622
623189
893611
885726
174672
518572
228582
603711
122841
646269
125812
424157
431081
603752
436226
154804
606810
786496
231197
267237
37431
195735
455734
862567
727491
309495
139828
487867
130658
514540
137654
850557
308552
748480
331172
286390
673948
811102
13008
259854
493865
834840
402191
132575
372833
578052
452782
603205
282318
502913
523186
418994
27895
683447
31056
184670
379339
13917
590662
49179
820237
358548
663732
203430
430140
128976
156443
425530
542973
844214
774064
777246
331431
698497
419644
857375
858283
305343
768979
170328
158046
783417
171951
358221
554309
650735
685641
843064
399324
129537
391476
490746
638338
123083
447574
604275
266501
42216
618883
774989
186405
795575
147639
115315
875944
414171
300784
446623
199802
189020
726054
667472
295454
417099
330696
82778
853269
256642
10933
176375
203593
189450
57811
520284
320727
208086
213295
621927
254424
488429
87890
596116
554282
574693
142587
231183
874719
464299
858111
857411
474754
751743
110523
551345
209985
499643
224881
80253
521499
213876
168262
221474
459240
856762
191895
6309
851199
280506
421811
391335
108552
80226
393082
246803
504703
680932
579728
442648
762657
65492
425757
729265
465463
601484
757508
250688
277596
538926
285150
745785
426316
753353
566547
250650
819019
508597
693780
178168
747087
6425
336087
644693
126890
363084
807024
327310
177720
179224
496201
7729
548418
598042
558110
284620
602125
646950
802359
557503
851106
195016
589827
444179
887515
479237
776237
712645
896006
577376
310270
527835
104153
287128
587343
551063
195282
228559
743016
275881
689546
751653
250074
544382
220246
243491
522678
494423
421560
893523
856968
130389
362793
102060
644339
588943
544827
703468
114442
850150
334479
874847
394280
243952
411890
832124
367693
435216
865396
94766
493430
203143
188903
17679
392184
168676
806352
528688
639704
505399
263501
474102
846954
566243
638691
224575
204804
553041
345858
252546
266302
792225
49655
304213
524008
596700
642671
768807
676584
186725
164387
261357
783118
543597
299108
579290
652694
471238
858724
59688
3450
697839
631775
160467
840849
98542
546308
497508
705832
811037
621476
504748
244827
819419
449205
804070
697937
509634
560355
403551
624465
748281
76180
848113
196068
362239
173238
318443
613128
795816
771368
560236
664686
823301
58434
407662
743922
578459
872289
131520
281557
496598
561555
565004
854296
771095
592795
731383
204118
493032
637346
723206
459454
561552
674554
408030
186316
427329
285968
470372
242179
123407
721966
120227
62154
738235
720202
413483
761984
402670
400782
520279
23581
9633
383844
304807
257510
412889
111390
161804
218124
517040
274752
427906
665698
659566
391371
791319
260218
689239
202022
496362
567931
742141
84459
528623
547936
466582
21387
496526
582672
556713
19871
429323
483093
635010
315756
656129
197563
73413
619314
757960
773384
197279
730993
122518
333778
614744
554840
51201
492033
641796
450476
852513
279266
204504
428562
434580
212741
11130
310873
300028
477653
519506
330599
836003
493553
398333
51038
154014
121579
461216
300522
224271
560188
769305
367978
355749
57537
35344
679288
747775
112759
557005
259319
156077
563695
704900
341144
311287
805101
859243
587593
19927
453123
103532
398523
187457
302949
182357
857742
747651
346377
301933
336699
647975
766269
40929
109501
434261
64580
482973
474013
97461
481326
34966
861273
813203
243539
779139
469137
344219
781292
351820
418061
724132
755823
52411
827982
336713
893925
178575
291888
712946
620457
753808
846040
773841
109567
351645
297088
586313
842382
254848
472828
251337
779995
692579
159880
315317
446660
636859
698768
242245
403894
366754
11579
77767
678284
410628
842421
488032
748069
550384
676888
266288
149919
192462
460086
365108
547158
342607
892646
547588
881715
323615
362568
419036
541171
787575
250487
542200
873653
70575
774570
722201
50943
514673
242086
659620
834062
748746
503780
314698
896184
782361
392442
328866
367873
461449
82313
867281
492725
68316
780451
114796
746504
3549
619702
539797
214760
344855
168794
535585
785115
77540
171059
114426
422779
145405
691202
770112
801386
128081
641710
337002
129076
541137
310955
575818
816832
437351
30053
639919
761138
49671
312171
537796
430176
194430
674842
864469
550607
18151
427013
246738
103625
343773
504190
678252
395965
123338
505220
279517
467604
888157
701736
609156
879851
436826
641534
452302
662034
829836
227357
723984
888864
670614
271346
679504
338448
370055
321832
651971
439708
574123
626636
187281
233908
839006
560896
118325
458555
542427
893406
814880
760287
871731
770534
895325
683091
214297
508934
792624
79370
147195
499430
195416
710418
99787
711725
732563
624011
487803
103795
542113
184963
340710
528003
186688
561231
759339
837580
198294
486759
826453
520134
892846
230079
41782
620156
807417
752702
863250
687257
55350
178013
160375
46931
485100
32669
70251
233295
600019
380357
283102
192815
212051
698007
330750
78239
603973
108238
178921
445752
618869
443223
38108
471022
818217
732776
434186
814909
448347
73121
705289
550347
475938
495774
334375
809273
623407
363286
137050
532171
285587
189395
199412
883058
23582
276526
527957
426803
29698
564358
849338
890134
9590
796573
222388
333036
350454
568816
702356
167997
682472
707312
234402
248014
22778
512801
376364
422252
510886
718799
190939
337239
766167
760904
666626
155502
486758
556699
17360
5075
340285
491882
560869
852282
854140
211630
373280
479411
799418
218216
615799
493522
562435
752703
850784
280727
801568
705307
898348
282911
868245
405053
449972
836999
219235
425785
837003
410840
250830
146129
459858
573427
728184
657455
780363
44793
494796
348318
822182
219480
789047
765638
150647
528366
850481
313922
82664
712699
479450
417632
747498
90503
663423
544564
874535
262349
485307
170201
65747
490339
325978
48261
476641
630439
633401
750920
503826
518183
386761
125569
196776
835085
886771
708317
330328
729317
845237
188877
732286
272749
743018
339746
634666
294680
595944
207080
111193
106750
303523
658108
816415
361092
448719
52812
263263
44323
567235
886185
769277
209432
447992
881355
834346
734728
646128
566690
729279
107373
319316
155284
330021
808033
472310
86744
730577
521669
80373
307181
474445
585967
645823
243735
329201
109359
212689
32152
546289
126364
137369
434727
449712
206719
209853
432304
402034
225115
118900
728840
192207
441048
162386
37834
876163
156363
170689
236595
478434
822147
517866
284951
840937
388019
842483
439742
144880
714647
24867
869118
718651
693861
432481
175701
822704
341361
614203
856484
218690
451388
478562
483171
349100
121210
536945
626757
690842
124223
655983
831529
35841
382630
183178
271929
101711
775294
338948
26275
560797
346353
129066
494546
652161
26033
91838
396936
771039
710401
74838
381434
767328
422046
447837
583016
729435
460457
837688
240535
355407
267026
742115
108749
855155
105729
485306
142025
688548
580644
411316
195580
740638
561265
187561
837992
56038
809430
716180
94291
843651
44645
687251
795368
94701
384309
419339
532170
104830
503191
763561
243798
558150
224118
483875
809236
358554
706761
390749
176633
94828
119161
64072
492221
374486
70794
446341
302644
341519
390760
81831
305547
480288
174638
120981
576192
499600
186070
831247
469662
565499
763768
828008
140180
782434
686849
42994
599537
633308
493682
838648
769439
470475
828529
133636
201433
358057
41777
340257
522601
389088
372057
577850
191714
412825
121971
191105
612887
590028
53683
470668
77335
557846
216290
47322
720358
531881
843398
851956
389881
254461
48911
353134
41645
874948
826945
276044
34980
522235
670777
334626
527997
767069
345982
548307
622063
846674
159590
379611
395650
316516
772706
711912
601130
472210
579751
267171
154240
434429
485593
850061
177855
231487
692597
543780
82424
193628
830428
811397
599731
400017
522776
223083
190594
52841
404268
690293
821027
4367
228252
835910
331091
605149
151765
786214
211530
708114
736603
152774
567254
546979
559790
264385
626775
513192
680472
207037
383444
755639
420406
299601
410905
58222
308768
160001
77230
776489
573718
138820
69781
380052
138344
478183
73375
415771
191266
284490
95947
442493
748563
380776
799164
255262
299865
415828
416790
298331
670571
48478
778485
218841
107171
525717
22634
784855
280581
765511
369267
477762
821584
92996
318742
390758
280671
890209
551482
852737
364156
456952
122978
220692
422179
629356
694150
459828
549551
219114
397967
540957
186179
485899
31855
439909
274423
665654
637787
273934
746364
668866
355303
756533
457678
310841
522044
38568
167893
651736
694168
715317
721656
249524
5890
686941
586111
88278
71528
806311
736067
673287
481527
843249
500468
611591
730006
342401
686982
243222
233215
265977
703289
304277
422588
201993
554916
779975
484826
551327
455998
446098
530924
633
111048
849698
419743
637595
738298
797996
749749
18172
65800
431695
318593
510363
150065
198998
236414
139087
814181
853083
364267
753243
490928
277797
288999
648032
282950
589650
661413
221677
578189
839728
579948
580850
765602
322022
450446
46546
452009
526927
279971
524663
805876
827878
649793
774527
553967
1245
402490
834036
47238
307751
353906
256985
196436
41398
466428
740064
111177
827710
770096
718968
340566
584217
391979
349252
10328
102084
103106
529767
102719
94150
767492
305723
69531
13648
824140
883041
577730
781472
641760
762611
134207
599552
675561
167574
762170
516075
299311
797227
390240
680784
575152
619619
833999
190254
330204
656914
187040
178240
818416
798365
204818
879314
235469
584942
787375
571313
190645
839174
135709
447618
823586
11218
308899
604872
502339
44054
845109
491337
218227
51429
753855
8458
616279
728595
36714
727894
391572
834626
295245
19262
184811
685368
634547
179866
562035
321202
800709
587149
724625
686833
524117
719015
233941
242259
686438
301477
221044
472797
564250
490067
548510
12596
299130
269745
458108
764619
18620
845875
464168
438102
305172
120546
293256
893725
346425
804544
241448
81100
387890
731721
277683
335559
104701
133908
872078
866139
236444
46361
227025
652880
812381
577069
137699
816410
470853
725417
801585
823919
170936
68201
807754
47635
17447
861648
702266
434382
492246
828648
684065
579231
700169
786983
395087
94699
573962
670541
410463
665646
490138
483018
247341
777041
726898
316637
454357
308956
206036
841686
833674
738531
468371
624253
454031
540092
443963
684268
147445
20177
268159
723959
542226
762769
810462
794700
507770
262369
881104
374581
876157
601967
790482
858299
134077
584647
206764
670020
652906
199390
82428
502461
87995
47724
7553
443570
748299
811575
739173
832506
359374
680618
413383
195696
58607
316740
322533
818940
706183
543725
895043
667409
799228
142275
594490
186927
182196
114003
86624
463944
578996
736932
714703
373888
378361
698573
679893
780397
8946
229030
416088
644382
793304
650715
169699
128728
305899
793469
676754
13532
390667
638483
609462
246276
426000
316111
434917
7372
866598
708443
491649
346189
140904
364689
548963
810180
125016
272234
700580
188434
46584
726862
880008
472925
301800
749898
594471
310003
414364
717440
316281
603598
521913
574104
809502
212499
486764
460628
348583
503605
491144
770818
135076
893974
803226
787114
525035
346318
537418
894087
890242
508996
599120
68979
714249
495001
184593
229306
581607
272804
761781
94193
584399
288408
493222
93759
9198
458817
611974
627353
333268
249037
504045
373644
327293
547784
746590
730643
853435
413792
757029
465801
414626
5608
644720
872184
99951
160407
597735
647536
156182
604656
447497
527347
878503
358300
339332
888077
321627
586675
115473
230625
154881
52826
206986
366718
509375
675975
353448
895952
474599
643232
356637
250451
840473
17665
481643
225827
787887
267067
641855
361934
307817
805978
477934
443435
139028
600223
685290
598020
161433
162541
664576
453775
346720
110111
218034
774971
820192
250358
837868
594597
269252
808304
783333
263209
67643
373107
682196
492918
637051
109194
873228
899290
114067
583462
774550
137437
760428
582758
811753
147082
149244
824273
98953
615240
46439
187328
59097
873671
82289
854457
370590
555253
349156
221910
156145
27664
395675
387459
850048
205622
407145
15078
514083
676664
322697
625018
5846
62605
669795
831636
843992
626370
766711
24646
883518
677936
421321
646049
729876
541286
25129
382613
866321
847045
282653
257300
25558
92427
795534
740117
818948
825862
115948
45269
183831
748778
269247
342135
690882
339102
845771
66508
277448
574417
342366
375854
646612
314794
200442
683654
526486
171453
176154
22701
378875
743545
600578
721488
254983
478782
719559
786060
85618
716652
450584
376601
794940
123798
457256
430308
381550
874230
252281
260916
857807
662714
275527
396589
135839
852156
395150
865363
808212
377071
36376
766182
113262
401973
853319
253580
45881
119437
67548
93869
584063
729482
210977
315800
57159
740255
504601
660386
612590
817815
749026
416334
628448
425025
189124
43752
355411
22152
373593
236620
445409
440928
629465
414340
60096
862940
266496
308110
668479
699389
352670
421051
346879
267845
209084
149876
258955
694122
387078
855288
297654
680133
149497
273888
54416
257834
320586
832259
375876
121875
443696
761429
633777
472917
296975
162794
394115
3763
662242
248825
270733
333169
327300
697435
806086
717761
312891
455027
408253
392441
82690
48583
676762
583110
802930
589197
444594
864570
392588
19361
756166
567072
855589
375634
818713
179184
268974
651389
33388
710430
362751
758288
41944
413389
343264
629521
397320
254433
831732
662455
235920
493586
693058
712086
444397
859581
43905
681368
448507
540148
70911
746247
187085
670869
845198
796967
506156
207064
148108
455872
460751
17601
112269
890649
236372
97558
817287
263840
3544
348619
415546
934
489368
655833
51066
847079
127109
418541
80346
59591
87806
281052
569463
693208
132652
296884
397278
684632
765279
583694
218107
663191
887680
721984
777567
194935
538931
262415
618285
636684
353068
781825
473441
41571
39850
454320
123869
479134
74452
640219
502002
191165
476847
582902
307815
124793
725593
355618
584201
373897
1317
265016
782095
21288
814995
92670
68745
343150
3467
663836
192549
68378
540726
81352
809981
221201
79866
226461
782016
265632
603216
171722
139899
28894
612547
536519
317796
734061
726086
693475
73251
541983
471187
392921
476286
23444
152348
238496
22175
547137
851344
849793
174308
189197
601484
309444
713474
388118
717914
632899
382167
357809
318507
87104
48171
700046
736973
773106
18946
791289
769257
106810
109665
79772
634651
248309
780762
567138
852783
427082
485525
14838
393557
662531
588893
199146
309088
841464
11045
388053
812416
346918
401461
124564
837178
346111
556981
334544
383681
524284
357492
808128
210516
614029
184533
849541
780980
428656
736471
461907
120543
722528
350464
160720
794926
706373
837509
671957
625255
349129
844888
58033
437568
663179
247119
181741
540945
882764
140269
356618
882324
602311
683375
775399
755868
121886
629397
681214
727631
19599
244842
797262
601250
258437
569202
355603
180047
373931
860144
343889
159445
603579
60593
27792
770125
261941
888760
50465
215492
730987
827559
282975
496058
725977
39847
465393
591957
66194
228404
832620
874307
27509
606311
643253
779914
466079
351425
881603
744846
190778
296433
248643
160926
818098
504067
710805
726363
847336
465958
800820
231847
441696
130583
113363
651813
130197
207471
454979
721203
693901
191750
577585
79969
702311
141474
592844
624845
552336
397888
75524
531900
380148
122782
565998
439670
528914
895938
72068
187263
575721
247435
644713
884814
4238
775602
351562
366892
326944
78940
100640
207370
539698
510207
690738
264415
892359
383854
436952
310461
800093
194275
310074
789359
815295
89320
754935
199409
279166
365506
198081
519148
34170
220219
97733
637197
163067
503371
829448
72192
747996
851809
232429
129998
393063
723763
89076
110800
102139
406240
599516
833167
567465
227262
9
446458
791871
684070
814945
703299
375547
776632
398288
839158
800258
844907
153707
890263
34985
678581
279729
497175
767951
521236
16206
614675
157934
438647
657657
32969
216614
85932
237949
322487
676762
60838
558677
856274
20662
60458
829936
335392
941
396822
804949
472402
415490
91823
713792
225410
172572
410342
780937
298629
216605
341575
418438
439468
788363
638333
648423
221725
530285
818021
569023
847145
753234
100237
697730
502250
109546
577577
844106
56347
177720
29330
206356
335700
305439
808699
860967
237472
295482
418610
80020
722236
349576
400558
39289
600847
749508
12123
344896
872257
208307
851232
694725
514521
869910
283433
862772
159383
360127
571094
151217
709674
890816
364543
862129
67726
631774
36546
707301
859366
333317
113547
590967
322419
524662
317054
750156
53870
254587
344996
716362
679816
750428
608272
453555
83291
173033
11181
726640
782699
59255
551366
432201
738559
345096
532753
833616
449271
890979
775289
733789
623657
489218
717062
369140
398619
274794
898571
761123
413759
676246
39500
774407
343590
523468
75914
188143
834850
733713
802733
16728
234045
716056
366797
624407
384047
229685
559868
830965
837184
777680
277459
