9797
158330
928328
648896
483471
105932
433472
823590
139458
386059
811025
111069
213444
360997
832569
980679
915467
343717
764466
111974
198773
230357
573780
973130
919998
695246
315607
431220
27148
610206
148471
871757
13989
242580
629744
349436
224768
238442
509993
76008
77945
716880
206893
915466
378077
128465
531668
272813
298149
515428
956288
862661
918656
412626
174787
673002
167497
660542
541086
286703
742168
853974
81573
670819
882996
430229
983870
728102
882802
243208
94298
215465
630056
250583
879063
245629
719459
810526
856521
544666
257540
457766
906906
281602
278929
787642
739364
83823
555516
819429
296660
200748
193102
20179
274778
818944
135600
937365
55882
883845
760598
122624
98194
341846
895753
91061
320024
378278
137615
601402
241840
82542
866040
819719
248375
842558
943624
681182
654031
161205
134716
846097
648695
675212
553979
266343
961413
428236
586266
758809
438851
459488
532876
268727
561572
95109
71205
782760
677729
263645
556105
148174
18357
153635
978869
261128
608177
500985
988649
859793
368124
800478
601841
632326
96299
203131
786639
976836
703545
449244
124167
527343
297699
304444
261255
607184
21091
149433
967472
398486
888198
794982
551301
681085
394348
76351
554671
160588
574876
12471
630250
127288
759746
883758
839312
194854
427782
402751
598016
719822
282313
616949
751851
742267
32702
832861
973883
545263
516771
804214
211551
345891
672859
275525
749367
258091
381610
344389
804057
899384
8652
976316
796030
713208
816498
782633
512909
967320
915674
454554
121857
741993
851658
816794
626041
89760
112488
722502
496284
310520
988089
101568
162022
629362
809524
878141
13140
24060
211202
656698
717096
856496
310613
164812
501337
242995
389730
634900
106523
348094
292220
88912
801734
302457
317198
106063
214565
748803
398133
538813
968798
177230
883768
861276
148985
799144
153189
14676
780302
22100
558409
882081
896144
591703
978955
328490
37872
336014
353509
89522
315631
388028
287104
223527
427075
266146
166316
410008
596837
337863
10553
444228
14453
551319
210740
473101
420363
198696
639041
225996
425499
488151
933202
504062
533956
860497
612033
826715
494325
834862
139088
385543
985340
229111
142202
606945
547693
698568
14517
798074
231467
498897
162887
414432
593430
779510
633282
312216
928849
611863
747870
14441
486318
148649
879921
967701
729849
268035
583821
766947
540190
924149
772214
252055
276343
650323
721278
177284
590390
720079
217472
689592
514604
24004
954421
474453
187828
398735
174838
977407
923326
44760
175694
713329
749691
615919
793403
473962
336674
787601
715330
387590
123358
266121
736876
338343
957204
782643
498592
394322
706900
910556
101214
254038
739995
103045
482325
958054
444098
658822
937314
315912
733768
423824
96615
168038
169463
688523
191491
643330
342069
303646
134771
563975
881833
443980
890949
785210
310087
29371
724212
770447
905658
908177
356133
322520
784365
244727
209277
885080
760247
870975
390365
140214
7776
592098
211643
35917
807892
782050
989534
790496
584291
84750
100981
492523
501939
3812
208277
424597
359043
122896
533646
924033
463964
558611
467368
297603
874390
220543
969023
198576
847044
611294
227192
666062
42493
443699
259935
963178
961160
715800
714911
872073
551395
895622
531933
916278
208880
902324
990897
120378
580925
386774
70657
217194
42222
905478
341692
803290
431817
198528
646064
185263
135902
135624
241289
773267
535441
101798
283303
347905
890566
662609
239898
659839
162151
391850
561917
757548
301908
356959
522156
155695
357096
134256
652515
14095
111268
534990
487156
137121
967483
383519
238564
370268
291578
845663
736996
955017
594257
169376
65703
849237
188673
585394
69028
587016
917732
604637
640298
95696
821844
199947
124570
859575
620345
206723
981126
39988
532723
310928
356517
11485
733344
330880
333743
431674
538826
351944
91803
573620
969136
409029
646131
613484
267504
58845
13968
754664
165966
420868
273400
552040
583331
700122
109520
763735
144484
328434
331200
811741
583246
78254
210722
227857
292587
897542
646373
654732
446724
489959
238020
321112
224035
110008
424735
730056
30724
290423
873843
643809
670936
989634
340667
634358
150133
725170
262498
900561
349277
921314
751587
718157
484648
626253
760639
509441
298705
735701
453402
373207
690459
613024
296179
888186
967070
949725
185726
953390
86130
559205
732000
20409
393270
156796
988550
906751
397182
51510
638435
794795
107799
768758
374468
491913
959671
685714
263441
717682
807110
907474
993570
48478
303491
289240
774971
1501
117781
829913
837414
7521
658479
108745
29292
546035
477662
858709
98671
184518
146482
367434
859879
465577
774791
204883
155959
109269
777263
669279
880875
357990
795709
591265
828561
303079
710960
177073
144944
571206
266299
821712
265257
222055
108013
203081
351913
450580
418370
445874
333705
972625
389765
5650
823362
122189
831904
669148
626448
950581
323522
445850
943138
985699
152619
39909
136442
879412
416983
886800
273063
723192
422213
248933
902045
881602
83938
54983
512110
139614
111831
161974
855655
929186
3244
885425
294153
484637
786647
106550
784931
806829
613093
825445
89097
221357
840132
368899
32051
396299
440490
20570
551155
941559
535206
69565
345684
226743
316289
401000
794380
151191
891024
389318
941983
736062
696281
569677
523664
216156
524704
478469
388611
761408
940685
176230
312116
829766
140283
727198
270606
383533
888607
714673
466985
546759
725523
558971
210467
684809
42750
883345
527258
145410
512354
533318
855875
281897
804994
178825
140778
431503
177582
504620
255686
336179
391277
137535
751416
375668
11269
912603
527328
434401
213161
327738
771100
931116
482432
389443
542302
883006
492110
758437
787881
308836
222401
255129
261544
801318
319770
321481
196651
898936
214710
868495
806783
127242
441401
530454
487144
361402
41814
657117
413117
446890
735548
49370
217121
999211
892640
298875
16473
342296
649827
281479
981199
595456
613665
408739
181090
941051
921237
430961
868968
350685
632620
497299
259841
639561
33573
331725
597337
72029
450977
971337
746105
302987
338380
850931
865098
816583
934824
770244
52200
306460
14835
835933
2911
546010
690997
613641
45445
749482
668392
53221
803316
388994
433987
461980
227169
545907
192741
361546
153182
804319
267675
707906
461160
87625
745614
709611
278446
659525
320460
365637
356895
964494
23985
517001
309742
9270
661617
244527
868645
429624
531653
89673
826595
500649
556592
664333
998644
177357
115885
616432
959819
319558
621047
536813
840670
458280
682036
658276
610974
593320
269951
940256
870866
193714
663953
682033
122511
663705
935819
958456
483478
695401
774306
605889
3210
765208
222951
78794
194380
85275
221874
603426
882613
712918
465258
754221
801519
292587
39476
755780
293168
549684
31286
510969
559956
179851
169031
20344
856663
702726
400309
57289
318700
342272
211570
300849
743164
122642
223515
715896
70846
122273
387046
31942
788143
473937
644072
52199
503343
199192
889665
686830
255736
383597
654117
684725
92283
623262
259207
269826
365465
705857
287779
100165
335738
937538
605481
287357
285646
301980
522433
271227
614686
692771
428479
892479
37966
28989
357157
376702
209201
241201
601935
478533
785097
945687
153535
28919
559129
822127
274821
740402
377961
706190
31691
220432
506966
626867
617275
49354
521939
342072
894989
397942
67968
104292
289328
958385
727909
311325
868052
40791
591435
908411
160402
748399
719927
683063
282105
99748
334660
243650
106230
967918
684188
443762
488351
594512
355346
191319
862876
30522
455455
707948
403954
762894
979512
859433
635373
125439
865672
9334
679274
827990
682383
498361
716798
938191
992215
608528
306055
961568
626958
70363
20045
887449
580549
749808
693267
811430
650116
155186
976832
465202
353927
679163
293157
13734
236697
793846
571883
658127
875724
293322
432730
154654
74067
582641
310088
373576
509372
478119
873372
717070
167884
750781
443902
555287
29752
247756
213725
328889
614782
595271
263004
455062
506015
653866
785370
791267
237817
56783
157212
404548
9796
573343
793625
516819
148265
980133
239971
597056
602874
238910
787949
142930
496146
910701
33341
194124
48202
505227
192239
731883
774805
164507
451811
673611
317241
208508
362820
521960
397739
872247
618486
172738
535621
448120
59675
381594
882598
750106
737986
43034
177702
201499
588205
852625
477300
883311
664510
499484
873359
731696
666109
208672
284893
104434
978824
832819
814123
236789
853912
739354
892226
208116
11180
337261
962082
488794
721108
781271
425374
757652
710747
567930
264787
966401
737426
15663
351558
534535
356149
302059
907610
247295
159613
698493
59498
635536
853569
261235
749257
295193
518921
767389
735571
774920
868209
509097
362736
377288
327735
933741
762789
775319
748065
773380
627094
107829
363854
571279
567580
707192
953879
778717
696831
980925
323361
485541
670352
754681
631426
858672
303910
380589
490957
285460
998771
350840
809276
755930
833857
363142
659641
81985
253007
444518
850377
184476
579394
127738
30741
547606
144074
509447
809174
731990
12498
903020
75229
170365
661667
959472
812221
515212
104150
528884
183190
418915
524532
469063
786878
761828
698028
878744
335757
294454
768943
67462
257541
155686
149100
552788
539804
358951
719267
222072
802408
771066
255912
389522
657638
734697
181431
347002
538151
423149
383534
427506
51352
194927
102955
882299
710828
693931
31554
701955
726056
517233
60763
160763
545995
795333
450791
465095
248279
757607
808061
919183
648000
143021
449621
455091
712752
81804
350495
606811
169333
533109
132289
718123
806152
392987
725804
487766
644027
139347
584602
728074
170814
652501
341542
159689
892685
68703
16263
45080
452090
214713
99882
936720
837970
465555
779884
81041
790383
441354
660337
970006
478810
125129
334563
829540
497306
309836
399563
480285
474846
847168
705029
158385
667010
241607
608995
145716
541953
207128
756513
613514
315320
373890
931520
341822
122323
11856
399297
765362
357462
478728
977791
987185
954122
269198
865129
533536
112898
566182
357211
416787
644424
828119
360601
977917
247337
337962
641320
77567
439194
73682
846536
234721
284038
97445
29585
315358
176885
27784
42088
651097
371034
105322
611167
844270
136569
237223
539559
30884
403187
598924
959602
57982
285167
422842
295721
718960
408103
821027
147335
561903
616524
220402
405584
139105
144535
585351
682674
182516
422446
84832
834166
622091
542127
58707
466979
376338
34331
386231
536432
793010
834210
391395
413795
154144
995911
178766
319242
579216
615279
30934
786965
676552
196172
385756
904014
870351
435104
857868
732215
545860
449585
818234
817727
682762
6536
732840
300768
201121
122341
509348
613272
835728
314882
274638
730049
459006
995586
244663
177743
792993
506614
327845
215206
267981
113164
716340
398294
219246
633045
990807
156532
909841
45745
348027
768726
919708
490266
98252
542186
66846
317897
43536
988851
330369
824968
966706
979426
655068
331797
410266
108941
389733
557424
357495
996430
850372
619266
396126
172475
882178
629802
296204
277373
695200
893413
117959
179855
296388
398232
101219
697813
836111
222909
392289
372054
614282
561832
232050
339096
637822
180469
343449
915159
656546
442448
921326
574881
462575
309985
581694
11601
389904
981330
608464
141414
228469
419582
253827
634495
447879
528439
87507
877301
520566
145652
490618
206165
55085
922646
811635
340152
31527
971477
988825
200577
20763
541259
872942
566451
577619
998237
581497
946988
662875
995650
450502
556930
768532
669169
470481
182649
439528
513195
541565
315486
696920
69026
550399
641474
346993
874565
358680
452182
194717
670761
934975
743008
218261
845397
782684
270168
100916
209194
988273
633441
65767
981165
501588
690983
926529
493235
400151
238673
780395
467560
530184
599587
777528
234811
80723
978036
46423
356585
194182
419398
424546
51941
139309
964039
652883
688929
464988
755683
806549
841916
88203
681988
925048
462984
879771
517991
606463
146678
632951
415580
662228
462945
945238
892378
760412
739827
925084
98364
154148
905848
682528
351772
167226
379133
621577
984651
786905
462500
404689
301290
345916
164744
59691
722664
996691
43655
627905
632600
339155
233456
531542
462893
322408
109834
836427
245973
317510
846207
704381
755824
387677
930084
714315
116780
394603
661030
449589
877311
108139
954578
13408
989695
825259
264896
997942
775649
593147
101085
145066
430284
718657
544916
692569
493913
665130
416601
222988
558762
813307
140050
374874
820260
16517
106402
489130
453450
921399
479698
660887
889079
95374
225246
235820
974456
308391
929946
376334
385155
13300
261695
690745
364824
68493
827414
927522
930995
457502
888256
799164
8491
276159
502304
479383
961066
936737
40677
823778
968777
52131
161719
58385
442952
858564
721661
51418
518631
437363
114313
170073
192483
115331
227105
965267
828240
406586
893995
726871
289296
816585
286836
700416
226605
620117
346269
62488
254809
628532
471522
760471
725631
135987
589448
941961
659269
711956
409699
260749
220449
76437
543297
449337
624661
290667
728886
213915
656648
25550
534533
694555
998659
853101
213480
777852
366980
532035
863549
926145
681218
32961
702157
700460
294782
255147
485433
132257
40899
938303
918339
748906
913082
975887
163766
183764
22252
999088
967667
825526
422100
338955
966170
145617
227488
958929
319441
220819
948612
929291
242292
385782
609147
344399
224025
419397
882076
500942
657086
995839
645781
453323
445522
419028
816838
360998
601565
967372
46268
770326
729356
101959
186824
957430
82205
961631
613948
349366
789731
883945
141761
180914
155510
948571
687256
460511
372091
477319
17835
899810
845324
246214
135823
693947
225795
733872
398169
286174
498280
987527
328026
283170
240436
423923
10744
448978
12354
740072
711722
667426
70161
831524
664527
382971
90872
975828
110188
191351
302695
575766
92480
894377
402645
262553
633286
439507
948748
861985
415687
718011
371085
947047
463513
231191
445664
587677
568567
812773
226749
783247
597822
6423
736208
553637
351810
848300
917869
234885
903947
347994
552144
374933
101551
859879
222351
118878
420813
340375
484510
882892
640291
481600
351935
99538
897869
494905
959428
54442
487451
735281
369538
119546
227661
314716
219732
112210
720238
264967
459977
500498
37706
721101
237995
578089
400460
822882
948141
229048
645177
281420
76400
178644
925827
903090
868082
335979
376395
486093
857747
919742
179766
945403
538117
142220
213802
251442
128464
795279
74662
421905
591616
13023
620220
939026
971884
704949
243499
149916
820387
185867
217501
583733
193460
851678
306681
217365
332762
449941
481894
798550
758402
762748
494558
900999
488187
84265
24938
555231
357945
119423
872256
701390
503622
404369
308213
183151
931398
968798
208672
438426
482661
85178
168141
459415
948255
394446
929563
900909
711787
839606
738547
580056
127237
633800
380453
188888
88215
176244
739360
700390
410691
569351
497358
655042
493519
160586
799370
266407
29038
293511
341375
475744
810471
174891
877918
886389
109156
672775
626683
122621
34906
872049
704005
629015
3407
20039
301856
994612
830541
771027
833121
680523
958753
38474
163109
699504
211728
421423
733518
118079
821976
212309
471323
138738
216606
21697
116835
154514
259641
422637
774062
538059
913881
782441
209776
859480
819989
981917
666595
449181
10129
857129
810112
497875
646216
941229
1817
608221
726908
767460
482198
631802
35255
612075
542666
204884
11388
871904
991857
799029
519375
478886
725833
848793
423582
719172
8073
745566
257995
653357
72258
660055
574423
316954
997649
329153
487916
222611
53182
959373
367367
540430
346421
305372
825792
490222
372062
875081
723191
144428
767579
401503
379613
870227
148126
705195
506140
742117
181412
879533
548580
429147
563985
906536
477331
959178
667625
429785
220672
457697
539368
478020
897957
954895
806336
505385
12646
524417
34413
724246
441154
987081
465142
549206
584021
842394
863554
792583
738119
32240
893267
476553
4885
646797
580132
101139
318778
779677
323163
616543
636281
233915
37931
236293
538442
324876
982858
647590
277023
687561
741961
461759
667217
95835
497557
760093
738284
165791
46216
744431
588051
87049
836077
247863
903954
824804
72911
382683
972030
545655
278140
37656
834315
721412
425243
845910
219242
630890
765671
812758
714076
708330
220231
54279
706712
630086
985164
566201
383381
854981
58118
337065
651445
512916
118403
547642
434766
428102
218789
622533
496597
993852
951263
553991
554793
591584
168716
476025
325818
620171
702252
761917
223636
897095
93691
174772
921100
161966
42096
628076
699525
656305
537999
478711
212639
385013
365803
724759
323390
673559
820220
866325
6194
613584
871256
407728
881608
992884
971281
281651
516908
730965
906092
609119
547065
562692
350009
497544
264543
917879
390036
844092
935408
561798
98870
898269
882247
785872
646392
682832
328021
411706
878886
754254
822281
233175
11068
920344
993116
5604
764672
304583
613174
615402
275003
187905
946816
147398
748629
835848
2759
603141
426636
137964
206473
476777
441489
242913
626848
715337
708223
808683
862088
81236
729464
7670
197135
871094
767774
59842
316184
957715
505899
203131
592395
551856
343086
493542
983069
469105
856995
576440
682999
806269
908653
692097
116613
913725
880306
809989
678046
760900
557715
43691
618059
543497
344903
632591
60854
357775
722451
4594
243761
964965
289832
454353
73311
776009
795609
753555
612931
165352
514743
603867
966179
84481
416778
310078
847000
905255
416174
236814
480949
786597
186377
225429
770258
702331
914789
967518
181300
189447
660206
60076
706842
168511
814025
352398
455078
799515
199310
639434
223207
859024
827428
325494
62975
759670
689912
872167
355765
910667
188826
210304
554714
153360
834804
670316
629328
3921
366311
768294
86331
734402
788419
670325
924424
164101
774115
577462
578069
680073
879267
492177
83836
395084
235392
800718
97471
232064
806538
174656
273745
457932
894344
298015
294399
539689
372264
91956
457466
9389
641953
686317
948033
24101
247847
586064
844335
906778
866186
430028
425822
730038
945772
917931
218551
798976
563101
3620
9368
4356
333653
607502
780256
746574
262285
668206
135834
940948
533690
113329
702595
76339
697767
783797
909113
576594
272877
840129
311107
381987
399570
315606
28215
692808
82236
717597
179852
436882
110928
26303
998205
805284
577516
117715
76821
18678
334269
996722
858013
523701
984829
212775
876960
465992
447692
958723
76952
157614
710058
297805
55543
562883
483919
698518
693203
841378
966759
186537
208494
283171
727406
160929
891681
907333
161699
945622
651621
341735
351276
262895
601342
789489
695750
682075
338309
141008
591974
406875
639696
155742
702129
883639
796864
617695
277653
887953
54246
577383
323906
264598
846354
389722
989321
693520
605050
511180
412623
777688
880260
225031
958765
150505
539761
659050
560744
600080
264549
505262
842568
411776
715415
378884
115863
128451
101137
690714
359735
423882
60772
370557
740960
187045
966508
527833
780534
641870
40955
873307
72387
57759
384549
615159
536854
984932
268712
702469
359287
302091
530997
703494
516293
851576
127071
432133
717167
745653
483103
678617
162827
517255
522690
878535
598038
338651
158576
999300
11337
852383
531289
918616
597076
231214
472893
241437
782905
660899
396056
936935
545160
832079
715689
510078
172147
353989
74078
33286
122701
978706
747934
998656
497060
802634
794162
178153
180919
59645
563985
587392
769237
812105
268550
628901
488021
278345
626112
275037
484588
622763
332470
188658
762158
439712
589045
679543
871076
200876
147911
942441
433350
108701
445570
705009
586133
112408
462378
307911
38551
367374
680963
742384
93936
499534
762872
530792
823002
500789
679329
436122
545345
319040
703029
473355
737022
962114
182540
17047
610733
11697
760654
829268
160557
216730
277566
825939
390259
47093
175581
470981
425163
466323
939580
357945
601965
852531
772194
279683
885816
178933
500245
898361
618573
840294
121801
169815
964363
864890
825378
681666
964450
13079
917608
172585
834518
910157
936646
918280
245202
18148
927039
385863
470694
206543
795566
782079
833631
758652
258103
924892
864962
31437
265360
994269
543269
351392
391398
401336
637993
102474
825581
438555
764375
185379
435527
195726
421590
598011
964176
842740
304519
86891
543684
461105
566653
363141
274062
451621
998684
277037
880238
336213
199757
931265
526917
946859
2843
321588
680000
890132
439661
703160
570015
562183
988832
897241
955873
768806
907200
83111
556686
338300
912356
955788
597984
535911
284067
282428
770511
728591
248054
768265
934584
148180
60972
38294
34409
238598
272836
999908
221451
117709
639594
42632
785196
73961
341009
613373
403689
895828
204329
572502
808565
719300
197693
977868
73544
928461
154029
447221
915942
425506
540547
870230
830346
545596
929843
90319
543023
72083
806260
172020
214844
147529
923637
456637
151626
859878
802942
894099
823251
135998
194788
815306
616376
404335
599144
998382
388526
50119
562093
925174
281159
885378
937493
702102
559769
501360
762551
659696
893005
984373
489598
293226
25158
531626
597601
91227
209707
475362
109754
468126
44883
60807
161478
397257
725004
116898
643896
247288
140104
974521
661882
89090
530853
914194
976001
561485
190167
724758
834827
117438
428788
454929
23864
706696
419868
297750
132674
379558
553795
248384
584731
276964
310301
325202
288034
711702
598949
368768
657217
835052
337545
859975
794981
834718
383925
235383
568283
915073
381626
258257
106628
497532
852571
732619
688885
368660
172020
20464
826413
985186
801480
266020
280179
945383
147365
578309
516748
218102
500854
615150
144342
593615
290917
392149
733828
70540
187243
665940
365111
620852
828789
235717
332341
36014
254132
754438
585480
175183
699266
874651
517366
208404
785580
110195
322520
256235
850528
504579
604697
697132
748020
176207
233741
357157
439376
243591
365483
705042
164794
978062
259817
672748
793724
190997
142002
642968
254964
152486
842631
116032
3960
420157
866223
473535
652195
829712
170716
502262
563521
351664
956380
924092
757907
928456
727352
38962
351423
775553
878253
775155
796631
867976
709252
144107
660996
109735
384400
663743
230543
770896
302532
775402
263691
819769
657902
730216
214179
275936
824212
456714
444
6960
589161
855274
755270
631740
663148
278905
795556
436520
807454
301108
938613
741095
358814
588213
838527
515166
441186
893222
65144
532648
137940
45264
592048
239283
735559
902929
498078
740167
878804
220972
834501
495463
38741
36411
751938
91472
33726
821631
753973
468446
34963
118936
457482
440846
869961
121296
876899
329822
737469
461073
631971
136465
365643
120183
547930
262670
792013
319936
677320
372904
982960
945696
143376
575353
750260
720305
188219
989159
566272
465352
702885
48072
680607
955747
737544
859234
51803
577022
450787
189515
386932
519109
289478
587247
488445
802851
331453
391216
989332
157752
264278
290344
723836
239658
587665
820298
474841
206547
945060
450086
142215
774040
737768
513931
496406
64409
120931
589190
358694
212676
395314
598601
418972
152452
521235
171047
935166
25687
597581
139516
919473
315966
106812
208042
364684
870349
613245
701374
151768
792290
337970
893744
82022
262130
514290
864905
570893
421119
735824
327839
913919
552230
768071
570236
591304
772692
559295
132765
14690
813977
538110
182742
196855
922069
610990
663699
77364
472398
353990
704761
763397
428772
612504
556010
396723
989788
517815
377191
150744
260376
741891
386961
128315
879207
351571
977096
849996
669433
830973
445556
864253
236139
195844
100770
588218
201217
350047
54534
862727
260337
689250
998111
192053
87004
937868
261368
192001
81624
534124
74570
125321
976616
996400
372607
263212
637517
730443
517905
440381
913013
807362
635793
297314
475410
334548
722628
741711
910598
285060
139880
645979
167418
321796
969172
598716
312846
738560
932285
555364
8811
226692
120852
726647
814196
137546
619085
39271
96538
841764
845371
567278
579150
479042
765143
162023
405010
90145
453344
355146
269545
84432
645788
510850
505133
559584
960252
254637
909503
720360
897693
661295
23576
137202
810923
408627
120254
572102
661280
869503
571347
2000
793578
189747
390152
44208
49963
599262
604846
341215
782874
41597
356141
309817
171335
526993
950669
797867
391291
862044
423858
201657
226045
294072
193573
341676
836785
327251
222412
363927
494044
392906
161916
54277
283139
12321
867365
93185
506992
843997
77932
762626
810134
117822
64982
831664
654796
847005
767647
476183
464309
876829
629419
459239
119105
170321
170388
275109
635852
647210
451106
59507
740
730395
694616
861430
842152
381835
161835
390889
269067
893494
826574
951294
367352
606369
466024
111212
200016
749496
642215
768410
321870
320326
460270
59302
199500
97487
590634
368338
595999
318669
786754
414347
358172
172166
117293
403032
288574
93318
945245
868252
927136
202494
30169
947655
224932
29689
789992
679391
626166
49911
334185
911206
786923
593064
778112
235625
244547
481094
982251
533285
793805
294927
553458
990998
937706
423838
162045
898077
512041
552421
201087
15373
640402
310665
795344
731154
831230
548762
233113
31230
475811
522798
976232
618353
556654
744921
237476
24037
108169
602506
146778
976788
654972
154821
901045
788742
568303
316728
912525
851770
933454
683389
305046
647152
174661
431595
860537
176849
165546
475481
2879
553660
582843
495601
188138
617134
945020
296300
951326
672973
860163
827247
334268
313745
984399
100610
653776
581392
197650
593257
89888
644324
96719
455201
456549
939835
643358
457720
872918
887930
707789
351561
601375
130447
229537
68371
257329
885074
111994
933942
156723
293974
48148
616521
345110
492498
631017
40474
143622
933927
496948
221891
955836
207374
356497
957029
301424
905440
340353
57604
652460
5696
874185
695551
800572
617000
732665
119466
650817
943311
874186
888586
262629
592052
503905
822124
620713
568586
391472
882978
246683
861824
929212
656411
90915
529836
763513
608222
618299
686163
210001
541987
61055
509911
118723
120142
986010
475966
200488
675529
756960
817627
871377
572796
930490
483163
494413
300908
581244
258030
515847
981549
404179
103823
179467
239173
84250
349490
562217
81119
934475
155850
310834
887593
826066
882164
566048
666634
676093
831747
784210
263683
729680
605160
994292
416993
987894
856958
868221
74268
599378
822640
99410
307280
10098
684552
499400
999637
65829
223060
336966
645821
885411
439542
80073
13353
903531
743241
793730
607816
278954
202156
2202
660717
176983
774188
586517
998348
793244
128530
357204
963794
573934
349317
978293
706334
136253
508830
512021
498783
437639
200263
254197
842251
470983
191054
460922
214393
475660
467980
47886
820827
57636
132652
976933
362844
951927
357018
260506
400594
662447
353674
612023
902752
721301
648802
994835
500139
656695
664069
930774
879479
127237
359997
502168
606877
473596
854020
928808
913835
259066
741423
222633
210200
529071
507704
457238
263138
787892
104870
298405
317638
1334
296667
392970
338203
32139
744634
734162
6668
742245
434227
189616
570288
556516
114028
375765
112264
936581
648269
798648
957908
578104
445288
207477
217234
358800
215684
138833
402388
487252
437765
405340
289981
114546
61561
239791
178136
266003
916161
859349
51668
688970
374682
438470
424160
551141
176583
362639
159391
91878
990621
980109
261576
847052
681962
514903
830493
722186
39939
221116
862214
52441
323689
112930
397514
269225
996119
969869
796521
291122
782699
107136
335576
665834
647726
129534
26905
514255
301442
136041
701047
27875
124647
464844
95579
523064
514346
341300
100878
743137
452458
360312
895116
755976
985480
182426
503361
271646
290090
335238
230563
863981
523500
529399
306731
861705
517093
223673
826097
959077
913873
869129
532451
224769
381088
843480
142241
795009
908634
228206
968504
817561
568301
309868
549626
669221
118741
363754
790583
11221
395174
122431
821402
754054
524409
9630
890273
904363
808753
700253
462458
887530
797481
423250
47543
346435
934652
521878
127278
546859
360240
385835
718064
47031
937215
440826
146852
777268
290308
448500
595199
353939
41215
116827
47009
373761
356548
279897
174287
260629
923206
105294
987081
560483
224956
570279
548040
383469
191470
385385
351190
24249
173598
969742
425865
589886
659541
531206
637661
356344
396809
580702
917613
552219
41384
706046
413006
204516
469123
409036
566089
424842
68762
337647
248434
532244
660096
409070
330729
536388
385515
776822
731245
520881
523226
536122
100760
606194
208483
271861
942075
519094
401880
181707
164950
36913
857109
864205
855796
211633
828713
209564
225889
572111
497247
120677
550729
527616
903720
365002
745775
64459
576742
857057
743046
957397
103255
966613
685936
54744
93020
237546
38480
571442
2661
427167
735310
143962
337532
193452
883494
571693
239978
50411
199533
934502
189641
64787
743714
295789
810856
350942
451501
743878
956308
828365
421751
676330
74569
669826
787301
600243
390709
992714
67762
988272
673061
690942
153063
870360
636943
797310
582010
454172
129211
817310
632385
289173
380622
997213
561501
419124
544016
705591
807929
69865
958622
132050
645876
600421
539812
779083
19719
794082
15353
383475
684339
505483
992075
725943
368561
502978
407528
489730
984705
9294
50073
780400
522272
533024
366313
858858
600213
779200
905539
369122
561897
249817
50041
561325
167158
712349
805729
701432
39256
821270
82586
257192
904001
109195
957740
589650
633705
95627
211917
206547
877090
374808
227520
585998
821129
183923
913113
715392
426904
483905
669595
947009
447257
161879
225090
899802
768309
150119
252892
437117
218987
474822
179985
275173
438876
692697
371012
306955
896578
758748
804882
969602
730561
860302
941880
502064
622102
789693
901009
73065
412652
997481
640188
308585
747917
848024
509788
211182
954869
211829
687865
196592
850179
933926
421699
906558
464329
653673
136503
534198
111298
289705
616923
447009
414051
214243
24611
978857
441418
409967
161782
19575
325523
297966
940682
928237
811146
465487
897707
572029
48890
447229
225883
765796
737060
825641
174164
148423
736587
516463
281769
13352
214124
612455
336010
916549
148428
117899
78054
649997
527081
808832
150699
642176
21266
188931
153577
387938
845139
103921
145940
336219
145992
812147
502184
193134
186962
496836
510759
342356
761512
762656
540094
180532
91461
497802
677126
342210
806527
238138
89318
83249
73656
460322
817941
294038
172781
375260
814461
785371
780332
618738
502715
233564
415842
378697
91203
592033
238034
930538
419105
682360
454818
460142
354586
198191
606416
268870
405297
606763
264001
805029
319173
426600
29178
552906
972759
873806
747496
855469
779946
534764
707353
738821
846851
495379
167757
826740
300624
899026
677031
917712
306597
796169
355710
465167
980001
21996
432657
873870
510575
805718
418903
743486
305897
488327
563059
767468
562070
565820
261894
45355
596948
491562
280607
59615
497233
395990
677965
491113
885875
361876
745622
167786
873048
501530
37632
226614
5879
956799
561292
591255
669221
115542
941954
813371
725876
130593
642472
603323
860022
175284
529228
571016
66079
404392
862017
826932
564936
304824
331046
288218
361488
303355
571361
609196
699805
799422
883115
745047
493760
149181
386117
553109
922231
305022
113801
983503
689292
424075
237019
26796
55642
989514
184382
505786
388143
887098
15939
220600
589837
605388
6684
682045
429131
811292
548814
432457
656921
813322
408581
232103
535713
601785
109057
868219
91016
788196
327534
134253
56083
690968
115538
20658
784167
521554
923936
629364
86504
38197
776937
716254
523651
255656
264242
431429
420744
573450
667360
68534
92207
63507
436880
244760
394236
738696
756675
145150
959484
705946
743607
124876
703343
603356
336593
168706
605504
525151
817717
163562
865391
129452
236024
626842
95567
535454
805357
442151
891051
605977
821852
746214
387396
818219
401553
134432
128886
329085
902416
529
546105
745397
675430
123997
616770
588204
298394
977680
811913
728583
786499
562960
760422
974580
965171
205922
40661
49731
218001
949333
741528
806558
717125
566542
165372
67303
400716
938225
738867
543660
65323
549098
371296
824457
931135
272149
678834
255003
900659
267024
731879
421596
20364
265818
904946
399776
243934
316200
129144
918827
998562
255620
911987
204909
722655
188962
478969
154459
964420
617729
308695
853034
330840
944378
651287
612266
82248
189225
84770
162750
913055
361397
526718
212148
144981
48957
392375
263557
26238
757984
123804
159210
273635
766953
152673
168792
157550
387350
618146
130075
55294
641859
186183
640651
33627
188536
970946
365740
139459
232204
520693
609576
873827
769268
639985
119905
812193
663020
754330
643830
356438
130176
570982
832980
28761
133175
945732
241974
205558
864925
316953
566458
266302
564396
163493
977761
375032
189078
530244
118371
573557
179570
67665
278061
227714
246016
1253
3064
620278
267930
214653
705095
976490
900218
937978
806077
324296
620834
343681
454040
227708
840940
258754
289870
186376
363822
206870
727426
873652
568393
255234
250531
808866
633295
187993
321442
346880
695950
431741
27598
844054
116029
363014
536653
767935
908482
67643
889721
18228
237982
88060
745812
541444
994358
785027
476842
126688
679743
58623
392322
397714
556612
482656
215808
578190
331159
117361
887258
536417
171410
509982
215093
494662
453640
735191
703643
548503
147022
659277
910683
123297
476703
128730
932030
408080
146608
509
150945
916681
40529
616706
578996
546903
800829
574464
394125
168508
594878
208380
598250
824745
63615
417324
549377
320010
252080
747541
416262
154488
38160
805077
811961
23890
193178
259837
197864
708774
170510
147350
560200
478984
856730
539397
951212
870725
741285
524233
421024
691698
433849
679968
921637
607773
390602
629001
900104
971365
542631
21797
280993
295974
274876
749111
231333
974412
883457
483466
649065
894217
801795
695730
20340
121249
274893
594858
54463
828770
871219
526173
709131
566130
39418
965312
430239
725120
858663
585052
766749
725085
744483
129449
604608
312291
422663
152790
365045
810259
416906
679270
461330
720957
193156
834292
540599
25112
58782
366615
825792
293169
981913
666848
60260
539648
516535
302144
631853
873751
439114
755847
708756
854132
498519
726471
25464
118581
403301
1111
571003
489323
198056
616243
501561
679687
207365
775169
948070
968432
200194
540398
876675
825655
938572
317879
175357
86946
587683
954308
494242
970021
267622
589358
661504
489327
945014
9506
501340
568927
256458
211613
609932
460567
204367
335895
646450
275561
551033
164476
376341
310063
491755
194069
977565
176695
859647
331206
363
701146
821618
741040
218259
169262
58863
983862
938423
679441
638006
144157
42817
559654
463081
106125
207804
150556
648627
746740
376720
836969
196502
503626
121880
44375
476495
668911
831841
813941
343335
935344
35330
108846
128729
230248
575763
128118
811035
544259
988107
490080
805451
80158
130234
549196
735927
297802
641759
440574
870089
237360
813991
856203
62605
741518
962819
281837
679521
764127
18724
352629
97528
368793
636054
797599
101322
43280
946614
179137
542044
363832
33809
654238
795111
109703
65499
203671
149864
924601
294473
196289
817539
369965
418827
858578
499925
263085
231017
250292
445397
225291
323705
433532
133285
247142
122363
663092
522427
987212
698449
329876
831910
687738
337118
425168
800832
557950
589241
8075
92143
167229
133902
853417
924631
141585
549649
607234
551264
499658
510048
624178
861407
425174
41717
535565
780003
150971
748100
288880
432094
847680
971191
821426
396847
3820
376708
431866
839944
151270
79975
166698
617857
760699
612417
957817
929976
842110
362701
98015
532962
33802
21051
54313
351923
371235
347691
785004
878566
947451
412359
796758
362217
296656
386109
184416
436841
15154
683992
606047
560117
354147
789690
240250
559953
724951
236600
794294
638554
996314
409362
177453
293328
875025
987341
927518
875013
487256
123503
986781
279841
881803
846871
140395
350864
689696
741366
116064
14920
588978
12078
857029
617466
645464
824965
170302
109844
507316
680325
35236
111537
837320
672628
16241
988126
66434
915819
261397
306506
41752
754198
430373
906697
369742
962887
126195
903109
330965
534007
338360
242626
620045
743385
72814
47627
116267
131804
105851
152574
540278
411902
896199
862833
413099
751880
820270
853312
560385
759018
894353
328181
546759
929651
303303
252178
461673
288684
8241
731389
144081
566546
211884
13512
255914
663279
516255
691741
876095
644244
420979
974467
47554
700981
860386
934991
740777
35873
233641
494825
941427
928540
908887
634234
156233
480923
748424
375791
720447
821275
392235
180717
425209
281886
716286
993809
69354
292483
580123
930
140536
534785
312620
372502
298172
139519
877371
916413
979493
958611
44644
339150
418236
287254
219307
125517
616578
574881
757738
335957
58293
779430
99043
244103
805745
248236
964404
644751
788916
749032
224680
542864
283962
144949
844138
5356
690631
26161
647060
419697
330947
276147
100069
470115
113791
927468
327313
225826
216790
590681
95539
218680
634478
607394
402654
582977
493470
339666
370449
567479
100521
201716
35784
788697
220649
854150
150767
760632
121543
395485
861554
566686
344039
458965
973423
77403
42784
509618
987277
480301
159912
321816
476326
889803
130383
330851
129632
105102
657890
1252
835481
912317
334256
656825
801984
602099
300137
341256
705345
232943
380578
812567
630360
287480
914484
588939
455943
422123
648901
805180
843170
46947
712094
729201
968264
56067
634363
745341
780140
743714
930530
955125
332241
914388
640427
532620
712148
106769
818398
653646
516963
316293
666361
197941
183628
207924
819344
790123
670704
930439
349455
767389
458838
150134
962268
732408
455195
951636
354967
989636
928711
597938
860099
180441
663868
238897
854590
952641
751944
641576
886636
119916
618841
972717
743154
679498
856848
801988
815710
262217
976814
124386
574500
2411
967083
747356
522948
904770
938661
333425
460295
337099
97525
888880
220967
14117
367262
289224
727950
375788
459231
643242
72503
331703
358312
853596
702129
278570
935337
681693
307010
331512
274693
327921
911400
506680
46693
223368
907067
206627
931178
167311
327470
986472
556602
178898
374644
525484
757628
357388
3327
461601
460062
100301
111523
93058
459667
907910
716249
688360
649371
184628
671584
71820
225338
177447
841982
968218
452874
461102
616997
720558
525996
492321
754736
521581
949338
988299
33612
880899
503192
351794
921908
141492
76169
967299
292820
216929
19934
646943
79631
370202
545449
33596
511708
524634
99600
391225
872587
850467
424668
645635
654886
326647
238001
590173
263538
305072
328600
740623
980053
178493
955576
654765
837201
670457
967780
666626
947758
772841
81294
428634
724151
258514
73624
228457
179354
293045
606859
892315
387507
425640
194849
124793
98018
412435
906620
332788
683352
188227
279802
843730
219633
593006
493984
237234
900027
655812
364275
452477
194646
952750
365349
496491
955123
234533
67308
206319
156990
996530
575727
575937
411672
655998
311386
584582
128189
588309
402578
769757
473669
23995
94786
393800
122886
88875
43282
354165
14230
131816
944633
411497
73774
715138
936873
358280
82474
306856
275625
37699
231469
903268
326721
593886
449569
540983
545038
568668
191516
306769
978421
442826
328734
77869
745268
433382
34359
476103
704020
464426
510597
709435
756667
940024
651099
269307
963998
148195
499902
528045
984467
21847
522953
972383
446020
636199
978672
279592
706624
410801
448737
68892
226667
391280
323206
143851
939798
636126
705831
387222
974569
665988
764461
608463
302397
661791
414145
468717
120454
616240
979667
3593
624685
768993
855991
688184
54972
827983
757481
931300
952307
543992
584881
600073
394296
400707
53154
205450
816746
807206
909884
211501
216022
584503
793137
411962
47746
403987
185605
109931
404391
166501
448078
735056
338173
132692
371163
624450
578798
525387
984305
375873
31276
222630
196849
416749
174046
557110
350677
187293
851637
228657
714009
466592
29342
97337
731638
637646
294608
744583
714697
428041
697348
653428
42003
137301
760005
210852
576985
382482
76445
857551
656172
157266
537775
72301
122115
74971
884771
331838
732228
251770
335099
722291
516833
62018
6085
445564
706463
966176
346409
872751
433394
726620
190754
547153
31621
742766
144009
680517
675094
775546
422477
585934
327549
920746
556479
52547
992524
711847
644938
651726
100434
768052
614208
655648
712186
65511
358671
410357
751185
482628
970642
700415
341349
73335
519876
405874
155016
579822
606287
717675
162164
419793
213634
127870
585544
923423
443042
763674
918513
687078
451543
401947
245028
760735
355399
181868
664327
230371
375168
648407
891183
313230
932879
286891
957572
581039
379758
815369
720897
901672
359321
603659
868632
957097
429313
642768
310451
785155
801754
715560
660052
713579
670415
463129
950109
481806
636182
324492
729260
705547
335389
771607
982750
471506
500707
834792
47989
983447
783204
988426
672212
458546
547692
112791
692391
815190
784013
504571
365343
312876
729196
875104
797211
924683
497333
148475
998626
658454
993007
877939
652621
408627
218793
938601
655938
99683
149972
227944
870682
567363
218987
929515
934244
55006
41676
4869
801987
436205
448170
33073
358450
16236
255004
659318
969192
12185
895949
207862
168727
151628
265238
669268
529998
516142
873705
805056
913662
206935
339044
42465
131609
915848
582917
808413
109142
330433
250685
298888
534801
722369
297437
997030
481744
278424
466861
337887
596641
235562
793948
199230
741791
323138
526097
21157
496659
263952
363872
953105
965366
613569
387288
34438
974356
204153
492793
670167
102093
726512
541762
135252
699318
401062
275625
441552
775132
603844
930724
168781
541608
534737
533988
943303
35038
493389
744290
190618
208640
315885
5266
581392
684239
614068
356147
198859
327537
594027
278088
99275
28526
645181
128865
935581
703188
992561
540818
770913
146747
619076
762565
172278
447011
95778
837612
861956
765945
362369
467214
976229
922425
344347
482115
386864
233581
493254
681595
272484
90003
729841
418936
703854
52956
375357
985436
150999
470929
344309
306908
122958
688016
568940
446292
441805
915637
889330
154741
850857
604756
168434
300249
268411
267874
244587
489655
445543
382131
343049
743794
775238
771805
431199
725260
808756
476156
628356
325880
824375
638351
604359
82764
64330
261184
180303
786837
707654
819585
178324
526149
101164
977042
810356
923975
317265
365023
724467
685043
997606
504901
438034
90013
44579
972981
389258
834376
746640
819377
907493
77624
741040
281908
990266
894245
28234
479727
922883
772939
470229
63725
612892
282462
390079
603415
641755
391131
394394
437908
168134
132282
166051
691208
689589
340032
324785
736318
608581
965105
259895
673248
486390
954786
295350
212195
317282
649131
40322
281344
121435
411579
222638
446876
712799
805191
353174
321993
261498
896091
754058
772261
718585
826385
997906
54560
109766
450462
267427
385116
303653
670217
951452
863853
156042
940664
141949
736959
838356
223267
768869
90071
563050
537513
922693
878898
355313
26177
290983
451785
976487
954889
373845
915510
954271
554938
569831
796912
222937
857789
3117
653170
89981
649174
879156
128763
96948
404543
883001
766254
425187
369488
863080
407449
374085
529049
939791
277266
846820
119890
793828
667774
809460
926954
511023
344555
300940
126331
801813
278557
101634
980319
722563
234342
597153
526492
231731
495790
134474
176378
89182
158163
479332
864118
484862
639977
457601
97039
316607
852258
836367
385085
515393
384201
15671
496449
685580
604777
168341
902680
949713
875082
866517
951689
763481
206107
925542
435678
115597
622635
439390
255791
422049
955729
733418
345433
292253
224812
102320
463758
440265
522565
845635
770246
346292
486033
373506
593428
348129
982226
527821
346579
191439
519836
196069
844095
592356
421749
459552
372576
423285
421014
258821
380832
508404
929870
266058
971454
550903
24454
282919
33243
93729
752223
189910
137458
507439
215799
336810
78373
974497
483531
90889
807154
441026
255478
365832
606724
553686
162072
524513
805222
845408
92626
510611
812818
981453
948077
923223
220648
631808
601434
1018
570
400315
903508
64539
137348
239654
408610
928451
997369
296128
381688
667036
254520
289055
249021
911824
493917
252453
755752
14591
798388
382465
998659
891740
497289
724895
681810
436965
93723
735213
696589
382909
485295
50315
174664
309799
404224
347663
784436
175457
117011
186098
618622
671579
318953
654618
587029
110930
77710
351236
73673
184462
133007
614669
359375
497332
891977
283806
74273
885193
909275
968050
587330
883396
87485
166022
988191
21133
747818
307612
203025
89176
448185
935659
773631
910873
827530
498214
665121
150883
462683
551
991903
91873
587450
889848
368983
241135
621845
962110
794046
495958
16877
131203
100446
115554
902505
154526
898557
870498
246983
261697
361630
285116
114989
251807
823201
870378
96414
795256
324933
280725
470728
69378
499726
589516
697338
785718
173313
982817
448306
766708
769229
760096
5908
376659
119364
852013
56503
846089
81286
109561
790938
158067
586174
82400
663476
776195
81158
345507
138857
184963
585382
938301
479064
688778
521594
967780
128145
490234
66545
744157
516452
743858
321905
175804
446293
58135
713240
619447
635243
718394
210654
414822
555175
581606
934422
922778
748242
63433
315731
189783
694256
134589
121384
472687
875344
883121
867783
695868
559045
5368
296010
377337
236591
809390
899472
79549
223090
451587
113344
79062
166345
177445
951465
832830
924915
860814
941642
556669
775179
891431
596013
242266
271029
942551
271470
294591
2484
677933
219097
297448
212249
654502
406193
674951
705430
618331
791821
494456
75953
734602
89246
869468
945812
55167
970251
181780
320513
447326
292733
548764
340322
318544
282615
888641
912446
773256
21788
138049
818696
295345
436500
357373
828178
544054
772554
834013
147103
634029
543501
548672
510421
221217
427030
719198
983377
712698
880681
873341
19477
858955
907924
295948
755676
40056
329492
383328
394511
465410
159255
815496
79952
178993
773981
564815
286131
812380
256311
688717
312076
400216
835378
943914
914083
437371
840013
668785
792132
294988
741093
354380
331379
542537
118450
103138
207613
236755
180906
772553
826666
372026
179075
404266
590479
270049
998102
18288
285248
153038
754719
453804
543074
77968
61281
895881
364702
451789
177702
948007
698865
42023
133412
968918
285728
783947
255803
353200
165769
10262
397787
94803
553749
522979
328707
671737
622858
14581
861732
919926
991101
354238
748388
851150
766180
87498
792382
353777
741322
465739
838342
511764
129499
816769
597962
727405
189087
537926
298261
832907
842756
277747
526413
116815
493459
270195
791740
735691
889797
105698
484459
146101
389743
563617
31530
394119
18136
433081
67373
462775
76395
305384
545105
649358
317127
206093
296828
306920
695156
239661
349217
473095
838961
449632
631075
830611
840489
739035
40913
28722
554692
636890
668944
723648
58329
405674
341142
342571
996928
329040
537682
338286
145477
9498
391274
317800
985146
838400
451356
180696
195044
568885
270918
408376
518037
984912
552704
682291
108058
860434
945511
46915
957386
728531
509493
51627
126847
53454
12492
430094
795745
410757
824018
213995
814301
417874
249077
162998
132853
659788
8207
174803
302258
810194
215397
902001
887604
598647
282442
398337
52458
143818
466145
304466
280604
212736
420223
159499
689125
505729
690159
712836
882239
181324
858767
352641
139767
855111
316695
519691
469119
74087
144954
56045
141538
486008
598245
8520
276050
994249
191972
961940
413
965368
973092
654323
996990
824085
168019
645427
339536
334774
163491
739617
842909
174039
890670
199748
162901
266027
643380
230077
210138
976003
487871
514297
601592
651162
682151
199696
579954
764283
313394
833981
59447
244239
930003
782074
642356
866951
579795
651000
224387
672354
937485
843640
85377
736091
24403
430921
586557
511859
276399
539294
41611
131798
554820
888651
38841
9196
505170
179164
725849
168895
443160
389458
83901
19652
972243
549499
500353
421384
319973
32429
251714
215352
182801
206430
44141
626189
807971
242083
465202
19986
418797
580676
699734
2131
73835
411896
945064
173924
869704
693058
669899
762635
328249
402343
720178
932299
448712
93130
97003
992910
538475
84518
201298
855150
970258
527016
893286
135264
420416
500583
459320
692541
594513
650433
880127
330670
428698
74899
33353
719988
290669
562068
775436
768082
160059
811278
76827
672023
358292
158011
992180
282635
229195
428408
58486
326646
80693
528744
442543
635592
5456
622888
36500
135848
438783
973994
863690
822044
980211
845808
673504
378705
422630
578663
532192
265160
699585
148190
22907
715357
168030
186465
446369
303157
753319
1142
797298
193604
870365
104051
278670
5817
409205
313146
106312
148742
946845
712723
339578
422031
645276
378340
909234
539246
27863
174799
751498
872545
677615
84200
143894
160145
705800
838290
482486
680191
491365
594549
256522
559309
260783
166045
770053
131559
194645
577394
798107
499020
798860
109456
814292
236157
90039
885571
341186
411456
808931
118304
652239
950417
728105
736578
711408
817318
705783
4320
241206
783646
594664
626760
628611
277061
398542
268858
865689
700166
576530
565923
639886
958766
306675
743605
28572
115929
442474
241183
846485
461307
814894
783534
808307
393421
309139
609344
957645
752593
559246
898592
84198
44420
447315
979395
910752
918688
792415
803998
463054
554699
567634
207650
781991
242271
273268
474133
280533
367127
971864
827982
7469
507986
810141
483405
84922
43079
477201
196789
716466
281542
267185
643878
768842
100647
162188
322107
1445
661137
734918
579933
864680
440168
529079
90882
72809
72020
957683
459398
658501
60331
353125
613860
82640
191738
667796
924753
821991
108661
198088
802421
532706
349176
983813
386758
690982
96953
885494
829827
791959
865677
135717
977675
803626
178195
448359
750552
440920
630913
632533
446619
441710
947145
865332
524084
333953
390759
78582
725069
169856
723850
641946
504469
7330
297500
794606
906068
231870
813168
4597
740208
386937
287751
188579
391483
812377
848383
268612
169142
416696
306073
148861
556455
730837
625829
142379
8338
929029
205068
996840
85271
541255
962810
687916
336808
578100
599334
601551
783588
238549
593215
229804
722005
352591
815925
868386
278275
807801
332704
200308
167731
960334
655377
479120
853567
664638
698164
505005
289619
36191
889438
852941
360321
248385
24761
256290
616450
765022
463753
308365
100810
961264
907226
128449
665414
479581
325128
294406
139317
633998
866603
731354
494368
11101
730973
881970
961336
644396
143017
99678
553162
690643
673425
339338
465761
256177
427004
784864
388344
556964
375098
982091
83482
287827
779254
951191
316056
671592
222519
21748
332646
108635
985810
135962
769875
310314
141872
176006
397156
915557
779256
847778
71948
206309
661272
708290
600329
637020
882805
787530
762013
975624
470893
347374
886696
369602
364549
943314
847263
864947
878708
100944
79403
674341
963531
34775
261792
461879
891775
857328
468248
222571
912661
136220
370348
456922
167976
996058
353550
174407
475162
818693
136582
747984
16853
355225
262343
962688
941501
464598
145197
590274
915124
33021
653718
488177
676041
166327
966682
750218
119486
456853
437096
820931
39476
671218
938814
604661
37109
693365
96708
569908
777054
487219
284934
959871
40935
19057
850765
840595
955024
594183
97688
368986
442154
590816
282876
599808
860544
595293
873429
163046
901984
872281
181992
46064
217609
851463
790487
763450
394802
54904
177023
348135
685813
745401
653298
112345
129879
259802
518284
758589
990964
929545
177652
464381
891787
954012
361841
665881
899556
33965
182054
204240
123610
194527
643563
337528
108937
10111
150602
658861
934548
691591
42387
430438
622227
809212
643868
544739
901144
632758
57305
38594
932764
583040
932116
983921
480907
775829
116425
105918
481193
247691
252576
9675
891551
672332
864519
140189
74790
405118
504172
124563
638159
285509
652948
308467
509164
902622
276379
129696
120991
514476
579464
254824
852925
241744
282188
623546
850846
47089
842455
957941
753283
122587
862231
991515
402980
138627
102799
973284
458902
980264
841872
562671
543894
267478
176086
951891
82229
535109
447169
465684
981599
138654
369453
474545
217545
875805
794033
410330
108663
793809
495473
528448
902439
620993
774496
112516
972957
58729
217814
663889
472588
325474
67978
920517
787230
388383
549996
734218
627104
184979
272866
857860
606093
157488
686620
181347
792950
640907
113622
185303
757258
284764
274666
840227
96136
464609
616463
943499
448574
7585
130098
362727
718332
22286
286383
500506
434075
416644
494188
707228
270947
417774
325906
763698
581789
953927
772521
590016
832694
814782
568719
822965
380045
810931
139093
874532
78682
385247
969911
383539
849274
899664
906869
789804
897371
90513
732306
220977
455808
664040
610600
344460
896689
24952
307494
994276
303107
610183
610024
872844
515711
509594
287473
903542
247154
203837
383560
447557
933969
357983
966956
359552
360710
968025
117236
615202
508507
950863
451272
939086
13122
604975
95158
535199
709502
48599
128754
380318
375410
561747
19181
97677
697540
385668
516944
572896
774318
311324
532309
659275
534817
500037
1282
410614
489365
77793
100739
651470
345394
743468
787300
930357
299924
454910
23592
760089
99135
277357
462024
775650
214047
358608
922891
593733
781881
141086
490942
757046
288820
663156
808721
263994
773566
17461
296782
931546
217885
919627
218102
181171
985042
456716
938490
208235
859563
711417
698643
288318
383334
210144
118590
427318
802429
177377
531096
225401
454291
486285
497809
244220
164473
257578
439184
678678
348445
686739
271652
268527
124943
275964
819105
30615
42097
699412
67103
804083
912059
170755
153291
752658
945257
458387
478312
715805
161665
440619
178406
250413
699716
378165
464797
441655
329073
374177
631078
912994
880240
515011
792598
924921
185698
330776
839832
909564
414338
897702
280806
468945
990136
423425
133604
549848
957626
583337
811097
360028
848415
154385
433098
413029
485954
870011
709685
614378
108175
154878
672359
620771
68397
869801
610042
684541
20424
84802
600687
431719
261242
586279
103012
368458
298837
406998
237618
782357
697103
404616
970405
796214
778763
836600
572121
941732
181888
57409
823469
766041
859592
15013
417831
138589
759175
205610
134372
296062
143862
716190
102970
754012
522827
58940
108716
585056
351239
339815
631945
58189
478107
292883
11297
668719
629368
261763
712997
781935
903282
672684
138522
969032
75024
502393
282554
547668
955122
456232
73063
623936
826271
562961
689740
641951
236971
825991
336850
227801
164225
195607
342652
537732
496978
802926
409440
462027
852058
665687
795395
380362
429836
873441
811471
402044
690650
953758
105587
304652
736611
860424
794391
745991
987896
148991
590779
22963
749836
685742
286379
284089
377528
108043
607521
682045
426409
388988
910327
211982
978279
381015
834055
24569
951682
130562
40609
771512
930267
17466
102632
313928
706444
2351
486601
197400
574325
668299
446297
482141
757476
733651
466891
660739
481888
414310
351626
150077
18322
493219
110265
456317
471569
867368
890565
315904
583369
695861
865315
989568
775622
555310
656299
150605
215715
318079
788944
514166
514313
127322
67579
278689
371366
501916
304004
836154
806957
399693
207949
201096
162691
134598
249338
133595
288141
623213
349200
681250
641875
332700
649065
719513
969297
861536
678930
208671
341658
751453
407489
439333
223913
978191
758134
173955
884294
389547
599276
767269
167378
812004
661308
24034
700079
321929
23567
721453
116302
655883
977022
116324
110358
593565
111752
177798
291950
293684
780335
483458
385127
457774
882671
592234
78601
762831
937180
460038
560185
451814
573847
956613
850371
175118
737324
924879
690122
679888
321611
3126
258569
702502
189922
255178
964037
746138
431123
770827
659537
187917
106199
213881
734525
558740
923375
22472
529821
411581
225538
767280
189681
349359
172248
741472
810550
643439
847409
891922
688456
186559
366211
426106
643570
460001
266447
900184
583700
893497
155167
504621
142063
218896
883294
257097
831121
43317
114771
939523
607768
389118
768444
457859
186020
558572
146179
194105
879197
400748
597023
215280
839325
189434
296522
990973
578748
245920
505946
747409
227575
128349
503743
327406
318652
527776
184408
871991
820949
654451
421618
778015
683054
174773
249694
314627
315845
905152
849389
276756
89581
403753
266314
255341
682302
114661
187893
510339
83804
86536
563416
507066
329186
495849
899399
81556
357932
811106
400089
522500
987966
954420
65309
889569
516501
492039
979195
979574
617479
842574
779817
640438
304153
702729
868486
429005
872797
774884
479830
718097
932230
555901
695963
997335
17098
376003
632716
519266
696370
112442
446453
769655
742977
343322
98282
635724
51455
290711
90089
556703
405089
988348
349195
645794
892374
270385
815143
763091
682096
82907
841412
650666
338989
885602
538808
789868
976994
674638
44257
345821
311107
705674
614399
183442
975569
288907
319469
42020
559648
125386
70906
899137
362180
405165
883560
511388
423000
695236
544897
149189
829418
749486
444880
140179
356294
596508
505475
508541
372126
113837
971867
777544
459923
33913
187597
696218
380066
993194
985209
402222
45934
253892
145668
256865
917221
172549
949332
265833
276178
546726
857063
845541
126207
837890
225744
416142
784709
819470
488592
777997
367730
134726
616461
905319
826389
838185
734577
172179
758952
303130
893922
960045
424794
550312
119833
412482
28729
703399
779489
663819
720953
924989
339439
386039
419747
400697
452952
269985
21277
432349
381107
80161
419474
383356
222219
213054
903230
792638
136897
771201
718551
992641
684477
475621
537499
752410
172302
275690
834227
867385
90726
102216
977985
394922
755883
932481
381707
973368
932731
491600
194051
173420
832703
358653
362098
37875
757034
65234
748161
394973
840463
594152
825828
837762
959261
385818
359267
909183
269880
514843
257734
793822
967988
401956
329437
490452
142448
550277
112361
51939
875341
737949
364459
87456
244874
211045
778438
457167
211134
447526
690515
748906
261168
540811
706498
546817
686358
882001
79783
195515
436585
32794
768553
30458
689057
975521
599618
21341
445074
796617
73395
492894
911843
190030
565128
980892
615654
83740
488771
350644
543129
996606
730472
183624
380985
63727
571556
483681
557245
97997
988187
90481
932854
28843
425613
381745
616513
670917
133732
662761
702309
879246
254620
446222
904592
223654
643919
726021
590313
636456
484060
204102
727889
348447
921779
863388
727292
683736
266880
278792
361957
150098
518834
628421
707827
904978
811495
135719
447974
706899
310902
118493
351357
480539
832792
628885
776936
803177
819507
541566
812645
625675
946821
128617
451834
873932
28842
907081
281037
107081
136777
684185
999651
352676
232353
693532
506803
790930
317420
323200
82791
284688
6253
795804
660910
733939
449883
647833
652992
856348
265194
154988
514928
990410
166834
710785
328295
85769
69182
890355
382594
914888
959668
832632
957578
704072
957468
452634
22860
397169
416014
594528
396053
585279
907388
341387
640140
931097
467097
147068
631084
921154
920614
941171
990236
391528
60823
573426
923820
432730
646630
145152
115502
239767
181363
740809
425455
129857
835414
151586
383505
904945
121539
448747
629062
214308
557913
238030
590827
217874
903751
135075
187390
839199
44251
844726
139902
469739
652393
937632
75614
477764
235284
958161
73445
982075
769532
249264
394597
447316
590532
664345
1621
798742
601406
47621
490894
934403
124534
974920
331870
668194
868248
456435
795020
557560
764926
442201
968746
622549
574170
58799
699792
750858
737853
17613
154170
595064
849409
657361
843392
669059
56281
856610
408622
219430
811635
192786
687103
74016
276743
951645
288955
732301
575807
992846
304106
591631
439491
657089
769908
852715
981152
533187
407126
985776
413012
438869
285699
278865
411640
795024
5653
380692
541898
800226
419182
161699
447127
495286
930608
707392
986305
668402
420116
677334
923698
106458
308395
629162
42206
712850
159343
848240
747886
994816
478789
613306
109838
907536
146770
357836
350420
338513
78135
555722
970827
155005
147370
290322
850460
355413
896050
314790
890264
617195
6463
853250
202277
263545
887331
664461
425730
607919
669105
904938
717112
715594
714993
703789
969375
303264
721468
583083
541066
563000
109050
993578
827088
434005
648694
600695
137400
298452
885275
828311
959296
393835
180686
336597
265418
253329
850983
920954
933924
475901
451917
211355
461170
46726
127276
518988
851514
219049
77014
36594
731532
241065
423859
31351
324364
632465
53798
149142
411741
375445
560191
256086
827692
92695
484246
112211
320406
299717
876810
140407
500727
885983
930070
41672
643920
894166
20045
578652
163604
215952
746802
444199
636879
559752
454070
74869
448436
413139
73358
594803
196865
599741
197424
77607
945041
856850
998827
501952
340734
251832
51169
791303
649904
995833
941154
147445
633799
322783
497509
336415
28833
555064
369317
671885
586056
765305
881302
723624
189627
884223
478274
942097
825815
801393
428613
668366
840482
743680
539169
164063
967541
471248
368063
709295
882755
291889
475267
122726
946313
809030
163658
304987
372692
664902
644867
663655
18794
630241
53543
362197
681302
450042
787542
29365
211604
99091
855311
593743
692308
745863
1932
757813
968558
477872
665336
395186
966691
953192
392718
734
421324
753133
411151
503251
185698
118750
770207
882874
632937
229858
651261
763774
12025
90792
643998
87267
477930
888072
894820
481263
624603
127816
743232
793222
898271
227132
936353
424852
677190
547909
700503
307554
615299
378169
354185
91020
351359
314723
838159
391370
603897
188257
370989
643818
878360
296812
201517
723230
421071
216629
820760
114929
113003
401194
79504
211477
635708
694871
628173
98457
956957
189866
776562
896438
477410
535823
284875
940168
650398
116730
264166
817562
716174
488514
15371
807578
525798
980970
879961
8364
28405
325756
67262
656986
313719
99471
267986
372456
156151
511783
831569
521733
397663
27771
218227
75614
822366
997137
2538
426125
232116
812614
981623
962351
985245
432234
927722
666004
981271
12871
517108
277839
115538
577411
826026
673516
403572
773339
290392
485505
245894
970959
941184
959261
753342
325277
89390
647518
923561
388325
823097
573983
843765
484139
860376
424846
93400
581499
604126
861851
541089
182119
855635
131852
118169
545900
743473
673005
294229
719795
403640
512741
450907
117683
658478
266980
776367
259251
308215
855993
615545
324141
141260
72128
10708
46990
312219
153272
995829
850203
748155
362291
583158
332461
557899
764518
486206
432477
525222
579552
37327
899322
624580
319384
805036
16119
530224
433183
568741
308898
982625
917876
320576
604559
352696
411574
392838
964243
119573
695604
660775
675884
535830
530913
634635
441342
6702
878883
781686
159416
157021
555530
407574
168533
14481
878366
21036
359871
313433
231441
157845
395790
820930
273235
617204
190765
452880
572676
287998
48093
219
277253
110754
177427
192387
666215
247507
288573
568465
380805
313523
401763
934891
373358
274845
602792
701300
238330
330319
677679
875838
80126
718323
196506
424812
289178
380104
597293
290281
353903
115442
189777
748031
160238
48794
491381
942805
650316
678659
168527
609672
306129
927019
651392
693476
169424
88857
814166
930623
578609
269194
686763
373746
850346
18418
42666
886389
616908
331121
645234
365398
535417
46291
21138
306006
698612
720324
126836
659680
933329
763407
707799
204646
912267
10065
702389
327258
616308
316350
646787
239942
445831
244623
51991
63561
43993
414343
509923
71407
198574
677921
213343
800491
979048
359320
373573
349876
838875
39954
433526
884857
726076
240682
530170
916737
519415
490584
397669
477283
26207
794624
416597
112543
142912
850260
580119
808920
822096
69094
855977
657455
731140
647501
186714
436925
334144
649395
603214
189548
702182
241338
604830
130163
430352
206281
706908
656364
65240
599735
567987
543443
3476
70290
724717
434589
234271
125515
336207
221490
919634
399170
787807
119945
812754
689066
50502
423327
196163
859353
229840
311956
95195
955439
277647
551906
859281
952352
636127
423162
892851
142687
748549
796861
315799
817896
37233
751956
268841
15850
358627
595500
992420
65872
241450
211473
226012
506347
517702
160294
616439
779006
540143
692671
749884
197413
216239
708251
146179
354
896810
863361
735884
535173
218814
497717
928940
596600
453061
846615
135650
292452
583671
828761
621512
161796
105453
3419
674789
210244
998208
23333
221279
720405
439312
781632
263054
847312
560225
468337
927147
69316
858911
358419
871463
282206
238146
400592
874584
104948
819980
243580
506382
58670
466863
235534
44036
621777
695245
969979
723378
948073
487447
89521
362112
242003
234262
741293
542804
555748
672904
873465
892044
172153
71906
830789
84744
837021
604661
330657
438366
35344
973355
422933
557681
846650
330224
862238
410716
730924
432813
470917
803655
555022
263599
609692
940380
500011
214246
777112
209428
45270
521034
19206
765803
614583
925784
629996
834034
353141
893562
212797
57091
230402
773957
995127
715022
333438
406236
80541
122642
340745
630130
989324
777384
165864
618860
418941
99961
197714
163108
367638
117712
216
654922
667565
436106
187504
704933
168538
547626
234909
567735
622519
888969
922620
268479
97718
225386
967404
607768
330464
472748
666011
445183
539174
631960
881578
784818
125349
208795
96572
119859
488827
317325
672416
752684
232896
544111
229272
816364
89060
186612
679238
735119
855203
478582
439474
779964
206311
587977
410362
831176
559098
202989
822423
72569
540453
763997
847175
408229
335146
642628
190685
652664
221595
134607
140769
830227
883414
410845
463205
410834
148638
135636
48549
327398
320918
258381
795609
22817
683292
526319
726491
312401
776639
817177
75824
557635
282335
330937
547957
351721
492576
407034
926696
315734
778
725146
417487
851877
212672
753689
25096
694650
216091
548941
71407
827360
653795
563155
946661
82322
355241
752992
485059
738261
857092
489397
54235
747074
690406
706865
837095
914082
854298
594240
54353
586929
534748
649649
979294
555781
928533
91366
913144
183432
986417
736932
37846
966625
179679
62794
250314
98610
631908
210335
642663
992506
972636
48196
351308
510234
525327
522696
665298
342772
594860
547418
71566
668143
13605
567769
792451
359831
628454
389960
176935
64802
161075
942621
306064
521101
902109
60856
687099
135269
751968
620145
659385
238818
789020
621770
641655
482414
107566
843268
770728
413187
432235
925197
267409
472049
922616
758998
311792
188031
657673
44611
816266
568425
90676
642236
123920
76808
944689
342241
321133
817808
152113
25690
172463
475059
680151
940684
24079
660642
506263
347047
809375
652979
580650
55388
843279
249630
209643
990444
228315
639009
341137
4124
66197
379588
654602
333829
507082
246263
60848
370311
389780
254871
315754
740829
642236
104335
285474
203468
523849
521435
868638
191798
576489
763944
27261
123531
148347
273239
541456
48159
1463
395105
109011
747606
457339
158229
701127
621115
366578
18748
50925
902320
280419
533085
810465
127936
653716
846492
151952
83408
659352
343869
180823
399221
701180
590854
201529
585247
542218
160451
750525
615346
460088
588067
734306
338613
615217
3392
757184
563299
980413
44796
795709
732255
38031
207238
321384
331973
772203
215484
38965
847260
396722
734507
71125
376487
301259
287857
1138
995162
339184
286148
148676
977642
155410
339915
78547
978493
351210
88554
782281
189313
492574
407387
550131
8601
276235
684215
873364
425137
440053
337173
20390
647858
972616
841289
659182
54865
242058
97230
759674
92354
797920
286334
384058
846347
429818
744061
498617
539123
623387
111542
126646
663577
207048
39933
500579
392096
717261
184020
983673
474952
976550
849353
635126
895960
170385
154813
865781
969015
806446
325695
407336
204251
323599
781014
583219
655897
590498
668765
81768
78490
141752
693321
500827
877806
196657
983815
98722
853818
906438
176320
617899
859405
586227
109502
220346
256913
980735
31272
350333
182301
936105
351337
671501
423399
650033
443503
683651
11991
446080
771920
254389
466486
425141
329735
411148
465413
484876
292699
11779
51627
333613
648800
912894
283526
535695
452055
71173
726562
199431
933616
327259
538311
916721
409841
601151
684460
201529
550446
502398
966794
784583
501688
637171
