2230
819376
527496
436413
446517
485432
502615
652647
73253
153477
814037
266339
175489
16132
553519
350161
51936
168617
250217
294731
358745
26835
700596
340142
892135
131117
381005
403443
43612
668080
530322
101629
481733
36390
819617
621578
21270
71145
590255
423564
303314
244874
625186
258802
49816
274574
328108
401215
167917
887155
258724
34556
523715
897936
335523
362761
366307
687354
622679
396110
852444
858594
120487
766960
138983
518460
499620
91136
520214
56475
382152
50765
153337
840984
174063
371705
567469
533778
548078
510153
426178
747631
682612
132342
494503
216032
150395
149377
760051
819490
367019
591652
740947
675489
746988
532675
83595
109975
407397
297569
69227
729426
122166
447182
585168
573588
400078
288574
899827
817812
847242
540725
236018
395426
166699
487423
3833
391271
227347
230844
772109
49066
571451
581528
465045
518511
891636
675449
353765
127099
541720
602289
564232
458963
193452
798740
506153
6625
773237
245571
659678
192344
627827
387238
774418
401455
262526
886009
646637
821321
435932
398653
552931
439126
104093
312495
61174
356338
35155
163350
120072
484427
699825
500790
829665
168800
613406
31489
217016
884612
796950
105805
896162
58178
78942
717057
380597
253947
606018
133513
84568
231595
14092
357129
537577
345289
453155
769453
283146
584461
664766
870303
42697
799916
413827
166770
831850
617886
476033
2555
637875
523713
184966
420768
830708
319638
603390
837769
238704
75497
477353
360402
810925
831439
80023
121282
756596
167816
183266
147158
103749
561539
261032
318839
338619
697889
631460
216810
852631
733169
377896
389414
783148
391067
307065
331424
670758
209880
656295
552866
403031
480190
441480
450330
679456
409882
785968
767566
435896
557174
864174
852622
828572
788058
369318
813090
609427
586542
842694
24834
268861
301886
395272
221220
412728
408534
227107
721840
582734
341997
808430
691152
376766
843422
72722
41795
275333
459920
857643
32177
376489
586008
277179
276248
643746
167221
314027
385604
862757
837305
630559
844542
41198
346951
208404
777659
199338
642807
791608
779765
657247
815159
557830
6424
749624
840716
343677
688562
233648
24118
337213
276717
119450
576497
630429
262841
172139
173559
797451
50754
547173
455043
371617
10561
141472
514705
595200
709710
688503
272770
610668
877043
570029
546555
160452
169116
158202
84780
779964
557131
351029
774414
730137
417768
443584
226822
682760
351349
367243
169190
512475
637375
309606
513651
542401
349456
856646
676577
122977
62530
407411
259578
89427
406030
864044
25661
780187
326339
485079
780611
295618
33906
679369
74877
275699
411237
250190
158426
343695
212592
846326
129669
568814
795295
551772
237194
426451
371343
182292
694041
305866
287546
802865
175747
553760
219498
682032
61602
406975
423054
431588
629781
830821
387658
708895
762312
332096
794952
874873
164274
567528
590317
293984
231960
49465
132039
343741
526319
492715
634882
325375
148447
182288
305722
240710
871554
291913
193834
51053
18252
526981
57059
216757
620069
250135
72504
302539
431825
605331
406166
473877
61553
236133
840241
276030
672131
635407
656122
818235
779268
323613
311117
627353
630357
887013
260038
485285
233147
488480
642899
82872
142432
544512
360517
93309
260504
77678
537120
519649
749054
594561
40946
253813
574300
872348
372416
701762
208681
205796
248636
403851
80173
569180
837043
34968
834017
145184
753731
376836
428913
727163
109897
295524
365379
5061
200824
360913
207409
43740
360006
790997
556657
410173
186592
608623
477079
807487
291582
433058
84656
424653
661553
126432
327247
661566
751673
287566
471077
360915
359507
85173
712969
367628
24368
150725
644471
122919
724385
429189
164789
750102
419917
232187
321936
210203
363237
16276
446565
297667
24495
174545
81051
770333
575134
163823
877294
659382
405475
568465
525927
327858
565469
179532
550
625736
484363
726927
561890
406138
766882
843372
743015
514096
279771
624712
195070
327728
722116
42715
243370
741436
676054
526947
159694
84201
732998
483244
884845
652407
50421
825684
148521
32465
892002
391038
635117
660579
223872
59158
400006
6195
793890
110683
528332
415006
520178
704590
492126
331056
836673
840118
885419
131743
43480
437869
139309
845732
436301
852170
839376
676023
288946
638476
166801
882982
210792
558655
725473
162993
556369
46
386281
612165
889730
538406
355943
170164
53751
533123
372342
825837
583040
450521
549676
525565
555513
883041
146588
266818
297336
180894
893372
340712
403519
536875
576866
278306
436690
284099
609191
554662
716194
176556
284077
736901
223848
541856
364989
560549
372685
607930
174761
506334
13350
405658
216368
696941
538845
195957
63967
710616
139658
554940
375893
667519
92288
248806
530719
335291
138052
602941
418754
884918
628889
222627
418392
316902
3799
694878
553329
453383
842522
192583
45370
783188
669366
230251
592507
158594
607687
175132
3355
817017
186567
280919
146046
7760
5465
718450
170958
92388
818051
115618
324951
374612
479352
871046
598444
618652
685619
499284
99752
812589
363776
182750
527375
491173
70708
459777
426963
66960
580573
8938
194802
532538
347059
475076
731964
17743
602254
686754
295730
135250
16337
83685
632042
639446
174372
637579
642479
540412
54464
84245
604229
398698
63396
543764
656427
475332
327044
778031
337529
28522
824065
78067
666537
597774
592019
497975
358738
883152
143106
874026
836047
367864
430741
553276
866526
642127
353921
384454
662948
756954
464515
704502
457229
527699
235849
233755
404530
224390
861355
34570
347795
705894
634391
273675
172644
555626
160586
779043
796453
67623
2522
191966
783496
452810
710256
127448
768631
678706
429523
839625
274030
576104
163615
435819
765444
619325
532277
196329
776071
113374
151500
151142
885061
294390
249765
260454
646695
635328
138524
74685
895288
425447
264346
708722
342883
533533
551720
14800
193754
204436
222334
146345
824947
1756
244473
620199
670093
418746
281034
360817
570768
862689
670283
187862
20754
378223
633325
73625
584790
839015
868654
347065
493552
322118
459622
792443
871747
356548
864000
361558
267563
715818
10053
401211
4662
12458
515187
57407
307180
227839
758189
655463
866032
171810
343821
534863
722847
508133
837717
693559
756438
304080
431394
509162
594544
255479
781281
858796
242924
893908
841532
358047
814573
484742
259085
240754
690619
344581
761747
531783
842086
255136
871170
297375
348011
718485
206517
445445
285360
127821
654751
852435
812137
335378
75614
510629
814461
779053
528817
562392
561282
514656
801600
863230
44164
501661
79994
414626
468869
723777
746204
714290
278815
862769
192365
466477
496645
701743
374343
461995
633384
252633
30351
453123
580436
513214
170534
486141
653850
180701
295192
10421
670793
123837
298257
421864
891830
136259
202799
325567
45402
102899
615059
436341
31002
697510
491409
548678
468450
815811
283911
883414
407083
797053
101067
805627
151004
438474
304156
595496
301740
228860
798203
18294
262949
150493
534578
812305
299620
156203
175570
523261
532637
897262
441435
873444
278268
700562
280948
734109
451558
800550
164314
123417
888510
605391
641141
404685
545283
833417
806534
279031
616150
288572
408797
505744
181178
684983
566024
690701
639252
883531
731909
477553
225234
426374
512056
31442
788104
537931
146616
486470
265653
555499
56515
746826
572804
331266
51282
228718
620335
168912
801320
717377
104573
341586
669124
634933
388236
434460
438613
314895
119690
154390
716333
609325
783773
351120
748014
175284
674051
156707
839553
710836
886995
666918
754822
327546
714914
653002
757990
478035
147682
25330
131204
824760
60709
141650
544018
187131
178655
376739
798079
79179
522921
752895
560302
751687
244226
72128
703042
345917
815632
145584
536789
681886
151044
529260
706600
721024
608124
805114
850805
534383
172514
181764
448128
632177
588593
157520
693036
483284
678071
497725
119369
81591
558806
548348
85323
881394
229637
819816
495575
819714
651060
606820
164150
470581
861933
212336
234060
820014
197845
378408
484834
761654
66129
889849
6303
884000
681094
681983
745109
159510
212761
745472
107128
702053
646229
688319
471178
17058
593258
487391
769265
254135
897106
130548
770697
58318
730480
508455
603606
461305
400178
536166
319314
391452
42389
192261
491077
375384
467559
466965
42803
470132
253479
216863
30991
843882
596968
178750
383917
653003
645653
744822
719988
694160
558095
313236
447442
640734
537298
90660
78890
101301
270198
817193
70505
786293
430928
540285
330487
72302
252312
202629
54600
527394
880454
644559
235634
53433
793174
105451
705465
643553
225834
124707
133061
514016
280303
80377
250421
380600
738903
101883
770477
571477
289477
253061
884267
518486
301800
408884
377240
452245
236766
59042
607737
436021
418906
267523
781861
855943
516609
438843
53809
606617
280270
121817
407079
786972
393589
869684
647926
784976
182564
435073
140290
88238
158053
121262
141212
577585
361344
443550
258924
813090
883325
606434
90954
182687
815848
499920
115277
716680
273389
283874
704795
410405
880259
550061
86078
574071
149381
383932
775864
16986
615099
617193
482541
91699
383607
399992
546943
179068
615835
235472
527575
635337
362904
59639
257663
769398
652818
618185
880461
669231
434015
843988
155449
546747
630830
64082
660079
722694
645892
720644
880800
642538
616769
45832
861331
740761
529825
538711
603929
630506
108255
815902
646654
45213
326004
655862
33627
599885
32605
830114
630025
618161
121723
46629
372560
352942
340019
234493
92189
769597
849686
507904
622066
353812
729115
46033
390135
402516
341831
313983
288590
551791
4591
793307
328324
698451
342932
54739
77891
179096
720142
143888
164709
27042
683428
786568
631844
722098
588470
240577
715980
84591
737182
664195
79793
436493
289643
318105
418909
579704
565389
752036
355298
303807
569615
575131
308141
448575
834877
139010
409851
98411
722791
86406
431878
497205
870622
659699
26008
878364
816028
851218
590241
887890
567104
380707
285539
582952
80598
116338
879433
452632
845077
720249
582072
534670
26786
650578
631678
303157
703059
502903
793351
866650
806573
458041
289647
797279
808526
881945
663409
687806
472167
301285
605758
857143
721921
845906
95306
836600
264449
306131
520032
773609
163398
618068
475893
619953
556686
192597
302458
728104
852505
843014
235979
45049
490149
331036
829412
250739
606008
402413
401012
737966
532476
878253
887849
522613
212933
92582
434219
390995
51694
817421
235013
557598
575202
418599
719709
387771
314166
835352
805349
360044
781203
302307
878090
207901
220017
104451
182250
57895
553759
97892
855363
334814
882752
769695
163494
606750
672591
87153
865353
127661
22691
441943
865244
863756
735885
329767
46356
168672
349438
870894
87491
664855
227398
882018
280681
810937
474423
619107
179940
794125
714184
177939
176802
384740
581717
619118
875159
297190
826820
504968
181162
753944
447202
795970
75210
851175
741260
536969
117694
781332
247882
439563
438585
738875
767797
543158
870284
467137
350362
712719
3638
438777
614006
407788
118039
593939
227841
344559
326530
616995
703623
769887
788240
430537
374321
341348
486737
527394
341059
865279
785374
879531
657438
404996
508586
672621
522981
24981
164471
146633
593757
584092
201636
698560
148718
239972
355268
736480
402886
347284
823978
460999
570749
459722
559968
535509
589299
22960
40151
207602
216949
25054
636697
829273
18366
857452
304634
688000
764666
483857
623565
18629
147334
897501
329363
298070
569619
696463
847054
174365
335914
685140
302771
94822
797065
608669
118974
328687
36971
680827
373728
577291
485126
491546
773043
701906
231534
83511
831054
192745
879223
783711
597427
148233
8952
747078
491174
710095
717290
194113
780345
526144
429551
868704
777954
605526
106512
528427
287470
274571
715871
713240
652590
553024
610587
451558
875280
611851
292594
447738
655753
688220
733057
194291
398446
88138
754806
675852
586145
505886
474134
304269
508968
558587
821179
720206
314554
329385
553877
424426
316467
880061
869746
145340
81319
497606
480568
236952
114323
570327
433870
842600
703343
243500
645179
617089
604191
190619
842278
242210
294025
94264
490396
286505
373601
339492
624625
640786
226239
416851
531517
598028
599218
290713
249767
134266
580462
429585
607904
221411
101505
318282
615782
697526
92900
193902
327049
173821
269933
14383
528587
537245
241281
313393
400320
342056
316102
166382
155828
491455
189526
572746
610476
709255
198127
1812
894276
779750
815944
405397
857080
855002
669630
140728
191390
225399
664077
852950
515153
157147
536218
168092
332617
600464
96621
631516
679077
275965
477212
656333
888074
311337
319138
584576
698085
878317
237646
662560
389900
2101
523192
814085
769379
147539
520878
27573
836827
759007
788109
197847
34356
38287
611723
516022
130787
20975
295665
411054
269711
642462
203079
375222
227670
87973
95399
858793
862668
860244
812531
825907
888579
645754
453346
10069
43430
804192
227413
548565
273087
194115
547048
719334
388601
875245
322244
20399
163391
418799
424018
52730
403683
449981
651498
780923
366363
361126
67241
79771
423782
262094
811137
693376
204077
797385
97834
607547
447556
660854
847894
692973
619119
787894
196003
846934
884257
43337
896585
794940
456736
762595
600563
137653
822245
384015
92522
124178
254207
831488
658189
542120
144151
265968
735837
140123
631694
847831
831253
31176
771170
620810
627510
186896
419919
363981
762784
169405
862579
331734
638718
796946
124938
483872
753752
743763
578840
622312
490539
525038
267397
284648
797014
538436
803490
158126
274955
563928
412874
235864
385446
612051
491619
307502
666745
30034
573220
289243
148805
30573
62929
880553
369542
128708
634689
27609
492454
182247
871264
400604
480721
427106
880209
401713
285960
740516
374027
867676
2639
385483
223013
115647
192833
403470
331020
689687
406371
855367
796592
624469
179958
840506
66175
433015
302086
310182
367913
283011
489919
271847
440387
437983
694240
561957
30023
607216
842695
797628
826968
109485
48492
421673
340643
393472
775402
45774
624768
682425
679288
177475
260441
681358
660629
623705
897794
260850
824674
81100
347398
267024
715145
651364
198626
812805
794203
252968
435498
614360
247128
382976
542538
20311
593255
440965
785096
720879
270246
39
534756
175175
764123
147418
796001
798714
379592
768158
280317
190319
97405
605162
842076
637047
137096
697365
823107
881890
844007
802304
662560
76734
211006
337091
432743
350093
3428
693682
422968
169633
68056
477996
872380
468439
222033
843425
16397
397902
398899
264253
812789
266882
538365
820020
71759
809225
181983
694540
116938
532010
351816
411650
623404
537365
236030
494010
251347
128226
673703
526278
257527
401450
820868
195538
880715
735612
617022
822858
449186
837373
563832
473481
712142
418591
777860
472991
222339
169469
412465
794910
394906
41968
265698
706209
388722
402481
296634
73560
683858
17708
641044
150357
852329
801341
246415
418669
697557
662569
88646
289867
796418
779163
744925
772535
538187
545562
667799
837150
93148
424644
890725
631582
524728
313450
761241
459760
685782
627079
458456
450771
857446
731677
524814
730289
692498
287470
201724
883984
290207
243284
722700
306071
506195
289053
784677
59898
640272
304391
404378
345861
56670
430132
698044
321345
776360
457738
96176
484613
309724
223306
572411
778813
730870
150410
571258
592879
758198
502865
169679
278896
73005
38703
841589
555298
640919
65047
341748
21480
458627
553242
544272
173096
368654
424864
207452
385339
175916
753093
790188
179220
118824
386318
839048
740010
55268
711
256732
471972
155897
216347
