908
689208
319294
732213
415780
322799
34438
801232
779741
111697
595139
342479
740243
145965
445786
634017
249675
714707
930474
257580
688665
163527
218773
555150
846131
928976
873392
910975
23921
865136
34755
21650
954980
457837
715069
975322
601936
616590
552503
425065
814279
338466
626787
456116
54691
215481
425169
473106
793823
205366
323869
720483
125714
922300
808185
377805
38858
250630
341523
53794
350017
72083
31330
416798
2623
872958
795602
875084
327115
876203
584074
21127
731535
945886
293270
281182
762887
745766
273654
309265
853413
416246
302786
872248
362949
870163
911032
820803
633096
8873
790180
655772
996111
808249
845803
543593
511126
837677
823539
584813
509354
999565
833778
219534
240008
136713
429330
515313
392724
952246
582782
985153
676275
181206
166476
373007
373637
839504
119047
613844
459586
99710
389271
829201
710576
22949
266767
846423
38718
672768
574420
593315
722753
272565
670117
81441
962120
258601
612618
218513
943773
810031
512925
490439
46619
853019
396015
535884
266471
425461
803737
720546
205708
495113
323041
809509
902519
223708
741509
165517
823500
405881
152551
236304
636898
806248
350996
6565
686114
152704
374322
350946
774071
865684
414662
740999
159218
918345
256672
452691
193278
728648
159844
129172
423546
716878
650357
517821
85496
66016
416831
809839
887954
565980
975393
708314
119204
118635
800758
744445
144041
24723
820991
795721
745333
334761
270126
831907
164236
439780
341585
974665
52190
498956
180633
232460
418592
958544
316295
61179
65032
943159
387122
236320
364901
708463
217335
545828
134424
825026
673597
61965
351987
351270
762211
739304
793580
939507
957769
480258
484285
132207
994808
420880
982812
454981
666607
120174
440786
924245
704011
265092
938811
23588
604050
11845
754009
576308
840220
578193
143572
440239
386718
710843
960018
537597
896660
955172
438063
228533
467914
588934
736729
397039
904584
788877
656843
906424
296856
624287
566884
413727
534133
758205
357027
739308
26194
479681
14210
410160
763139
702599
816364
805688
537996
371496
484507
996187
20357
928738
970322
505843
327270
353043
526324
23464
281653
111204
877056
68456
315593
662403
590826
624307
559161
56584
882838
656402
44775
192313
423155
861735
69922
257641
406578
210144
809724
445947
393570
911301
97066
950916
196010
209137
523281
552718
228642
716766
854963
281465
488078
195417
568757
915581
605431
682644
285260
552970
260136
280218
116612
532368
272578
703325
159661
319067
179324
971819
158754
925206
264187
136959
998071
987568
438602
28276
121086
872219
676534
810005
517814
575345
79177
857423
770257
222641
853729
828040
423649
283624
265068
889864
26014
165355
494210
526165
229270
881536
730142
328606
525425
909469
374202
2893
685856
99336
448711
407615
896674
856349
902
482640
78835
608430
998854
69007
700049
341573
493626
890961
336684
854852
981238
176545
66473
549678
23494
234901
51923
995262
806955
855035
927007
849973
594931
450163
387290
571953
124340
239446
146289
540345
80164
449940
925020
570773
194136
626076
919272
976474
763031
390388
828001
245252
109595
911208
204120
860219
995747
14559
505750
501240
343992
991177
390045
992705
293498
74740
759767
531536
685797
490366
512030
102610
340262
224741
77031
283787
714516
196794
646156
589846
91021
540852
763828
800330
669294
30497
226400
518265
359982
708087
561941
943378
711127
196361
979810
863910
895522
402645
177677
982920
628847
84154
16414
609165
712414
882695
738311
599282
302221
555374
501806
62173
478638
682071
652825
972028
380419
137553
872501
553226
259769
117347
924995
759088
207903
829313
472416
88264
359425
73050
815599
653116
99813
554062
80421
977165
745185
916221
850928
620848
450903
315067
482181
522386
440207
749087
57093
479549
339567
904762
367243
570706
766361
67493
197780
130422
994977
456884
189451
699786
631210
834695
466289
741458
114332
631486
234150
415671
972419
559244
850902
751015
34311
156901
250883
640090
665220
648657
445354
437104
279173
538531
34837
134134
895202
623746
116989
499208
15539
20006
606105
818128
821552
966623
671751
122028
165351
989583
327318
601838
533592
102520
724590
44413
599600
426800
658140
572312
789793
127089
811902
615547
315930
531533
832455
621914
72808
424382
829744
873546
870505
428252
925564
301247
683496
414119
556389
387376
576666
890564
465064
334359
435572
392325
166442
419412
452647
424673
711430
855665
306937
675139
770420
121856
701185
444285
349207
145313
854335
682461
822371
216544
905686
299032
8680
763451
230694
832611
391488
213697
474634
635105
443601
889621
1387
639863
456064
208466
669631
61883
59699
854921
651810
728138
60736
81701
478671
39608
790327
360112
927995
885539
824904
142766
96142
34208
818963
537127
819774
477591
541643
763522
309194
300971
845765
953229
156625
28497
534755
919770
286156
563522
92759
255107
360366
484939
785174
968781
242327
511810
975836
273578
599087
549651
335061
795032
978981
197944
608367
516200
824196
937095
495354
860825
574831
349157
152760
156131
772025
533592
768647
533839
281827
669883
521576
724483
50163
669258
672299
773724
317805
937949
226297
141428
495473
769394
699709
349059
317937
231971
265584
557729
739532
677494
244865
105513
15436
388435
97565
218809
811001
89232
911328
913303
69400
817320
959256
392110
794691
713611
201073
787062
462310
823823
844803
163889
105491
756868
266741
796561
914499
766436
307020
601719
945642
980905
979092
825750
94517
487289
936425
732790
147811
516605
236706
682197
968701
818319
179163
110759
352564
369298
490782
417982
20821
35547
871598
304454
700843
725772
610799
454311
667185
522882
964853
832717
769458
630500
896871
35076
531071
29788
511055
452092
125260
184802
936770
349292
734184
37300
210214
18067
502808
451554
763941
398234
117007
662341
663853
554902
91915
182608
796705
6377
228302
263742
630367
788552
335479
569195
915054
96535
322814
151551
228932
836464
783049
564101
591474
802818
328877
131033
174701
432086
842564
879936
960506
185325
300519
264914
970101
224902
153608
177490
233085
501243
876143
562910
681792
281931
716879
789889
947870
457011
645764
752358
317948
104565
309292
864488
419880
598266
424927
186692
512356
979667
599692
755760
441425
718171
196273
218565
444281
998009
798070
380311
145465
816706
82791
459301
765513
818235
259852
617324
695594
153979
561319
