977
464478
639499
620223
141445
397479
817831
736086
180731
7803
620731
119404
132370
206187
378653
34903
268753
53389
500108
689834
646863
867797
491112
888799
118678
22701
814494
77920
311203
763857
375676
204209
423562
585513
508259
518462
558935
789444
140794
465885
865871
700237
461502
15840
34165
464141
542327
575705
626056
864509
494278
11818
385801
610341
676987
139816
123067
530518
822499
860203
379587
782529
635455
186805
558895
354898
231280
271676
438803
230892
557294
641142
506798
565826
737655
85344
58443
464399
753188
97003
201860
257907
460791
876995
353568
54219
110577
247933
605181
144460
181953
825149
652617
678107
472599
451489
538730
63084
212726
317870
48958
322965
686887
258229
476412
179598
892010
650689
757497
860839
588456
270335
747751
235589
273668
414283
116024
823899
86992
650067
22176
419554
299035
802986
656504
256021
811176
361451
223231
800811
193146
528840
849755
832625
642443
188238
746013
645379
800604
15798
106595
229575
130343
577387
204599
144359
168976
594451
92180
648489
630778
595229
150568
290476
71061
196485
729973
721985
507253
772358
26194
700100
348831
838781
737647
280981
551164
601781
62069
293784
410832
574357
303308
134469
801284
445282
869462
80460
874335
877682
83640
5353
617747
801775
408601
521823
386964
406275
840003
358741
431587
859494
854407
650890
185033
588066
846813
799350
796319
270559
200585
149470
841610
263696
698648
377907
202500
83096
379338
259016
183061
134618
454954
420623
4769
95037
263608
131279
513531
57880
631111
889795
685047
39039
352994
196786
162972
96970
360042
884198
254200
300094
462907
169259
121966
842267
636429
869254
399595
459522
402613
431600
204087
431808
690347
517486
756518
212443
515239
107374
287214
554071
853765
482688
473490
548582
611143
39150
220701
74698
512185
667002
564363
802760
665488
565875
857057
26859
187948
42099
897021
767282
10877
668599
340168
206999
163009
654076
147495
439965
314635
649203
324401
227061
626336
306560
764443
554477
704634
602069
880591
370934
664495
148390
629691
389392
22028
389961
581670
620692
811259
76588
224989
512350
143973
871474
523628
527061
235472
180203
195592
499704
573928
782479
586313
866950
492540
429239
225236
602090
133344
591193
79606
350113
577200
318270
602574
448362
501332
110305
675745
884906
891294
466790
529713
73560
122704
582516
164039
233867
870651
479920
283501
50558
411683
832152
164248
715421
747006
499449
35395
740048
428251
446158
622679
388097
383775
318229
329830
626890
844842
886927
834679
666336
686328
695028
179867
885142
1956
244625
488030
7408
855751
800224
50041
641925
8798
656897
568517
170287
805386
672314
535210
143987
302480
701352
591573
658855
379808
377345
103880
501701
145427
76968
381515
70571
522606
167596
658144
573291
873348
289406
623732
884150
91543
702061
665553
345888
561982
552735
3121
171632
624355
601742
615853
790407
859267
844028
258612
896394
564504
288373
854423
782733
480180
115200
788641
307646
44355
308385
234435
252139
542899
775278
259117
872498
305200
824524
595449
826083
684168
136773
331554
615155
151693
141512
60146
233792
472889
427934
641432
42908
478539
140996
95416
324440
161071
860042
788541
264782
297500
712007
709642
286347
721751
653910
565102
694583
481334
77009
715125
701410
220734
485608
89979
614413
742605
415134
773915
468434
291924
202529
395302
325010
531036
446404
832688
770137
252202
834330
543108
651759
715933
322129
439223
447677
110131
704905
872410
90554
385771
793616
376553
131954
807014
801019
693408
255666
106119
776162
104493
787858
606681
663129
211873
647007
819120
166087
739425
369348
239495
644165
305785
209812
427017
120244
761967
823735
396267
196923
896853
612719
420118
562684
648248
428677
779970
213970
174806
36213
750430
322826
631564
469203
180461
700282
490093
314136
138474
452098
194191
262797
750636
494398
671200
373043
341412
856005
257558
67852
828419
168001
789443
885961
819993
704107
768551
589105
247512
834146
515296
644395
91031
33928
345148
818729
865106
221017
129903
423793
188367
556937
737760
24040
158267
216793
37757
778877
896723
320694
127599
52080
720095
265006
561961
158013
385944
605423
557818
556777
491850
470494
121762
108616
776021
626353
28641
256744
382286
818378
298090
433885
612962
271248
374230
666858
388154
658347
606773
761865
501817
711324
336256
12279
762979
820535
57482
512223
439800
271102
711221
570209
134270
579067
82976
184255
790557
886681
28990
567428
101635
763776
484226
499185
240872
496555
158262
843877
123180
318760
41739
382057
351324
425291
343531
278069
238451
687055
514602
373954
297341
597898
532219
621165
348407
51052
471231
62437
827538
35092
752056
369841
837463
145743
743227
72225
44644
47694
510244
845551
414196
862530
118852
654961
857149
823639
79925
329471
634931
308490
754606
95835
750058
247049
830289
20674
451288
293509
438850
216685
855673
603638
772147
319236
142316
833388
497178
452064
411067
8525
382980
837531
135768
31151
368482
94071
850178
61364
113730
703815
34887
234589
235289
616510
528643
707949
93915
654226
763015
483003
143853
185901
684597
675731
256050
698736
684520
135306
656482
646659
653424
195323
807257
200285
416059
797219
273323
542381
684527
169974
28885
714883
271187
770843
873007
802014
210158
444203
160541
695667
889479
762881
170501
48054
129259
139999
348411
506729
489869
317789
416631
719582
830792
11822
823528
190762
795264
216753
710306
483784
75495
537904
224403
253126
18523
587545
682324
377008
508812
161975
494491
46744
459260
29804
246285
477375
889599
574541
253360
550979
316353
516602
556062
899396
241991
77336
806933
4404
339949
425325
114604
406971
258319
79672
877184
349060
192547
482634
771309
869448
372067
111653
894552
547925
285449
763919
602857
128730
558420
643667
448566
671154
594919
91700
529754
387850
715888
377359
878436
177457
155109
148748
436460
651099
796970
600992
77344
785041
413008
536387
681469
214297
196823
13705
678713
249470
477876
599231
749757
752668
881038
592323
708112
569962
203266
344704
411087
867204
885159
191013
178489
540563
282956
655681
787398
587612
881053
768990
157751
886562
741892
34359
468872
168792
852811
332310
396674
872007
549440
335726
410318
888600
126770
369362
259684
89055
85560
475537
480385
120837
843825
171791
457623
8880
301318
261281
313854
832881
505451
278372
847016
878281
303812
304186
484626
521337
522308
354946
103159
725477
889201
575347
486719
406884
193956
548501
34228
708006
457996
587356
345365
252994
173778
805153
880515
110907
190519
636287
125593
329711
487129
608231
867640
35932
679508
714977
572640
628303
281638
590815
159003
84874
578635
168895
34388
725265
443175
394462
415333
40882
662178
81587
857326
558287
98477
172239
830625
35592
734466
536335
51545
812489
417514
340219
423019
237550
718073
876095
