1478
71080
456251
850400
698466
337473
681099
85427
422531
269638
574696
660171
9975
6537
571862
532844
255057
893330
790300
682085
133044
655920
430920
720177
131723
557771
869241
884186
777285
654933
744557
494520
345457
867295
310855
869846
753394
870855
252220
358997
549152
602830
473595
350602
429275
115784
539415
712067
16076
105997
615090
561000
480089
219276
750375
573948
38597
428799
733268
537058
722082
444762
504354
779292
535988
704285
737171
712942
100675
657897
209767
657345
337596
619183
414187
134020
131749
474500
771231
211629
515995
509745
477857
313501
896362
117958
745531
205314
312520
859854
203686
671798
597422
29950
801114
723268
563764
20168
855443
441034
466120
541676
303233
159354
75787
79085
138060
328891
773256
560833
185378
549069
449490
220963
448191
385322
627032
618211
674392
731815
630824
724156
807876
854938
574718
703014
558471
233013
532518
668162
34716
492304
611734
53875
110046
592581
754241
823212
117235
691637
504185
716964
252918
282728
331908
852102
175103
181074
136442
321829
93041
117392
77368
64525
444736
584978
616068
40629
881693
2707
863998
813168
811872
795843
631167
784162
544017
727622
449265
401904
151187
170581
270187
608304
818445
782178
406375
697184
382933
254200
718497
687890
45339
587649
666926
627525
376464
106914
815063
569391
537106
544897
2193
161782
408981
99975
437882
673374
452623
562303
116753
355196
630655
187582
353970
163977
537691
72989
55118
605299
425782
872642
109059
400141
665194
189501
134717
273895
707079
12782
382248
747288
410680
439460
707153
729207
483854
665439
377144
474218
168843
730615
587444
867093
189933
374710
114435
132852
612374
456160
620364
482052
607700
391347
322003
321883
616881
579177
761848
732248
151161
215322
47917
347989
643587
289759
198482
608793
748095
469041
865327
152138
549946
383216
518061
839679
254865
602111
148625
768020
374800
287405
645814
24279
59525
757103
269030
829215
864293
1768
851445
774332
322042
785642
409562
195433
259497
162422
421130
294814
563644
524992
449267
2754
870832
423502
214994
39582
181213
462815
32785
461421
649597
96520
429569
2831
50651
430906
205039
480829
545530
699135
587846
639222
181279
300483
347586
603128
225436
201615
130028
773291
61529
282128
363991
144055
157153
2678
595605
615221
439686
66969
390006
439619
554514
150262
713983
327697
722860
595479
837123
168057
776419
880433
697441
775308
220154
553479
783801
109030
780496
879756
525964
833347
469931
122469
123087
874220
701920
233900
320203
619114
640385
72881
118741
493371
258211
487995
766853
126593
873547
663980
779253
83224
224789
264387
694456
298496
151521
592379
826420
804440
669178
668017
746781
713900
762564
768355
527568
420549
76610
118259
681768
568255
852961
347627
795073
851992
275236
19098
686951
109667
432076
271964
286937
451900
831908
355256
624608
2807
221095
469315
74182
271057
877166
228803
860757
387240
422042
392814
889133
606855
689274
486064
880800
125913
717146
627978
457870
240574
689064
856664
233593
292955
816356
239723
282852
567116
637379
123253
132077
336245
110848
700676
172387
744758
498784
113541
95174
159708
701536
87562
386394
891828
302557
170086
241575
537851
299936
145492
512977
416593
177732
284024
144078
509836
364293
97757
669993
854761
602151
484062
502323
496349
59968
158272
597248
742249
830787
860444
452613
262092
803306
65051
373868
325874
537087
843161
629873
140907
41255
4748
73117
422070
431052
704734
413532
550428
265605
86390
530141
206361
482148
750102
364709
172788
896155
784573
390257
692432
510412
803243
895142
287932
822828
638277
820150
499045
814644
69519
30354
691403
331812
487382
214950
580528
323251
507152
624246
34253
650263
32986
728083
759391
452845
615489
838265
127870
884486
524765
253576
50767
679759
843415
850813
7087
258843
67340
566157
270959
52111
889641
307166
716864
326601
794806
590081
478692
60846
567183
690255
547331
626351
170605
719391
430495
51767
810852
884418
191391
486612
597349
548283
883752
63615
633380
253470
425322
107241
365524
879844
826422
15332
682382
724200
587566
659788
602256
636866
225684
318640
729154
386013
563492
341857
383316
360182
410718
633557
208195
72051
740571
421176
248858
533502
885473
53489
425077
553917
819153
584396
490369
63696
713022
370921
431679
499526
576792
560640
515048
75099
427782
216366
57546
651922
626322
130465
827537
858795
831871
683229
699393
214946
463509
267272
865343
728516
733
625208
860335
66286
118600
654455
759671
776932
869833
399856
283107
452170
426467
587193
87106
692706
626205
518044
817806
856931
351827
446692
80041
642035
176678
587265
635426
105185
391379
667223
833399
195649
876480
193545
828501
353061
146962
784190
387066
457652
139997
425389
288668
350377
483251
513803
392642
91403
301406
522926
613552
183268
40776
517724
543744
681569
294647
179253
244907
818949
761303
210778
490664
148010
105359
867704
465867
541525
692149
50869
507951
445237
356157
233558
312494
501272
321772
681706
58220
893545
454860
159031
16372
786473
893528
735551
516634
318537
761719
698094
260512
685570
233509
147555
525844
363538
381197
878425
87766
166292
202323
265104
575928
169978
528013
179069
835486
25641
443986
239947
284452
144432
891947
706636
235679
28518
289254
667680
363772
497376
311049
798720
406468
327084
539171
264552
504705
334606
177438
171359
578810
325012
578513
408356
416890
122839
435442
247319
240975
357777
609064
649312
691599
686485
615039
636928
583028
351631
361973
537075
39848
532441
458513
344575
699612
562935
882515
895675
474514
213233
506694
288415
468634
425578
575186
554596
133497
63521
21839
1783
366630
197732
192244
592991
471151
132651
301324
64264
125560
292504
275594
57164
563875
881961
250292
136254
38539
568823
871738
157970
496330
255375
3242
399020
263899
48395
183324
857571
538362
504876
678568
589426
500903
670389
8792
148347
532393
262631
690839
333720
515663
186261
517769
736064
109842
40323
635988
254610
891862
15168
257020
772704
890351
228125
535693
553947
263904
816489
884977
520343
370335
188458
613281
96891
565845
220602
348696
718248
783873
549148
442883
167524
429884
145401
585205
533985
600439
786748
716663
556366
160096
810662
311805
496794
723556
350574
724371
754464
252590
613401
41270
830420
152078
834546
42047
697416
175285
49734
560122
305275
544444
323390
451701
466911
331236
861210
691572
842693
649463
401351
332865
600551
34766
727324
304832
888146
379597
628407
8993
211342
355913
408911
553775
495404
234505
766933
696165
650411
495722
104620
76288
745478
556508
306978
848784
189213
473450
447434
634152
481663
241879
304888
178516
429329
112900
528760
700970
414046
383566
173099
751866
17306
741012
732543
490143
276948
82518
646793
123863
373528
453656
606050
593007
719615
761542
330267
362552
127540
499698
888190
632150
550883
678905
483
154806
445055
445220
761676
616319
660752
247371
382
525986
378520
700883
38556
850412
323329
245719
530369
337498
651045
623620
282490
836811
54744
828767
100830
148305
402166
677602
230027
56449
318597
458883
120798
649931
7143
805141
454382
787651
820734
666215
727781
271357
359515
160715
236956
183096
771398
505010
684786
288337
682020
80882
541449
352920
372487
527849
343806
12031
203576
248827
176323
747375
847449
341400
828122
258837
377978
573209
360304
294234
613819
837576
884115
585264
350681
569727
428562
38184
825142
704169
445935
656032
613833
536741
778787
300153
660351
322058
839599
466119
896269
365924
178683
60386
388276
265435
801677
677882
319471
827892
490247
195879
633147
847633
519965
317246
36611
385748
442577
806399
140104
206370
101773
712843
650089
403906
294845
247444
722421
507332
800742
715404
92458
356318
526887
828703
379592
679698
263370
608669
789592
668171
640615
190671
345170
561958
679158
210603
217840
139630
29166
693475
735341
202975
797567
637143
542008
560812
13928
328235
285819
551677
498934
675123
200995
310032
705019
357642
849323
665343
823462
416674
573193
640578
295908
117846
881749
3787
887570
685084
698834
228880
467102
798934
474778
481862
119386
819911
739722
695080
743323
463779
355719
266007
627476
384607
766315
761851
697098
899399
38576
618056
511860
151886
29176
334524
523410
235072
631575
465476
121190
815156
835037
274783
297491
478941
177988
827898
517776
467679
725170
166042
1065
193375
373291
609912
464819
103828
678839
577094
238762
561433
507531
404272
634985
705988
522871
361950
762276
40880
478411
178614
773253
198519
605927
523198
819746
195420
667645
754015
371320
733060
239493
58981
137958
889860
824093
741442
408104
254742
793627
868307
54925
797189
185393
631483
12600
466152
338299
158091
451984
665836
604071
429891
466052
387497
599938
161681
397279
236662
428187
160664
861443
359961
559318
443981
524581
167575
582096
121947
691461
580073
638730
731910
374313
757455
682324
188908
160341
3487
779415
564680
473417
281814
136318
855760
549238
461615
661890
360158
10974
604081
384785
711403
552519
85314
380123
61079
781596
690042
353208
297638
539713
46898
178969
230244
550096
80667
461801
753193
301269
227275
483936
768856
680258
845427
730693
180961
622672
263052
613916
648038
302259
370447
628115
120507
781336
244803
454149
106246
527869
35537
790922
768902
204941
698484
838588
28145
520920
725613
627781
531765
372171
871986
889674
840863
655600
806726
544430
368538
180357
369508
224420
329360
716785
840757
408502
552940
655625
731329
366219
229215
188254
800738
789432
20001
25887
236468
26502
844112
594387
39304
470395
769332
409835
299128
833576
92867
31816
386645
431727
682912
511625
435612
266894
685309
686766
880807
624908
725666
707246
771935
778559
201318
600945
507535
870904
285562
319275
836820
73260
101285
474710
154673
142815
612170
166666
319295
252335
638438
529980
521602
594618
62549
474353
551606
712301
431124
46621
66632
352491
133889
443740
114081
533654
473150
251787
198877
31965
879349
73828
774138
686945
845845
841749
188844
296645
466363
653436
525293
781106
305868
131745
625906
204261
122046
458128
154232
74838
876727
21873
803549
512166
311341
97926
575660
607875
406028
642752
706960
280570
408886
263646
416201
735259
367108
510692
354877
350370
495595
113268
178149
572039
484858
587115
235784
265251
514751
219450
289478
723965
176330
416767
245930
113328
151978
879648
737059
390427
