6241
72218
14079
702681
537405
379571
627317
568711
489733
652101
97571
656413
228618
877836
491803
394123
294139
639015
420871
559202
188844
564003
373449
77655
351019
516041
189411
536119
129162
365665
162323
373953
313851
205314
441686
687589
599674
681591
439854
288503
470020
478447
637918
164015
428965
709632
360818
600192
688783
76313
898459
887058
676614
603971
264792
591967
73785
279668
864816
829479
225131
870480
760828
467761
663599
708091
853378
168414
737426
320704
485275
636747
888114
405815
209590
124579
149133
520022
440342
158910
4820
250743
700022
377019
149214
600834
702125
655669
750041
254039
393325
620485
239963
118746
743365
283955
714390
449755
662790
617786
530986
157152
592706
755448
893013
766322
405648
876878
382822
279777
421804
191738
671375
254421
50076
103535
876920
557810
417870
112750
380847
762886
637213
791779
578205
244307
772370
796830
673685
651124
651814
562348
181158
649933
726086
317201
234288
596115
689423
459428
346355
238069
819481
720008
253474
841030
290032
646979
409591
259720
441213
282332
186304
765207
820004
723862
579415
646863
759207
674243
557903
425626
213351
145799
806666
583034
482506
717611
584488
301456
434424
168441
449721
814982
833151
16315
678036
6751
518615
494603
848416
416185
739456
726262
351215
375388
107239
183378
199467
617442
576552
709176
861288
610147
175789
196000
843897
735579
61076
271417
778111
291930
397774
584545
725500
200745
114852
187847
728230
764660
137748
403898
80183
135992
78778
852942
225536
219498
91690
712715
424446
519489
813081
283057
360293
396737
701979
358092
832921
188645
3878
323343
325339
206280
487254
291856
93984
650672
212363
217121
397118
741848
41964
899110
514015
443641
568270
390456
803192
807924
714160
239477
471508
142238
326750
824705
470153
350408
457365
186397
56748
526922
440166
842530
191392
321708
183892
680282
253481
703185
267735
614524
209663
898944
64227
99330
744158
861648
688802
801608
772026
691343
317662
499843
818544
527951
454843
819292
835096
27790
334369
14920
814038
311648
273719
66277
150640
437563
303434
358419
884794
28127
408910
844620
807789
572352
632572
147041
633462
298545
456089
378931
556586
283983
690007
816395
739063
84007
140852
763863
821686
201989
178624
55809
399773
797434
353309
894669
40945
628041
464319
882382
819256
14510
129074
869926
414508
775371
683163
615417
708460
106417
635895
452684
601229
870215
39775
357120
702349
572634
418125
887333
596744
568193
804184
176412
264643
36716
369979
383565
690854
851017
29109
211585
169991
453970
277353
660893
430273
603798
182277
201596
722308
225890
7903
444232
864293
111148
673276
563349
891414
667260
375754
884346
71921
590072
161517
102413
851598
195402
239319
555769
248915
542256
68784
682334
892139
314591
351702
243494
493935
498517
641181
615071
712961
766074
850903
328634
330584
420082
479727
213599
253526
202850
681232
115499
152981
494204
780002
717799
27455
556136
25012
92326
734909
183985
616853
606491
373607
261386
888668
349492
190395
181755
487112
668407
580169
773836
358402
250167
287754
819724
458943
432435
270416
427454
154529
219531
453849
236129
459452
307264
257085
781819
181974
162119
574951
326145
160776
869706
471137
832549
569825
864059
771911
750333
545386
663062
274046
554380
426500
641394
524765
182735
661005
659139
742825
45862
129762
8239
382655
518205
787071
246378
325483
834037
173473
278769
413237
845524
28876
9440
178779
395078
894248
230800
193401
857039
693958
744849
386117
846574
504897
144223
321303
174159
70336
857636
462021
282701
800983
224298
208909
377185
388973
297723
533228
769996
275129
112183
518348
524862
425254
839729
121562
58048
398485
188711
132468
250884
78177
52604
317345
316870
636509
207475
877499
28127
14330
2570
779304
504935
708389
832753
186311
821732
105261
674917
372549
857875
852898
661998
769967
657266
313017
553841
267105
97959
628108
395474
548573
21841
867166
489322
50520
309865
243868
497121
289326
404436
485567
241225
311542
310984
557710
138935
473039
643416
581409
828957
780538
356222
160640
669320
507458
599524
812809
493812
797014
139856
338513
517287
783543
471753
166626
800977
881388
780970
155074
501278
891347
83170
155892
47957
644690
781124
343544
127472
740395
57522
605229
398680
318254
128130
411671
490364
687785
468970
331420
863278
759739
603341
547304
576090
382982
253249
877040
761444
670498
387612
292883
466109
81614
190140
251228
756353
891585
829104
344229
274897
180799
786534
754486
838248
447111
884849
586251
539195
127305
770998
322035
539890
385109
453428
117813
706718
55246
438605
55469
499702
590270
111605
101459
91890
64867
507543
20156
12835
862183
145854
67835
199693
636845
222471
24672
857826
63847
700672
149536
828860
416421
357565
660117
81974
363975
381687
541372
258887
507924
689313
408284
765853
805347
741929
287206
327282
408695
300966
165112
93517
789959
195364
818748
455128
627835
680970
654862
453850
430899
486180
34394
481616
418113
212562
899971
583820
854935
575884
370849
558154
334459
419120
418306
621163
50071
603146
850096
789168
768940
629726
296275
295349
754407
269941
751854
773991
848300
552450
95364
90851
850895
569232
218333
850125
757569
874
210468
241578
407111
172742
381864
795354
192743
512495
255714
168821
506524
644237
492598
531649
11720
540851
433618
570381
72265
513989
727187
390702
249540
377732
424391
38291
885598
734328
487310
46118
177450
882681
448058
204258
93660
111769
372693
275020
423164
116433
388769
708719
296055
625895
168154
656952
355631
731929
633528
767018
339570
656233
705009
148031
391272
637092
259355
406109
686278
433232
704335
310832
335199
402130
19625
747913
675802
157754
789964
239443
438495
371340
176418
765645
836779
764459
743745
710089
125028
177475
561705
501825
426086
728691
139466
213904
41691
63766
15299
706356
815689
108685
183205
492926
833285
45034
300886
769523
163109
391611
409393
873731
700403
117137
797194
257859
98206
543501
51055
180841
209035
893350
372395
667236
731240
759513
863620
1045
349537
405485
123364
742478
703499
52897
668916
635461
138654
203637
813796
873236
855264
784370
893256
733681
291708
652919
541757
622725
323730
365697
649833
822187
346088
746453
235775
755368
81758
652557
640354
645761
348222
324926
498273
144797
822258
295490
804961
419416
87952
192166
639384
588896
643601
425042
119253
418160
885951
524656
9022
566375
415660
268571
465393
743364
448799
869766
689932
601376
739850
526373
235463
689576
813719
833724
82207
782710
880449
160803
758254
318155
332894
654994
791478
835755
512346
546095
569757
437269
96351
246321
231345
286781
737168
286191
521964
453959
188949
222666
155443
475618
800273
319796
842169
703647
421807
179868
254049
853901
39867
5592
278112
439251
600333
707341
225857
518473
799647
671997
590562
604883
660448
83661
237883
755450
760418
387314
30047
348041
253613
591192
56315
111713
599830
358831
627803
865081
677322
37842
47724
388630
560773
491509
883932
862787
845311
168586
826653
399117
660198
198064
562857
890494
131175
340569
712416
568756
68101
343127
489740
155677
312364
680738
823654
499760
283039
457448
364625
861579
422637
733905
237795
609029
409730
752430
1380
483376
637050
462718
460880
388877
332913
439549
610102
653931
756438
87977
558531
812605
595486
573329
748089
885431
706548
501533
838392
617349
412942
545076
166463
11496
687323
406830
364971
407246
576984
667639
425406
363117
101442
544093
661147
77403
581285
263862
199886
680877
617971
529936
606441
527562
64241
54518
319560
550604
682347
477372
154870
23826
687144
895304
391241
381412
351640
805661
630760
744005
205577
544325
51884
606510
263769
323034
576516
236589
187846
460337
100819
272345
669378
679523
227157
270960
471234
272314
713375
235503
94965
632660
130755
159661
66289
30327
618514
302772
163784
237394
332029
347773
548250
238635
201492
531848
133477
100394
716943
592789
752120
291233
165227
484002
420869
37334
459371
695809
318164
752143
205728
680052
607540
635417
156068
709064
658700
12149
658304
33195
374736
455456
662830
254476
483247
353341
10328
360782
870921
469248
667743
122536
646462
80282
848632
368508
272258
381692
338033
310354
32653
4842
202513
455376
712142
316703
586653
67704
250175
723990
283990
118750
824979
8795
58016
611332
228972
174063
14654
322613
877930
758258
695769
271418
22558
733424
177056
204188
27228
475915
70216
205367
110031
128896
630581
670294
710886
417081
160401
40977
206284
722094
765688
117248
48821
170137
204119
355835
197429
800341
404265
627696
606827
809458
527488
672543
794042
380727
396389
322933
519383
289172
216471
511139
348478
62084
703151
7163
117248
336539
203460
561831
868888
745042
209450
591686
32475
24844
741078
209795
197453
578787
831612
886387
407728
230420
616889
277483
151543
132260
336877
791740
121464
416174
582976
871276
637568
275306
413765
35794
55873
568059
682715
375630
227046
544404
178704
359042
236904
184232
131233
595697
893081
565678
393341
417235
245245
646253
836232
719506
4792
89738
828858
62660
435522
377739
435527
264421
474743
532166
184250
605776
595148
879915
431898
9978
133084
571018
490703
880299
225376
681507
435517
271897
629949
9865
67567
115171
720758
46097
191215
334567
475394
788477
397138
358145
860601
722079
307985
842785
600617
886956
297841
387944
294629
648927
127748
226046
138332
415303
795209
673106
408615
188367
109742
669999
231292
881479
321686
541656
543968
343924
322517
752960
631130
462417
175800
639272
812450
52255
67137
884022
327608
686769
831600
304942
856304
446221
168734
724048
45099
574271
709955
110957
323586
67072
587959
569319
880220
684478
610517
109413
164734
399241
884572
465072
203618
104858
567055
598668
553440
709055
622972
194486
356584
791879
139386
431063
785042
19207
738411
64802
794669
283271
438337
199728
764468
408588
802269
659061
71583
467810
10386
289118
452309
137637
343432
37674
49406
668620
87837
212418
172631
212755
473350
507606
470495
618500
90739
534006
723950
727969
56880
158026
551398
96433
362119
606126
118337
487941
360771
531917
597290
471365
412720
361624
263
114875
17278
122563
161716
631100
25829
520445
461579
340174
267042
270123
163167
32507
652767
178367
729737
861521
29456
35898
193913
428082
216378
161627
561838
874847
625486
687394
39584
317724
368051
155654
329754
544352
370594
252208
423718
496860
483242
551410
705697
829797
715636
268711
612397
732832
348066
627655
473925
75753
370864
744295
633227
677439
2972
720204
319165
710607
362881
64682
393991
673276
489535
116573
634834
288232
550999
789379
461529
297826
533810
437716
171356
256780
487329
148255
524685
702183
224831
322498
718664
542077
608403
650117
454304
48875
673682
640596
679156
323913
532737
50647
167521
622424
825112
527920
111633
460999
812450
283921
542513
116545
129152
695159
359488
17782
404301
370503
420483
245540
413692
739139
414613
703299
858750
651816
286428
253578
482689
307911
37207
394689
280434
270207
473843
27524
287298
429428
693117
211152
164742
232558
820466
221517
487544
158096
636690
751096
3739
527890
560274
634348
718748
360606
660849
140173
352917
204132
695138
257712
276011
775994
434664
826026
498391
182644
887361
867316
169857
355100
351353
651800
342087
160301
642463
792890
748414
62898
451060
568486
884208
334230
425632
232818
409795
75335
101310
477903
51195
880621
753912
844690
284885
801953
370221
162265
263892
643947
43311
646620
722105
100476
325481
551154
832587
626916
388125
694813
141942
570577
158252
122323
866607
152326
275695
99113
730518
706707
134210
52382
222612
750390
121056
9474
352324
501454
108778
31522
156750
726040
229472
231696
408206
309961
846130
171923
226771
616614
85008
254504
526276
403106
164958
317140
507773
765749
344163
203239
662583
186390
407041
250958
879781
143573
645407
512278
201978
592407
713249
819896
504296
885679
544025
176997
91396
76982
738359
470607
641510
487398
158300
451505
103372
388089
817196
556476
512317
720249
689698
766976
200043
774947
691837
463891
45554
576285
111832
686305
754653
116016
755608
402832
560935
239300
73950
8398
839679
498807
570108
545689
148517
287290
422052
84715
289874
280648
606044
99552
362516
276612
25198
289702
583414
542606
413340
273856
860606
537281
146353
419350
234287
191500
752754
288029
109359
20235
125107
397823
336323
225953
344582
596678
794583
615732
221070
631370
879194
79205
665329
140660
279141
233163
664012
161678
9468
882827
455521
92618
637293
864918
64844
687564
592662
764543
865267
37524
698211
576471
523803
696236
493589
398951
674615
181098
775454
548106
748924
398274
676872
18468
574192
710956
569525
76066
346912
395917
868001
882255
255601
684805
203492
749329
612174
848596
205332
291294
817216
64841
886952
134430
600860
488841
860567
114302
782741
182328
736030
323662
332979
68743
345376
619832
682428
19323
288328
82909
253294
83990
419722
543598
294670
887908
445543
414212
593979
454211
235343
199740
633564
476720
190689
435987
149048
777834
263182
628729
130404
808101
189628
614805
477302
388974
320294
141013
240697
586710
569184
535856
605721
232061
368409
430299
672030
435740
555641
369124
551702
204046
219114
335694
313099
711932
883155
55977
479380
669124
271006
156141
827590
285381
47195
490611
309067
701066
203262
162960
106347
699408
634468
324559
46119
457334
543379
662250
428965
830944
12927
392325
712037
867880
769160
86151
151665
668065
17889
347669
50771
886601
632716
123021
653377
867659
183840
312636
46356
582766
258989
392348
815735
588510
861462
822158
354362
450261
719612
37072
239877
835429
134428
336955
746922
385541
751823
219963
84563
845525
322032
32235
747611
424975
369178
865581
253113
720396
729775
59556
320406
31984
307253
785006
752287
897492
892058
820225
538519
175150
423033
133248
600036
642559
610645
396697
422409
133433
243458
756831
264788
65034
759267
365248
630702
344617
420717
665218
819472
589948
198571
282206
221141
643556
133467
837753
648362
325029
382518
734907
265601
189366
51436
706126
700805
101857
445581
514901
361864
201400
32709
788198
891256
596693
167263
600006
56241
306859
566474
47743
713676
663214
792665
287456
177012
747132
412451
613745
648249
521351
113099
572018
365854
386464
880571
547535
65004
309121
161289
551298
894250
319862
601244
773637
321924
333609
9543
93298
129800
618601
681587
735385
885040
678071
626044
605309
61913
768141
1714
505419
586738
29003
337759
632504
495792
470495
105992
374742
471646
881744
159693
659475
136882
199176
895850
656431
807963
142491
589280
357047
713878
680888
535662
277027
334464
710059
177016
48360
316262
686348
844170
30938
530712
207976
477366
540386
803708
88841
384537
781144
175390
181221
97979
140190
126789
601024
617365
474776
709057
142463
61165
754283
272353
350570
225277
167697
41665
458909
472626
5430
680704
182892
344144
99059
119951
288880
552979
529316
606757
214450
576976
249000
744304
491922
721274
818005
172071
703796
333664
853813
713402
109896
301427
22753
648363
469461
633318
395352
285397
342146
203150
543900
311274
701281
352809
811273
870972
663319
446299
151603
505105
419308
592179
509435
247065
408684
576172
81197
700923
71063
505711
362457
473419
427819
212406
359212
764633
257516
440587
675019
378371
208654
704719
648108
803402
296863
655831
95888
561825
682195
565585
62209
754818
830028
367044
244356
105628
866214
581557
543098
630663
892029
325094
202009
246167
797820
217977
251490
573582
842691
260466
897663
544204
508372
768250
397275
68450
718490
592480
81277
479941
442134
422394
241570
545117
456423
76873
739415
180989
679189
27450
450352
1709
445211
613673
757672
798530
125455
242592
65557
146224
67406
876798
62631
578262
663721
802034
414077
149911
225830
791398
633763
836457
198101
350265
895276
252614
473264
152581
277001
177248
387693
618559
712611
296978
285027
381884
332794
551697
571927
132112
335098
827201
400866
692242
724823
546756
315392
86044
887334
659437
773464
835951
551031
692659
813187
528563
588786
16257
87611
142811
563917
540394
364289
711271
46439
711769
147851
587523
795076
221223
326440
25549
771494
879558
27985
174196
245572
738906
386222
763548
294281
187111
867106
582717
152876
118310
349045
719339
679144
452785
393916
82897
664503
862814
193734
860759
755120
105288
333797
549410
858329
781928
46712
783066
641707
228355
225937
864007
221761
141021
719431
26325
686268
411435
380954
758614
663959
896678
629983
742054
765377
863963
332935
394250
686684
64288
581616
377874
591857
824673
173383
410589
505134
430264
469208
115836
117534
594011
19189
18351
436899
861743
883999
800715
786610
203675
883635
576573
390122
377815
298644
741192
81171
798787
869233
586826
508048
378708
466450
298044
742528
672297
720869
378425
14230
465852
187551
157686
125459
324500
403921
493775
672189
613815
756297
245507
68222
280988
343521
197141
537660
811230
756041
264692
328240
7469
790732
593908
867429
768223
280833
394555
771695
747460
665169
175864
897990
541559
235231
169421
404349
912
601881
732589
874147
796054
334266
685248
814486
302962
255225
375940
311678
628702
98833
45966
701037
34045
475918
762798
583953
108516
563217
198160
541012
216886
234752
669599
755313
216397
150957
433988
774450
774580
450913
808268
433162
601042
793253
218919
21516
467872
781933
657037
171879
620956
757314
733211
297438
433462
484970
355803
872392
517863
251445
66754
141825
555842
518215
747762
205675
740483
450205
388096
236229
144867
623038
272208
465765
570190
378175
467804
401909
868715
784339
235828
667432
331770
777806
555007
777368
729181
249364
127263
553277
342861
581634
108531
480043
736301
731672
268854
138601
144699
828450
724548
578633
268515
62850
758109
393385
190862
349916
445890
115429
681655
683646
47708
680215
764190
605769
314973
836333
742422
752704
710878
577572
453337
214092
557095
660742
503963
383593
645741
475102
429723
521553
149269
198964
293302
839011
324183
224809
461014
53584
118526
848336
283432
374690
680971
247143
402284
649800
310137
428785
214757
779202
81180
325970
675695
631878
230883
859622
316784
851853
219132
379134
608807
112286
776342
635928
637729
797812
318402
400538
559403
324654
672915
437898
397410
558675
364548
7213
810406
595391
790937
239098
633165
649615
827197
793818
304627
2885
546410
90431
456015
94712
829640
315614
531681
30492
141260
175946
147848
578889
528738
224495
550608
747787
685669
894599
86824
527909
376203
643996
586386
363106
644926
751419
633971
277658
698373
263249
285962
894429
415841
295717
733342
588479
32147
723857
733295
897504
474203
694654
449167
651254
178459
659516
246570
124602
407866
236827
713152
564492
247588
585545
421139
136644
876846
19976
474651
779286
15512
62826
875991
235009
612844
833548
19583
331796
390530
486636
359893
229597
302214
651529
224761
760528
602641
457366
419291
88464
377971
57850
852363
580317
118675
585287
844909
884378
390381
101780
873
151513
601146
532633
824766
265062
361134
585671
136791
529453
898330
449250
119925
822185
798833
419709
623051
447433
102440
587120
819113
666593
868631
234199
231024
818187
674588
93034
718309
183480
500862
91668
532353
540567
142223
756755
617636
898399
483755
445292
70025
822685
163421
685160
214197
507509
762625
403534
257193
10199
651652
281726
795095
370944
348743
804712
585682
176010
582755
821447
571614
321169
618854
268797
243942
559458
6811
786731
689804
556290
698952
344525
695355
251832
367697
677041
423544
227672
755738
774930
36023
738221
126313
650229
320970
899938
871850
640031
723860
546830
575980
469905
723452
165850
362793
296417
414589
847727
142179
432406
851962
346817
673001
177824
225647
898194
825337
26161
743042
262916
809727
213852
768376
105983
321180
306280
588613
774619
820066
478993
877531
327211
305019
47612
500579
864422
126153
265813
838826
144115
477833
209159
236114
516880
535985
79543
88938
305407
332440
130013
720920
375246
489525
14751
448018
638241
342079
445964
443564
430942
288787
242898
756299
576053
853428
266685
149624
144074
371789
126221
140721
770593
440754
338066
838009
647588
591013
683015
644720
518388
815252
737320
264125
811081
39135
435473
448423
653704
365015
811092
216995
515680
692354
382071
676712
278241
670971
818120
751806
671066
217271
577149
279285
463917
244770
500556
26930
724177
48008
201060
343492
314371
451503
422247
530357
313579
389249
592036
12636
312678
22088
665333
352559
503861
894130
33010
576821
304001
36597
835983
780569
566825
147403
212089
529307
296523
208478
95049
172225
465675
223903
551522
378955
869762
292239
664909
635812
665061
793761
579502
385684
323089
205111
74050
313331
670768
492136
442423
35799
825931
823620
360841
227598
346445
230318
591925
782567
283311
780008
84571
435307
429093
845389
6133
99817
19076
524055
140398
685871
369934
895488
356961
694901
272476
61446
880623
49043
701830
696392
116316
615282
231730
143533
124103
555392
281783
680868
286084
791773
26829
590341
428120
27443
138772
252663
786289
677762
849693
646283
861279
517721
518648
22693
273074
752673
649179
358490
284593
676115
338827
474389
405140
624010
325418
242964
447967
434579
185086
62192
276092
885825
213754
446170
568404
669501
857547
425856
712969
538810
621409
255886
426707
684166
210392
161970
741269
608989
471266
491320
1819
287160
535058
626644
679411
765827
778984
411966
768165
807788
102740
63510
712399
427798
66121
536841
337922
446413
652255
90445
536275
181652
489092
398246
79743
467611
118465
196523
520894
161005
508421
38850
826466
87749
473872
661192
425036
598400
334142
812749
303115
589197
813198
568924
97139
360609
394797
295320
739670
551016
46340
849121
320993
810326
866491
858358
316566
166043
238280
371765
448033
159572
40504
199646
322169
179006
850873
730869
745461
308006
356418
668806
831432
623356
380319
737027
156634
460806
325948
640521
542405
304369
237869
325345
711785
570210
744089
68866
456716
827434
588737
308051
372274
7384
380144
608942
67860
203944
319488
136833
99872
893145
675814
358126
213933
79677
702076
84113
854297
700169
676906
857314
536066
230860
435472
447824
119805
882013
313521
105678
814294
888844
114463
124394
77732
637723
111872
284376
649128
252198
880090
496749
415522
349757
690496
85031
874960
771602
341721
281962
193284
393421
188681
808837
587297
211678
443326
66803
723538
562730
95097
653246
646535
896646
110615
27550
24493
668482
129884
838462
385992
348636
801659
393695
403407
530677
144483
70583
530085
164289
137961
408273
212367
259416
877070
633656
567703
125769
647726
325742
156476
609998
692005
192022
105236
149691
512061
626546
192543
336784
726936
132358
224457
347534
170646
822427
713467
190342
752004
105248
218399
805069
119617
509803
316846
615596
254862
877117
465847
801875
219986
581156
359951
791662
262087
33562
729072
523599
307012
247178
629776
656043
779976
83795
580830
628865
21440
169189
793146
503732
443029
54728
168626
7834
326325
187323
590101
184046
521692
358490
143062
508992
737278
128793
71871
180492
381716
381582
457007
565159
213153
737355
667890
724693
603264
165352
415227
667448
594028
219711
803712
286915
741003
377105
118866
647629
802904
658694
289240
469185
228780
354066
869223
757906
317928
461619
482496
712364
312769
558902
535430
471622
896456
476185
9658
471827
367413
787723
376085
602327
205968
68048
138049
510071
210811
76801
886516
305385
685311
43760
252203
408683
358482
466984
118687
22927
478402
734131
240582
771348
310753
156566
40712
270928
354380
584599
765852
885321
784025
326143
73855
364547
137085
488186
96209
626579
306232
237146
157228
539218
689182
227356
676385
865198
644130
311138
264433
876570
617345
289311
361156
232838
619688
434386
431978
870473
636098
494442
18252
717114
172610
148167
891118
235967
626602
371905
147971
678236
71286
804226
9581
9645
126440
895086
255888
709583
424817
750979
632369
377144
406840
795675
283664
200903
591786
9070
104831
608694
665470
84501
810302
363436
594979
250025
305525
284719
182985
762122
885869
134774
855529
18524
642443
845821
191794
396267
422986
506546
205873
637167
753844
169292
128956
545066
713500
599899
359291
861070
504219
222362
33747
740413
582086
442305
786384
277960
16456
415351
573519
638008
461441
625861
552422
179595
83323
163814
773520
712342
84708
30138
136056
632714
143725
570138
548449
793265
83102
265957
98415
130903
40147
134937
491254
883397
418488
31518
205086
409096
351804
761020
77551
610064
33973
321869
217055
193141
588720
246028
686965
770708
194450
96172
425017
316728
611281
868390
101818
828627
245480
838027
129083
230411
797115
27928
198107
637330
72487
698247
845951
249997
776580
575905
750271
501558
233275
159953
457898
500157
639934
670772
766934
729417
53288
24461
477480
829596
178387
310933
769692
750837
52719
799727
574066
12687
828165
298713
535541
168423
636233
78431
372489
860155
599893
65898
852048
5325
84008
400662
873305
21191
412634
835681
295367
258232
160794
317982
218649
879420
99719
551434
716507
344986
134215
624534
535688
740584
309959
568674
694521
424873
752656
709419
511023
62358
49154
823292
639257
363418
129584
762560
229346
668214
209176
233175
808027
757862
499324
406470
450784
571643
706626
100905
364458
245639
478116
166116
682865
544696
64213
643191
826843
185595
893105
499823
65189
610690
893600
597849
249580
667392
315719
640210
582392
502416
517514
768827
285543
571766
198626
121384
335602
1821
265559
474870
132862
116352
610618
872124
772065
16420
376642
91131
237038
92578
359169
567087
241631
343523
235042
171880
838110
685220
775457
263698
526672
445144
161798
448111
772510
707213
148384
253543
375138
187942
31258
762614
246378
584584
762109
326787
745900
204945
764034
674321
871367
857730
530386
844975
414257
845085
864284
573578
404162
841545
304658
392450
402940
116530
432384
806073
415542
681614
480393
625800
383843
231290
781792
105612
308644
643011
482113
596830
114695
132961
269642
196512
133145
269694
39929
227954
381455
142964
384771
590597
717933
520787
124493
668839
881170
843618
358475
556317
645728
274334
894899
346479
259147
500510
526333
863452
861118
20694
690137
260910
99332
718202
861421
336905
842329
93402
696170
832669
827278
397836
418250
674715
125299
847496
499816
587845
673540
349004
389115
764669
145459
25792
671024
830687
661486
13396
249508
494603
856396
222533
475323
389562
540729
344510
538464
1298
286843
551355
812089
365492
228417
843593
228613
364979
383271
516586
446421
675551
284968
239796
187877
427711
777889
170969
892438
182270
25502
470817
112137
137244
402275
638579
366585
174052
554233
438739
674870
376030
540179
532229
849754
788923
848796
486991
276809
847214
504414
35421
341354
652890
79473
175198
84956
206790
551711
789388
873463
12814
711536
741193
884769
754003
885687
354340
749673
309522
83352
666363
288163
166833
466964
262971
239936
594070
276179
226882
177577
152146
821228
752262
840345
173627
51380
40078
473781
668791
161152
138558
129352
21300
708409
298992
839487
780532
216444
179998
872957
841510
531114
198332
45148
887664
392915
310113
698561
839272
899226
647431
370906
606242
88420
492776
198295
147587
24931
226088
301507
582389
348698
587538
134429
176211
692844
608122
176407
468804
269093
898850
765546
215812
492644
862040
726900
136318
684771
260925
801935
194806
342917
529024
811663
402914
272443
601160
496888
170841
113459
186065
453082
584580
75742
217613
740746
558289
387357
514060
155614
617894
444583
185622
395076
9970
696184
498133
694719
738271
207193
180944
9760
153732
744425
387890
590301
544695
46213
756618
826192
392064
456025
830571
327311
224712
63139
521203
299075
307632
60320
213576
282023
66782
60853
291166
105119
151730
214524
550486
351698
489879
473289
55137
561382
714230
703704
413282
139031
322116
303797
443505
85971
385851
293480
279483
875669
275014
859803
604359
842300
29557
491785
531315
828391
656401
467012
80669
323087
49961
733923
114847
288897
657227
608583
121777
756310
513615
507240
817010
685425
879917
33120
64129
30293
578575
842132
341253
665824
385920
379323
434669
122088
353860
295948
308562
627601
822881
268200
558392
433288
299963
126145
600531
839711
537854
353894
802535
6084
682900
512044
766087
158784
418070
170266
270623
728074
597535
474129
194381
124261
124253
197334
94634
220541
540256
227614
882503
788633
658165
404853
42130
436829
213804
377994
534424
655328
814612
452731
363652
419460
783849
99032
774886
409335
785796
531926
206767
515973
256305
791667
565752
101720
274430
620673
629506
251597
333455
345298
410392
61684
352750
730078
375152
876676
26943
491251
830865
706616
235922
341113
504143
295434
621298
774080
247697
896555
270138
396745
38068
338300
163367
528047
260232
705164
155241
395280
649656
572014
231699
56443
600551
396149
687570
539544
589750
631311
164474
391054
351010
819676
439099
840149
340490
78506
585138
336569
133646
110447
748605
328327
404370
691841
717895
740663
319842
83381
181409
255062
763889
145618
839537
123055
839226
380465
26244
164886
39079
759092
579871
19153
379023
507008
185619
634691
305785
409208
667567
677365
628223
458167
52719
865379
195311
592298
226930
614497
701483
344520
858954
329640
230800
435374
383117
329314
56979
507515
891048
721517
31559
643909
291730
853839
622332
348695
670270
769206
641601
602280
626347
531722
554474
267256
475510
506354
17484
29289
660655
726720
581
680088
892649
285498
708377
565078
393354
93254
474584
89192
335490
587249
700859
589655
154649
396508
843180
385557
242241
166211
155237
334573
141579
774187
161873
639749
395573
755560
615280
110259
745409
899784
544246
802649
309024
398976
839890
641566
635277
725968
21163
31115
637079
166133
878438
419774
615510
554092
397893
45966
618335
209086
620650
148029
118482
403020
80954
804659
706705
667544
432476
791068
796683
303053
895744
673632
891478
444429
387068
532090
321594
232981
466418
836376
417514
34062
716142
5487
402030
553523
309322
400983
373532
849338
477460
474954
614502
84865
533992
723221
265996
587543
580343
313720
687986
661156
195785
812128
265516
645045
97694
83966
670549
563144
206864
22276
870496
336880
864180
466395
494821
466534
463360
669508
174621
210956
389990
796617
414313
554335
385086
837791
265740
519128
762850
498075
706842
221567
798771
840974
145160
793550
340602
681150
519074
701597
317096
233378
329531
204846
715518
685305
386431
170263
218505
2696
523877
684616
71685
609678
596448
306552
26178
595526
387317
340753
871908
136921
254214
183636
162212
601245
464077
97194
540500
812270
460100
724712
822368
547430
510657
199486
636464
126236
671072
483612
543274
802039
529464
539105
753204
756750
747823
11906
187991
897469
864425
133140
676191
250693
541756
3190
329214
69441
698687
361821
311025
259233
767873
782749
817947
214085
697045
778673
165549
1240
35787
870216
1255
363878
551290
835180
381304
830203
133402
258352
86912
69593
11950
220981
596343
607189
716126
73049
635207
106607
261538
418461
507732
411757
667547
579089
593436
551891
647580
863294
616858
673120
486085
237295
323748
194056
891824
74877
510452
476585
282948
679446
496803
246669
594983
676425
155537
670108
450321
81009
703970
564858
686651
168860
161090
518820
707254
809878
822121
545378
614616
649175
847866
106954
756658
182885
553957
781713
364253
155143
879948
374286
518450
613704
589443
308909
549016
202276
467345
79885
43832
725490
167891
22071
334189
708142
780351
69819
739864
600258
637029
249481
81936
60848
884562
675752
301845
455295
193230
208630
765349
287743
180006
624381
111208
647802
599908
549678
891238
211578
66266
277821
124409
61489
681309
659513
536157
502888
468238
692518
127331
333704
139316
761337
601189
279519
343781
313039
825908
711887
66020
235946
800525
841721
201443
802154
663242
689217
227882
426788
746516
354206
657328
513441
805814
384064
787014
451285
430605
540670
659347
847993
85564
645244
726074
466728
379356
263797
861880
119571
791153
706443
674313
257250
142519
699304
329066
38152
5787
10127
896601
446753
731782
119716
326584
562443
383668
176725
777713
543870
369571
155140
785715
360616
717287
340498
117755
684713
144570
613833
222510
418857
65873
141254
385250
381873
707690
305441
316765
58029
785632
184282
565973
334523
675233
174626
103382
444240
436343
531939
327010
700328
462691
524461
480562
424903
372840
147774
672315
323377
384963
755245
621548
813987
333784
233332
108212
568204
504295
261591
271712
68267
899358
429717
483202
897798
357448
525002
599885
466436
312995
236542
233597
683656
598319
39630
194739
385770
813442
875861
197086
582835
113049
241302
300309
78805
175977
194409
772385
516134
543668
129504
338520
669879
204726
260788
91364
815189
887327
277009
135074
236186
893947
725498
33061
588433
582093
484507
100411
608229
700506
372170
65608
51108
670434
869240
781326
468629
565321
155865
826510
380595
408915
879246
690600
267045
676207
846059
840895
615196
183594
542890
872472
112968
354564
871628
455616
393399
685696
816551
191085
404139
223892
39408
248541
265495
258049
482118
821467
375990
449724
680409
290048
444232
335563
849109
257973
252777
504939
342799
273495
531856
142062
28554
871284
832001
770658
10982
704273
847855
764012
461159
468878
352178
21620
316125
598593
599520
455770
37653
169503
111596
864198
494779
410169
523736
866077
247882
493091
889527
375536
119090
680016
549316
143054
46469
387737
483544
805369
580286
726108
628044
347894
588462
444481
869196
20286
566724
435064
266324
369458
626105
841022
363018
848139
80277
850047
322743
769167
885345
589461
734115
254623
870794
476046
874028
738926
513934
222540
777315
492301
799463
605861
876419
841793
169137
524363
129519
770709
53594
196870
196678
549131
840677
428605
91174
593294
700666
37684
816506
131076
881614
123824
675841
192703
458826
87957
263165
838354
856539
316656
384788
849185
676917
118032
463719
242289
16452
177967
250093
184158
682225
411535
898859
101868
527790
614880
226546
60469
351422
560510
617717
707872
533636
832887
615141
346547
624934
205705
893227
801535
749821
396970
79201
853210
27196
68609
246509
865258
854491
524850
139931
47453
864927
136440
129622
792182
326343
688138
566723
745154
152022
202272
155866
606344
146072
680910
691906
73406
44146
229743
408776
79320
282475
682845
437084
46876
580593
529885
600360
342993
539913
101816
884589
675126
639287
210371
528796
88079
52261
24352
422733
232025
670260
729469
837760
40351
521213
143610
387054
307397
672067
450089
789354
385282
104919
811758
139386
556458
335942
761126
832140
528073
693539
617283
223863
485740
437933
848405
446735
592698
470140
242821
670468
658112
693390
583611
341688
328361
793160
635743
39163
591340
596139
421404
545573
440639
286837
291233
815887
759242
607249
793409
282414
587318
534524
234714
735597
102693
731285
447090
71878
90811
79360
840798
614428
335897
80342
6653
203448
339402
888333
169472
485310
561847
98112
735629
488108
521301
123611
455385
872847
692286
877029
347474
92481
49661
793545
610559
478115
160931
721603
161887
547378
11734
436356
152686
756553
436041
58882
474150
74388
225479
534015
307362
867916
465961
687765
823326
173043
775879
586299
811290
363950
846443
398198
483037
759642
527745
41150
644918
353228
519914
840843
233278
658921
158032
191357
524698
313855
126260
758565
110652
85758
320643
571220
362504
363895
436711
562301
5428
720111
847706
604169
91849
662719
185557
266200
383015
775340
711686
298895
303076
729758
235328
636290
515957
891487
819820
444926
877605
537362
489950
333907
827266
36045
795714
668413
842327
863476
181973
240783
37204
190931
216880
239835
614826
841752
632671
288735
281778
616939
501969
314703
798797
638571
235143
125402
40326
640935
616495
284380
350356
414453
82730
323361
745244
300946
457641
406865
41427
656855
864951
271388
353568
572852
495376
647874
332032
238956
148719
678559
532099
140620
214500
68178
532148
209897
789029
620201
128023
847381
844187
709195
319210
474398
734141
353217
623501
864451
175579
681314
694430
101332
448913
679129
708510
791973
195003
775125
617391
597902
461863
92941
181535
9666
259397
411214
658270
31210
447516
40994
470570
579614
150646
683455
712204
840799
507388
40841
302971
209044
533372
225093
443295
12638
548006
124763
12080
327994
428310
828102
761501
226003
605676
212540
687496
123874
706392
753013
257838
227
658160
363162
498533
694133
132196
28235
664542
772781
567752
289996
593257
92407
508752
446797
548280
273227
546107
133077
781628
411080
800582
367626
523307
828688
440673
32352
58115
535295
758559
629468
71177
163880
402407
720579
495562
126990
756231
342915
689443
636733
276360
691166
305051
115971
362588
11535
297005
479214
668916
32379
790596
436898
269358
32213
837344
877751
219276
626669
64501
516045
163616
635190
437842
634157
674851
443986
802943
327550
740389
480893
2495
281249
645438
61139
126741
879945
154851
266431
824483
386042
340437
667137
44142
545437
544115
859738
627133
839357
883183
295287
864320
426913
366238
772600
412430
559110
866857
21404
601734
441400
210081
770571
530647
9934
729615
769343
746779
613855
419689
725168
31230
780228
761889
350747
707037
652588
367928
37870
41449
817974
655119
645362
94890
587086
628766
863670
671392
168839
94461
607956
854597
69777
590687
659938
109295
593880
535327
839927
620241
811801
601811
498679
743169
446049
389469
260637
256500
78211
208481
265349
465925
578198
295696
123699
161237
683049
464002
513315
396077
160292
310499
12462
588735
125308
498244
20885
109290
210930
529778
305997
330203
341322
468324
752168
89745
192899
201837
440796
736377
261559
865650
596754
619160
166160
720054
535629
277319
323877
616272
382612
646776
242576
462910
546014
373111
484398
648435
93465
723116
659218
698827
488663
544253
671462
98240
6390
705585
46783
150101
642858
38127
622235
684655
145290
411588
690586
865156
114323
636803
470294
872811
82845
227462
317313
871859
14616
538675
466746
662192
826370
697339
533963
326448
511880
516764
431042
314731
532566
115781
531401
897529
480285
664921
41220
38621
703648
888845
470727
433215
540219
233228
777425
190712
644785
678011
672329
34790
77585
105430
611508
473247
286275
171384
840176
253923
743988
66170
564113
42218
642492
81203
315253
174460
382728
606205
403781
565759
288297
134136
511242
667531
196409
613512
427658
17722
176101
806170
226750
415707
827995
456292
100721
350533
216241
364489
456055
858729
440463
485436
364679
195520
604987
490940
250231
73891
398079
397246
566226
457722
503737
575209
676665
271756
410623
329882
360851
216021
812236
661479
487538
215221
724428
550497
357348
687941
413920
403570
14034
315045
660526
241990
130617
120881
673896
49383
323394
444018
631191
452672
297120
240944
644644
466691
609158
663461
760226
474213
643714
127021
149756
469063
126618
173882
430295
630960
794370
157988
305987
795478
614294
859485
23331
327196
809434
505538
58775
745013
718476
39693
242850
603239
775043
236199
803517
858794
31398
301948
100279
94447
303819
673735
313415
236190
167562
354380
284336
24023
403902
769316
142383
460314
92408
416435
552484
397187
697823
73749
41723
277357
374216
221783
220022
57527
115533
431267
465273
843267
88973
234003
572849
160699
570081
71462
752865
869647
294742
109872
380587
441
664652
384331
490552
576418
633898
599692
458244
461341
582107
29361
836905
69424
699593
111670
624582
132276
818100
215462
38155
583826
247087
32142
888452
197101
259640
372270
552960
565886
351922
129289
412220
624986
873057
9852
513009
648049
777537
73707
711831
478479
783427
608727
210676
569125
840612
446476
462374
374946
40524
25398
277256
74778
894080
283507
584964
826857
389445
39812
797589
728337
518034
636061
492152
154718
339920
515196
426671
106763
230961
336406
170001
37182
511113
358157
829938
519822
616558
40381
528874
553029
80648
821782
522340
367776
830068
452996
464325
405043
766939
372394
374167
41129
352266
763822
670226
440329
147214
268557
734822
466293
775021
167279
744550
674636
569860
539957
387444
787151
826041
110191
460710
472065
618172
873674
81106
526759
315231
282599
570236
809903
238158
719910
600824
853644
32685
552833
610813
392511
803086
890133
200585
327474
33291
195163
222091
577727
107781
813942
104401
287693
589818
808868
563790
742170
92861
293911
792167
316436
134037
897662
810939
707425
133171
787388
845197
603230
2545
670554
666991
620580
106084
821656
847757
689511
42878
129406
110515
293721
569219
362001
760955
324844
477861
557922
547287
138676
881118
98336
384407
669898
337353
31117
23000
25357
716094
146862
329450
634274
802568
523996
896891
615997
658533
592536
401253
56568
24985
228956
403025
404960
88431
208268
653031
859247
76974
251275
732340
147763
858035
330665
516054
324366
149553
391130
129222
713079
36225
168578
114306
620861
765640
543405
847702
577324
238180
506203
754918
38120
293266
834840
536155
376662
571679
162218
646248
686426
422536
43523
584856
602427
437681
413047
608247
450531
504447
259271
574041
165635
749171
627803
449194
569427
615715
74063
610770
29142
253590
206692
697188
326396
74491
175159
598053
523457
301958
808303
1460
181682
870793
842384
623034
472624
120876
27660
643854
133678
797160
35897
198341
148085
251653
280030
603285
606758
174414
108615
760709
182399
155918
796248
143987
567575
501609
113341
547105
230787
717657
620416
217500
103131
688100
436468
832619
545751
650134
842255
644433
15698
610112
497812
462814
367665
275629
148270
279000
184477
590077
456440
320322
723307
536320
84121
767846
777373
53712
205390
831780
174914
11979
237344
63799
262008
146124
41716
405952
210354
306693
415777
426898
74420
676956
468540
874265
95323
277855
858607
388167
50618
327332
559208
622109
407199
112449
453677
512242
781203
233796
265806
37155
419809
6289
146707
159127
634766
264823
668692
854158
630182
632941
196999
538341
625464
386030
537364
595049
153303
201325
887845
30774
686753
593591
207001
79242
368349
500580
693400
805930
269789
93433
158848
881713
859811
847998
464477
225745
207840
281495
657592
897831
137815
862337
72422
874336
265185
152586
854497
773697
352105
154189
579541
99896
895863
507818
531440
755005
498282
209534
780796
211556
810174
262531
500361
242721
155534
25766
172035
573336
880563
883969
134115
508865
204170
523797
37986
204309
636147
183366
642311
605847
57014
858643
19297
556513
390336
491760
188689
190762
507339
20226
510079
439665
853947
158710
732109
613641
301061
263966
165160
841985
686282
681
333050
350895
425697
88158
287357
182296
97203
8053
635530
499998
126016
264466
543856
897799
730719
70751
381088
265094
856610
872548
711108
282536
402744
536358
324912
839165
413323
301753
444208
756704
4330
89475
842721
785349
152866
872751
742269
448415
787173
388619
750062
626411
589868
370910
296867
762588
679064
444137
170560
662403
420308
768697
8335
176923
889207
346118
305237
286063
358438
663980
718112
359241
188310
134243
68092
43415
856463
853469
130245
832060
240300
659067
533622
418000
436254
293100
116576
612085
472209
418116
232534
121751
171334
383829
638309
357695
378751
754188
208705
271541
863737
436842
194843
116847
219827
856637
229199
90
798702
53179
657209
694883
560717
744955
726759
821667
858107
604079
17354
831397
7755
373602
879622
295157
228090
11402
492713
536615
605010
751914
673400
111041
699464
684423
407717
591974
513125
851973
131069
692128
844033
603037
758302
226441
619755
98845
656613
719863
16709
305020
790565
508193
800940
412856
466068
222610
642742
632206
248895
288360
242452
427093
663870
825449
664407
335384
258978
607172
