7979
925156
201870
927824
125088
562930
92525
538557
92101
188710
974558
422971
985469
119948
30642
723672
98264
882844
744681
428315
896551
660213
764640
657101
85635
43384
556583
954782
710887
665796
68593
511478
764792
342601
233381
225114
681830
524747
750481
423030
297258
302133
113406
894669
364015
332695
323998
240698
950925
590142
484130
819489
847728
968431
972072
817144
677975
444607
495890
757804
527609
538514
433138
605873
122562
985070
833057
208041
899706
150267
960815
914288
733639
465625
788596
608514
808329
17950
216965
610825
71331
494507
428034
934791
843034
990698
440717
526173
529813
853670
435029
590262
414596
731782
137296
459795
359646
933095
324999
825459
408066
231701
798795
367774
999359
458534
778693
716686
444975
926964
425707
443003
960062
628661
603599
486786
187912
499641
104081
399025
815264
889983
572085
987633
697838
103859
73231
365136
532208
678600
228123
753643
51681
337134
971753
740532
125686
822448
565
870
768261
393901
256213
27330
36993
487025
865035
326852
401376
492080
668730
243623
188253
778782
31414
799826
755801
616878
964724
46046
578845
842405
772064
977220
926522
949913
924238
913768
975121
418699
89416
608252
352559
230238
568966
555602
917520
244
679291
529475
937477
771748
419980
140341
396848
737945
865819
359115
827947
443082
413634
466735
125448
452241
453596
227061
353203
770091
681597
353452
56500
240011
3841
632454
257873
187419
531970
210017
116112
293968
790499
269809
682650
408360
153289
410188
472955
260931
954666
749458
550918
575643
729533
639991
170070
941346
81041
801839
817327
312183
820986
465269
426626
21892
390821
412023
99407
794998
289485
737953
147941
620890
694278
857732
3461
487825
71287
337571
10277
462831
81893
311450
480592
940598
422058
981996
455018
740266
244740
828327
978322
246737
697161
124086
361760
271689
492089
386435
424845
668933
484524
894918
639602
273254
892650
794095
21161
804210
257433
912684
533968
289843
328209
928535
792748
176878
189004
667840
784361
589247
791865
258194
775999
391054
697583
930468
860913
548336
392190
957086
141168
162652
729762
340870
223452
988743
155025
656422
920298
391903
278835
263068
56672
210081
774002
319934
355133
852056
240103
82407
446903
313011
210931
983395
278556
156289
981231
837939
173722
610699
611707
520253
314586
102734
252339
339283
506438
885907
879936
203038
516844
901421
783946
457638
144506
414991
901963
245633
108969
313479
345471
173847
617271
545051
53368
8205
406284
931134
534157
245654
807294
496495
722034
890578
20016
703855
748707
556769
306197
442013
560955
306633
278610
364463
164001
326912
685762
403983
343137
718102
403603
40528
187033
614977
411533
267147
232074
387015
364019
954586
741454
43586
524930
691824
788969
510995
432854
764564
700791
83686
961644
516792
902405
589917
317762
802618
307452
877723
169563
596022
904440
27952
895327
566854
885560
154716
306462
265687
938797
636994
785781
837865
857717
319338
340169
427490
288801
85875
748273
878800
418546
457171
878128
804154
843043
308940
57631
741665
385440
756846
634538
357144
841492
358083
111921
518205
797984
842842
376846
566739
340391
949235
235318
797437
961222
174084
404600
33241
755105
288038
564835
444599
772761
650463
696133
395189
909401
3916
969741
53177
762960
439915
192850
989513
929273
244483
966892
507658
555733
961136
798336
591699
893883
358415
386138
700717
322949
945410
54515
386089
610604
183328
677393
819358
294510
835708
727246
867262
26155
430416
214064
185364
293904
403847
773303
685469
810794
560100
488502
408064
471452
827858
521177
389802
989484
161864
557445
273802
579447
22936
136861
481958
115269
402005
14176
141465
291895
694815
399215
771817
361821
225357
989740
204873
938020
959157
727231
992168
110892
829018
531186
802035
925112
341299
569212
689326
761471
944340
413211
89194
163935
456380
428634
3300
434097
838394
688818
363898
653559
503804
484621
328139
958514
853365
403493
809577
729041
647530
300619
626749
344387
96410
21892
325496
798381
331272
699086
829426
96184
721382
533504
330017
279617
254495
113551
10038
984628
933825
843757
856087
636787
830598
534859
450421
749871
706174
277440
54219
901210
266586
99842
834802
105715
677847
999504
770530
921088
133316
233778
608777
906010
688370
599896
687041
614882
378360
992416
240946
740626
422432
706675
864900
54958
391858
836111
980798
297624
162266
729311
145152
14147
492600
580229
197465
569280
398981
411194
500038
500532
68957
485261
531208
567787
153581
518535
163041
829637
72697
496048
538346
946318
889162
758442
511188
187948
72307
185082
255673
596209
119679
659367
398878
203408
97721
371643
851016
140461
681880
283622
236151
948429
566916
508098
451779
594477
560585
157298
428178
38254
793431
399203
687028
205037
45363
212212
481947
320817
135806
252146
910714
883454
619872
173244
687928
978438
732433
947014
253201
64511
219844
265528
447882
919632
739440
671094
136207
602085
694652
504251
50026
227169
956934
689886
23650
945715
463760
571319
970606
292866
500807
117083
404692
231874
912049
427842
181347
531752
851571
578826
780297
702458
982525
832597
825106
617663
599571
527181
122622
313622
913080
858439
889085
603683
318201
368581
525769
910948
514643
14678
247520
354850
371074
555736
945501
498882
477735
216926
56178
660923
270996
383852
936324
117730
195064
608991
802723
279328
119074
435946
176549
989126
174003
89146
819870
781303
170725
239355
89597
408451
663346
410036
315078
487509
799970
335758
102311
541250
757428
110578
405434
718145
220648
812431
392982
846138
261991
638587
589394
56951
90832
582513
335639
925431
474656
313017
101153
157921
691645
598181
156562
67734
616095
991223
520051
381087
577308
877728
623688
984710
543182
883427
698830
139904
60962
69400
994579
721863
181504
354637
795506
399814
282834
585543
743850
702126
669876
672358
522715
417958
108598
592998
757532
909215
245392
892162
988923
654149
729635
892659
203474
28881
818536
882262
956354
69627
626487
717931
404367
625165
257334
80889
565720
513107
847580
697808
493617
693487
700065
145766
783007
710985
946436
350179
356783
467619
298360
632312
471411
955402
179564
901226
838170
840040
617206
231469
409195
429623
134747
313131
421534
769744
529917
551268
343447
701601
990370
14127
159359
293885
101277
198302
676033
85134
644699
256383
466462
613349
80843
589695
850350
17394
502187
180330
615732
208143
394540
977869
906204
700470
689601
800317
972307
624404
276233
640880
590851
339893
23831
173768
535210
729310
55578
176560
378326
531577
836718
104927
158911
944491
728254
941690
183681
978754
36755
624086
95860
13706
901374
106075
807722
633343
833502
812228
644
243548
810703
533826
173489
178322
648623
684672
900548
843988
141774
576002
94193
316495
803250
299431
414885
556663
484867
462605
125375
625597
382873
548499
154414
24348
988897
911481
75880
604371
374118
279972
320451
715629
969218
36927
635060
824508
456864
291195
587875
793252
142764
307894
448231
826003
234906
471033
304227
121870
217040
854428
845756
32295
866417
894212
419318
664715
661191
825549
983082
516407
96332
910210
851046
569483
214357
493769
751265
625975
857948
316508
496729
195154
69608
132850
490827
313033
685467
218300
937038
476020
738648
548811
716301
506948
873615
307534
170591
952537
215398
49657
918853
695664
715909
74178
944959
265914
70910
681157
908363
15815
259800
146632
491707
900897
693175
381400
581746
157174
235881
64466
312698
580845
501263
362366
690053
517977
540390
299413
799167
408075
891185
223011
782156
433857
849349
497543
66275
163517
568112
371288
179078
422961
829127
656418
713821
478742
390603
906574
952110
379292
463607
249951
521148
314620
96553
655897
799353
860009
55146
86460
729832
162404
542428
219246
537492
106991
709055
845750
528614
151513
528544
490788
903079
710904
448606
228111
226899
414837
433946
872567
13654
832641
910074
160456
227558
349862
476250
59520
898236
317240
120593
58983
935664
169898
236443
624253
291056
710717
683880
593842
34588
527890
994560
683855
317633
984801
991441
908082
159089
125634
528215
226358
379067
616041
115110
492209
476557
696303
180567
374679
973090
115147
29005
94587
432937
390623
489890
924470
210548
586799
775795
857184
373017
257132
854213
701179
758249
57838
825555
345456
179402
491009
406069
521777
178676
98134
600430
281725
394308
847195
186066
689218
796096
738853
478290
171740
334824
207752
366822
631100
219765
696969
889238
23012
917617
505963
153764
127566
909490
253285
700569
163244
338548
780725
155563
812043
637266
680078
642119
411089
693793
270765
212929
865573
81513
252426
1494
221357
336513
814889
697050
245618
151302
957071
460226
695713
636280
264338
576976
386283
560369
349450
766295
464203
375618
265124
22762
705447
751019
751061
868261
173968
12535
177962
266135
365924
984754
304958
104395
467667
889928
805702
705714
259326
223100
504134
421806
639163
98049
87846
192765
147509
24376
925727
653888
736497
389063
473872
561895
129771
839058
767789
482043
735391
53529
446038
86984
228451
104302
121222
467493
588849
646353
733474
279522
314307
391338
252657
541964
385623
408930
278187
336927
980818
449630
786154
426889
992193
424472
655293
129559
907002
293212
108572
695550
619553
140381
203957
289480
315142
826418
440741
437850
46828
203120
905666
29726
12901
543524
802069
163281
874392
14573
570597
696810
379045
891764
234990
791142
756511
393930
694449
824557
651256
136988
18661
17954
705851
477525
475531
439756
96242
754448
598047
68956
909799
183609
148394
606234
888584
116991
535284
118832
338787
726135
455575
595475
91601
662480
593327
690954
806256
10287
806638
320860
797129
135591
330188
74522
638480
955478
647899
885766
418825
317407
682168
934111
105543
392383
675102
873866
894543
41230
715604
696991
641116
318677
942151
929741
861884
88006
404210
516970
209944
954908
467641
917274
533009
329616
822422
829083
260613
981301
383274
431916
615792
593968
517173
487832
167471
467160
670433
45411
217184
458470
160249
331535
306918
483545
406391
438539
794249
928745
976890
249337
247930
642085
537622
774555
381171
766955
225798
919065
560253
533956
937788
796657
213451
283034
976665
651707
149828
671318
298424
3864
58270
578778
493989
242551
138022
418712
365100
461635
804956
659789
103243
794349
405306
667870
621769
623953
133781
913101
480736
295879
509853
114072
858197
13129
365055
889710
184745
595452
329961
470670
909544
417949
225645
535423
914014
253577
492159
609574
498281
61352
637273
674247
47914
223672
473726
339227
140949
310386
952026
874121
705640
494234
999368
434949
569337
900200
111854
25154
116327
95246
981635
930645
319218
46822
627185
891111
83943
206714
526934
927575
367860
249135
509604
20394
776026
141646
144231
502063
573695
323376
886566
330740
223459
206790
630371
655134
921195
607362
592126
470889
51225
87270
320950
799613
670749
936167
187790
406121
506372
939517
757518
239422
65039
411594
713312
774218
970975
471524
159963
187952
539019
966401
430302
154273
395540
553150
636306
123321
143088
844492
208529
324280
911234
445688
203173
27099
787947
123605
669608
646614
540922
925255
480587
464945
972159
455855
392627
847676
773437
951534
992574
952176
887037
259288
106916
413540
612159
105143
147448
344681
561228
472889
841548
875778
418279
857719
377716
804611
922850
980770
719076
469317
417164
442252
61043
145539
936840
703440
921408
465044
695993
533536
594867
703429
826649
315497
59037
449170
410473
24677
249
845057
952322
362940
792340
214492
750027
308696
10376
139465
182468
319428
144228
477191
376702
890239
52264
363143
175085
307235
716715
689445
938838
811629
226207
773889
315746
34216
639469
822526
363605
88699
54906
838359
627864
678475
484235
885657
918450
893134
312773
500289
416021
297774
608141
638898
744725
184853
793614
202514
390451
31451
296409
839491
815704
614986
674278
160825
201053
234634
518392
881085
580807
343086
442847
308157
441872
813273
762839
825485
129504
621326
373646
348350
879323
25364
716163
493721
745171
750082
579850
178489
818398
652780
257196
668674
515459
499818
262187
845058
587790
588674
342690
198434
978755
963761
355147
696264
274607
303323
569243
962381
931162
453836
130056
904086
326936
938
551978
487569
729023
170618
85759
43022
421298
561035
980361
983927
522972
856514
186514
764590
279097
61315
845840
696129
98510
910265
695459
783500
857977
5699
531962
448364
375267
560444
573142
152283
365137
183460
443943
443501
499034
827696
748242
622630
910515
562730
323348
314358
924710
46726
993536
28626
674209
534915
509924
411247
275371
270202
921034
46621
560561
24263
128218
73215
836927
610769
544733
213283
618186
477815
827420
646978
792873
711192
854566
682773
17252
335103
842801
215377
308197
24810
582616
655937
154636
588277
776323
174719
387102
781672
617445
109327
514333
98202
149470
988696
945842
871103
219456
854720
900679
853717
788334
967523
150129
829672
202528
462895
139531
148477
716036
8543
513502
570977
831423
4561
896380
328910
161361
935366
824236
177398
777751
832950
635583
671983
252649
321166
175169
267516
824867
918343
490635
748468
735426
725924
486774
763986
819620
81800
107114
755416
193969
124081
76692
492448
68441
373013
104757
929088
18739
765783
71447
190489
913477
435814
216476
780988
881057
872243
476911
418682
465324
338316
506779
233735
106554
565146
151610
655306
933973
548275
420677
901060
523549
75357
492619
469018
847177
227424
387837
796864
174219
808263
674534
283780
255570
768627
149175
494645
140137
27995
156608
922414
85757
689059
902907
982530
465339
485016
108419
983877
840792
962182
543522
647413
630570
356150
653319
252164
51315
83848
872598
287363
239807
189993
105882
106220
787171
520432
786006
266444
690085
272538
212793
259083
251770
193760
919279
934810
919274
11443
600084
331255
85968
660
249283
802464
206589
969873
7629
606674
138045
16479
459718
179836
283825
394641
597305
738245
464475
260467
595707
4983
462521
590021
530205
399686
873416
262423
347323
697857
411817
431294
938417
318804
126945
45744
440429
65143
39867
463361
608992
122167
457608
821051
500943
596895
115079
315795
936774
533379
753055
279758
226795
215400
8456
209392
406960
998099
359754
686812
218658
808813
48542
678157
325023
46031
663601
80751
506404
856880
717702
108955
786372
218088
580218
353198
353461
336672
21027
956101
585349
330585
737810
752278
530538
51157
121272
401070
935478
902437
684389
586947
627561
568464
166443
832821
732449
221533
962721
195366
283372
934398
638212
525746
572542
502233
52023
972941
553086
483636
87339
520824
405178
230139
613785
277600
925627
632433
509228
67347
429940
87089
849085
694367
624916
417056
790134
176521
332731
375538
499671
990311
971848
976533
877143
867355
435345
322749
485474
131436
799020
530445
455105
640770
191338
805663
848728
226750
689764
791216
390152
901044
962221
518315
323765
386950
794663
234192
609186
989726
51633
117889
11895
910855
590526
697577
298725
645096
217281
804489
882528
194655
557444
713057
159435
891510
683928
781559
562994
985925
691047
435847
70256
370596
460709
407815
335537
962378
352677
664405
695186
838279
572168
543039
255141
578010
937040
771119
652368
601328
378066
915313
710484
762170
509386
922274
389356
474665
449417
212024
162956
872585
915465
538472
896072
691639
662881
948920
683158
695872
280979
497633
739948
539672
529219
262240
335043
146676
699395
796761
782590
407492
896457
16744
406883
255568
519298
377606
394503
744558
889407
125461
773513
112926
114061
578441
288628
625026
336420
342642
269704
201980
631541
493609
517075
198438
153446
935575
192376
432553
459866
175453
373841
353850
442345
91747
473521
100087
62383
615937
780418
445978
922432
56003
695181
909975
533625
92252
52633
424856
517618
339051
840554
64275
512591
777506
413738
470724
40886
529305
565542
164108
751451
413230
841263
569574
371638
358742
679393
626818
139926
569541
417920
601088
309519
302070
889213
605770
381519
908375
316953
900366
985615
617556
374177
154647
401125
195839
251223
250823
437237
556697
786609
683187
719368
948032
207290
750875
442357
46388
172887
404612
104315
311751
773797
787316
783601
777697
421885
385097
988500
743341
266457
660535
688512
715236
580112
351324
817786
145524
979453
168642
647850
11468
956478
509040
736998
274119
673240
197485
673641
554610
702904
70546
37474
375612
790164
482635
240937
238073
838704
138730
927692
580819
472445
734183
52488
114189
664220
397432
426067
10357
823808
574537
446038
317414
371825
965465
561464
654967
627692
899313
89494
874500
10855
942913
489934
191127
348659
867224
703675
679602
628603
319167
544123
862907
563497
980339
595627
40452
717480
707326
330356
488886
756868
720625
58047
487003
978349
638656
90820
166469
317146
774842
605440
812701
971849
67363
773317
259019
152485
110767
926187
368895
36289
955870
440420
595227
396801
103023
522861
938301
757593
182658
863713
46060
938796
429453
211752
747102
494038
479930
13708
328611
116997
476060
316268
892914
586626
692749
678857
828622
95182
632485
190781
758869
997287
212057
693196
166117
668010
521709
527507
8939
943186
107031
541789
739914
900894
606322
278357
857316
591441
190107
158741
452999
817619
534444
312221
774455
369845
82003
716639
312276
825234
944910
779894
1064
421137
68293
738167
981519
472518
100931
155680
6339
22584
17683
604590
688387
861309
75443
412426
26272
233602
634295
187299
193316
478055
884157
412631
151711
778439
752713
715466
236559
601173
339581
670362
763307
629985
998582
436905
526540
305274
480837
926361
195577
340718
623048
593558
911181
136749
841509
301260
356999
36300
283618
986042
844334
392933
177252
591518
785119
167131
183555
459792
380981
826171
672838
387819
709011
498174
871360
648805
628240
593771
587014
850816
888448
146009
213707
581913
295387
686354
158747
978014
439309
365716
425712
951901
163993
692401
247156
640759
980330
947542
754196
818099
100664
454888
640701
566831
281811
943434
777590
631857
79696
22395
839386
805787
723341
455389
635568
473021
485218
398736
959977
629701
634789
880637
598389
460433
656602
859055
625794
139685
133494
78235
700114
326584
91214
596160
990327
122089
86433
53673
51054
14031
628798
455376
573078
822381
71443
637533
240075
853893
797396
831307
773028
534339
214468
391852
243013
644890
731939
492355
143585
47788
339189
725647
13455
133475
533802
438887
187848
223453
156655
950912
928315
462660
197520
749196
60237
228731
638152
652349
880304
47540
707815
307239
317279
574750
352606
584324
933875
456764
874538
22737
452261
701969
482715
452181
31777
562167
682432
341057
251715
849360
303153
937971
8432
375379
465913
32789
260180
675656
641757
525026
982195
622351
167629
948361
587566
717977
620327
23850
56213
520698
237922
58749
343139
953239
493149
444370
718106
67706
667908
274674
362556
144068
250332
865957
228451
465282
333741
393549
170493
467032
769097
345520
949096
616665
235900
549331
298086
620409
491986
255425
478461
689114
118207
847403
308334
544450
884527
235497
498063
164910
842091
499231
605831
771520
16548
653690
991462
720467
550624
580186
69983
387631
741182
149770
903075
704024
796391
805994
650138
329345
96659
408110
25984
71070
499829
687679
930139
856407
686725
82751
337364
266200
469672
42026
654521
203845
534269
158744
195982
323211
321926
627742
617292
802962
943217
679188
563319
139022
721730
581234
459871
946741
47776
989716
661619
48267
447929
104413
160508
247832
533650
257079
958142
687292
764014
792568
937446
424729
350106
233120
679535
394478
632211
434047
423128
158468
475285
152692
526714
643840
670786
394191
740680
938457
707179
318808
853224
379748
925693
393577
232488
280075
624779
536630
550366
784605
237811
632749
263969
632831
761008
934328
850974
665343
929980
741984
608983
365193
522144
433355
267262
460914
686233
816166
514794
471090
305320
917598
680756
810095
621879
895239
10801
568372
942115
31136
400075
424064
143082
501230
581502
745595
964914
117316
253356
653636
111732
204004
643230
552101
692739
495040
857816
477096
523453
965977
563160
812547
397773
222025
613995
668206
268698
736027
621547
968789
758735
275288
365528
163369
611528
42653
25874
968529
196630
632743
897328
54911
867311
688945
294529
188509
358709
996212
57821
415845
295969
35917
568038
792912
177868
187325
29792
133094
159194
848330
808490
940788
468163
751170
302873
471324
171647
707423
620848
295686
230989
357062
74109
253109
259169
318250
313554
605876
635560
637390
574303
682670
270457
564327
644841
263645
674713
694431
465385
810395
482027
197366
731971
827220
607218
901699
339745
471325
293252
952665
368620
330333
34766
312580
259111
12841
695614
162739
781096
340654
657169
44015
237939
245895
527353
320521
5044
813295
676522
368211
931353
557648
757633
997572
912650
48314
781457
351103
516614
591087
145228
861037
407707
134939
687755
684742
560577
807713
203386
570671
570004
843792
878499
883902
737901
588916
869141
256473
368092
768969
702833
196540
673219
685707
411920
234969
585170
958377
784084
1945
955930
154775
380682
828033
561808
532162
485305
994800
906017
330271
512458
417988
87980
207517
638931
189981
853537
410361
783554
234361
406260
487023
120290
110270
443645
794446
196621
335447
843823
100133
101103
790134
300914
44889
200754
248887
988768
787992
375435
457125
126489
605288
407456
793621
134212
29849
302869
819504
761186
134105
46898
788175
225936
576678
274610
265919
59737
984606
681771
949731
1909
441906
60885
447289
67683
692089
282296
241269
769566
196833
348470
688137
229631
317376
54834
606982
422382
845448
144604
20444
288774
814361
153371
14013
659845
765681
282453
838304
699884
351102
980382
753442
390265
175956
435386
306630
979583
232890
245841
334877
950239
277663
521006
18113
250405
225578
916787
179579
864705
890415
326813
330565
794592
948733
900848
690665
948518
698900
486655
548616
805834
721652
192410
396534
885839
466960
653076
116227
567707
315426
307567
196821
138294
126872
845350
89200
127072
341356
739031
307864
391502
106385
74252
903822
895747
908361
868069
979829
232712
477075
858787
186072
338760
160514
499155
435141
715914
728937
12565
961169
269963
269299
922504
454719
68407
480271
676820
317948
252996
611784
608979
244801
597227
740210
522844
332955
467972
988608
401134
709447
533182
612147
581430
250551
124216
848365
395197
412785
574142
401380
475249
774871
959843
374450
807950
293953
624503
546248
966505
251590
537317
366147
538713
119962
954732
117527
182210
768593
913336
560487
785727
949250
410588
591927
839404
334086
420270
531065
865101
538464
143040
155715
360542
697655
163062
879650
794615
930622
896521
319176
181084
599540
559703
914912
700127
860103
339620
397443
138994
50900
601201
777218
150669
71305
694519
541219
914616
394412
319808
57130
886966
801524
732067
731788
267278
671637
449178
767177
90679
695129
242625
827474
77023
60522
848429
715877
635800
515564
992039
180986
840927
235847
806020
930581
106251
4674
408994
361468
784207
316427
630721
353283
913451
363283
969339
106563
414069
46422
994721
201705
988032
991480
255284
378282
972902
275851
219837
790804
154744
54445
468426
518912
556286
35919
622149
296996
728364
687632
636274
515909
924196
12871
721092
521417
941282
836384
478109
358250
42313
675805
706849
176327
268871
30718
249142
24213
490599
676476
692058
290994
622131
111662
481632
642458
544899
139087
440904
182450
662950
34135
806074
293250
969260
67653
874975
373632
263887
775486
155932
280903
852604
508943
67564
424551
734337
662095
398041
353749
310932
808992
943767
600771
31997
656724
632893
322379
904545
56683
470049
6212
674349
195963
177806
749559
388699
663657
482340
55980
426980
186515
53069
759837
503810
450512
603864
594828
884449
207311
66803
725744
849121
235292
27081
753419
441226
230849
712054
369175
449037
816841
684707
485278
215859
306399
911747
546921
273253
922390
354089
724752
449046
83714
239107
446576
563793
486403
496695
396731
203738
392482
890264
925674
912004
329427
880197
868685
153807
422938
660702
663490
876155
23307
918820
439364
542317
421481
300524
535707
687165
430000
805824
598897
564890
196079
687059
547461
686299
562060
815838
369401
49122
570603
210587
364101
889519
66346
741341
870030
782719
12995
332490
909457
581726
472405
355319
598521
714064
237116
491422
200913
680152
469468
383038
326612
913955
721597
825551
42591
43284
373520
24417
458119
274285
237968
32912
984327
346198
322308
362470
707090
611149
452513
785549
467271
600043
553612
156847
580355
724687
644028
565228
884816
831913
144830
904119
48186
104549
583698
43086
920322
630577
812979
880404
598700
358189
357428
502796
424819
114223
650822
26164
406941
798639
750678
823036
326953
674070
691923
495201
676
167326
254797
360619
840986
972901
309689
112063
773034
820948
899025
794977
456563
247206
843416
254922
306218
721048
263035
836578
210958
917292
988499
976731
114226
272089
991880
745642
128633
99154
122895
270370
557537
697713
285075
400366
97334
888576
34930
545898
67430
790052
431070
244127
411509
864423
60452
929305
722503
707936
633161
257191
881434
332545
999952
621807
378327
723325
611865
188715
454845
598420
62307
130180
797757
231996
308786
850505
117797
298029
651788
667980
441972
725514
91613
471769
787532
217447
101498
596372
602565
112699
365122
382894
529501
381411
156385
566403
592910
513552
207086
753108
620280
520719
953780
212252
889534
555763
465614
228497
724013
267041
399532
243704
631510
762232
624242
705701
569916
721499
323903
971278
276137
467612
583691
203211
729819
523910
518633
999213
68060
364231
331628
720632
602735
455800
431142
768318
626598
373515
928011
144345
44561
797392
779317
715460
58448
221156
302977
634838
963338
159606
395798
171997
580854
775223
551110
958739
10966
52958
384716
493119
222084
438485
663797
948779
635045
302851
842396
445438
373050
30967
434958
561781
397141
465070
381836
57922
606760
413505
649454
290305
578489
112942
894308
529491
770545
587712
645592
960985
648148
153758
994671
896335
53068
12718
676655
13570
970910
272612
684667
933231
723390
579691
52537
484858
878205
816494
421140
176648
677472
357059
394141
398393
245261
810100
594444
732933
395167
12076
404837
610418
517912
232379
616246
415727
533878
382150
809020
982609
82782
179342
855462
718951
586869
900123
903153
837563
434574
101060
356722
559080
38525
917406
259890
914515
128906
588095
667251
51783
606785
30126
507217
674673
756711
327656
753284
176308
966791
578577
878786
887210
197162
313526
462081
404793
150564
879483
285082
834253
93451
310758
509193
632375
439747
959366
603985
996322
54517
804993
470525
696685
469918
260665
719872
183210
899715
537563
636862
358451
228867
903812
774692
792036
811013
571727
381937
453176
70543
66303
662552
222979
27256
301382
58558
308233
989494
341616
947934
543354
167185
880623
445004
838987
763321
69187
529751
745650
568754
783622
453575
105598
813421
308049
808645
694608
447475
101774
511834
494266
574458
281756
529808
274354
5786
377432
258101
299954
812761
405134
104125
404784
218722
788924
406919
252725
655317
570687
159800
970205
378872
687901
823876
682666
958474
551214
633931
956932
876344
303207
571935
192273
955753
805700
694756
806829
585076
605778
161681
110150
52721
984726
968211
957463
190061
194717
109520
164287
935991
496354
555528
756733
975767
337109
919448
52107
989535
209230
183705
985235
188313
343054
696805
543186
299423
519533
436601
375752
618186
723814
632054
659865
55618
136379
777538
901124
605621
493062
37451
724541
704675
986078
567404
75432
939029
544802
928744
864180
749357
12325
397395
121682
686809
830646
130191
829393
83042
623754
566708
80600
600801
63816
182729
268223
931792
649329
518959
489290
699710
9387
633630
525122
483484
695784
972806
881778
5557
131511
710615
988795
758395
962855
549148
71636
699004
302100
641474
423970
205556
763279
330743
437872
822395
653550
264366
724427
267359
143149
449854
879229
627724
618559
177194
449764
302504
830581
563004
353582
2171
88522
632586
788595
429516
752456
462298
706414
818887
183963
45858
768217
760537
211121
763112
904869
319518
365770
286600
95827
277426
367777
506900
564786
176548
590135
28565
504373
825481
558136
298608
682544
934892
792268
211684
351855
595171
122237
646000
401587
873277
501120
929873
296970
139095
106978
366313
50890
601934
211280
633468
308201
593614
801155
56979
215676
519753
172678
172739
367690
283652
282469
915592
900493
140235
233204
456266
303108
441669
358777
997762
70903
450722
841847
95094
406345
589808
74328
308000
732147
311693
197238
930605
364003
944055
802629
503137
246832
857535
567777
547927
116920
613597
330672
567078
129304
887516
517300
461344
867911
403062
765872
715572
931983
87930
772787
559987
885609
10217
506885
263087
561269
7905
845357
207935
202003
984049
580317
585504
826913
683211
610428
123382
59473
305111
467342
981104
865509
396004
127297
672201
188298
913081
853846
553898
418575
51786
92841
345388
38656
613574
684511
904380
798755
433485
144556
928600
38286
84607
230590
184437
969699
418096
773706
893379
641578
420407
305585
105096
204937
721318
874830
466921
670370
600340
922847
60360
726473
295253
184141
850822
524320
441611
558489
652713
506322
5718
392421
397017
570664
206246
624221
851333
711819
705650
912512
5923
724631
421441
225615
331732
618391
736550
612304
407205
451747
308873
396415
221682
702227
459807
38418
432677
115231
268923
431656
813980
671253
108926
791245
902377
115381
697963
299244
645426
791596
8597
397010
774905
160427
103161
379226
146103
183716
819112
151995
291745
868449
594653
32682
123020
103873
568109
929517
671340
561039
706204
693438
106488
174400
258123
481944
437482
385225
795919
233185
345442
381531
930718
952435
55914
897660
432995
463496
386964
336195
730417
330434
812480
107056
178259
853141
983866
884325
312258
244946
742080
370181
825904
515152
640608
598376
32065
848889
22208
520056
432857
138350
516280
452715
743504
208728
243865
969053
300034
482252
896593
9929
717636
508954
111526
372644
611889
596211
789088
428566
450530
996276
540292
728725
503099
149267
223354
363040
779170
746277
118672
176982
845323
120137
787031
578416
251951
316277
732395
715425
301275
244059
366481
944713
677477
474231
457337
209296
582393
692152
616674
519141
897809
521288
943196
821395
147971
90810
566185
864701
740020
28111
716413
101878
393514
891109
565797
369599
865216
944445
27780
86622
19314
429735
924471
285783
189208
971212
625306
270986
912304
344536
724132
517096
793684
734146
695086
322387
251594
424505
366801
262738
877306
450668
411180
597038
727994
733622
547589
931372
391942
993381
324615
310182
689931
781926
113961
898120
27938
21582
659247
859492
131482
263879
331594
689459
878702
730837
527131
190249
806997
452292
843222
884403
573305
427632
735489
953808
718079
665393
528218
402313
105861
204961
154264
342542
844778
60426
418314
391855
612550
358257
206492
363636
361210
729849
57
752153
331939
328182
417098
279721
543528
571983
560091
277045
583859
26895
417375
944881
112637
255496
76682
482028
536065
905252
593180
367851
56530
374281
308158
927649
803080
325288
717508
981900
89046
534563
869843
494062
334967
441753
18204
610470
69191
952655
772678
264043
925294
114364
989034
601702
577015
708721
997176
106985
560255
195171
511287
562959
881160
894102
833897
765872
763565
599464
219148
280961
935984
221752
494205
681927
744303
560881
260600
583606
695478
363063
964986
811690
887021
896044
225543
84225
429682
567647
100552
81875
222658
305361
282124
328271
98896
71974
93935
14003
723384
606245
985112
619367
216269
108908
435035
144503
777678
899059
671040
273323
850040
378554
3675
252613
526133
286994
933466
482967
624178
134021
961629
826558
724110
817508
729279
980991
603246
979947
927988
215932
26093
273746
361803
858066
522225
154355
937362
392274
37721
125074
250712
666331
524690
257358
486093
352849
353097
227619
667654
582588
143354
122330
724317
627583
816679
82574
887414
619890
523301
868699
937052
943263
887440
284836
811529
452438
585375
156353
13124
161709
418642
933060
620325
9112
409352
129958
671412
415329
917677
146963
699824
492356
89872
418191
474347
70697
755986
636291
483218
165054
92218
263016
663051
522864
826406
281743
176503
347527
162589
248074
538327
331548
833983
95163
305098
553911
544989
890551
24116
416329
135013
85909
464379
401666
476406
650713
372395
265360
690770
484536
878137
601846
199921
728392
95141
537476
223666
150534
323704
771129
231213
208259
112301
829041
409123
771371
188908
543372
564375
401587
987761
890910
962870
738463
674252
169740
39153
287917
995073
930121
642860
262049
116559
203629
142926
788910
950158
978927
167545
643646
265265
699263
627475
133150
675628
973635
945795
432777
141039
430379
66296
367696
854735
884019
368099
898210
110214
909557
456709
676926
697937
819048
858978
581170
370359
89529
189205
901774
697962
337924
329277
533226
725126
866671
641045
858705
242998
98019
400418
558345
812086
885608
577605
588096
186419
905308
127920
626645
851278
504080
304821
992767
153663
747391
785658
606750
201494
277292
725705
713948
844573
182935
772932
298752
893786
933339
889334
744079
394737
868263
503620
297951
569765
105687
99650
845689
74623
243950
404065
375722
309383
182130
318407
582886
781423
252645
932343
697178
24720
554843
220911
728269
443851
741053
663825
698290
818642
647000
213369
787148
915967
750498
40749
7038
669281
360011
177138
141934
789912
123644
184443
930389
221526
379376
356733
932839
998597
174955
873950
428185
937415
748826
384523
317075
514137
902537
395240
324980
629585
161659
918819
519548
259846
594921
240866
747547
14542
838170
231258
633811
787554
217627
948609
690892
733598
273436
323035
347828
749221
421991
527153
264528
364002
877245
462305
210724
487209
358159
195406
243387
949243
352086
973175
717396
511272
562575
761318
176809
219343
186967
251711
334813
263873
520222
749816
807745
317764
55051
74727
739075
952883
169516
729654
327027
420291
862616
407924
268211
176672
578468
701830
382139
556726
800702
482683
505990
207371
5929
846205
820957
128585
995221
302050
583422
775898
643802
37218
656489
519916
357009
484260
289542
197652
697359
478705
447734
608782
318527
124554
140916
778658
376795
368724
751720
334115
362183
288945
182088
854674
273994
531371
801707
737567
837353
965706
308332
156687
439586
280197
714167
442553
484546
359765
610035
288042
275555
472612
647500
815656
92934
485349
349275
359252
412297
841789
156917
721192
753285
681758
913805
41440
922182
572341
464007
87670
715688
474489
413978
428549
429386
463652
193824
352079
705394
581759
709245
102426
522365
925973
705450
638709
433921
587209
801629
341528
244033
878660
446999
296297
204043
329734
739849
377499
428466
386078
391652
11057
774116
326837
93628
462881
208359
836356
629783
890707
472116
99622
101336
854536
394224
557063
183555
369816
715971
685308
13420
544724
259671
556845
646081
636490
879471
359853
413680
61926
732513
232042
905526
851765
730610
653952
779142
670597
658700
497576
220946
798313
56926
595085
211128
533593
229328
365311
673932
537269
919522
811840
415742
255722
220640
510972
621224
820205
100996
523990
514295
82021
699368
407070
302643
584869
130150
526622
920172
955543
519886
818516
92163
886068
733251
587257
786002
297583
292338
195392
272313
357362
736432
239066
331526
721855
263663
522934
277888
340025
469213
579783
401936
850812
700442
163197
290381
846630
800147
395477
432738
665785
802560
538508
379038
520025
853430
557487
187160
692335
405417
444238
986813
909360
232514
44814
106488
225080
322521
657694
998780
10768
204624
823874
571249
246927
857419
90251
30713
846364
158991
217191
977245
840593
173430
957652
165401
225659
858700
711984
753024
594814
113098
169133
791117
768789
299501
391456
776904
708280
620657
719288
969810
836758
455087
225035
620429
609345
403472
384908
830570
869162
308845
517913
3984
938945
85701
575281
211494
900478
865178
666179
427517
14910
449832
273313
998493
135173
147715
587220
506602
819426
133068
285193
938739
907120
919375
807784
297688
232632
870908
970053
56661
915060
719936
175343
464559
831023
331456
857574
698361
245704
567666
152363
525891
399445
175959
543599
992800
97955
941017
860973
495379
24220
504573
962771
540822
282946
626756
119515
647366
751639
781668
886137
663726
543519
928030
719789
388910
885693
921340
98168
83079
544378
686761
394347
732742
402213
616364
445402
698571
396884
668675
272176
623926
234696
2776
322204
24429
716271
359714
817322
69835
510338
713307
761772
947240
952463
888793
255766
644609
92049
418892
728042
35588
371131
897299
792840
302971
417876
647419
122599
793618
255163
577748
465121
250054
957260
927410
600552
478252
138907
585533
18198
226332
885533
286069
7267
811448
66407
534663
517040
398236
87630
536772
365568
584484
99309
103876
408646
880468
132
475926
122072
275176
707069
326050
460227
545209
891275
87070
402425
40265
335915
514665
219878
726763
78348
623559
858465
392658
924555
217530
345981
86068
991767
638585
152318
115482
790708
812176
658472
134215
527387
246227
970291
801282
547390
630208
871388
14978
628840
568816
269909
59190
774467
700666
403293
80686
762484
218149
921514
714217
725153
452039
51650
727100
145618
149758
992552
291419
497141
331018
390324
946695
301755
537414
827388
803924
709921
314177
709422
141654
837833
804093
347200
786792
878982
283267
287422
594776
847415
204577
18882
49586
38986
217666
545026
974311
820834
743208
529411
824922
232019
70216
138796
936072
830154
525186
124085
377425
398602
238395
382654
178087
382609
313049
300028
440914
749081
805722
733070
951709
483898
103697
372782
447905
64684
306687
836610
442859
704107
434058
475730
910989
582707
152796
694549
530686
604139
33819
694372
487662
967838
80320
545232
514539
640548
679766
780751
348393
421919
544465
299025
735537
766177
425353
220657
385897
798443
714577
892935
194748
350352
96312
681562
871973
411129
573980
49906
860957
29121
350886
374668
923807
104512
93733
495399
778580
560038
336714
762684
491425
610045
994814
12554
638473
127440
806812
317135
98623
114730
945486
273683
696652
993527
274119
105373
717209
97032
354394
913353
301722
885042
866678
131442
119959
922709
686719
970569
409880
77818
481993
387399
617453
303766
901683
128767
614167
948332
428574
704524
683735
761422
72713
291242
254352
744323
349578
38305
464091
33028
527467
247324
119399
289249
992735
204376
137547
712961
494752
943288
549802
146950
387558
164917
170754
561615
962693
784178
810513
826007
580196
467885
622948
233210
968981
172882
985725
694552
619606
133994
955552
47826
702819
342192
998522
485170
486838
712580
99375
538791
690717
879417
438591
705901
291189
170505
336595
583563
945480
57384
220010
88950
856321
340405
724187
206611
938888
457933
721286
375706
729342
854970
340891
564886
12886
397193
574982
322505
828174
792697
169974
102252
855433
480847
931145
774611
130379
627079
554262
939631
59152
407589
822230
37742
51785
646185
29999
689725
37492
463008
90463
156909
465559
495703
602049
369139
570136
219307
266879
759433
711548
167356
151125
489459
150522
341376
749309
360860
474427
563
881021
113951
321713
101996
411145
268065
366801
609675
532182
766299
176622
171535
371900
480693
390260
818436
743238
363854
372925
781913
791962
990936
140819
794576
525567
603361
986371
668878
787344
173484
716698
415442
472124
171517
501759
373890
783735
883188
467820
584289
950785
669009
48139
2014
45841
521814
866985
232965
476958
615434
140185
483160
819145
50073
347048
980217
50474
960153
861624
306174
506741
949671
497787
648679
977161
805808
186958
184043
744277
690572
669167
164014
221223
283524
736797
869776
274066
749300
25419
974751
671484
290252
594752
362220
404738
166192
83854
989627
478984
754687
410348
949012
645856
850737
323442
894774
372565
443674
975857
261867
502614
287947
872237
567031
111162
628952
215481
611114
402036
264371
340717
957781
229332
912119
322693
302681
46391
981633
165721
122331
635277
740473
588021
80979
789957
693999
544212
625540
841303
796511
600254
619078
691885
715287
429243
516799
578223
670960
464626
733616
388586
721463
445475
527659
145436
93552
917758
840995
939998
558064
834462
867676
264878
829609
418021
138241
321496
351235
464436
770068
572353
403301
268999
343103
943760
930834
640620
427850
643002
111280
539422
12518
905000
959717
458306
503910
708870
842394
218173
478413
501482
241313
368624
974466
689439
154483
7761
842144
328910
663122
198503
374954
91016
103565
105890
510172
632178
820322
882644
958236
133710
91645
712144
478671
747170
119455
963294
24392
688071
669274
443031
983516
928015
864888
135523
52497
720404
685884
59917
794357
248473
225920
336320
231882
959968
149373
580065
796383
945672
644713
950472
481146
298975
292347
594971
154417
498892
116298
571465
646232
241362
106899
290209
296340
187650
681178
304460
186190
344448
410983
267757
305283
111855
824945
774292
371001
109244
567385
514137
110348
324420
923021
580443
374119
488483
10637
337941
697422
344730
502154
649497
928727
810972
866666
31981
390393
401205
794857
355391
47420
249560
584089
9349
903248
395907
871114
355509
38010
504273
676292
830110
538281
742236
237297
573346
227431
21900
535640
258320
406891
781185
749252
179490
76555
742361
701443
506768
187214
783390
742218
92174
955039
122895
373750
573033
11550
994505
804397
675450
602449
312018
83235
676804
343352
189762
54456
260464
935486
641999
117567
610530
974219
59187
339290
73399
614006
821628
840257
624926
75992
845360
507297
673296
982652
691162
327905
714477
18866
890741
951295
213236
884291
634100
57625
811423
695742
100716
502984
472473
92913
352287
717095
238429
177780
779622
373745
847468
733983
185402
900232
319722
805851
254623
847442
696214
594838
598189
71870
97828
804944
434812
610853
112057
928083
607211
449355
428035
940607
495693
970244
302066
790019
60849
701875
949910
871208
318285
440238
718614
63559
985287
632061
914250
532251
440031
408514
913654
651761
25019
340722
650212
241404
158736
882113
252445
711749
554155
631580
207491
662143
69018
334544
467534
843768
321273
35784
93985
301356
567388
418291
897288
620660
490198
560964
31633
915931
272356
665875
323652
589393
696249
760865
800320
245945
843943
236472
72819
302941
18535
824369
297909
769217
411397
534160
404674
846357
265323
284489
572754
334212
793928
221030
982167
187305
74076
395776
404818
48929
169827
269482
55058
386363
14427
998702
663051
582732
256500
445935
166543
884640
882772
508333
516587
893451
757379
574887
541409
551197
149050
597403
474109
396019
363651
861801
2262
906666
830796
431638
615203
243823
566670
600300
594103
837234
613397
658494
10138
928761
742763
125448
913670
842769
918821
735477
31547
194399
384969
103483
202623
756372
156058
153122
524854
453182
196355
940386
946393
296700
852444
106345
861654
486538
421083
279867
708292
416186
137818
965556
350337
653700
819712
696553
183531
657652
193295
980973
748151
124353
441930
256111
730417
361982
748801
901376
877136
60202
923258
970483
136309
938530
618430
681118
207424
686966
118909
374844
293135
28888
376222
780404
566677
669488
625703
481461
6610
824781
748678
408504
626292
600247
38714
687143
267274
539424
309729
866588
2721
93560
873822
708546
472701
614112
851750
525976
112181
338422
834984
522004
432556
485583
38487
332836
343144
804099
653333
185743
571984
644833
393661
741946
702662
488003
120909
258503
754655
74557
748719
264280
149499
939183
280994
225777
459462
118650
649609
947772
187210
262351
290192
329957
316718
666147
468599
417765
664782
983423
22589
995101
37432
10291
704169
452504
625345
592106
771831
7475
496387
208345
80222
564633
676916
914898
766842
465126
297059
522293
48475
237293
170321
310917
64298
668629
438953
988120
616306
147486
878301
584488
388946
126145
952543
94024
493246
584886
377145
441264
261933
775055
68298
749497
286819
16066
535390
179172
497563
672260
557928
622932
379856
160912
25822
187548
206376
653702
101041
566707
715134
198385
153128
564100
587978
442209
43544
420002
99183
447991
864066
193753
848482
981951
759945
684576
701554
566903
755470
260394
749687
213422
963690
782875
962395
834824
362311
159960
950080
682334
713948
775863
801037
293954
241347
144342
816792
457760
127480
32199
822385
879232
405104
626281
616393
228647
780819
27410
225726
181661
917464
235944
596612
201866
424252
571087
715505
814906
8223
538300
177445
516672
890555
788776
551891
404278
736193
18785
388465
87714
839058
365754
245880
889716
505431
307939
324056
494059
613117
649619
549116
555416
114448
400993
908213
740091
982515
658483
43909
699977
774393
398605
20235
418639
399268
101195
869510
345328
178488
886634
801287
654538
617658
798080
508344
432119
883722
53900
839362
60144
998170
932200
689312
902667
542922
103451
568894
192677
53666
551499
127373
499738
407083
71375
307942
979697
844202
230371
233432
127445
14458
605684
250192
91198
827141
967644
656996
367
528159
269864
293308
649560
716607
267412
500765
431707
37786
166744
557779
205739
635485
742235
30395
934353
440583
973574
408042
903753
173538
651572
411709
121865
81372
156869
936638
81761
266630
511058
371248
835645
908456
256122
464056
289288
904062
512539
84712
409835
587796
864285
600168
887795
747833
435240
635331
982353
913251
173045
658188
419642
77983
910210
394411
976431
330098
227615
787975
717975
232338
443942
184465
513288
118458
886024
656555
289188
709678
744897
554356
626656
56971
514477
295602
508320
424906
854389
75354
392894
662993
230946
608894
744874
472117
684114
69652
833003
108177
155847
589726
642564
35772
731165
239995
554225
756521
694996
747210
560977
424736
386955
348087
186589
624853
143758
751779
906774
322210
642758
212852
995389
35238
841999
210998
211644
578425
341543
383980
424866
163467
361985
527352
322956
589336
435449
447202
97183
285513
860323
109640
954033
986795
279868
799843
346631
596228
319234
793201
99193
974423
228127
362948
391730
490486
785473
107943
764244
996095
449349
49064
377720
175604
305105
428359
713619
317499
735233
106361
431924
97902
107832
901721
513385
52064
61721
224812
134274
413358
434894
512143
399021
667965
830533
480704
994944
336917
510459
127557
831318
405209
424048
667324
776208
171554
828986
642816
950717
749816
488182
129781
495124
511404
542041
586545
205470
247061
428772
360391
559728
939557
716470
41521
735510
866343
533563
528025
417740
166359
777155
460420
987750
739357
453165
665500
679311
272744
515970
591512
631598
988580
533150
84618
587044
953367
756040
298309
566066
668381
766819
289768
575608
108798
294334
153740
166232
315625
350534
886022
272889
546128
703515
521369
860583
928223
690303
934587
254104
359001
12459
887106
544842
178450
119548
315563
207431
206531
577418
572935
848714
12685
763673
622659
532796
650445
733417
466962
907287
251736
870760
947065
192684
930579
482376
79350
86207
788466
171435
245006
342032
711243
264121
57522
436085
981526
205972
921933
726690
229059
479459
341869
29899
307640
613771
871243
96352
827174
409148
91832
655735
706119
96935
170535
940104
115958
85709
5009
315345
255658
423155
113416
708954
407440
853554
522204
773459
87109
108267
429092
241689
35949
13911
774250
929175
985651
14588
887029
526793
280733
725947
369267
880668
396874
51910
932739
59186
692939
861360
672157
236609
993436
537437
732191
178651
246398
84120
72500
32456
112434
762115
183459
201423
252819
654313
414962
87956
525841
558960
492916
839643
145606
83626
15990
406507
398134
321866
742402
264269
944360
411251
173198
844084
663835
127660
866884
515510
490215
813424
55855
13112
603506
720611
376447
217321
116619
562782
138361
279589
308006
468267
856062
42937
48500
849868
812085
964934
616927
787126
799384
786686
126175
296667
188440
625356
607548
947365
430830
92560
36448
418494
162239
160264
394200
766348
471851
610698
214119
87482
45043
745389
34823
303282
925124
605832
826685
15207
376164
137170
760855
740302
435320
943976
808069
861484
956783
411822
348882
390282
380559
923149
958013
92358
848986
883418
130872
840260
196764
275670
634620
477889
363604
225490
594951
336008
91965
939755
386867
788669
802680
134067
531508
773846
799383
764656
564590
13290
514760
665790
732657
522273
386460
896207
989138
305036
916915
363347
89831
905102
386886
632051
925854
683575
106129
519414
298170
95409
401371
339591
93612
490387
419555
999246
308682
22227
622185
188346
307694
155160
233174
658784
114734
641710
922376
342461
830003
883347
175806
521815
160312
387310
428061
442754
333281
723615
114205
390527
35061
443313
181459
741183
200186
868524
440667
682757
674796
624456
446817
517673
322649
42620
778700
792312
119068
273651
319753
418681
495540
549472
744815
732747
218432
840936
35860
270250
457049
15614
244204
614672
874124
373261
960472
520632
194482
33294
320403
21437
684846
155705
716020
216609
494403
693144
52960
391594
350288
757878
18704
306535
286696
882103
540347
860049
19474
255361
147744
797516
225050
915608
721074
692813
648850
823176
451423
560853
769128
593275
839551
589787
172773
697514
646614
124103
335424
318960
621958
772571
836317
172602
783636
98668
518437
703643
333460
520526
30210
68732
185972
108175
669175
348401
788003
387737
851419
243686
339484
425339
288432
761656
958675
457537
770660
778976
541818
563199
622243
894154
475824
167405
877463
15556
337799
113836
353853
151634
478384
640743
361317
406942
400389
576405
501318
263244
786227
793946
581755
147564
973698
733773
265054
50313
500931
334101
964352
734494
825429
87468
800770
32488
377043
406917
494739
573591
322142
350218
649734
365534
210562
238974
607118
995625
516551
166978
623386
951022
432599
780659
319559
931165
123079
226608
333510
744497
438851
554297
829196
703592
579291
417267
33007
113999
473572
10568
350052
533303
927820
982251
169874
504900
164862
952057
687314
101475
594542
632507
404358
866651
527297
968008
202643
127933
408092
417031
331516
638326
75976
65427
253148
530947
318975
398839
45248
820419
565846
33368
494559
476392
434758
315762
326198
931975
979672
467194
145092
22672
95021
898787
825951
280279
408359
43645
160946
999312
861944
997303
263700
230746
414213
641157
970821
988338
109238
120541
101319
239496
122333
803995
261847
903470
456576
917444
993286
111213
957636
986087
578041
281586
188664
216543
395321
851942
672828
226998
73208
590427
781709
446948
471265
698658
866990
678517
535834
766009
695667
633672
810009
959905
334509
452531
571040
757070
960749
104516
661398
738616
524855
208483
329220
464719
305541
952211
926377
133131
422708
910423
230266
508705
513039
133681
69561
199697
27319
156293
522352
785948
681772
732317
894026
284116
149306
714950
21903
924043
191362
223191
564794
555309
681316
315345
925497
928426
829766
243234
800705
410059
32260
480708
821003
199974
655540
779714
238766
566637
428820
241947
730330
866336
434834
919551
505710
817379
661112
690742
301751
204458
236275
738272
534086
972688
635326
471447
776045
824839
615856
259696
221013
55594
570910
513697
855743
45615
750766
486204
200725
782392
910713
994522
685356
126152
488156
367251
438873
305490
481244
328233
351661
456109
980531
13444
987406
250981
527291
909336
3635
320619
715766
814114
173115
157484
165752
887634
399723
342719
645617
24963
467139
395703
812251
781477
527739
740952
541244
644028
240223
717863
48728
732225
844484
427546
802295
615270
547494
587503
370190
852855
248671
939673
731405
93916
994886
687956
52357
367739
858466
138010
665395
139258
937418
652014
836525
242466
712538
504213
152615
371359
478548
226532
951266
362852
36624
413877
40563
46251
830305
241971
46700
669210
409798
615061
541353
709377
810378
465960
179640
207616
155001
461124
749670
177286
169791
15968
809122
483380
680606
739842
383377
164191
200907
750607
540333
991348
800806
150144
303514
746871
859541
538805
941255
376932
357244
479332
136701
929654
897946
46314
274120
574725
279107
444354
881470
283786
567478
121683
557104
333695
275162
922147
264237
16097
611994
11114
621869
547031
581657
913025
548641
879533
169044
390137
726869
735225
811667
782280
700286
685214
243660
81375
654438
58094
826516
776343
642801
891627
58242
951113
133771
735974
162082
228732
82480
903497
5907
282105
571927
237552
564990
925499
389052
446897
949363
310275
335944
820028
450466
481735
474912
725662
545074
995146
890823
483744
8257
9543
932657
157068
950649
858439
680101
943951
930315
251794
8717
448890
306635
776066
815325
11299
704488
420787
786014
93992
529350
852758
373270
665107
728634
543525
293206
674777
14753
646257
247520
877757
937373
848790
360434
374866
152878
535121
762803
558429
228713
256808
158073
188696
926359
568967
827381
391187
27500
623723
934972
375542
254753
473463
458290
808097
574257
979876
347413
77428
503342
303382
68259
155306
483901
195529
187369
271648
502836
173802
218218
986228
230158
468802
893032
514569
232457
577869
47698
36134
765533
744233
21449
641662
701848
45226
846033
32394
569626
982538
202577
925458
971435
642238
781190
440972
988980
75043
205002
631963
558945
703703
407421
384120
321424
389669
77069
604846
332342
529112
800680
222975
182095
437296
654075
872420
516991
536883
42725
399538
686858
794330
984253
724504
281005
989612
363196
762181
965463
580969
449097
547878
953159
995932
689760
280525
381955
306580
602654
62189
466994
913644
964587
605122
970519
856773
749252
712526
813226
958293
700067
961085
509140
224473
358670
392618
819272
138022
103545
177722
592249
473885
785177
870438
335483
852861
660423
296663
772026
667923
771916
639466
722321
580108
876239
826259
571144
593963
543896
324061
290925
600597
955136
408143
810253
451401
203768
379691
507535
956462
696114
893840
391342
313541
591151
284671
619089
934718
57382
643578
229961
264806
82510
991944
251110
249661
402504
927126
607542
210022
478060
537463
464539
280823
663407
818636
881352
854896
490926
36927
577048
924617
16473
848105
953355
925028
115327
102804
13149
888482
112241
38746
93189
632914
833430
713964
492679
668547
182027
90991
536438
620410
820084
271488
580682
45247
397540
760472
536153
201106
406629
109003
664438
626683
456484
633707
558307
653311
480572
615625
388979
479406
923293
463963
10113
456154
554265
754745
804999
166050
99147
731266
991516
753068
645284
865883
609612
942513
51859
590551
347029
340529
201168
123443
903100
70536
329286
87736
230410
696985
880219
325571
754023
826726
337885
924577
877713
59842
287114
667732
94521
817501
895356
917811
569850
829695
557167
454125
960759
510224
500016
76974
821135
742547
277284
869978
556160
933811
282739
56374
688149
34166
354703
639846
739021
321870
307941
984593
204554
389326
822750
755424
858482
725242
562002
563622
861286
502519
147722
477786
820701
560225
505520
798847
931356
641019
940437
744420
325268
315201
946783
405831
277400
493018
374413
314453
62201
552746
271145
237709
313984
208963
593225
498690
159495
28539
354177
499263
273268
744984
847400
691908
568019
161000
718149
738479
848911
369262
3479
117110
200973
151030
876670
177489
283494
479818
937865
136245
555710
812413
70685
619642
5445
106660
616830
496030
757898
842149
4093
824034
680375
885351
546878
599442
974125
238889
661605
618466
481725
404206
373085
245748
858111
333270
344581
472438
226323
237193
927031
610601
718130
744652
351605
754492
408815
365941
132210
40150
365712
923835
621051
210291
352963
459623
314176
703718
931903
23591
166787
725500
599992
567233
235868
81985
207230
9189
525222
127388
501683
341659
76106
17941
763815
57563
913958
495224
362258
127227
154009
269905
189165
976195
405357
804630
226861
403612
792354
993764
839517
661543
83731
602978
963735
901483
546375
589698
425630
418918
333591
