601
118680
66847
110090
364064
463349
330160
632875
745957
676723
54739
6243
133264
722695
546338
302179
222262
257134
748238
314381
451290
319626
409075
66623
321135
599963
843182
307616
118106
724278
182693
219814
828085
677220
29252
2914
251952
39513
177736
742601
137107
277486
781012
855871
204798
566526
740705
499682
490801
146203
740403
233520
150631
625866
534758
888342
511709
582145
32103
120023
670033
187803
8031
34869
548198
715510
245322
600255
199811
767178
663654
704022
684123
617541
809095
835134
165447
503207
109895
506270
204527
766840
56539
341747
686281
192449
358752
200343
708856
899950
591668
605130
682709
751805
419618
720250
668299
564707
331445
134165
266524
812252
247917
335656
207809
524300
695120
680626
90639
697271
866295
247402
439765
352090
791625
769033
531394
463716
143398
328310
323523
462772
858425
465389
427530
368176
70577
32011
525418
149599
275849
265080
796671
163236
47586
440209
300843
750039
110770
716240
703994
582497
146870
314683
194375
467477
415491
99558
81367
575526
674266
218566
251107
272584
560250
697268
410516
293223
366128
575801
797671
114430
117225
653820
366928
62869
709928
131781
166042
876186
269074
825773
694156
425082
683270
585957
672584
505372
448971
347583
388173
832315
796162
606236
162812
669054
490107
214547
452983
254070
463331
29211
307397
177555
690362
533077
525555
362595
742947
285785
881812
672776
265236
104188
411113
334069
266669
725275
389052
575333
665414
399942
242342
830712
310113
520428
331569
446026
520479
433758
473559
784178
754703
878403
441481
136628
498848
832792
788812
388835
132535
31393
440349
534775
600124
19921
220309
631942
716431
868082
559144
1411
84504
68881
182792
100464
527900
173929
750694
852256
416651
529002
480664
253454
206455
716550
548918
782484
101951
119480
577631
535849
371721
895633
113016
304377
451502
557728
318004
258018
478094
40989
73840
762601
507781
878803
83221
571799
474998
191816
99680
579860
288771
16202
780798
322206
568031
821975
159345
179910
765050
758633
411216
254055
819932
493788
123082
288420
160621
103389
18891
279164
823312
62993
677207
742157
164720
530656
568243
612930
379987
737148
39203
53370
828299
23090
748238
187799
899787
216331
258685
259007
222359
707423
77379
177523
892596
402263
827383
263658
752094
259901
241436
451561
764632
64930
828513
187329
114974
300236
391620
292101
330615
595706
18674
75686
148647
272278
761482
302317
457504
551542
753055
673428
284952
512238
372380
667041
735477
395989
238049
155136
381701
674706
65484
889788
821291
843204
268787
176090
279411
212235
889518
344371
250919
888630
594770
272747
59258
799114
399223
721298
644097
893131
191675
583671
132162
687466
686687
390468
7332
568299
505999
40794
772198
809106
402047
785066
565259
146218
535537
228876
127315
450098
199635
495648
759462
245988
66278
727807
362121
700866
786713
887004
499922
799615
176147
892797
695448
66408
642000
338800
798244
197101
8003
678220
489636
591664
102649
200005
371134
327785
818398
360011
441442
692563
688057
491456
283224
175543
667090
232660
781720
386099
354485
259103
698648
581926
328750
656250
774688
315194
859731
324794
158169
328111
464705
553866
676868
144608
331807
628868
609800
800532
877407
725099
655587
349540
407395
566600
419905
805028
708220
826592
650122
855375
776397
232718
225110
42547
81678
495042
165180
304374
162508
351893
428456
738980
227630
443720
494858
675990
730003
848792
880523
9121
285847
140800
722843
826552
462645
35916
104934
790686
630789
872405
490917
600396
856518
583773
762512
758203
841655
413865
84369
557967
405248
136790
896148
516705
797134
541721
584698
614023
52379
138423
56013
748737
570315
133278
252590
839459
761170
642270
392298
32026
806164
616392
311115
481629
428037
403585
412555
813330
324558
875394
207395
260185
77617
845680
720449
319705
409348
368819
339320
672581
485337
554805
511185
388939
808062
9977
63712
372217
599328
343893
425617
400012
730699
785389
440961
677206
866412
111693
839369
591563
849047
812227
704245
27049
748644
671575
51155
718593
854068
731528
830503
558886
155218
441189
417724
77361
286965
892772
190196
719502
253346
524354
590336
856999
683982
773432
