4140
497826
279247
21169
511990
99629
577473
286137
825464
476254
666961
435848
652620
113560
666408
253818
547218
473876
899750
841304
305468
802590
963517
74545
874034
952950
995693
212162
182117
584407
818199
352850
330932
552980
753473
720091
283764
12893
25317
250210
217952
833121
131638
190312
380445
100878
664432
29945
631143
698803
357594
179617
523486
228039
695451
311166
319719
133251
185014
164785
860160
712042
604004
961582
330724
881385
462157
536627
629271
153176
547874
751702
99791
118816
530586
472054
27839
376951
177030
816019
806721
765255
689235
703866
268574
660014
252124
89817
574333
813086
684906
475825
698535
507299
290505
474985
988467
294085
288711
553854
753363
643651
502860
352344
392697
668800
545361
140344
171239
301306
712255
860430
141266
667572
429604
365352
422002
912502
448660
853828
505513
693675
365210
967622
663181
988520
740058
612101
176276
437004
192900
979519
59995
470210
613047
48493
189139
250083
251888
106290
904456
910713
797933
856492
562575
146335
772578
575021
723852
779140
811863
843908
111773
528974
75676
296948
598055
6042
739114
54790
383867
412194
152344
201978
112100
328184
965302
890585
376079
274671
546762
458278
550231
206872
800485
75699
717357
833514
22944
700047
491425
516155
181368
755933
416399
404331
56899
935040
9320
380384
926030
59058
128540
398699
236822
842740
932961
948041
423839
885792
525347
775110
203763
568538
406920
645948
786170
990693
626398
333562
568435
271313
451940
831808
694029
160402
982514
197222
434148
319789
108422
825755
828443
427019
516459
694731
589906
678256
384007
380250
199492
533253
112578
73294
982272
53457
232527
284361
264706
449926
525464
629427
982830
505912
653386
246
180776
621608
111290
20387
183058
928831
372210
655474
72163
32278
89501
857574
477985
140082
851402
210063
996731
929933
2784
113257
692933
551503
861983
159138
687888
87324
535630
555321
263589
638663
358855
612674
593886
676580
243099
297990
858082
943034
34915
240007
248699
287703
45412
330208
730262
586174
656222
960395
218582
639868
911665
68989
668052
936665
561773
128300
765175
152809
2997
849136
651501
634050
829710
871175
395779
611847
623561
405939
596583
732771
129867
377726
372535
35794
808950
616606
827909
150553
675318
613939
781994
617686
937322
34476
91140
447602
805228
240138
370765
28786
700543
886077
617561
576365
830612
650666
298348
969176
976313
781710
369333
130813
241055
320188
578795
963210
656198
845634
253379
815046
169415
35946
23819
379166
133117
86876
345638
507038
595857
366305
529252
396411
215713
155458
882813
538381
572429
874575
94635
267354
185950
892667
702881
331788
59154
161060
861611
986949
362824
47153
586979
771977
821892
32597
635469
742426
798112
333808
739152
169441
564176
363796
829266
826184
585680
157092
121774
30116
540524
338521
390101
714576
242411
412254
66558
160021
131033
75803
536523
1157
748912
300368
863610
812711
631971
597463
786308
816140
579718
915531
730517
677184
63517
82504
432041
116444
216447
655304
313280
89657
15654
847724
295421
424319
359062
254684
51489
480283
28200
728773
808990
275471
502451
881793
611355
974435
306005
55189
661252
42041
941091
925843
401546
161342
588395
901664
57022
121596
598690
417936
29637
274189
192815
737005
51577
203563
319507
562775
475869
525986
225075
47429
34234
632230
513859
30761
699290
925377
84945
262450
834272
968100
924395
804203
144194
934623
708206
562817
980645
811884
660269
214881
634836
874854
829178
220864
165532
779095
932692
325364
667782
239470
814445
360192
534130
209808
489174
165485
867148
928389
168009
124371
408942
75987
180691
744695
945234
896232
839836
949902
110258
659376
13588
817952
257534
580871
555388
28040
994553
177928
847566
980568
576177
529732
900042
156121
687193
135631
910751
102191
547844
575668
958066
848091
92992
502728
426509
379995
919053
659676
437479
394796
522169
451724
839628
260271
673113
785716
846761
611433
259366
62147
796150
681317
321009
771175
957120
306356
59268
236264
603666
822933
888215
650897
419583
413679
974508
522312
134351
129339
470664
661695
184900
250110
591182
915779
634119
678772
640377
342578
879860
995337
522293
603401
876031
161216
244507
474523
772033
972791
192839
591774
388003
246465
29912
246176
741925
749491
297540
85015
68108
337851
157781
510485
957734
20137
35204
605466
106747
318097
369328
543620
277906
67209
659643
377249
130461
66446
179586
682405
382530
429443
633271
192567
820486
482393
588508
457317
180632
706634
939357
247481
117816
465406
764875
831395
271874
242705
616753
312085
458843
117612
156181
483118
708854
735696
233676
280782
233284
920689
88570
831432
113398
956607
482854
956853
185520
637439
7222
432037
204043
672472
239947
398897
12039
648618
461819
417324
665420
543641
694119
575352
199643
557928
600377
611700
725142
467775
924220
600915
987816
235983
853656
528264
998354
327564
191784
785181
993811
621337
945338
865699
268852
81346
729378
476036
264173
279650
239931
843892
984951
794981
11196
749574
569967
959720
407090
256219
103268
528637
761759
844341
348797
60362
666607
890281
526218
851729
909651
557363
795813
472138
90301
915364
868292
851756
174710
105206
996383
990858
432607
258496
539960
27546
271554
301380
824588
656530
902548
847078
457748
862316
485577
914360
774648
253192
759508
865648
577105
330479
590202
551995
790169
713845
553554
208554
241970
982393
844891
85899
579215
172615
546042
797651
645251
447260
467534
950006
572964
38089
36721
496729
158683
60592
768782
598431
782667
131883
545434
568928
650204
249293
656625
422840
8611
102656
239117
943291
489136
943821
324133
252294
50739
733435
625504
629169
260427
624078
509940
202656
723949
16688
98848
769273
719917
809134
404866
624624
56556
9817
871253
79741
543199
817165
354699
597807
197751
150798
83331
828122
631026
679950
412456
389036
900414
622219
833573
138974
755717
431829
63688
699718
259930
364077
18418
579209
458110
199881
975608
323117
371342
909429
778458
773324
28941
242323
666462
71268
179210
842755
496264
178828
207470
535965
574711
361345
116132
560091
825567
193695
872997
29844
265822
373291
647647
405987
248189
954253
909825
873510
964166
758491
750501
748258
408829
663184
663643
887940
591612
815195
70158
612738
92526
44436
757142
632544
640296
332105
661401
272719
107999
998839
845854
628208
100426
30036
209264
685302
814421
992713
362923
995433
865854
852605
597094
281926
738256
112141
43261
631428
760506
34584
884089
259825
492940
235190
381150
330043
207949
160584
568530
226571
259643
745322
682149
876556
139552
165573
548353
433802
981837
913858
433391
159989
678710
690841
802371
389252
782441
784391
125990
71030
29356
427230
24702
280947
677235
896182
739324
589905
693691
986241
592769
832948
168326
171709
89262
389325
424691
235906
321671
947139
922297
41211
240130
95470
424448
106353
795698
663359
303708
835139
617419
485054
374310
418610
94609
370476
211385
852121
933602
844295
338566
445113
515164
992428
581269
849394
78188
509014
845081
644046
294772
415556
710766
944248
723288
199225
147313
62154
506534
795869
87804
308548
356383
671105
251388
368408
695270
854016
91377
14113
20356
795649
892226
489524
293782
205208
285627
612431
275732
205900
525732
216367
579902
559731
710527
611134
495141
37114
198045
376616
333139
979649
401693
355022
312536
988899
902466
203092
509042
125267
396208
139349
893464
855266
870787
971190
608931
538205
373644
95832
784729
601298
646890
877799
190424
656947
769344
165391
383580
607636
806424
83279
957933
810319
276052
140453
937448
701319
865484
601897
339751
598857
655433
103734
698192
348302
810653
762243
609591
674397
883293
804047
301425
758093
534845
267707
842934
568616
837574
679025
991793
472300
193654
715842
685928
369835
550516
25742
323651
231634
659630
994396
919035
280710
542289
43786
583136
874154
260132
639646
602886
204477
876354
484154
362637
94817
438898
652718
428748
478262
880868
45928
368794
781477
71435
227462
695224
808825
841745
470988
168158
555431
60283
758641
318369
141806
601499
462420
179197
564057
185260
191180
944773
647906
957389
898397
784676
419825
161437
714822
412943
245314
763887
820918
376009
133796
713578
900639
261522
12893
143424
275364
380397
926955
548937
616428
414285
723941
982523
785752
834843
846912
629768
582929
873766
134510
197461
483194
715688
170785
890514
87365
288305
338542
428602
798945
484851
298316
283497
760593
829289
963899
865429
894488
207204
583553
967338
229137
573747
646991
691142
334747
898542
177731
305614
701168
996831
750087
982379
342103
363406
954134
369189
897136
505896
999775
396442
945453
303051
802946
479514
44640
187761
439927
119394
224302
387766
875726
183092
605155
941767
119248
715663
198816
470057
307013
888592
704815
300067
255119
847461
125239
401738
446452
332778
472586
911463
52665
244898
615964
179142
352937
625363
207759
428190
541045
828990
397033
891032
120565
541241
60711
302014
996429
834987
106027
649857
930987
244516
566736
746150
722220
622358
308062
569103
824734
119348
574489
142114
196448
891622
577780
404888
115622
791078
918755
489572
651865
602938
43662
101309
880795
360014
574049
703178
876456
203181
744320
257385
431832
491292
378456
945629
710208
660499
323921
331154
74937
678937
760031
208717
657336
205819
837240
430452
416988
326376
141664
452919
967
949100
666592
619034
287331
663495
209365
76577
644806
66858
432164
498391
998768
377101
741835
382266
291505
345903
546899
833350
182248
756011
752993
809628
292198
557940
334508
808335
206384
359021
691401
554828
271587
316711
315299
575139
49074
925752
385030
70454
88331
938932
240218
101117
355481
880011
309676
712243
583458
135551
193832
852512
814095
987008
594531
895556
468108
663973
862165
215453
933062
287433
358308
851477
907281
316160
953947
462476
244588
666357
760633
424573
25052
258018
175014
499663
319348
868970
27777
166458
296502
428182
592980
652692
819476
7594
669225
96568
943247
917091
916726
942353
256257
656528
55987
601928
821686
414090
164684
546248
448180
475602
870194
659626
822555
20549
584717
871746
516071
437182
525900
863173
40979
517704
208348
676501
802776
671230
995382
720363
556372
850370
643155
140448
199813
609558
988987
269144
352308
355098
542907
242444
703278
825698
955957
143410
210349
898547
274065
772682
860694
584283
563026
518087
814300
274922
808643
271577
964866
662992
456016
678099
401277
766741
908528
634494
460471
625071
778368
371129
618416
248067
330092
624331
117631
475195
646470
20871
735543
428224
194232
656474
743077
734420
366806
319477
795829
946575
162957
219793
953268
322804
261369
79587
195375
500016
854226
231454
324219
444334
836037
884384
639310
771545
320353
413306
502027
561263
89960
586335
577883
586111
456326
444072
77878
668543
249310
684417
125890
715404
397439
203508
528658
249470
417525
141584
813135
630567
511868
274485
736308
669417
984400
366655
856691
847537
553632
483341
500021
252500
128224
970541
589887
403332
17918
978725
797360
710830
345900
925344
90598
828468
74908
303476
403969
630466
812106
183692
980927
544655
61298
693303
881223
682546
292067
344588
384705
336222
151788
431543
859298
187708
344050
269861
147269
549156
882531
561224
470325
263927
15941
52423
421639
35547
706536
139462
605476
999700
887802
198989
940517
948412
537849
201559
981719
621663
416515
773497
213149
428021
974025
244077
194037
344380
181858
990331
675411
952690
233788
306819
749417
631020
333933
584361
838344
112150
51879
238749
653664
524808
383946
316037
51939
61952
698004
572362
575112
677250
933876
860156
40236
925769
546044
831971
176339
856680
425524
417507
535179
361154
533450
196491
879153
350242
955047
527738
155661
561784
916382
112750
396889
304177
764030
835626
201503
849906
883399
511748
557696
543472
659321
408648
705680
224238
677703
858508
94751
165012
716715
366546
584787
419945
5075
400851
712177
619694
195001
750318
347002
533654
769936
783533
403186
258917
96794
257007
567420
546531
977814
192056
190048
641533
118103
431122
671599
179769
838064
822045
547518
82388
561228
792698
101006
238330
597914
683920
655436
718434
876773
653689
493107
435971
666689
763725
619343
903734
106913
748041
517597
570089
878854
252443
288719
431933
458130
510540
38315
709950
833403
397706
19283
225084
212315
782033
860063
862474
852771
210358
575526
230674
195440
207184
267548
601171
149430
420931
235285
843577
359129
317418
505320
731800
128026
590112
993263
564356
931438
199403
255146
283407
144491
198022
272387
941856
558363
984330
545196
495724
731763
432568
797476
553364
735390
215717
791897
359323
971570
246467
103144
567426
448452
685512
744256
448515
924694
520572
170596
214566
784495
817636
718927
106946
599556
112582
974449
509332
534738
295385
961048
782837
833677
381259
931882
821435
832690
465262
994830
548975
156537
606720
361643
418790
323814
988117
979464
635518
978303
728611
878355
997302
946328
802794
714685
268203
739210
648382
689602
793259
925506
563250
378502
70392
605941
388707
344539
600091
828209
167646
922655
305377
554639
718959
360451
59575
650501
695175
808806
668445
97304
784521
563679
262410
412910
197809
629594
928477
418945
881889
73305
855803
172976
60234
268124
731145
974896
411699
970780
896647
665887
733929
455665
96839
90169
822340
495507
881737
920483
780625
812925
25333
583653
124001
608429
32373
462069
599853
960008
667308
267118
379108
430811
316118
158880
495187
745789
301053
874560
205424
739600
102933
28928
363459
492262
842229
87738
991602
56896
559474
438021
205351
170225
932378
43882
822240
289697
610506
662769
919699
369773
746413
700628
661947
577324
238737
895253
628035
759757
360103
775467
998926
826140
159127
755736
477857
669731
694846
256150
47854
340525
516485
569519
553150
531366
755231
423980
831673
635806
445022
551397
249365
698220
525363
377848
224345
447343
873344
768725
620813
120752
611356
79285
766784
546659
648162
244714
839861
389260
136374
751506
275563
321407
435670
966757
45192
895103
943064
879086
366753
501384
212806
298647
507561
666601
411090
340060
127411
489352
275191
145442
925541
208074
252847
997152
289787
114570
111563
204219
746037
861254
24626
930544
73119
721561
396472
21675
642107
776354
38298
866996
850508
636036
511892
428937
677057
148679
795615
746758
13501
5917
842314
111169
359551
453310
64052
810162
328179
973556
844900
875023
773524
683827
598533
183222
605820
410592
825729
712772
688073
375602
402616
272707
73518
4790
453533
981375
368915
427180
142061
175545
830122
468431
282445
441205
266704
179954
236160
195310
132955
24454
398338
16170
986182
212664
887875
841064
196214
815351
723331
748469
929960
7827
975942
593246
332922
102145
215797
337727
880530
177915
575249
836026
391023
555268
816852
287236
866058
57097
884198
835481
135144
363811
491384
43215
956415
529466
47553
811912
298626
760387
701395
200194
111179
16425
719001
604489
136677
936138
78512
459212
776755
858008
6110
799244
163455
66464
75507
126704
653731
974439
433787
964086
456782
628784
665436
766340
566516
234459
96595
806812
792788
121256
585669
170798
685863
77464
88836
251784
731234
38708
419745
724905
670504
789095
309737
755571
958032
430982
65661
781950
992206
498673
107986
37129
854592
559377
932289
797195
109335
321152
163467
97064
181792
490377
673837
181631
297070
309060
197916
859040
932838
244196
546462
244379
820775
291788
651717
206387
230292
384859
282696
414450
399999
816585
288767
110998
328755
781481
95035
202793
815646
842446
70719
26926
272665
786570
876191
594935
473430
320146
104308
241492
298597
363325
781049
255589
250274
900651
737286
765969
350271
947586
25190
457999
734442
259540
945879
314977
858
487132
999517
599201
517307
240743
876867
540148
212212
648208
866031
591387
736977
227876
589217
457064
764690
207076
153096
513357
164111
565032
659713
831760
549190
700192
303213
945243
820099
118454
5741
643951
140587
590288
523581
204857
867940
887665
404778
978493
940068
417215
406769
830127
216853
352799
229110
43168
428130
891580
765277
763093
117025
126631
835017
364852
154269
361560
499887
518424
937599
850835
755030
296771
494296
361574
111341
719219
117645
255055
563784
246925
546079
390330
976185
16758
288661
78887
438855
924801
959177
172778
607886
107010
670989
135756
470514
555201
696888
699151
946305
88203
594576
898447
700645
818466
278677
571268
816322
644692
445224
975460
305458
414313
110294
144869
116442
382773
752389
325920
711337
259022
477434
447633
720429
586392
997573
911611
54289
80700
694410
188905
445943
791159
902316
798927
464366
369871
476311
78542
987728
48352
909866
886742
209595
648084
865536
99046
244778
360369
905178
154031
409839
983435
738474
236054
965391
139995
937982
104792
960250
865448
272648
427785
679717
144418
70982
718709
101190
702990
181842
961639
596395
119770
894920
351687
867384
518994
809871
179486
346555
234091
767110
562358
305965
719293
784141
9245
116360
196750
975149
405704
8704
235657
658213
491731
913375
884494
477842
952870
452352
747427
995322
545268
524007
750408
752885
405149
345724
254311
190712
788723
456034
536938
685503
289050
474104
993063
609046
786185
976556
226359
179845
689773
691575
672868
249878
850028
847161
552320
501252
977094
503793
549714
204546
1624
491992
941804
778980
914555
317915
681240
569646
200009
855988
874224
59512
1600
644004
263565
715898
240062
491599
342424
585210
406700
902195
546556
239695
904952
22534
278844
862225
630074
197548
725600
145375
881336
633554
202635
65804
986181
955370
765928
497254
415620
581379
491907
926885
292298
360836
267572
941741
958369
696452
928885
18944
439209
166217
280533
715011
924314
887516
284101
117291
37348
215877
683472
416452
119927
541865
225512
137502
228190
420284
875419
415828
485190
256356
272677
736442
129437
956204
72862
107618
794710
303777
868052
331211
558665
24269
629555
441063
148342
680717
125921
887880
345450
832785
491559
559334
39610
994096
552649
366927
514156
635686
988022
204780
574966
522731
541914
917291
728094
39216
195025
135374
857920
61049
144759
629264
964654
883025
324315
477295
936625
163311
694802
44763
746542
189220
516263
272889
859300
700669
652080
786772
21586
558331
175676
921249
693302
932588
170600
182829
196783
151333
225489
889765
560196
716383
633891
424129
937789
952620
342992
990607
344111
333204
213149
178072
149846
86608
155222
609456
167258
632226
368290
167327
32564
827087
165553
634343
68970
14138
167953
147826
152758
973983
941536
971354
818885
851240
329436
234964
445659
266927
583894
33146
384339
438097
307718
120499
823428
269483
243383
90817
352896
535348
717987
939174
813174
914167
977433
421876
734775
121835
342106
65840
276693
249008
254596
267426
800936
707369
626086
589116
25514
208432
66546
386212
238082
970746
955600
592544
35614
644681
233679
322269
33913
862472
289206
866140
836796
168198
222073
173306
796672
557842
646727
494170
607090
251887
797120
970033
886416
978740
624132
545261
5648
83267
148327
434115
567455
28515
888960
580820
183110
120445
567073
42875
24361
439600
789345
177653
602538
229329
89812
842605
261034
26818
79324
46436
839472
330605
511257
770298
592930
532318
519612
63195
585263
298939
236857
555081
324495
524320
69531
674881
565922
800347
555569
288269
167221
613633
680166
320550
150372
466987
803950
23683
645529
714896
585628
72706
561522
677184
457873
68914
268161
642875
886928
962107
605869
43180
485228
58474
148853
409029
941986
169821
518165
666296
683523
826119
773313
104783
608906
784737
400334
273320
862476
590190
762608
316433
711885
459945
616926
648508
398446
493708
226962
607583
661188
111039
377388
49131
950277
188124
259958
679846
404252
807259
87554
976103
905564
253215
957424
724141
860944
450204
475852
346589
744561
108835
606740
684951
230513
712843
248535
639924
826228
688126
623864
423709
496670
789597
97682
927051
831815
639249
487349
785686
523979
53167
848783
757692
264703
397895
482663
959857
92222
40585
14658
830237
470817
735317
381544
366455
899213
867550
755776
769788
574053
504889
384600
297035
824992
829896
261377
451552
691254
76093
246423
14763
324789
497741
69343
246796
637872
384116
600137
395758
534166
163486
914772
441917
432096
530937
375952
338693
324260
71317
833279
404200
2247
117748
225877
729724
191312
765236
309279
546175
38615
293974
554240
279159
31260
602794
460182
872235
121779
484505
880506
416823
92829
326542
453606
974544
268275
131010
751346
18325
859131
962340
38199
74445
312221
825825
315924
471619
937391
890837
652623
223483
160557
283918
219667
103632
285572
727800
475031
602923
193357
53291
459104
296162
338775
154702
972957
787307
466525
350310
759471
88507
189079
813631
938764
750975
243948
390517
539641
501942
97284
847647
486964
91689
185980
909017
459124
822088
757491
666989
96456
555043
26881
928094
338332
536129
423880
66896
420763
217760
395106
787479
936750
78026
401978
862618
809762
26449
29942
32291
790055
5223
90834
569159
915508
914908
876296
646893
6792
363828
889515
432380
556108
182948
422164
329829
685397
754473
921587
88522
491461
304006
252871
137545
49488
179096
228776
19242
591004
557207
282177
443681
576962
50603
244252
136831
509234
772648
202326
296699
526515
665704
388209
64217
188871
377412
52936
584309
507436
562991
914205
672366
426879
624174
290766
732338
211708
365752
384679
727073
360032
479206
455633
43936
465647
174166
494055
743805
45650
691170
645865
752250
707480
353912
399753
203704
770269
729366
260899
570882
387400
638373
814346
655346
677358
896943
981757
76419
139412
783613
367353
621173
35089
147793
473704
668119
800082
468412
499831
403700
651640
939486
255173
354140
243356
371832
398967
595022
307890
86511
686312
378303
277195
301920
655422
707337
92596
150298
77208
225395
126524
440252
552099
888025
174099
204780
283084
981496
66894
927601
325904
218648
288455
215470
425134
693526
109666
975612
377022
447757
897834
693666
411548
654945
57241
258740
730748
464871
907318
167685
964513
257844
124569
68810
227689
520321
905802
616524
988736
361080
184072
143625
728053
137693
26341
562024
13097
543964
495694
192152
193571
761323
616937
822212
941185
329755
284119
878516
250762
542465
936537
502403
394846
844347
544014
873977
765646
143009
538650
908485
663624
633290
77603
930712
845611
463736
628597
689696
564921
761249
812614
30367
514986
895323
832851
885160
760477
282275
319080
504950
218026
359625
402111
834793
773779
590012
708416
483934
377368
766894
269159
468905
575017
17123
797316
529586
982262
14363
539739
996649
909411
245914
708971
769319
276759
101905
615308
557666
181300
30570
30193
470285
451169
812789
550670
799562
462274
892330
481171
235597
4681
629850
568022
16270
85542
86967
691726
609642
472090
96636
601339
962391
928361
971834
482532
32322
535790
951233
212408
801415
733768
982695
293590
556748
179442
664824
837416
672251
902193
736058
61418
116762
732838
998299
600265
135880
3523
522681
285606
850582
954458
553998
204665
755199
113233
979383
408274
258054
265074
104479
301051
508907
427103
895372
166458
712137
15139
361222
515763
623951
654051
258143
919849
139672
369651
474532
3045
980202
157125
584990
667503
485576
766844
496325
105593
827764
362846
983746
652060
604805
218152
979935
113082
51616
7100
641486
989954
146902
267702
112915
211089
671642
193884
831438
485430
789725
514355
813353
501262
456584
254254
705178
579982
645909
360962
847381
774431
46667
502293
496850
616804
768084
637844
766646
688407
866300
566500
733857
902225
201736
184752
856723
351272
876657
851297
598331
873906
487356
374380
793630
495272
774967
195204
185632
536166
961489
189681
993651
375311
875479
591929
917273
135950
616903
583802
912919
971127
945171
151961
863480
895819
145715
665621
384314
744859
656999
179573
228826
432643
59656
973728
468343
453720
352138
507531
334821
606300
217553
682636
570705
247790
706156
441230
813644
190655
292466
38941
864246
679806
945975
305697
422984
416022
712235
254632
512317
303437
733328
728604
906526
876301
708823
174676
116713
245760
977878
233669
974749
746964
914407
274393
645285
567070
80543
912728
12510
284954
707305
667395
276103
373585
689599
54656
77252
758291
532804
221358
839183
558820
835969
733530
826492
526259
88443
58379
993062
860165
50221
620664
801083
833009
883368
808730
322338
891972
609219
463516
10500
828292
859648
384046
123326
390546
663100
187192
672097
686505
374034
306156
543204
357123
110990
944564
986407
918874
811209
602443
712356
965707
490854
968295
501300
166743
191271
224404
329532
55044
845869
346012
641906
496161
679050
26530
571791
367462
106500
271631
255507
784889
723433
552675
250928
700493
91082
732269
653140
321253
482709
364566
628694
956535
147859
991895
921724
722539
231994
486219
477671
875010
793584
791583
5148
761620
654557
322469
844783
246258
425131
249736
436942
547114
518234
495783
380200
914569
588745
311927
164921
330163
685169
686960
740715
394952
376267
247302
385041
492084
830274
163991
662307
883040
108134
775477
790466
379659
89977
982481
410904
767492
288423
826501
199070
765761
825876
279805
659255
240031
453325
487171
968762
808183
608672
267431
595533
414297
680775
942855
439148
117864
254527
267712
96009
582610
342327
645745
89038
526954
86244
301801
565758
379619
788145
426605
742457
901035
643348
545703
393566
794593
597692
111277
565386
668661
356454
85293
765951
930523
984591
223411
471841
574892
807172
892247
312089
480345
953877
767878
515676
739596
89384
560043
456902
288477
584105
972729
248416
441709
634591
464600
588161
166883
975770
601577
849488
687553
838600
566776
999015
177378
497576
24381
107539
625234
636694
310351
75640
30602
923652
191590
528466
821638
242825
589963
367638
49285
336851
259358
339254
831197
158265
568707
391940
102840
525483
550699
862318
757678
299083
247482
984935
995457
780500
729754
122599
429807
872440
527004
419144
674424
455625
983686
698513
910572
567565
736765
744400
821871
599348
931344
985632
755085
102309
536158
592907
758772
771764
641382
430856
154770
65136
130985
217765
933644
479962
949182
844288
386775
750512
561586
462831
722679
14502
664729
139391
79570
253302
799222
760346
288944
106127
293186
426434
986130
351081
631453
486522
391852
734264
658382
495939
685887
364670
618680
599235
63383
639931
791452
59715
709470
955712
478597
799183
678364
88034
908052
71296
176652
535689
641896
976662
92700
124456
518313
469503
708864
921223
52786
277237
844339
914299
724825
158595
945675
764216
916252
142055
378423
626109
415785
627475
707672
888685
523209
830606
60026
219582
588843
301368
224366
515978
540425
974250
727813
223811
425337
333307
65643
795524
418642
369504
628765
357570
635641
800875
585800
158561
429639
867316
325632
45155
530456
501141
677593
534651
5363
383822
893286
216320
513809
2249
154508
370557
936268
468665
534529
460197
137957
385819
600551
261987
422898
159263
839551
926928
448162
55712
561419
831870
670319
768653
339525
211313
554783
651692
691445
290029
903158
244725
219827
242155
599035
145178
939833
666405
506277
460838
500964
946064
762786
555139
441095
179818
883909
714902
18412
167273
71690
171397
972584
266707
699142
937816
769498
255084
924656
303677
381248
423369
51269
322790
594613
988163
597597
943885
577163
550087
837960
518231
747265
547659
81636
957462
508577
38043
445759
991401
427961
700625
245027
872254
333619
762915
46786
371448
32787
713878
348863
488555
622221
945105
663127
383108
731393
727756
406186
854918
81940
362791
674282
281071
335340
189975
614559
262201
335432
39163
902420
901244
311801
925901
963937
548529
953792
628
172758
873873
258246
248373
921537
591643
275826
562570
438109
440693
103722
514763
888791
72426
236074
390537
280509
844306
727738
969018
795462
307151
362191
557198
977848
983923
497408
150752
231162
458815
811363
831368
819254
575687
737604
840845
472810
85425
766977
691000
388044
977116
210629
298947
697624
742877
896287
844208
544119
331940
88446
388023
936717
934461
521291
359127
278047
768690
18211
995406
805408
778062
342704
464228
67095
195517
253091
668257
939118
256464
753616
451678
444952
597404
797797
53625
160160
412610
990344
40162
614987
732617
683789
237458
920810
592998
169681
44124
731774
383070
45750
810332
272903
109058
986426
76363
737451
270425
794294
359221
455360
733148
630449
209729
75510
476571
645279
304367
294244
358845
139193
908769
213229
542052
157946
311568
582862
96111
340979
984543
105096
920025
906443
333196
216036
904895
995415
524227
815784
743934
85970
540173
786836
843514
543289
680805
291225
468412
474246
415083
627671
251635
966982
441906
510033
634011
457625
572468
303856
694843
346438
582821
717168
371016
892088
294244
24683
740455
454809
224398
483200
457296
570506
216365
744672
872014
401084
446606
730741
330979
871214
562608
342063
404936
4291
795416
290604
905425
115007
765250
941890
306543
630046
513778
484588
317712
507793
391784
837328
723809
