8585
550680
460065
340624
769927
438658
505760
66298
887972
938822
581469
767104
931523
187286
80028
479146
719561
920703
896325
874291
857648
804062
624884
448518
977060
522611
570780
820712
166909
302350
772312
327925
471130
402533
111184
437571
743638
834887
637188
410019
593322
479659
412600
668230
105567
607778
29756
665723
122030
767660
105495
115478
900086
834918
788239
23533
681368
929824
950104
794108
591155
565261
779927
859240
235511
232084
275153
280289
948264
998211
443125
883936
238129
600931
250818
541840
634594
575654
999574
229001
146184
607293
921941
656183
411240
885062
392498
592601
758231
387619
34845
903845
314169
102822
550985
170057
426964
871016
180953
574925
756368
481273
395942
83092
427725
677873
645871
772226
115937
452005
509662
134711
991981
976630
836467
761720
55322
589891
912143
210799
475637
675774
312223
196041
219493
67228
234019
629629
356805
212390
107418
887085
420706
339053
541964
612581
127250
172762
956404
708864
672943
148579
272903
374569
291631
63642
910501
449343
281889
173023
744923
680722
572038
188726
107603
268810
285706
162995
750617
229480
195998
754898
293066
128931
113523
73891
227803
333684
641428
775138
499203
812846
637408
627685
511110
328068
976291
232174
802015
757423
584721
253664
856778
333287
808990
561615
614891
709390
995325
743280
573278
21164
758066
798640
804444
980501
353366
289696
455622
343719
237479
112653
121682
754736
993033
866862
593807
522348
505310
676854
169942
401515
600893
135946
959311
289233
743505
868685
450013
386296
990097
627414
500519
502896
711703
903427
170244
379494
502752
953767
961986
176674
825951
676254
429971
401898
321726
579202
741397
401156
370290
185654
231613
886169
922681
158559
928927
968949
592755
776115
18332
50923
551002
159465
949032
788054
128416
482256
72054
527034
686051
949564
605507
868360
251984
897755
538364
822656
641745
431141
83597
393777
863604
516082
698695
487260
11290
173541
594989
50295
514711
848966
470556
728781
422765
504366
243092
977282
8928
722715
637351
831092
261878
753443
961724
980734
128141
376326
859904
212630
199640
81308
520619
58454
539960
748205
833450
10200
307059
19935
351407
223802
850323
296202
505297
1920
848605
250472
584544
926937
660972
610856
501705
463994
813803
755169
481506
654247
343084
708324
581844
321552
670375
520618
684898
394968
105937
963884
850778
163952
761624
577554
235350
297762
330681
255363
694703
81002
531263
733339
921920
286527
957721
766650
309714
406639
466646
865913
151017
168424
980991
596856
84138
704147
343953
429651
672871
395226
904469
157555
55049
547402
730078
881024
665881
198804
729375
580724
107691
703150
255206
18763
885671
768983
545721
414615
985141
943287
400971
220976
100740
432356
47643
950216
977400
569601
589418
320924
746478
763009
859991
702150
257324
284233
768728
813935
715114
838708
479831
785571
587063
884848
918759
319613
818762
271685
868065
166017
119654
224822
209503
137288
716072
950720
58196
776406
214704
487807
952519
985863
419178
159152
469482
399400
312888
819217
145691
830563
621054
811301
319606
873490
258825
435219
358228
973812
291612
877486
686117
936253
901849
864336
837286
198343
115209
334175
398910
615591
790152
628785
498043
21018
995344
361164
319588
634335
684448
330310
2362
224990
185800
890187
736144
709317
662676
906109
902084
241652
646995
379446
449177
575694
812035
986729
945522
593904
292122
252582
681389
801342
413171
826172
236762
979097
10515
850168
616919
597805
445784
818508
515145
107686
997181
69131
504889
573442
663756
204433
331593
442241
127393
979904
450129
799226
791894
343333
277402
521736
45072
350840
609141
128993
384037
755650
313401
631942
510569
246873
728088
129558
278356
199047
289821
635134
52113
207049
192389
26827
985573
255795
22455
196704
999610
898801
672416
280195
728968
945960
545711
458577
988447
189306
130986
869138
928787
355689
762859
858343
878916
272979
765627
662048
137288
782939
821578
175850
137976
215656
490120
443046
491476
199559
525602
461460
229139
123628
645020
912238
350604
602454
838791
911377
546362
114128
943264
417174
186287
494035
125573
676480
920856
528905
732692
170317
648681
629036
991458
213103
713829
564301
644117
596309
120011
282353
296287
348130
733536
683094
54167
915391
498134
167891
868406
554124
800662
733917
278890
477297
687407
712997
49370
901203
12314
313311
517431
869795
790761
253726
890107
536848
484236
614875
297090
622172
19776
152213
927745
700812
538389
833490
944807
11961
810522
599171
415822
361284
550
646469
626974
13351
937286
802244
685055
815142
54782
742586
191416
822052
339070
276565
965353
852241
891171
273911
230113
165057
887206
400215
467741
845528
675813
612165
646110
413986
657420
692554
70758
94143
344864
935341
608462
864955
71464
515794
199303
209916
847480
330366
543275
321172
562779
390838
111551
30199
462044
670980
680328
29254
503857
84507
690630
613385
952837
493010
704977
527612
677920
689996
135823
332800
942326
883769
978576
901554
647817
985717
532230
244953
461947
514190
818276
671737
685044
368163
50065
356292
526763
441703
492809
238768
960277
272901
99473
699428
298792
56222
608981
821900
503307
535726
889247
344716
77148
909388
621750
972560
250717
312720
272273
192770
419388
642191
405686
780117
12733
740865
69748
905342
209158
102468
848441
796867
79367
862201
269201
164396
695171
276428
582716
930901
921984
34322
882282
400805
5447
716299
124309
846361
590744
984262
193979
583610
321390
161636
601271
71981
26410
34740
287483
947049
336479
611518
825964
305411
460921
252571
468890
206757
102730
145217
526427
50973
490035
77277
758403
640657
769579
216985
568577
43537
187695
789693
592985
203845
963270
594545
317561
837573
459824
326753
974395
895559
172331
439993
89078
283891
405537
233232
625089
692115
422001
271777
642501
375142
904088
934579
41790
672724
961532
704283
290254
495419
98197
111960
120382
526439
671864
551644
320210
772385
339649
222314
631047
290078
551325
345690
276907
413656
779826
886714
498841
985595
32811
909135
138832
986229
885219
385849
865840
821744
922477
662388
210064
744028
742974
879866
446974
831653
354872
467974
124692
11012
727315
157492
513843
515633
706346
624069
232095
801974
826400
122686
752823
927135
818157
671087
718159
237966
308808
596369
252716
143851
505843
893321
808539
418296
713310
118921
41390
472386
578425
507670
190164
421811
675801
702564
943124
260549
661062
643741
219686
302097
431519
197632
330286
142470
734378
772838
464405
13109
329084
316320
398342
507144
113025
864189
707778
669907
906089
842600
98209
280706
937967
124973
322726
198514
921223
608732
95165
910301
798692
793798
49043
402221
788451
896805
527890
529713
963799
700696
711224
567661
364082
177739
410323
472651
554252
788149
216475
532592
278291
91259
227116
471850
71824
376178
539358
457925
985618
372546
928707
129021
897913
715621
866428
105037
616608
283791
511160
597990
64616
52648
725770
252091
846366
510900
953190
240761
18568
860756
612728
142932
191697
115238
226658
369277
739150
240647
879632
454704
850988
125240
889720
377385
926776
528286
523571
310774
161931
465187
7475
432616
670544
906107
276577
818659
30388
709377
124564
979797
738152
877183
873775
368259
311637
836428
102679
529087
187742
758160
357967
383990
462795
425316
390963
650854
754711
207636
329486
739884
302103
955590
408984
479611
187716
676660
245583
442217
49256
401940
42416
540195
572450
423066
110802
910529
612309
35795
236768
234548
37171
240754
347313
252060
929
892392
364102
990774
655240
508012
894623
973683
465720
188506
569402
54884
139448
503992
378985
72400
413678
500179
597838
230696
508647
446216
450678
686482
870724
41374
217616
840929
549890
751825
587017
400230
463780
358762
906757
993824
726783
652105
260155
903822
74530
529477
527085
189093
377439
325034
696707
401182
407483
373089
147843
332967
761838
885613
171823
781881
783574
985617
887804
6793
286847
176080
556714
31384
823559
764108
583876
865381
104177
916304
701366
267011
930441
337001
921990
517317
489902
310767
622449
63701
761793
348321
726499
809060
242473
263022
254290
583931
670848
850640
569847
357360
667421
942291
507114
422453
141887
502516
856729
53003
55570
500516
685348
203028
478433
721900
757144
602501
206937
506602
125191
617978
323894
471225
614336
681891
492684
233775
602224
69532
671540
984703
893205
838107
979281
500415
954907
623170
838398
676165
486357
456533
386390
358890
633625
832581
530591
740016
984824
467243
224851
869120
646680
594384
102861
41484
171377
59497
251533
649235
393120
788064
656936
766338
931371
729357
808911
451512
220114
906179
723385
219554
326286
152903
245040
831365
420841
374812
545910
767003
371833
330426
256657
957332
40378
520221
48250
891197
832199
963129
227486
127486
386869
418250
956111
929022
841804
253002
823946
203105
976611
121660
765221
381361
893463
213926
235669
105306
834983
866395
207705
404559
189487
584886
952455
634763
747328
817827
950833
924210
364632
184663
114292
972182
943363
52256
478877
582549
397709
709398
8887
571679
812386
737905
719925
658581
910213
104180
481720
576077
617065
191367
458686
954290
600943
627107
496936
360648
630653
775911
494631
913230
937655
464199
944898
312188
32605
537508
552838
476716
957249
951670
834378
263445
286627
15333
848349
539250
559019
557432
800335
619457
913282
392420
644313
521127
69453
764422
109481
361136
883462
427116
816526
139957
289401
729678
878077
942230
855257
192922
706942
445351
873661
259373
749046
720488
127354
702941
560913
762859
322781
647603
23755
550426
528645
907382
335836
553553
333147
556002
705022
102183
111728
367992
413404
645834
286129
689391
617433
900680
135561
804872
136441
59946
793747
967807
768432
41403
246010
351837
182661
258534
439792
756523
464291
640957
985543
276481
359740
242326
851695
715004
490202
60688
654093
165069
491460
907571
614004
388398
132297
813749
312130
226480
81644
496345
946330
176561
157548
169203
539769
667561
64110
731718
976887
768931
813705
356878
154845
938312
55918
94361
917597
477206
687602
731919
298674
56176
532218
188691
796437
215952
978306
944130
499224
674904
18890
545625
286371
631941
955805
55603
445386
93956
877823
895919
967
196959
349682
490224
626521
111056
127781
495934
272056
465398
195258
33289
531123
786917
947890
603278
344232
811416
17976
973331
927648
148290
52742
354380
629061
106881
981112
805152
699008
821364
744427
287557
885043
401059
544017
190535
849040
566173
368277
516456
705620
52959
374245
362658
532516
775088
437088
633736
264002
872138
642846
4811
992620
57074
349334
956375
672273
536489
29168
83165
494704
510011
60712
340332
745360
452980
977883
793529
942870
585458
330674
538045
875974
223190
353320
667453
94041
312148
364473
164517
215734
572394
526441
882574
363024
844142
640110
821023
976285
749183
944379
150671
848943
535838
608105
911880
431280
448021
142468
32359
217342
294229
973360
256480
496033
476894
298103
521151
59493
288855
906160
486217
963225
171709
682572
50689
279394
48248
766720
324038
799164
240905
460810
163161
200271
853408
879587
168061
228010
910283
481280
144375
877982
177864
667652
442549
673785
621243
360837
243275
488350
212667
153657
462808
506366
266950
250685
924487
749749
643733
845377
685874
503875
675723
594644
867424
378469
930311
203336
854127
530319
294360
514050
196941
469897
941776
826784
107488
367715
705009
463879
706630
830294
396484
81671
956662
88057
331913
972077
188229
548637
470665
406950
315973
755653
462215
486539
954632
710789
396757
633870
21634
843574
514626
6078
504972
27986
652849
734394
428805
150579
318725
378224
442771
918435
955512
859985
547527
235807
286219
942227
88095
564973
875864
738274
239269
676631
892739
919396
968116
497667
472335
574503
560474
141296
54604
284586
169433
995919
609838
26885
47496
899451
975802
86709
16471
973975
844633
578248
58352
743363
482511
537633
298808
985787
895301
682857
215924
986956
554690
31315
30921
338098
435000
101897
604892
99091
103931
149560
642136
172050
44301
989749
609293
146962
473044
827786
829237
880519
900140
896609
178835
236090
592153
37004
556661
312409
294549
61039
204952
521400
722888
769355
578986
432040
252758
185447
973546
717810
308114
833501
542315
587633
66832
860606
840824
777033
234007
169251
479250
404423
209397
429393
641109
94615
909229
129544
95097
696220
438028
131304
808499
667056
958554
309569
946811
510456
126763
961589
320041
208610
29525
170124
368697
895614
927484
560660
124525
610742
664456
49971
713874
848300
615672
701771
813274
60334
232912
921352
166824
139544
794286
638345
125419
274631
238459
865000
958753
807797
844284
550120
284797
947126
155784
713850
561444
691726
521492
367468
190225
656812
457962
498735
389528
552455
583609
323139
845063
552020
971909
828929
466600
467041
492095
418628
650915
7185
872431
459957
791040
400501
75789
761906
455499
42371
99248
133659
525008
280757
660126
499768
18054
768576
44417
641226
409672
313135
36347
700781
394878
827804
409040
683366
189594
260363
643394
141775
487358
449891
885626
510492
970235
718730
867426
930377
361589
458396
631312
525026
771938
375111
717660
741742
530993
580037
308818
547641
899079
714103
749507
421181
778148
760155
122486
427308
277860
432490
298812
962269
699298
435217
541985
469264
544311
5897
561278
183456
146528
946901
38636
930820
158398
853016
363603
332161
694966
168528
34720
852080
225401
244211
36949
753383
664350
907172
730682
218823
596714
830738
457457
372386
332466
547374
110439
211206
390167
820614
558182
741163
823153
820035
565128
492853
338759
867259
899975
56485
892217
643636
683375
114466
642561
40886
607860
820000
777102
942156
630368
644395
521232
544855
421861
128978
805906
678670
641488
516274
275520
68181
377502
719070
755850
50489
208553
583464
697441
980870
422203
22095
604127
495429
250372
568709
10371
772438
748326
824859
659289
503397
25580
175307
99832
145676
592731
668897
706469
928645
339361
227592
540886
41802
108522
892013
693136
408012
253842
633170
434417
718732
748596
505649
530826
607320
137825
31626
521508
113573
543405
13707
343140
696582
727779
380316
242441
596167
608856
147332
119953
104168
722525
121147
372412
476985
675150
643532
59752
726991
193735
552806
291483
113440
238839
777921
340383
387968
907852
165416
988360
457849
5454
175206
667089
501056
403528
316305
642341
740186
992224
481134
913657
849739
216264
418175
923734
615670
943181
97584
701044
275862
484237
139162
850434
667095
603078
804529
469251
789842
698761
548049
620882
706980
693900
293216
530310
116138
724127
191583
533296
365530
7479
80467
843009
574977
17254
329226
930569
865301
189932
566796
468634
224886
909415
820384
406603
372742
959781
858743
584984
577633
38874
515449
462439
780731
855725
870187
146853
407509
159021
207162
147663
811996
222817
552743
805837
463262
422908
535246
625272
402217
383727
346516
774717
764802
559001
188652
577817
20927
557146
690054
936708
966978
577797
262550
251242
138258
959283
336444
335572
260951
344116
670677
780838
800882
670753
931358
338945
146743
14477
536832
209544
788232
309402
563772
438592
872911
349927
938035
292497
114967
4903
23059
531369
931271
575053
748826
390720
85437
232483
614216
842358
454403
257402
320997
301976
613297
128572
654700
778689
175071
174109
875091
627101
695044
601776
986488
985481
50160
546198
622313
193046
718498
489809
612112
132333
9607
109942
346361
25356
708112
627009
316610
181806
51822
34883
794654
238345
104365
162166
906437
663857
536042
521073
900540
345434
543730
494326
436668
335675
385529
953513
817986
836621
715508
17884
593587
51058
750099
917957
939561
414771
329694
303249
35934
445794
700907
430289
499187
109726
98937
158739
673374
769845
937261
230988
766447
986596
317478
573937
549373
364217
9663
497764
558193
729433
519008
352907
942958
375582
39873
275453
87516
773016
307261
57622
848720
598773
518031
594986
13849
114427
557803
737366
229994
450545
139707
78002
2911
967070
125876
152738
233774
752809
908501
641804
106411
321951
355708
170980
229495
828564
652197
732898
121670
144480
802943
237909
328332
485258
942445
338129
831812
836419
609046
115716
922333
29769
732201
170663
929857
921260
655024
776848
930946
522926
577104
506212
229988
739523
319451
591209
959425
676599
294738
994489
469661
810415
763002
51922
323335
513351
465113
288779
309608
918555
866253
207457
215019
631201
245194
181808
454537
232180
303790
770429
606447
50476
33475
893744
649935
506600
647824
857055
184000
301805
646044
195397
299987
379240
101120
462289
727091
213967
555752
538267
794552
305958
709990
904753
70344
861662
221810
690384
322410
731287
75074
367598
506921
310726
803394
148596
925153
424626
571313
40970
245097
177497
56664
743626
425564
596783
958567
409174
45830
541510
399085
668165
90216
259273
725299
444280
754024
612770
275382
893387
301593
152700
800384
43175
167842
350050
101730
108661
127373
607046
98192
703469
302062
571550
173081
624908
44462
716393
103169
135460
925235
337680
182140
291213
936366
683367
135177
474681
260416
650514
457065
586342
689865
109380
86716
202348
152591
660899
17462
285046
532296
537160
339266
124557
963397
817378
258995
174096
157755
778298
52323
872576
893742
183889
936042
396088
990459
480613
422781
822009
262531
774162
257120
513891
886064
889110
629449
781761
108069
463469
960595
323899
356166
217691
539419
71342
117921
567304
955771
956761
439031
546949
753057
563374
260587
998573
765323
335945
758214
964902
433249
760380
165157
344839
720046
250568
153216
837844
600380
660457
551639
406948
596428
793609
188410
637539
459695
588948
517941
646260
642116
502827
199255
37486
920719
527410
132446
310536
115378
940932
476673
136719
696970
627782
264538
318035
324200
288153
544173
366626
48938
302377
294745
562988
9014
352418
18778
970502
786322
811267
45560
149514
847395
634058
835983
373147
163648
548815
970364
375302
525555
954349
593505
502595
617996
947099
396694
743900
557025
38744
18988
323877
829477
470341
375839
485929
351971
594252
731607
320101
922968
795006
567451
780973
682411
774395
894291
460717
504842
521034
879736
549259
387682
527369
969882
402791
531066
761470
659597
575236
509485
789707
659377
245952
607170
40768
48221
885375
244842
856715
874472
163686
809941
438986
669011
664451
872881
756033
546646
996938
271360
997799
22341
408699
222932
455643
359455
268895
558378
122036
336564
204912
845985
410806
623984
71192
742805
340832
531911
979986
656796
125538
410303
244525
159325
361323
878869
330095
875784
608353
782605
645782
995189
170154
663321
93946
800605
121639
610917
905998
785903
757313
631869
598405
342544
529563
168028
797649
837938
168103
598418
78086
535888
581076
162129
293981
717059
796453
805460
690133
369476
358941
886635
161141
100095
978647
693032
529196
938768
531698
564896
639384
853916
313193
803806
737509
604238
556928
920106
989838
257069
398042
435889
61503
442007
594088
175889
554523
326493
129916
182211
673433
539258
752059
789286
196745
534512
938993
78180
318389
179521
189631
674435
714722
219911
356335
44554
175542
965360
17640
288781
229171
146650
77757
118232
259745
376327
298143
4788
812683
149693
838515
955608
333023
736701
691774
575664
479737
223133
684669
657026
836921
531652
450578
868867
366544
31938
882776
143029
903706
183306
861719
511867
60582
980173
689363
34491
776465
163507
258495
199150
618383
690232
519183
249159
161483
287265
406315
383613
220519
595354
772031
216695
810076
538862
325871
141267
42117
445410
720744
639827
747191
53550
564306
835493
719304
149145
612193
340430
75441
481328
750283
717810
981518
941026
519444
690370
297538
802491
788037
557314
337207
768891
136955
176182
923779
127955
186395
830248
104294
681147
307875
52569
170544
498227
173916
499394
386559
596500
362155
919429
698726
508497
420615
257589
320298
235536
362246
907967
104038
575071
650832
27059
530830
392020
846708
937011
307600
619078
367897
239798
977174
108641
297228
691449
612776
575786
632697
688452
905263
365072
840629
881941
466324
219883
272568
308075
403207
354836
1320
744944
408220
478496
32336
624323
44303
75577
437935
676066
279016
966875
838317
724529
254394
841640
282985
512489
100933
898857
594157
323168
697595
319330
295107
992496
36960
652753
418593
640839
993674
854402
387263
27403
760520
982290
995338
524904
821215
98046
680688
100407
378160
392615
185308
858252
348341
104228
224124
528284
589610
5892
963837
332745
887880
782175
642200
667980
15788
16663
639494
589374
521047
999600
151567
729091
872014
671817
375872
45587
446498
569591
281403
997094
49354
534653
84008
35260
585644
429353
373322
870918
415419
591949
2860
832500
594617
181465
182266
419804
579806
708946
876331
763460
905233
568049
313948
659020
521363
367322
63225
281467
741627
934583
110036
646884
194907
22577
117720
376948
294530
627851
1942
281563
542811
340443
89022
136725
329715
324197
578283
416404
977240
75733
815317
488844
989404
678937
9514
995738
91321
263897
808374
900562
919694
514836
849790
745508
990152
151448
758701
979945
371164
818845
244710
899408
924848
385087
40760
323040
214041
582295
324463
424233
413823
693045
987399
746763
28253
554619
206524
311970
156517
88921
917181
877197
231489
162400
138302
508953
923571
979717
989293
207951
837853
485365
126012
764695
688029
52687
680413
50440
169360
156995
282892
836365
845752
877061
542598
806069
882424
727405
91159
27670
217148
894894
668241
415391
687797
731056
647768
384441
581826
912781
83163
841434
363882
591333
607773
300966
883014
236127
894961
928833
410236
352956
455172
628662
643173
230809
473620
871549
203088
178625
213951
353452
353120
320684
386550
131133
854480
944793
656528
429048
241623
291971
706747
401853
261863
436355
982477
995056
477647
884673
419704
207681
592192
865560
142236
436246
127660
289222
448823
875800
322698
537356
48504
113367
638582
4520
438065
137243
76598
150381
625002
744968
239192
985532
50001
686572
28471
375649
771407
925481
144796
804364
603063
885306
63616
626986
888216
524835
12912
815071
643506
352697
717641
629666
664709
25355
542307
432694
265604
805356
422474
532353
583209
164190
532135
468682
728290
60061
327998
343188
320873
684805
96273
993937
541489
333536
388385
83717
361532
366032
235796
775033
795018
970774
13554
87511
781547
442812
859529
940009
829302
430501
24113
146665
235218
924399
104298
840260
811697
439426
873121
239984
132573
470520
260626
774502
31978
663145
455879
130942
954635
74769
723326
254055
92673
566432
726056
759103
97902
586527
793166
727701
800968
991034
555790
416760
293417
594286
563012
910204
207234
68944
977412
641929
244784
668023
572419
3807
411047
637319
279957
380266
902731
32475
386448
213373
840541
804366
478736
826094
806738
590566
148245
353231
319616
974686
658054
415620
398897
22799
63000
739974
390490
374458
906954
856435
733222
85748
441864
84239
858475
456750
967087
731483
473982
921440
795056
637776
471394
50386
472910
75064
99867
587591
446785
466474
729825
652806
565309
257376
16944
54150
971724
155702
268156
286645
321944
298625
73410
616997
81221
473674
907642
445588
922491
630502
842216
199638
850881
977459
882578
158881
401924
908529
627148
287989
254008
370618
397615
486118
64342
111391
722408
750407
763267
779681
291884
447925
164561
183625
877449
201085
815326
88165
486040
125355
94618
82271
449359
732016
756071
593595
541299
21743
584537
124716
593450
304100
72156
345812
443758
560433
721845
325911
41950
281735
751777
518234
539503
535405
22361
571102
41343
596720
765239
174771
195082
804199
490354
127834
50357
829538
528709
851323
362760
580975
189999
789695
842745
680840
765779
830219
972835
441308
508287
337690
202518
487736
955337
116982
407303
951122
3350
307667
848488
422002
163188
494472
603731
423294
892071
847467
247840
248480
683201
896327
586645
602774
518698
910972
932797
655061
5568
847476
285137
254875
494551
593085
854931
524688
413857
558024
975354
46552
86569
641661
901960
621112
844410
687801
814135
467618
67420
795237
258321
891806
523006
431668
648479
849879
956271
752505
295097
425088
21638
291554
296893
89505
592098
157013
769115
634818
121036
171685
983884
747122
853561
382961
980258
648564
501099
237977
910267
133895
860854
606814
586383
758225
114592
629141
729193
564455
15970
951176
385395
959675
81035
425321
34537
172707
431300
464180
53488
615938
246830
975712
711615
743701
440615
669761
852667
14748
113260
100413
809377
144675
810585
489640
512157
593323
906443
302527
299575
865594
923686
241982
919469
588220
372786
850974
598939
852501
636128
790895
215191
347716
653867
245389
236249
600437
708378
280386
952663
163491
10849
191352
480111
106983
32807
886361
421374
435554
382115
470085
663054
359236
422048
435631
34092
663094
264351
563349
301782
321322
720667
705626
809875
985596
220711
376513
211357
847813
50484
133832
912826
129149
309039
797599
14377
746058
664071
438851
497783
282537
38220
695292
754993
858936
84467
135663
114995
552285
703990
991456
912159
693463
61848
854600
965034
244063
779206
397519
509072
57466
648473
204519
154024
42078
327608
361733
131281
618238
87259
739963
225420
103156
265642
496694
195044
573770
299203
609874
968
220518
223451
253717
918713
759631
879548
758863
943838
896608
989484
356236
313781
418568
718574
174835
656228
962682
416162
835582
404013
502712
264775
836822
253248
2680
653793
372490
792235
570608
345142
368556
887661
624323
955762
205192
254824
709511
162090
848258
713332
783282
378109
290379
696080
714210
172054
632703
332659
465734
796175
278367
598657
632172
789936
554534
618713
282727
583637
410569
688651
703516
555821
60560
574823
630186
253343
345676
39344
916979
409799
539572
226096
133067
117661
72672
88677
315709
398262
745313
716377
135028
776165
572155
637839
824333
947450
506048
235545
654262
341866
62346
923143
719427
575183
396308
413241
262989
452038
487093
813078
209671
578678
100667
549653
779359
198384
388768
660793
707724
330418
674091
53977
841018
500038
898342
159965
485072
753736
406072
354949
214618
556548
985694
829859
896344
283325
454026
693225
92002
555595
699992
241757
815670
874844
493353
643945
690272
210458
557086
176270
900484
281261
531251
842553
797963
68568
749685
735982
675944
842814
267361
225633
741062
957703
600731
627875
857808
813982
78344
20217
881756
680530
215560
896521
147381
879900
34963
823022
555587
969280
481455
364650
823769
897932
299595
191995
469467
194045
317820
99974
857098
233921
123089
243568
682990
171928
67540
427404
952607
627540
564000
844526
249647
388735
828762
919134
778871
814491
71373
446569
557693
463940
478374
965265
738815
403058
522824
179620
835295
228059
867277
782570
792682
624565
311451
235192
405254
292889
591198
976161
163576
675779
431911
396428
784656
296822
485921
797409
874866
329020
370603
426461
133761
354379
171671
545926
664681
216707
377343
611896
859401
689748
935934
980189
164348
48957
802706
361147
228227
871407
214156
855015
294224
367440
653873
775383
623729
605915
791665
58069
747799
916196
625985
766928
634499
53369
294487
27341
626316
955749
96322
33210
966415
683534
71011
376163
732787
931070
408588
120765
235351
779518
321459
701216
520923
331166
740690
895570
874824
228306
667615
520766
350173
170871
647203
985156
228855
259059
624057
171434
531547
624761
160806
403376
104867
948140
907855
877568
821828
633883
714011
297220
779320
526827
535206
109842
771980
77394
893406
650947
595720
96191
544894
985889
313206
835224
111845
212670
901521
457883
242066
618785
451532
86246
843070
407708
302523
533457
235222
107705
317858
305145
891156
232339
723033
385432
132537
981056
537688
555728
50665
485676
652197
903751
512163
450817
149719
658539
619291
915522
598277
74262
862389
242807
882960
107917
647840
886787
4682
755875
468749
461457
410050
801083
588683
493037
91758
450794
591233
29231
343731
447739
417415
20561
582931
31308
193697
858082
323443
558677
174296
942420
980488
976201
680631
954927
511838
983637
974943
996904
642949
944965
45511
752780
976728
390278
252372
285655
263851
60230
658833
737889
884496
551479
504203
248376
278342
517299
968524
790217
449855
49082
71026
773431
843789
209430
192939
55438
409960
404384
261582
457489
150494
108891
226777
6831
647127
437373
651715
294612
121732
663694
811006
25564
623524
156138
651
203427
764275
81504
985017
631096
43311
451133
141371
933104
80519
923939
922149
839126
700259
517330
764291
12864
224138
652809
403606
491389
443892
546821
772524
785322
290477
470440
906395
808420
119267
220981
192217
683671
832332
712440
483835
386549
232182
953795
469128
153219
986220
143506
276730
811981
302018
398480
434960
948282
369406
532339
745234
631290
297187
39298
268323
615067
754907
97014
877884
692027
367040
479038
858315
512472
95175
404125
334567
291588
118409
942255
886702
249012
848240
858441
767997
195383
948730
829
822091
918403
372269
198396
801250
809322
361560
404503
408571
606252
146049
540190
685750
337895
251824
246953
615603
336554
51991
907957
109648
76903
523292
75749
519423
745030
558277
666986
843778
41366
965695
32446
98822
248286
488459
787786
61017
566482
433350
184744
200138
115041
373395
85826
241820
664811
180774
872153
611814
898192
611632
84898
626698
636452
443106
732491
46992
632703
990688
485211
563998
20912
189445
989943
730646
514129
477708
974336
401484
590581
138145
736794
743970
642238
893829
26312
13763
790348
728472
108211
828280
425360
429702
305482
609898
223486
890961
720130
561589
942945
855670
158399
925412
986824
163263
441995
40975
276382
2724
451330
975886
202327
87967
875473
444889
672263
359051
862995
763902
454349
847416
872794
282045
463404
834125
417423
917891
694841
383066
287921
626753
999536
383610
239033
60969
627874
605345
468254
612613
863690
324040
819764
88948
597053
906610
624432
456577
776383
448729
349894
320993
84466
836538
868403
189513
759273
630074
957271
243562
701914
909364
404410
383882
774962
837152
633583
957504
832131
473185
544533
38028
956376
196074
362618
865808
551210
741070
619739
848879
303787
951332
375239
584641
212863
227795
938530
513328
267146
329856
86276
511154
799076
417745
304129
473955
254057
534300
834116
695230
305070
849649
838100
956472
704398
353408
388473
489209
949922
124777
686071
690167
624335
645151
847801
529969
796600
947127
482825
667013
10388
360275
515580
614447
276763
913445
12395
359711
638491
150178
698587
140150
249703
556101
47358
505308
997678
2045
912083
263104
648489
228789
98408
139437
442798
427005
872000
412230
725666
360794
542287
922974
613964
244007
671970
434038
232132
39333
910171
626580
108106
882663
136090
641916
883250
456403
266104
476430
565245
835477
387949
179131
834820
661030
499985
166053
279246
626676
378751
520723
169280
145135
878038
978254
889396
78576
624025
744730
364386
689605
727990
4180
4858
158301
438884
766373
950420
487949
195941
952288
965119
317373
264491
825854
627702
489970
538455
730163
504561
732536
561436
649004
338775
623467
301890
387176
730448
701922
59527
754864
40377
718841
357920
46452
57265
973178
970333
902724
138640
383591
514090
679720
468408
260135
689329
866268
659651
816331
543837
361835
411292
139387
316666
16294
408873
213825
451448
504577
806630
541106
277967
666571
117581
37300
931068
917897
962033
355825
565033
970797
457195
735063
40298
825272
383211
219144
420708
243625
928304
700069
55496
560608
486802
954674
490173
970580
855548
507366
849692
812270
116472
598546
299732
286208
488291
30507
615022
773029
489855
46838
735788
617397
34663
165519
542794
468325
789085
248277
890022
988218
599679
53621
874555
364840
656345
212434
447625
724683
534036
973966
409105
756097
175115
284920
572156
237474
413886
136146
807643
503581
111903
104317
43721
767472
880266
229123
957805
155587
129554
438401
150364
883298
661750
825007
350875
225109
761139
661966
810306
710494
140723
651309
154876
64335
578019
226071
177770
159301
547618
843356
116199
300933
954261
954938
922406
860593
449047
648681
51896
964454
182478
300800
165483
568437
431769
761671
809932
727293
490021
127770
155980
547938
931551
108342
490752
511276
297092
981987
253890
473726
231124
398398
602037
684400
371172
240034
17958
925900
948947
600435
661391
242210
633748
900870
828149
534728
495658
464176
730609
939826
447987
149866
48139
148458
758875
294110
134913
31339
320241
772496
816296
269344
610262
769196
745194
991924
395282
41896
48557
244245
641024
467733
825557
370443
734506
418504
540959
590127
886703
857119
415726
676041
390881
940658
63139
433226
913899
210008
598501
23650
506991
598675
310592
140287
377518
577881
903465
493220
675873
617663
696288
397857
561444
511044
980526
590836
659794
426040
141006
765692
343468
629768
60648
929750
433458
524070
80312
153175
836628
532825
817805
843620
722114
789214
84014
657136
301024
514234
811543
808723
843157
768157
952993
907204
720259
523188
563327
19699
565201
560204
968740
110213
708899
610270
830978
676845
456299
158523
569966
323748
565977
864981
329120
484996
767086
40615
650326
309703
92718
364290
672727
852887
975028
943222
531157
869841
591135
113497
611244
658459
214122
944311
117191
376670
441370
397014
625761
268386
969744
622052
628009
245125
991998
582719
146303
63384
687670
882337
809756
630806
899614
101606
192590
403394
293632
818492
310560
924828
855870
682854
934808
494783
335715
4460
923481
309658
234196
119779
595049
869577
274789
3285
139277
784335
495432
893260
697361
875762
584992
54016
496612
726515
68787
815706
270623
489065
127934
92324
268198
964409
629155
642128
122599
697780
37118
552354
608000
79373
812501
392634
244861
392117
499245
485378
491263
981205
873017
293680
849272
777832
613422
889400
580050
954674
797106
513874
182895
625696
73394
499427
345867
556797
552595
452299
185086
452879
528128
163978
221278
963724
773154
912975
231106
407036
865454
315679
96417
661484
2967
755102
24536
719116
318437
579645
392522
591654
793054
80257
775522
34107
286816
201260
997236
116220
16144
679050
997569
759970
318381
439385
607705
627946
602046
703254
871707
681713
480426
474016
784984
242983
894310
537547
53142
497779
612232
926980
662320
163747
372347
141020
796314
771534
141835
622067
574467
333129
568928
32578
963923
452994
694280
74692
291412
685052
348909
64258
733229
631975
775782
624826
202632
32539
25448
533867
436373
222257
318237
494080
173800
668670
245517
635862
171838
616301
986873
145324
877981
835320
941127
389158
381337
182787
831959
200702
895346
821077
283251
622023
517467
365683
953765
415071
464150
363163
517539
662577
411450
992602
608102
760164
446167
527114
59417
681124
938992
480300
649260
157707
643878
76510
386055
216171
91254
588665
26460
533755
319001
652105
371349
635355
473482
674089
664813
827077
230180
58491
48027
18706
428009
255938
589352
123750
394655
875356
597985
786426
540244
705567
205353
986180
481923
488526
633318
626053
831311
949623
73307
956719
161900
825965
185302
331568
593245
680094
109440
40671
268951
253776
180754
8130
425413
930684
850919
526586
271909
169671
965868
297483
904208
692441
398707
797068
980118
311900
482279
153831
775367
507923
864410
330446
774927
110420
633146
19195
914489
852516
855331
350241
728468
674989
370830
76404
620019
688542
610278
277074
460941
582751
653307
127053
373509
960880
807888
192022
710789
304541
202830
359815
905347
337696
38236
22796
975654
438611
571974
327023
541761
644560
144154
911231
991805
692711
935122
68253
347990
972539
785771
11235
548284
679225
780116
293809
803545
674166
727746
413141
305138
997988
511072
508694
505767
304177
458788
544222
202196
326525
274813
89281
774682
80053
978984
254126
275576
736017
697506
796017
614290
172838
219576
500322
314132
464936
188218
782062
573936
883200
283982
728639
945667
348102
221472
73803
39125
84316
68983
671990
520383
698662
362275
906213
954407
447529
537939
46112
713383
193727
50691
428067
246284
669428
793170
14210
839162
584513
66097
78582
319917
396706
744823
362248
25178
613206
768274
964952
529524
827059
252697
680970
102154
831011
940796
834446
482701
942079
368413
587531
215152
963078
692791
798760
524584
287290
242492
400631
306323
572567
199806
644733
543733
339313
484227
668578
707293
815977
625403
934258
457958
809611
473101
612109
818905
375175
852813
850865
977456
898698
652811
588706
844149
616569
394949
22004
131081
814666
832892
883701
206721
122366
461539
313
913259
237439
887476
721410
522734
210770
693726
705548
100431
282424
452377
647475
979024
696039
2713
282754
117171
391648
993248
197913
486236
732589
796526
26362
476116
450169
635668
94640
691434
891787
571943
840796
407924
989280
130319
442269
997939
203877
652223
896219
861396
310158
595007
522993
860243
290582
343780
625909
138234
654227
816802
760676
487752
229749
813112
328367
342828
600411
893321
174620
72688
490257
681739
119131
282675
617322
998616
782182
770383
762871
112994
597267
115417
285025
468804
564089
386182
971176
39027
329021
570218
119288
946899
379256
585628
414053
523046
276422
459702
835396
306527
240622
725689
257701
998165
742697
846541
584816
195987
189009
801637
893339
969100
196711
462401
370693
143979
693633
983245
130034
86793
867918
525863
894628
631736
203463
838846
95186
764860
500212
841238
129031
893465
374360
819687
937050
976008
267515
863013
894790
44803
546194
913627
441189
866368
926604
589169
265742
295610
95483
777932
702727
767402
916894
745428
375465
804245
423559
819409
866575
598783
863405
573167
642938
483453
908816
835232
40645
389928
658565
543008
622207
740589
364381
102484
125866
868034
137078
962828
283215
523891
915741
229223
441788
70938
744478
842902
259100
799085
190699
804665
872817
446449
170917
398501
442544
455885
368649
394311
659256
971385
563706
996130
326769
483413
26215
593844
735614
374166
843032
130486
749726
208859
488795
297603
144100
298910
673605
528592
213009
784838
526887
327257
420747
389017
765007
650013
174716
407822
191863
556543
383242
57664
588303
339918
382510
613631
734946
675742
233523
168513
350695
399829
818765
517494
764583
983746
253780
777849
282565
844263
330651
202274
260591
79255
947057
201976
908640
630714
226740
968772
909135
166638
699020
223744
246967
685640
220747
271791
967172
789304
411167
589318
836695
609674
472754
305032
97142
371145
607
746799
252115
662078
502352
819718
49975
690262
313208
875412
639435
726305
330474
896946
849667
896823
628501
893566
719784
363829
359004
415720
727488
331621
903958
572841
392539
797756
553759
743508
332477
620156
332185
258629
920675
196090
312259
441653
202868
539578
522291
805552
312773
932918
66099
100701
272009
242430
98550
417788
932820
59065
55862
878127
339978
396297
950315
690031
21608
893069
433897
40735
257710
302464
930711
804285
805800
457406
948487
554549
264216
729767
763191
857296
648194
862108
490915
712521
792468
114342
782341
810816
377711
504631
555563
944904
296342
997256
734578
957787
166962
338145
648996
50029
767807
399543
474412
532637
611735
74735
672050
240392
851225
126977
909399
712504
46710
285048
471502
702650
500120
613525
23573
692686
222830
315347
991247
679607
386136
328326
251712
323249
191660
284957
786404
577922
491683
543430
499948
578793
72420
25904
815318
576499
255978
726188
697960
572909
247892
931949
755400
963508
336713
238894
265275
602792
294341
700403
74168
513919
883653
120551
108584
340917
291787
204388
336061
876961
619534
307026
574892
20707
666114
832870
208456
172218
812095
919692
977533
116082
388689
830687
778853
999162
934235
728213
143242
969428
152616
961528
179897
584293
337040
839055
297983
555500
460099
454875
632195
385552
156853
481981
973055
427921
943462
667701
233500
224609
447116
123205
152938
256972
820256
220788
83257
667346
979010
561262
502295
254933
267466
740360
802278
621997
61228
108450
72728
495833
333319
944486
438154
358545
281546
726252
176250
136695
498243
340288
371815
809131
129734
305211
666116
326013
424630
588365
49432
781245
484403
867101
560821
600047
92512
51143
18834
269211
200399
879684
628999
890880
606412
170408
621861
457449
905731
166532
977008
19159
35215
778795
699323
591197
371935
422994
124510
921995
624007
890897
756949
476418
459233
59014
30840
931303
271070
258840
193106
948531
396141
439897
504225
176678
879557
253765
245482
813147
46291
533863
760566
978871
793211
842779
554988
256379
207757
794606
563980
665145
308102
739425
644934
339364
550208
938957
419061
18560
904695
613664
237499
60408
737720
131013
235129
963726
392232
999010
40043
237549
563630
156027
518623
456730
385470
629044
26256
492297
743299
148595
293731
206732
166696
836004
748861
915686
694532
13334
283455
93694
273376
796419
113055
799407
121829
813229
697636
926140
484327
915939
130750
202081
225544
515811
9663
696004
27914
659225
705850
9290
634293
904006
359414
106183
776737
466684
836943
849101
99361
180165
572714
1189
167436
118371
889747
814748
476201
135347
805045
233012
166390
749931
147253
383356
426709
567938
3883
50426
217364
978351
200125
276292
618583
480969
653658
448366
545572
471757
991696
367325
682379
209342
986635
262714
154736
84775
10987
907907
359991
66364
757248
139899
31370
876703
199077
393922
43978
236350
419958
887871
314063
716889
876079
197369
8862
808865
579362
877445
121318
114940
738261
111386
133559
626981
968438
640896
41344
743729
184059
672615
493443
168492
811738
998612
889943
401506
39778
629238
234713
186489
931957
700631
508721
47419
523426
536174
240316
963186
425827
240081
946779
749932
487088
631943
627351
327455
652605
813307
234799
816933
442071
106509
82561
582376
958487
551043
485713
992025
259776
299741
952696
163481
337275
262214
210219
23035
575468
281062
894887
901857
232240
357781
927670
287810
588789
229033
221473
105870
993719
382128
202739
66728
766419
165177
105765
949970
116617
353869
646571
899367
184275
709947
308954
703425
623644
474385
915956
424826
277727
209063
296786
944720
429405
728725
211692
207074
252410
556932
553288
885527
752693
59426
448573
641246
495234
836911
977315
369743
882118
519989
417818
261809
636335
428308
813683
828821
215405
744379
339326
909343
513488
4979
937457
738020
903423
424149
402033
201007
461394
507036
608320
447582
729421
155413
33476
8682
743290
643507
976496
354948
215586
427327
762257
694746
535847
933036
332279
666168
271681
634120
150654
263244
544403
481231
151672
478402
353961
430554
692408
334990
302033
404917
786366
855688
950931
758670
164474
771568
575181
596360
249791
791507
66544
358831
529477
934471
363665
214086
955162
145808
909101
908797
909863
310757
793532
836479
106715
269068
107184
153767
756662
4642
805962
419986
7028
735671
458777
768399
263444
815446
222673
160371
997059
448034
584964
77130
90218
382619
879871
40424
614417
395008
829252
20957
128942
510095
157919
113094
362830
22888
223271
368832
10847
756751
754195
772984
760024
864656
535606
4190
585861
690365
571672
705848
714354
936403
818419
846739
403443
867963
321671
412372
581519
376812
321626
863148
75207
751725
363600
144362
975686
112120
58594
848106
277030
976443
864382
770539
31388
229688
661755
233215
418562
810443
144311
771995
653440
806220
283856
874574
970518
14538
691899
777359
711879
705784
834820
407022
573541
263844
784738
667821
39286
81442
24374
500584
688768
404423
554080
121199
239862
134161
394686
340340
794559
984356
899714
14623
821599
991727
672175
230720
869252
990637
174320
169116
570479
193160
825109
872616
229309
301464
403307
444692
803602
558536
414454
25918
580065
36825
21837
882311
114585
904577
847635
866627
688751
600363
13517
998154
714500
876258
427429
89387
158708
380488
639546
175680
886075
85248
591522
6109
970371
295532
585725
94498
199950
227984
913207
694128
99644
920533
420633
950008
419450
775914
672845
76271
377863
338501
927020
926558
40292
905351
458821
64597
429272
887742
179629
27072
690269
384068
133566
502225
140586
949188
647214
837661
6494
519069
688908
672707
776006
683935
930904
565574
782283
148402
225792
490044
666811
471893
989555
414816
274866
72132
629220
866050
109028
161651
282333
348254
14090
122872
701117
84169
879719
695941
618640
600455
388790
905938
552777
414010
873202
610329
246046
717749
821633
637371
586816
561647
828350
80768
756022
264723
593890
565820
441877
951604
882702
938701
485022
933662
622263
625792
563188
597384
956718
170387
931896
897125
531403
307221
285251
8281
82934
315946
604671
437513
796625
978155
829154
657035
958213
470058
877641
503229
701416
808850
634477
16305
579464
405037
315396
415942
304983
526144
985206
858962
601970
8145
660602
74363
742671
228809
609677
342245
654531
585076
751695
596357
685230
789476
209786
693012
363652
499702
327743
654048
584312
140780
742463
608828
526151
259897
581026
374488
854558
481436
163544
520875
80360
592932
261098
463756
552440
842577
686076
994401
246800
326171
831713
276910
687500
544716
959515
627855
629102
53128
991854
788161
483399
890797
602399
453658
754878
483477
462094
240089
919680
712440
277357
688856
845060
780015
417820
216734
864697
520851
801379
452241
217743
456132
760267
679752
189919
48838
610329
611199
35384
516549
625512
644068
535687
31609
86242
384334
937698
2020
920218
188429
577265
493688
137929
940636
981177
403287
709092
243699
554118
175986
128790
778745
799669
232594
11039
53527
638364
57781
954697
953256
623318
814672
339906
592332
404398
803700
481307
629596
44839
312075
41308
927799
429093
82497
118849
296059
615676
405887
89878
155792
633876
441234
167274
339166
450549
769130
528115
95839
453941
338111
378622
785998
807099
875470
873488
735294
743599
470018
133855
547080
115520
616429
112742
410269
768849
730229
749097
906682
747969
656332
96837
859897
867349
434711
668402
75203
803333
63856
792537
475555
242976
65351
990156
543670
952220
945699
293286
851071
585214
877510
934593
324375
948578
984623
52813
371649
241256
935865
325331
762651
497723
388193
321287
319793
918399
201125
341443
453932
726102
825415
726502
825896
598927
917297
539912
553507
19501
524786
31256
825552
44303
247206
387925
62220
323905
377972
221669
860328
767838
847218
514133
733540
707935
423395
186222
225277
461893
154848
562160
767902
398431
132500
653742
309874
198456
669536
620678
92953
304481
247584
997498
575864
979414
771141
588528
341419
143696
313633
35458
594902
284903
420802
326275
397529
481569
404597
507599
892833
479963
913324
179982
757147
178450
21562
130245
623812
489422
936890
757144
942621
112109
483600
315936
978170
938504
986887
748965
171896
555460
844122
863864
277966
748151
762062
917424
917117
720628
909308
228863
270497
707829
419245
557808
33322
257188
777246
347519
187684
254790
966114
676628
405745
43140
786983
751326
90713
125336
860816
150984
458168
60240
692226
861659
353173
629378
707899
55216
572371
918925
442268
37840
396289
10631
132935
128426
243980
783496
863587
275376
159060
23186
476412
18958
405147
797596
95688
307783
610138
586041
648964
745966
814254
151658
185021
83647
38576
483581
491435
249240
824354
989983
891320
222295
124356
909829
415390
569105
235207
292595
329005
638891
666585
682408
67564
194649
13983
524518
683288
289713
557633
932513
81096
466475
895006
292996
892336
402807
384992
557210
230852
63739
748651
512159
992372
793384
304687
877092
432470
656312
790877
408985
982882
405958
514231
161594
839382
165897
482239
172441
572538
344942
551185
220548
158846
317778
76877
974162
933503
293593
676076
532239
82216
93230
253812
714561
479861
815063
99718
392215
896915
156851
337557
500141
78628
109011
294385
996222
317150
23027
795137
902503
505363
290388
20240
626452
989643
278583
138750
786569
184781
183
755286
278671
85565
120836
153536
658169
958879
648568
983437
252178
684345
431831
389552
120932
539415
873576
717004
380007
817320
771178
210920
567685
989062
854517
392000
885958
5779
785519
841269
316253
507902
406375
759972
742862
191333
488593
350803
59642
364693
337438
615752
225993
934252
495287
443252
376114
533792
84759
380301
615978
472024
10563
330553
156582
800824
398566
736486
793231
866426
92237
473526
636674
362936
421243
233304
811584
496390
585066
32370
179513
176635
809503
46522
731760
861457
432808
866340
8138
365026
375029
528565
54457
275602
376017
81399
368704
633868
423739
350533
527586
712100
310373
363654
750571
638492
484680
708726
795546
274882
577634
40608
65641
801143
866573
376616
55739
150666
627645
497924
468449
161282
151830
382347
913865
757243
837416
781862
637956
750951
89864
898659
196915
553014
743372
160552
984333
120976
588706
541444
19470
538815
229389
968289
279295
996586
442046
36054
626335
94204
928587
759897
230443
624804
60942
37522
621135
126581
693981
701770
222249
197741
970977
911106
52214
140690
287701
308448
880475
795640
614877
408644
384466
909792
542464
169081
911087
147131
580804
617288
117518
247436
625317
184870
85915
869355
924273
354957
34942
241637
945795
507496
872097
474497
887770
289703
853407
260893
904917
743539
9930
819383
311373
376891
618713
733065
904207
589101
144941
62027
785140
456385
836094
278300
300127
782383
68710
349371
64339
837313
188554
722671
39086
399042
983585
414791
42374
850774
226402
738748
932191
103587
380558
809010
880518
252717
467735
757469
543437
579584
562860
591233
17570
540422
291234
432657
617934
690872
41728
459129
233992
594545
784679
182711
694387
99167
330332
424420
484731
195986
269556
701649
496391
388535
151003
154060
689627
434974
56640
639426
104014
465206
644897
668350
102370
777243
47854
775504
280069
569798
780316
674569
318371
361955
471561
989538
821030
821888
247111
960060
659275
685665
314888
103426
897442
552304
6180
939434
461474
50385
773705
78235
397670
93524
780991
366121
751304
689540
376726
753659
694361
473756
719023
881486
191162
443417
642149
627986
965466
387371
523286
368114
668748
289093
742481
604401
899011
512916
805406
630960
620781
205324
227812
677324
855914
107357
608827
281124
504424
758724
123023
279608
547357
786879
325549
180972
826719
288921
145325
626412
747811
669027
68028
865195
3856
439171
884229
483780
184703
577446
924860
919809
734802
808209
276295
502201
193902
329109
961673
832915
844118
807585
338891
202217
707301
770033
974537
462985
115560
29988
905751
534421
61142
154284
965230
624074
735340
862175
758744
136861
590761
867050
323635
977025
979107
220708
126629
880710
93509
704512
396956
604955
642470
581789
650816
938868
643718
619256
30328
457158
804903
616705
553878
530159
997382
484747
169376
706931
910260
346460
666684
539170
504278
91428
402231
187029
279221
865099
475826
769174
810947
423715
498345
887391
781867
337469
940065
854203
432467
587927
945902
937290
822449
396275
480926
562528
634055
397442
74758
783948
155964
453567
649958
680949
652377
356057
453819
905696
895708
627720
272738
557071
705468
216257
791268
941508
723387
529540
208866
218532
440929
201939
538078
82934
110746
809533
773219
639306
678446
292632
438227
666486
808408
331788
458507
615740
926086
867916
940660
632008
717805
898464
34409
757716
725317
594462
333824
302510
666664
571512
210615
265682
565955
473198
278909
347505
844790
528996
218650
3027
292750
751758
880955
141976
764508
275911
184734
930266
144242
445058
43158
236974
131321
661079
138172
784650
716658
983295
888434
418432
75783
310491
429333
444968
217357
304238
246974
516188
192921
198508
610741
198045
809340
34794
423604
74324
989660
487540
470931
795698
917488
768061
223380
155192
366167
383025
896717
483219
304214
635111
481454
876447
443820
410162
725038
256268
174292
727639
160279
852126
460951
163480
575786
829134
208779
560431
84144
740622
134828
614294
998814
472938
354196
690051
290148
470154
581658
472498
379986
296916
111237
528986
281895
187310
874348
998017
197560
377313
350699
16427
487290
785241
263235
770030
861100
309384
4303
980129
25443
662315
325151
358771
872179
882917
866483
354007
929527
642055
366038
338781
183550
319729
387668
153052
998930
516946
836185
736908
428838
145162
433639
982128
221339
369201
593331
105648
48239
299633
660125
587844
151043
476430
541771
29901
896135
147270
916257
884990
187844
96660
522846
830455
911109
754318
173846
428018
114851
779950
833223
644502
394604
460717
267163
725545
184111
117515
437946
374179
629223
490028
677832
421725
799746
850332
240578
582312
782156
710387
312304
856954
485501
809492
173384
466244
505371
837967
774303
389791
120461
680230
731148
435172
656446
694573
821659
607898
927082
189515
708715
261386
671240
818397
183909
701487
51924
436537
564185
499978
86200
366415
865655
399890
1558
914604
760486
239943
423861
821528
701700
849767
553221
146272
868411
929914
288656
237934
777916
511176
841920
955476
299035
804011
295303
899943
21831
343295
873006
354696
692708
913141
236158
900350
694087
983431
654533
308671
335693
701638
114053
736270
578008
748815
488767
197181
503976
54108
150871
702036
663954
547766
188964
362570
909663
249416
710678
311984
959747
941135
548548
779053
820471
846958
226962
699492
917622
971614
970299
665202
649617
933123
268033
730067
440432
136089
580462
785124
467558
34125
699269
246275
770095
379432
432778
745362
613833
647654
546923
188123
919084
825701
407434
536717
885990
219769
372328
880869
872343
690588
997167
444072
721927
93955
474588
355020
971871
227084
676231
421367
81227
18258
888848
136607
969641
534627
946728
437136
27630
656137
839801
281932
286038
458949
320307
745996
829765
136602
338612
421733
296959
398277
558995
507398
501953
116426
134474
679134
652474
184617
761405
425882
479721
994608
967083
752780
350484
884202
606384
244007
252578
207541
216692
45735
694934
4273
453428
916493
56296
219732
71787
387784
70401
250651
202652
18159
139731
101979
191359
29291
319380
331894
962502
829746
489557
35176
842314
923950
301379
599105
621143
752572
554296
357613
703184
924175
541631
781423
412225
350901
972963
881644
653696
968242
340402
71844
869054
977864
347667
284795
740399
9240
262017
219317
746196
999202
455907
418689
925281
843945
827402
684716
352784
565746
166214
61622
925378
630186
772581
733506
542157
746919
347593
118694
986022
804871
752165
251683
291244
694133
274516
729518
838031
665226
594774
156077
244635
912527
726375
145021
29029
504225
385470
62576
404944
855790
411103
98004
220796
504923
51101
974958
102925
133576
95728
665414
338131
95147
518958
348956
632411
207449
600810
210616
287505
410275
681574
431967
775952
544093
533493
583074
160200
484474
465394
326864
503307
231059
947670
273483
726772
23622
682938
737144
730804
687547
886570
734928
886138
858562
690914
403860
785535
229592
532136
80605
76587
965321
354181
102097
72871
548399
17761
255537
983168
195480
625594
335696
941044
18054
236865
4319
926493
189199
304593
296803
127159
622245
244045
120007
501392
624240
233044
858061
978379
557591
79268
516128
790992
869662
247816
494534
993940
436842
67647
757105
659200
832479
307051
607988
553345
438954
714994
629971
558059
849754
461749
563763
100490
218537
466539
363888
981127
216281
170649
282062
40116
483002
719792
720199
229044
230280
832387
731778
171786
636209
463651
580645
194940
9715
585561
587841
904355
491876
284671
972076
595666
158539
434107
971628
318305
764716
41753
259023
659349
927714
707460
161112
522349
160356
895649
436884
377612
622250
659144
458826
594942
7208
773920
207632
911208
974649
218582
132730
970513
890135
799994
658542
44743
474183
884918
511379
961583
572690
782123
546408
427181
406637
829418
455729
736491
938234
728651
487563
236426
293415
688494
650465
414115
695668
521228
270071
224889
405267
179448
869220
454525
187880
484024
372828
292860
632304
789626
617003
23657
165053
102517
746622
551683
316511
946589
286172
972578
780319
251778
554226
389220
872997
865926
527051
976366
541881
585145
747742
198305
565030
871699
837889
759259
866619
889549
155772
241895
912107
189212
259448
60738
342164
920395
805911
485899
741340
988020
391517
470918
1912
858458
115147
939596
97031
877222
680332
469267
273562
940988
720585
336278
262935
896186
973079
977825
706227
694029
698000
675835
890716
222639
343551
37807
354681
214593
455733
895609
848649
403904
647288
509770
645480
587751
915035
808184
390576
602722
693289
662149
707900
117610
385339
536203
818376
563713
355497
510849
149556
70540
783005
180908
672359
500360
633411
658852
635984
271978
158428
291777
911816
365975
390386
925731
204372
274685
783782
747355
917702
620044
2725
2618
802626
959253
431097
514739
347486
313277
299644
830767
304355
892893
557287
399470
907185
756922
824136
792469
156414
978268
478930
814296
943039
228045
318926
553924
985567
52848
440624
749929
586348
53051
772228
613923
199825
655314
228167
224005
890750
973953
279506
742497
4196
98518
49265
385269
570460
779225
945811
865461
559399
378473
977177
137776
685648
152053
199377
780770
755182
656723
516092
208151
135430
18304
524235
713015
684173
8757
957609
260722
91018
481442
590962
372872
637530
238346
547969
161653
662221
711994
266662
933560
730094
765159
977527
946879
896929
576035
148605
402097
604772
10876
304655
48407
366135
705201
266109
445800
486744
488786
390563
879343
65640
758387
336093
656475
806825
733516
99673
610083
700009
573488
920903
523924
15096
552680
891566
631800
277716
880300
206872
110181
551334
298749
957166
419999
200741
282530
309918
626731
503257
620284
222712
350961
312634
245576
373144
935756
435703
966257
478782
267250
66642
148432
643322
867323
809256
97473
417922
102352
823311
248355
420326
318833
325400
187499
632922
490466
852915
209765
167986
961011
168562
59401
574893
442539
909094
498806
294056
737424
673445
815950
825715
648726
52973
640237
941121
836706
957091
918790
360889
175033
755764
340508
861609
68361
474589
81499
509786
827668
243781
636433
691198
491253
853127
940492
532486
405457
227278
887568
14800
81371
116698
741941
530110
513923
951903
184091
888866
111932
841420
832779
162517
111400
393833
645868
610919
366691
622553
950111
139440
757609
78527
493623
603205
690277
13885
589080
236487
371799
295768
522923
909653
835040
508407
246139
526305
395949
749258
21231
680800
377918
933768
872548
249755
827538
669712
163366
544355
479537
559729
798604
373281
923477
168773
706285
408203
778358
645048
375362
693235
874417
390887
640026
492858
829268
139491
816948
219681
432520
800532
697596
486144
970972
999290
801445
447887
254826
485327
179423
795297
722152
391369
196982
986289
304077
448187
810247
792725
621213
90843
482783
5007
840147
207774
209841
676931
405099
276799
900148
792578
749193
300703
858263
996356
107593
632647
797858
274421
142884
748105
956394
794150
781883
131844
870192
936932
819011
619397
297560
73958
336078
870795
784449
868319
445170
549155
103621
94708
689368
810162
122190
755528
529187
478289
451795
824434
692282
644626
249582
266576
791796
246305
517660
210037
346079
872582
895312
743293
556781
624967
209972
18178
478524
415979
183677
493095
254208
986201
970217
448977
883024
311262
318424
296310
478921
262349
210244
432653
60643
648896
268767
738277
677454
752893
245384
340050
940680
232757
960105
76994
73278
749670
395312
960429
617244
621599
513319
789547
123763
742755
568050
958559
147398
958759
617509
357969
685809
190070
473663
75866
399607
564917
251015
570744
777255
903552
705730
884097
492393
579826
261262
506037
116970
350596
332127
876076
744290
474061
866515
492270
225662
35303
842611
897377
215791
842546
363464
31005
453519
140146
192152
305948
70251
771924
155068
269069
83249
368654
221343
683655
585207
434723
398613
808283
620709
963846
780757
237250
105985
494358
166101
970293
514517
381576
105792
550108
890431
3427
675671
772638
111253
953892
435937
328279
25970
179073
892048
863079
684834
152203
671282
944231
571302
97836
425360
48311
636580
973648
519015
370227
614574
608801
969216
588804
282797
168682
731822
973394
395562
564509
715684
293079
702392
784047
984880
468431
813122
12065
918936
296204
489837
897306
521872
356326
663721
74096
992404
741263
