2356
98476
463680
863906
308015
92677
331232
853268
817755
892687
109682
163717
493766
717790
650427
468558
773533
560040
211391
116715
592591
839025
302319
175679
139176
230274
881199
729428
539528
197176
458755
327232
272608
286744
518677
605571
833992
507264
213702
778989
793568
578297
895983
697468
220865
848104
178866
817827
885470
92452
834434
725863
400733
688387
773932
59779
176972
532301
658912
178763
363489
379857
252416
315661
484211
323446
415075
743731
373550
390249
165990
468229
315127
542134
287889
688972
203869
20274
695618
328497
740696
357365
189400
138916
591457
872933
286525
573177
384717
878669
890928
226860
171718
554188
451087
527077
772744
620618
181918
851831
235093
45830
539030
251938
402966
513642
421293
604760
859215
640000
566493
327741
688862
891358
153268
428199
78575
533308
90200
748357
134335
771783
213877
858044
791051
461165
759492
750093
635540
886425
743865
212946
281073
835769
165801
463143
127025
232474
364374
571685
519948
7573
667833
847337
128324
206595
221227
490132
660317
98284
440880
287563
439062
627229
196256
472511
403588
652696
869587
517447
245194
291045
820585
833513
606390
522759
189651
426008
639322
519337
815137
368950
382246
597911
112329
749083
236095
535560
41169
169870
888990
93977
238873
402448
221543
739318
877640
414232
18404
553329
559793
361688
356414
36405
666081
796095
58360
30003
104840
816120
505704
686139
659554
627344
63250
806728
644225
891477
763458
863122
135129
344953
732998
120071
444903
583286
655686
573171
694111
795211
296545
524443
814385
597509
182149
773450
153302
660313
285354
102243
12765
390445
649548
427253
457933
295734
219556
321036
614902
814108
66114
660708
471512
328026
56680
567577
639343
654050
587622
372378
748122
739678
403821
625563
896070
810928
189618
854090
78556
286458
474178
466649
323108
253914
280092
499130
324597
798413
213488
168361
160538
367093
481746
593347
215458
814101
525210
87252
824323
473401
281371
246030
362700
306386
84189
407061
707910
244319
18458
63384
447687
439975
734354
678810
721619
444739
47180
848334
68494
410649
267081
875809
690979
321730
176710
345169
709866
295949
594606
152380
701753
3293
94553
440499
747370
801933
391750
318221
553701
520980
418768
20984
349354
887812
169264
99402
748221
58252
115214
227925
361710
474141
169509
644345
468099
809865
407443
283188
132677
540391
143161
684789
677860
225395
760565
619534
450312
619347
379802
315879
807829
683797
793033
728238
106297
806452
663374
727020
876342
238521
147193
462260
434311
114333
504919
676309
758896
62701
716396
239535
655878
49062
238927
493474
678232
8768
568099
663681
387641
833095
46638
550054
532651
120612
192535
670079
115594
181819
187137
559814
535282
808494
340638
81902
480749
181278
246290
156505
710781
711025
459046
17511
876995
598319
263076
161992
438441
188870
363478
896275
889746
457742
787446
337583
338044
187335
699409
827982
187023
255454
670813
593146
233797
584271
689971
643431
27190
25060
740779
19240
623614
499355
132724
846910
270541
529029
738508
79275
786924
185259
133986
61445
412167
857355
674021
761798
106715
572481
783305
45823
448413
546209
394070
84429
61316
578848
651724
850180
759444
145714
326487
32456
454632
565261
287466
797754
130203
864557
647035
668271
290867
10482
881308
828701
328939
404099
783985
809262
292508
619189
588979
459639
383687
716327
526272
535747
637537
739045
468892
92456
309947
126764
155176
773467
754701
330733
887741
708703
59903
166059
766277
561784
472340
719550
441367
596702
821299
505818
663469
816205
470003
892457
85923
596633
190722
80341
869966
141759
292498
722850
30839
170455
509121
643256
666547
765189
657603
373182
788896
577647
143022
710305
531614
639657
525794
601557
328871
245612
85331
480915
821068
602949
557108
222080
463374
819849
753666
743886
85878
324582
660426
8059
794226
654901
526584
20695
666572
575052
729565
363204
531784
461328
209564
641302
415961
696807
836625
675385
626369
868523
834974
285874
718788
167099
670708
819742
836423
209388
33178
265206
337451
599356
236765
261460
404896
697671
876756
268495
306439
274386
841007
545506
19400
40901
846876
479020
785548
841782
899221
296752
183544
765920
387497
190076
632615
464723
222597
59238
268579
723876
189375
232115
133248
775845
450879
635537
113493
843664
16203
297028
302040
324029
449485
819294
328052
896530
42915
165447
455273
655098
341730
834749
810081
426766
329864
537844
873610
701232
399421
127070
67061
329303
824581
28934
525386
259909
267333
243959
642982
596436
152527
492825
533938
340526
101067
514651
798657
646044
405764
420588
405606
732822
777357
861603
244175
197786
269454
404959
462274
441080
315599
23593
280082
377289
405951
366070
636638
840063
519201
199176
217190
715896
830548
861043
706123
786668
695742
499197
282690
27206
399348
266591
648117
169808
66152
793704
18390
810438
827312
778881
530721
298221
715663
265355
234157
799772
824258
517796
558030
337432
286313
543273
255722
369758
830032
626070
636181
742618
454904
831688
199084
776756
571751
12771
34315
613706
86985
343951
679147
845144
154114
82493
61788
57972
218769
570696
138810
302198
352674
424567
480783
162804
891056
842814
566373
669900
671508
64804
218726
568667
201935
13184
45778
838603
99729
827005
765948
440393
516227
296444
474626
653203
819479
668728
521351
130576
243433
199364
682254
175002
521586
418001
627669
116951
704522
575052
383788
258694
37431
699972
422128
815892
693910
334217
791401
630414
476773
517072
46716
176
4042
23315
610765
515964
156708
80725
211221
288999
276332
255267
659868
1709
660711
159446
35060
881701
751979
896373
374802
482126
532235
191512
191208
859241
500993
503175
534179
128673
815479
612832
835455
438245
39155
872952
642978
761686
733692
44505
633500
400059
104973
312425
295545
752626
810069
119467
5472
388865
730567
885759
422731
896554
657733
804356
599587
831357
671557
503390
593815
692008
62653
343891
91673
547530
11216
402255
686901
619653
659124
80007
440911
594513
474303
436762
461240
109741
294479
805491
823372
161680
509971
633996
743756
511294
145657
727117
324339
327894
841204
449682
521526
319336
226825
452682
789853
401476
110711
496636
212025
497389
184064
660996
247649
61293
827320
147450
138445
326274
668810
512147
608782
468694
627073
878978
518728
499436
252698
328791
588557
78966
347651
622663
90231
448164
67568
350220
505985
780854
344698
683107
158146
566195
655156
558739
760808
597042
869612
157741
263405
531894
475801
217871
452376
133814
330887
717571
569651
526266
832829
537445
191621
893986
605863
735201
437483
536768
450053
858202
276631
316966
106447
14760
798213
196826
277667
469145
323254
616294
599661
888055
330603
43659
276529
724330
553792
689622
272408
696277
537122
313195
321173
773275
823726
5342
36211
460292
572200
586528
77757
628379
662933
128886
77257
599279
474933
107270
166658
572729
324256
762219
395792
493149
794460
753447
58854
474825
757784
472376
610152
880346
437033
470243
825975
432574
19070
550861
89371
425685
234145
448137
170284
262737
150669
589675
747580
547900
569319
44315
489732
212632
58042
898150
154410
776001
363891
219214
367564
162671
611829
594881
160620
450744
549050
45799
434007
615378
693288
622421
873299
535318
566251
767966
523109
696480
93620
394185
339517
101107
355566
558974
430623
338169
748216
432378
117582
768616
413316
303811
647094
755040
137932
24565
299030
379569
368011
712218
42313
383898
701311
789816
258704
724812
674297
634660
577853
114541
21918
315572
630366
543960
724350
566642
278948
615489
652814
489133
417328
481302
268292
364810
489593
772194
189391
90359
570396
433323
239920
70592
334208
297339
465017
568762
439428
592827
748480
800477
456232
828987
79231
597999
644853
328975
241516
717467
789866
287412
653456
182017
760196
167920
256646
508231
377320
733110
360147
313037
201808
154633
73436
403933
765265
330328
437640
784289
285797
566472
506931
568271
808313
59151
124939
525472
613813
21340
891531
333214
588131
836853
192434
846203
712190
612440
636127
527870
348633
870979
58955
629753
806824
388174
756099
102358
728143
882198
501505
194608
720166
811765
15590
253213
469733
405357
63254
690377
352498
222756
23632
258110
889220
93768
408360
60511
123986
711347
187554
892180
41949
866026
3437
174752
276599
454240
344154
54926
760111
304472
524536
41194
552731
25319
831918
93804
404288
123480
541108
468974
390880
846537
815438
407007
750400
200402
403397
577297
470965
262886
82596
882156
410475
717394
829900
256165
212178
660834
806164
542409
613061
417315
528065
597716
337656
71075
524958
572222
35357
496884
101912
685909
517907
654992
106553
841990
873452
218167
310943
189396
137306
135795
467992
325835
367733
828573
804795
770734
525291
252728
644006
182252
297028
297018
233552
539505
142289
200139
350059
314777
364593
272711
409976
314592
50720
51837
715046
35605
198972
458234
843944
292301
745716
193952
858994
554867
336560
468367
404784
814621
65847
280806
580227
527290
140929
899618
20601
199303
251162
715685
354664
236289
379440
477298
583622
417556
563097
265813
893096
640530
25283
641184
309077
763264
147577
733199
198311
502986
728911
8941
494653
183095
617931
4592
291967
410999
457616
341087
594704
25304
366728
51763
167689
282808
896973
836219
876952
740917
375348
640282
229044
96801
564214
676588
868859
788465
476957
41382
306026
544788
527239
241274
759384
733600
304250
202489
593007
801223
373317
579060
884520
623593
446766
731771
70915
514500
147517
149542
806784
179623
252484
517810
206845
381956
123369
504354
338796
637923
897746
388807
580559
743699
633164
485947
734067
684859
175448
182503
680614
447599
383411
334789
299831
408542
834752
326367
323145
457928
709043
557238
411891
215053
27357
592351
30167
862273
308911
859784
245053
74012
831021
472728
674251
540269
599474
144852
438915
897614
144345
613245
663225
739346
536110
400279
600783
197339
614322
354565
829904
245673
519717
312656
122821
439757
5043
525607
834711
386907
836606
798495
337282
240414
559171
226844
218097
782341
694828
282824
159292
93275
152209
808255
451035
289460
375180
167406
344166
116260
154808
518864
216843
841706
35557
409655
414954
89129
870170
530988
497872
85014
216199
310478
341838
448205
610247
184822
221110
644607
637326
550203
898130
568679
412661
114257
347553
111034
830687
513293
577454
352956
478982
167203
334222
339631
435431
534160
804854
723750
128327
436212
707703
838487
507585
195895
790295
848047
68141
525196
53421
510176
877134
69906
309849
65109
858679
283543
851229
256455
481371
567416
871516
898472
792945
305316
244974
461148
54816
454911
178909
371495
864877
535521
590847
55777
284894
395422
121040
230310
548521
153921
38603
537739
129726
363537
588421
684363
777933
437718
327238
812255
483286
624276
655812
739052
18092
152246
645726
796565
766884
722278
650802
436657
439744
47577
568956
325112
756018
249640
568748
674840
415055
784664
342307
774404
41842
542011
765865
526379
538634
844496
52845
426022
39234
235909
290362
621323
252522
629917
555059
692703
725063
686156
151275
699657
499604
732159
225027
165025
341010
896600
550849
316071
312340
340407
90249
657903
644544
604405
188795
155674
720066
520458
602120
319777
347059
148078
554674
98091
1825
763164
500128
101085
151036
91091
226587
887537
681718
412679
505215
753074
431155
301601
157783
6410
436417
882514
777041
700602
664834
450669
307580
131754
66984
769643
371891
239679
336436
260864
449390
222949
762873
105113
873524
557176
41439
705749
716813
458991
200676
275357
233910
491270
286109
406945
783086
556423
882650
784369
839757
559124
522151
836693
588693
655540
844718
768137
832640
407736
233530
49144
816857
702856
635927
859795
467046
439566
658229
660110
270627
580639
496044
810360
255434
233921
440537
170614
617806
263102
669414
415290
715784
737220
892263
491717
49832
741717
464865
430518
691949
759282
372133
603725
213359
417567
496506
442785
14457
311123
156985
129819
521205
831871
621201
726445
150752
311032
302763
560882
519932
364707
790697
665442
470564
225244
714087
715250
656986
164546
337251
785863
717244
396674
106840
540405
113238
260575
485958
221112
220593
354363
433614
126286
148264
172837
731001
375183
628091
511999
267672
792362
106108
156938
596038
726717
208359
419088
554602
666896
580047
26158
618873
890735
5139
232380
164568
310786
150512
815163
677663
640939
155024
277786
5849
136124
686368
37028
73671
465202
229375
554089
366916
870194
340658
331431
500195
414750
686484
341462
267413
860531
132363
58221
668264
567138
257942
603764
373321
378186
363106
716231
108713
209103
823292
162979
77213
850137
872001
782960
644991
479115
275793
18923
493458
636573
772353
50767
837699
125625
891568
210336
552300
256335
877137
737395
65746
446773
853863
543133
439982
595711
897872
354135
778344
51319
834584
397099
258430
877432
115822
121757
326437
558861
218227
184313
775
677793
855727
211253
607914
416258
154237
859906
2866
556024
117351
563957
492348
701788
260300
481356
302603
303190
810686
851679
371296
26615
678760
126885
127714
149999
425580
220320
454781
226444
430603
342342
194630
68209
169182
442220
464989
119470
722049
708721
535051
663233
738063
205157
138123
471145
359049
872149
600901
630051
774511
450419
369941
565604
19953
134534
830250
597937
605151
747691
426603
154845
851485
492679
883156
160256
479282
807562
198302
864497
574624
133153
223868
481696
630350
650809
772897
118770
559872
817227
586655
862330
569960
884584
820267
688881
63030
384162
669405
747857
520587
617140
246835
61748
306955
740367
384916
440324
211281
780259
792402
566782
197020
751558
402761
258440
418567
719140
126308
587307
748023
879427
819614
635759
881933
300785
502982
76306
171227
106476
784284
673701
7699
31182
765049
366019
849051
203443
478923
283503
856381
282665
140957
690505
307899
581075
820245
284908
816416
672985
613910
287431
383633
78448
352358
609334
611458
247106
313194
183708
791237
88633
653614
305311
81245
546221
406721
385248
804400
223143
412636
308790
823611
134385
643971
345798
66048
74301
561060
392161
891995
686255
776349
762650
135058
276455
835258
279426
628202
840687
555900
179650
860278
282173
169621
889429
752939
752709
790351
463327
309487
51231
519212
445741
495727
651440
789832
893290
149936
826712
357307
453052
823293
20727
9883
73305
416927
644412
443103
510857
254539
355628
737470
845977
222516
619915
621877
875737
481890
691274
739559
220851
852347
523566
292735
887112
758653
783833
671569
397801
477261
94775
596798
113071
580906
638662
11862
606999
223771
501923
121816
739326
672039
173037
305653
12884
43811
583640
132915
753440
103045
271793
331981
170160
53720
127145
338103
422139
573320
386176
738880
158550
850365
755887
805040
826287
735781
789265
52145
610121
506730
106991
473194
890804
96003
233159
232741
792360
701221
578840
687442
847486
288058
422765
459493
520491
170986
204323
13499
84730
600918
346841
796954
21221
594468
795347
475382
672784
325012
481899
890287
858370
311248
66452
410680
441472
519586
267884
585619
880744
140032
678494
131575
48967
114979
147409
557940
794935
539670
81329
329261
100537
72425
617464
214019
764651
265156
413144
703603
712006
295481
385992
320566
782966
221362
579976
518567
792726
260554
618994
384257
123176
819992
22975
265670
105167
472261
810067
282780
341289
723262
454087
759473
118124
276966
895313
637312
438555
170723
398034
74444
852196
720024
479324
313705
755994
217811
288381
416826
852139
693981
67596
81684
134589
29071
223567
703394
525545
471588
176487
170594
701876
766025
361848
306189
735238
645392
878969
519667
224937
880100
17652
332452
55744
158743
243131
282668
593057
593687
41064
662070
365969
671232
867534
52529
646106
737387
171169
430064
198315
495011
4543
260970
609964
454104
136378
660002
627421
469037
707683
505474
650538
274571
241332
255712
42381
743769
656537
730691
551552
382019
763964
203198
455741
541239
659180
281018
507988
585935
81322
72499
757544
867272
354256
257081
567174
95985
73534
217046
706307
162751
137570
607119
688369
139805
533667
150372
664766
758241
266731
725265
262602
389946
448526
842359
771778
158053
148827
494037
670814
180895
146302
670031
126259
611477
479055
513937
823573
80439
560283
804909
511085
565003
725388
495520
228531
385309
793368
75090
561801
871444
445891
752476
724019
814016
59442
281412
170934
358000
304941
509988
354028
239104
805296
58921
326433
348207
