5151
13417
38806
345244
100172
260211
547440
809141
564511
7480
248169
982997
940160
606778
855503
893255
540910
235401
684576
968077
187417
42073
104566
47296
307806
663918
35725
106190
505759
848563
882803
474531
672572
894698
519627
691043
584624
510718
955261
928083
533642
553141
987901
270487
600069
154881
115255
27798
699207
770165
983316
306618
910515
299349
609580
24019
801195
420038
250248
673115
65317
586596
595730
500308
940264
439731
536220
636558
706468
465645
355785
152260
667244
872249
502812
629286
578897
379901
752603
123954
234652
953418
741087
359227
63271
52854
870651
46732
841752
972359
657671
258982
696059
177867
302920
196260
53051
890437
979133
62528
814205
993858
545096
617198
154266
383497
929463
870950
150327
239472
831023
484927
336642
327499
431028
683383
802058
782976
657943
693775
182075
514614
856637
196307
939893
904556
221895
844599
90441
240358
168803
699613
82192
786049
565039
320628
817959
949928
493125
618938
912394
6239
613863
355745
539212
352829
49992
624144
892848
995639
65781
886336
304872
572630
926495
845959
569063
865546
857157
930610
844901
566297
329090
614858
480303
203440
790704
249337
691815
23642
992888
750663
255071
399694
113720
529149
320910
922018
59727
400682
704685
589534
226568
371395
241713
229100
661472
115173
2661
393579
679413
162295
400355
807522
238798
333739
452143
148049
317249
588259
742063
509987
511237
590448
1099
469377
856789
371061
486365
486784
893308
477290
488277
664890
580483
576061
56428
906042
932917
728210
832707
29265
315852
584299
781528
446917
737594
379235
520355
598249
838805
335381
772883
132680
638943
111578
961888
964347
447409
236398
64461
179738
121476
346228
746940
901135
926428
804048
767661
388294
535890
860658
587157
499457
19068
534835
507159
221447
279099
348375
567777
878460
48736
868083
576294
100172
571579
503720
84915
355905
314882
271757
373744
999925
635163
176811
474422
408801
996039
770849
419719
862547
98410
526376
86126
958142
97979
376753
83252
120107
338372
373099
274620
463310
146454
948000
617596
625779
41485
716735
614296
379287
293179
543028
604445
607700
4276
261875
936022
699380
521526
931988
592590
772262
475058
779033
387876
526029
660091
457163
694532
509302
30090
216705
420807
64994
963692
742722
612649
461634
350281
304450
744739
744961
481041
713417
665829
667003
369028
879537
316594
514955
630366
600910
642007
335297
268638
633576
458825
929139
250354
873891
123354
480298
352193
140160
991512
771454
582868
122492
477186
57468
138722
924694
288680
917955
189686
948270
550174
731566
991167
468681
944540
488363
766516
990769
764213
8234
319842
933113
498738
403378
964883
888735
834123
775053
803740
18442
245953
369636
58564
202674
847835
896741
609932
943070
934907
968672
850784
239497
314907
645809
337752
736094
800938
434200
552939
529507
372541
900837
743217
386674
859124
927054
748690
343777
546794
163043
595537
95939
458584
366744
663791
514056
877063
392193
300669
274751
905903
491741
77441
218428
195825
620489
341188
495573
219118
535766
566199
968006
782338
817076
996543
421556
100449
875981
331812
528271
681548
618478
169553
704464
107183
131168
821129
902562
534426
442389
978919
362717
304794
727166
972879
708397
371187
273977
191799
987729
287613
359080
85068
375999
593241
82781
45570
853734
257038
300849
734971
597643
390659
46644
925587
842325
282395
633278
460550
154916
861609
645796
769407
328603
311950
135047
690237
798462
275126
282886
306660
513527
959915
435795
653086
447411
59668
130659
980396
372841
240783
529087
995405
541179
559654
974136
576841
395893
125936
436727
29402
222898
21191
979634
503544
325405
38497
656251
370880
238613
561933
998323
765568
385002
933004
836699
909473
595332
642314
322891
759921
230756
289015
258171
978573
87362
297543
493886
458024
254932
843074
838671
27194
853424
495432
914244
486599
931976
778533
8415
621258
708949
201421
318660
505022
287823
552820
444932
939658
389144
867980
531095
826183
424632
714716
202345
828271
157891
945402
886667
782499
906903
776485
515210
192536
170050
464321
697885
267296
11008
434607
635191
466385
57505
643400
429821
528404
961033
201079
507218
894155
395730
984880
953869
42976
370956
184529
616332
986279
390180
443219
981026
819247
55842
185196
577388
600426
660300
333637
756929
242870
314472
760147
690823
907271
797599
178645
187618
677939
321341
192680
433864
388698
166613
24394
691696
340848
655810
201001
307049
948521
110408
894951
575239
698752
203864
921389
517944
26147
245234
474985
848244
201150
683365
905957
128915
791458
671922
754501
47480
102738
741071
376477
942187
460138
309063
11117
526725
686381
439678
178042
136772
623465
244242
975497
695807
556937
675486
361339
470515
703159
591320
632192
999931
312555
576666
652857
408286
934677
861694
666862
119874
255907
483234
606377
932351
787247
572299
128429
41679
339593
193189
753302
948897
747164
972456
856014
401612
177215
219031
299625
104865
765850
635362
539678
563993
928307
63788
432035
753965
39252
393383
510564
93253
38683
708506
268639
706632
81758
599428
483295
394578
886584
185499
177426
566916
998645
644333
167369
391924
134102
501800
515725
154693
668033
253621
625432
828434
410312
146238
776823
67972
249172
92368
686010
995267
957293
24860
32340
822985
227945
178136
990102
916242
142064
369027
842115
52464
237352
403269
383823
225467
984001
600564
852921
581477
802654
725747
991362
355755
799966
157237
751496
329831
116359
766879
66116
305154
524943
321676
950364
422856
10694
575338
657510
879956
598179
402369
950459
651050
375529
135572
244851
728867
695925
549344
420546
403587
515495
342913
510958
331814
936875
425140
425964
744985
654563
487927
637719
675462
578418
950285
38284
644231
141160
534110
576100
61211
521221
167674
489615
644022
339948
196862
146249
630642
358310
235343
406652
226852
803727
647236
655282
608394
481889
949408
490997
284832
386202
935996
532230
233873
905229
770755
818230
541643
903619
707415
407139
84075
496523
360786
18706
12119
733989
781799
85734
384555
158471
450278
915899
342283
121034
44318
403554
886936
291956
987548
141369
7358
313314
72658
285477
10729
752658
159572
307951
993303
583563
303163
310520
426825
490409
575852
53402
815955
7305
234931
447005
538643
343821
224456
868819
590654
573260
980177
399766
313753
974733
746698
834808
12270
231773
199369
234065
647350
138273
7562
696945
418868
682413
151798
279607
72915
560813
69498
806316
973002
521222
920067
71596
299115
865306
122520
728831
900489
820459
94611
445063
829124
550615
371965
562897
619891
535617
285573
462925
129516
659216
749725
669147
463026
685265
82994
512315
477692
320184
717638
235047
701598
892420
423531
627645
958295
213248
38301
628371
882358
534565
524029
739439
88489
722589
405862
228943
459683
312354
311022
941026
666857
463237
678331
251610
4154
844491
722623
43545
437145
454130
140689
379400
729784
7441
319785
71623
685187
216477
656248
492222
300869
972360
264226
173330
426875
816131
136921
391412
10420
707620
523543
403155
261089
512675
476151
719025
667135
843199
422065
352467
822045
410238
404145
783314
809484
117777
861074
720527
299491
108629
545660
256516
620780
396726
859798
63861
702511
463470
437482
153925
514840
493676
962965
552868
972551
643471
753703
295782
267765
442001
33053
293679
56382
873473
741752
728523
840911
223272
510201
829850
342700
905357
615292
239400
580318
718421
498798
967131
218040
313922
362733
649733
577861
909148
837883
894810
137424
661805
203421
388731
415440
68453
794198
604017
787629
134238
619835
938933
378611
678458
197811
527467
554706
118249
50381
262383
434063
877063
737598
282312
578763
946082
955701
237946
659630
179993
102365
16312
215600
725215
915055
581621
89860
843295
685936
745051
881313
45562
845774
900373
837870
998188
199571
263943
557641
205900
954756
116829
171572
13490
277657
833409
353628
919923
803800
62118
721608
234567
98320
347522
233050
200972
456367
460056
195205
883427
388160
372147
252748
442040
495173
577135
757746
983008
433581
677680
299460
242331
309043
19318
2623
273400
215891
595657
222303
965336
383080
647630
734789
936394
299687
665148
207684
645398
82354
198120
88328
492629
869786
204604
826851
278717
236020
162118
280821
462075
181462
263916
737464
289849
830191
412158
687398
853311
667072
661220
539463
925045
186747
534390
890010
125511
704054
460267
849567
489377
226124
877416
437247
563610
286673
973306
465945
584557
504239
158367
107818
2977
491297
236543
699800
571019
147084
203704
518811
161450
729013
153302
287049
768560
641379
431970
572284
595744
842450
566097
662882
681298
667345
214942
119072
449556
773113
736754
574691
684907
207050
625022
381510
206391
808035
546603
986905
345076
713950
804777
960468
384476
81414
412260
992792
876842
774709
253461
520862
913274
403855
649845
387646
101581
433301
343500
62686
465256
959910
954471
542197
271259
695960
689255
267515
934943
383855
577270
683631
1689
268792
768405
224196
907515
796677
679185
905897
914378
572998
344724
949556
171130
863423
899096
843178
934645
828459
680822
967341
21242
255213
216221
893955
190946
202159
222622
144255
61503
915994
28195
260366
859165
866096
676608
437792
401642
784393
51490
302512
357490
835240
174115
623858
101314
503417
768512
431448
230702
811113
236770
998722
707631
113570
244952
379072
116836
123298
267046
489796
315193
317367
541751
303081
310821
519961
434285
497626
117517
931427
903257
532000
871686
488047
348422
996428
639224
176206
143088
754749
104861
433121
9234
8079
560041
355160
751773
152865
420612
772676
625220
763392
516019
8986
904180
65077
544980
356102
555425
831591
297416
875689
28540
578543
567275
495473
344001
332087
714878
525396
757932
827853
380774
143081
916235
983562
856973
55011
368431
476505
958759
430762
749692
631078
456271
567192
54048
647653
645839
956045
340064
846908
956927
89967
412942
945294
718468
713153
309399
342117
176314
563487
583673
920827
133228
87187
202257
737189
452096
900631
980882
413917
996720
440872
345426
989738
170547
958084
698302
2478
267962
210176
298286
837324
686933
468615
15572
53876
877110
853747
1421
324428
841678
93185
690394
414588
995412
887989
446184
758614
317860
250441
722123
627489
627524
960019
525769
596865
819841
806642
637523
530180
757048
781236
275663
124235
857968
257032
342800
966419
449893
913050
694567
263967
167136
485265
822483
836164
848769
355425
494419
206416
493215
144269
267997
687384
230470
917437
459879
269853
513311
475063
764194
115098
778925
658429
662214
559085
714035
323
999688
73887
637492
609292
805673
569810
141586
849120
517416
972102
441048
675756
61016
197000
758995
883830
275916
381559
489691
79226
959086
756404
195055
339302
221103
592741
329406
223855
237400
259686
581378
318414
967807
623310
353543
930267
524630
641689
150026
559876
92062
547127
256124
16426
285689
198320
750118
663384
741020
670194
550886
706208
38371
305273
533975
456596
396286
751513
383183
573086
778505
871339
868609
700349
409786
309394
989187
46492
127603
589545
227243
629137
983608
595402
861074
157871
729914
688509
795450
254024
429842
542716
476300
30466
416777
679200
780538
653204
365524
767145
923587
700894
723293
800238
149077
674083
683900
606943
190156
397604
296325
815220
116632
497689
892602
782581
439613
24910
108897
952036
161781
287193
198705
970186
34096
612532
509286
64413
757435
781115
687732
138699
447870
457475
14295
684261
550944
995476
401737
618603
963077
726533
21773
845296
882871
90099
149801
969514
417250
761437
847152
75352
574521
493727
455037
923792
335031
131721
423036
807844
169984
296860
844130
89968
533222
467936
611837
803331
229511
532901
244965
245160
245267
188820
226514
313488
682539
873008
565000
308509
174693
573871
304557
178189
109804
607535
954363
423297
90948
57111
863248
567273
148524
911179
899490
956111
296540
175115
672337
79996
696302
399977
210709
936586
450905
344293
807894
808648
703064
626278
917915
450435
885673
830487
956826
778935
330609
257500
223853
37138
433148
202608
494438
387297
659619
757021
192697
486618
882247
492822
780888
699460
197689
718516
99676
667527
284476
903755
399902
937740
677858
283241
316582
833424
992082
282347
148347
912011
343339
360507
936025
575991
189059
777129
309441
57407
920329
915813
961962
231621
974664
549719
528981
738064
950284
80539
210878
911761
661407
194524
686702
123600
569772
320268
426734
115128
672709
572797
348502
412027
614784
731615
294531
623523
816892
606294
2790
912247
975617
625591
933945
295494
625862
912800
81102
927570
360460
673201
403008
37340
346919
511787
271306
232137
994268
378979
921526
137518
596454
933986
398573
335485
709523
31836
853741
842379
831308
529100
704730
561149
598961
814696
233067
624719
336994
515974
922949
362496
198747
521035
42277
602589
767479
123403
710390
836201
32917
503171
802242
584294
603736
492078
425669
712771
656904
998471
448541
568290
207190
449756
268638
863621
872444
186508
901891
761172
873347
617309
827455
474061
274718
70972
415025
7368
926004
95122
555189
857958
499195
314047
488406
138134
672384
504757
100066
372291
401987
529396
492503
663070
470654
466397
951801
899523
639110
858678
676293
547914
685707
395961
969727
849069
452282
796569
895976
692369
587777
900050
74892
880627
45554
512747
262519
814192
262657
560267
559560
447728
853351
886389
968029
721137
251817
785762
682286
799660
569395
324474
822646
365797
745310
963310
547211
348116
681809
46901
483151
111915
53763
783136
502463
806020
657374
419292
552
309801
44863
643332
840762
735423
916762
46753
621365
469519
328571
67583
170112
923890
714279
132140
844248
257177
17825
726352
810405
519671
19848
45476
350057
156683
106526
393552
864849
83341
53603
577189
675310
144884
489760
875188
264829
538658
289215
945033
980386
554093
361047
169415
539124
932363
90758
337313
217073
580441
638327
616243
49746
862536
567556
101115
117370
62501
223413
172087
982792
480003
539685
8923
760011
556934
227077
924271
944597
362063
42618
961155
609960
519295
535330
804816
384910
269674
139572
575341
347589
166106
888837
956522
280470
965949
782247
485197
527430
605548
798828
104550
538662
841944
54600
151569
372037
415635
430357
156424
246150
191032
615023
684194
993868
657721
767039
20204
935185
960387
476886
135587
821526
389264
393199
974475
79861
301832
871191
971822
99858
332693
699176
583028
84976
716098
350064
796124
218784
826638
355441
37525
855443
588563
591490
537019
464977
118606
592147
748593
440002
882891
354702
877655
129450
227246
16408
854056
220594
25503
558518
560691
26465
143635
375949
182196
964330
805748
363842
190607
414494
205933
905280
112104
315714
344403
728983
258337
918587
271731
905089
985777
278886
838260
382529
829469
297732
331753
981285
850198
162130
461238
836266
895600
498231
744667
729726
157946
424727
59106
659808
826750
99205
690529
962852
881558
104533
392557
548882
467625
319310
330203
384110
141505
846847
999348
55891
659978
61737
20788
787705
526442
501721
981823
88533
832951
918745
617761
499615
697561
711740
525376
480367
194238
765144
725409
619585
676595
763409
477331
911896
349094
409359
941243
894718
45813
59217
383805
513384
637490
297243
285061
832824
537590
348875
122031
330589
705886
451594
279513
567126
441255
421469
556610
94547
800290
65115
797471
171900
945620
501625
342458
709643
353132
177665
290567
933204
97633
602658
445701
67877
658856
92192
779597
186696
601103
561324
151483
722981
771129
937870
604470
171012
337014
248574
195293
594929
705854
262931
280335
209464
602763
950739
864983
734864
336912
628521
789235
146388
68569
484852
821887
998956
698880
978555
731715
265098
849993
904447
299670
135184
318747
827497
405613
454800
185052
478755
325955
441195
196327
616771
197223
726298
177388
262497
581405
955723
16805
631177
241394
956835
467185
683212
778720
119522
232463
517105
834201
526949
472568
621257
440371
631428
964632
702688
981105
637851
515563
7119
561578
132390
648753
986351
389017
872646
539597
455528
158592
34144
180096
330599
561785
35365
238332
575918
133658
570924
789544
813381
767428
617978
315440
860430
460937
907940
605893
946038
147127
871948
672440
453832
508485
494983
337326
856667
469593
409567
74369
40044
453172
699188
208500
377542
104955
558909
859472
86429
975331
457644
221151
419259
379639
571696
191620
63954
640009
201428
591669
131568
622515
205060
779351
838352
53448
132336
49845
36492
604573
608073
784540
440368
286765
11625
942741
366955
446125
799311
837439
28575
858477
128775
843529
329239
176039
874857
570122
827288
579304
148984
589565
364176
703256
296042
813660
514475
676456
940935
224215
773445
306262
367338
326065
211834
326048
385444
244472
128408
708355
981120
151263
681462
764654
397154
162553
198814
80520
622921
36052
875749
209243
537459
954928
440156
164891
269216
144475
369631
785687
918830
150634
641930
306747
940963
102934
990092
842175
402442
513712
61331
472176
921268
931906
48615
119577
274463
443524
206611
211854
572725
779384
873149
479444
102379
90082
374359
709488
705418
145831
997550
496395
459083
890050
233184
512574
235162
712605
751147
476928
129021
354578
453088
198825
3150
833341
928694
994466
258468
992061
171322
677804
801488
141640
732196
894153
150915
175592
846534
607818
871053
790358
135197
497398
320960
807345
167242
233812
165939
869339
803802
790102
480802
712881
390913
137826
867187
895268
506918
298622
587156
116857
247000
801943
681279
223961
626334
281581
332511
244309
47019
82335
50893
285371
974960
361486
831411
75534
456076
716721
751697
390628
223647
526197
154846
96609
976828
428046
17542
227979
470652
319519
45010
967051
454895
819330
943462
200255
699566
153460
586403
405438
245388
721824
86189
173097
224747
878022
600774
958186
25130
565256
166745
981644
241468
15185
289555
850039
718164
486882
628972
286982
482172
221435
317956
469703
211909
135714
254824
560910
797849
971475
367603
764214
954668
153220
565585
604150
723217
378515
887007
160987
814953
80654
79278
599143
851190
259871
463271
510726
835534
691026
622664
642729
175594
244421
187852
625538
760990
408427
138409
28890
611043
618364
468019
909842
720400
359549
704990
395252
155752
633447
284833
732597
877708
777271
368501
260553
241425
804497
2300
638371
615596
927121
720191
699848
158154
58032
537296
355727
565436
223504
53198
53559
607504
939429
148743
778916
21627
640575
912952
391032
743794
160312
252719
165450
53783
947318
707986
719942
381136
191837
143992
759265
681268
270484
988468
264311
404831
135539
514099
935874
88805
692614
785787
395129
477347
259776
867475
956291
894833
735936
430530
577366
263859
619256
513839
78577
774095
369152
979111
752690
141497
685174
960190
880724
855785
148175
9996
445641
140975
897343
55129
235760
55069
580801
451859
705075
15522
521027
284411
384128
957238
107314
303841
400674
392753
619933
40132
485883
795319
129864
67099
208928
826574
644176
266545
22993
460560
48373
609515
570580
281787
940297
151589
546285
676134
321332
456827
844347
186511
40929
510436
573809
316559
899465
849336
551344
866094
197722
66962
260926
675283
493315
36176
741094
887380
132959
645047
223020
108780
263163
977012
464490
130890
774598
793789
473803
712454
594068
837334
132131
923182
696207
855792
127914
363775
609338
419051
207828
61168
537635
919804
89038
83175
366117
72874
849302
44751
632983
936051
817335
579969
210325
543371
64352
315615
457257
820868
160032
17344
790933
725449
332417
525509
375487
17284
830462
936010
754169
273056
908386
844024
14765
871528
197694
366264
456226
939278
855558
530178
118957
523400
33288
59475
272182
736021
432202
948669
20581
417310
634752
110616
44906
193719
505703
695318
790055
347716
949121
362421
960250
170105
916205
742797
482410
99129
25186
82249
382317
579936
6472
284530
108755
958236
793971
975271
598995
389110
812732
379369
862641
449007
526782
39699
629768
706565
245674
752679
521977
818581
269192
298435
403504
32794
499595
581490
229584
899987
151183
108254
573883
304131
341297
725667
625407
826834
445963
846848
560224
582737
862410
432871
514494
511515
424110
237364
21475
338070
682910
521018
44523
712153
274150
57464
187088
461736
901774
341866
284305
491226
780056
846268
540351
638172
139413
539353
649444
87950
700772
18850
225744
202123
504520
10043
689537
236102
592293
346815
650414
694223
808151
844819
816432
39541
927151
280024
234318
128006
676683
838650
451683
388722
838929
874406
963630
171278
845704
6360
450614
588788
499091
21266
200600
278663
923018
789800
873135
471508
727542
945272
380702
699668
307881
743352
544700
622734
762616
871400
889693
694489
714391
433510
632377
532735
177551
341792
225084
685949
281054
803811
442665
534120
441579
330706
333100
730793
247716
226675
612602
527273
198902
718564
876583
925384
876072
262379
292292
837190
546069
989291
133362
615492
83460
849777
777736
960485
931941
776558
141468
151119
559659
957184
401138
166734
855040
209192
63871
272279
378281
716256
380184
907241
325112
17862
885180
813583
299880
961905
983290
698306
211352
718245
569088
752684
562919
993249
772482
676296
440808
957589
684355
97893
258754
168432
204227
884681
810663
944024
197318
171250
852399
539507
136380
588280
42448
998242
569874
959886
21500
36494
138516
444903
333400
310426
378493
614581
122004
4536
437725
617740
358443
977368
490277
374438
164345
294778
903954
53503
777652
230564
895796
823841
565320
942256
917210
272826
672659
975869
309084
874473
212346
104326
910469
48343
460134
113167
695963
281538
958687
284795
879755
302997
254979
205051
190838
119923
949218
334433
418514
837011
777977
374354
899966
113157
370058
509914
703591
735699
598228
432410
898512
702403
650420
694236
577665
735032
430872
997447
400782
987000
485980
203950
57282
90568
27587
440642
664361
862899
263443
334056
456823
624938
78413
636134
233496
484741
110727
677366
216533
13927
939624
303485
382303
422912
881088
787029
691132
271021
70209
120326
780875
867898
458782
847700
530933
571143
184575
518450
591154
126152
822558
483028
64245
995494
514497
494306
421366
970883
569236
566792
92570
403419
303394
783530
640512
40581
311856
636533
647594
554329
868406
24785
130118
436716
950395
799859
660120
604535
973132
585294
832199
770454
6360
162153
949569
274796
802731
501260
225227
866019
197957
895252
468648
37009
401430
61862
187237
255478
41497
128576
529279
191394
520906
687979
249970
124595
600389
192397
818656
37820
929021
278938
274970
812098
324565
15659
498573
245664
386590
926311
55884
769226
896558
242909
300085
498286
741081
895284
725059
157878
41423
870650
272304
28394
421650
874200
917381
95155
581330
660006
90431
3131
753574
712091
339167
979311
876713
526685
888975
806118
917935
221431
739308
441307
25763
940073
316916
951382
800895
824472
361101
271146
783974
884902
683440
117655
113633
854492
675248
129359
353204
980612
16555
314902
30876
225812
498636
258818
777064
681476
506426
293602
239537
626433
410720
316411
47032
765818
131546
208430
630042
579735
95737
299061
994034
515465
752755
155276
660555
627196
105514
813804
267520
332970
273495
192050
854003
464841
594003
115871
541030
686116
461890
857017
355833
596936
958428
573518
268352
683668
304921
411096
547840
97844
103736
123196
945671
939111
232877
386541
877605
825275
941157
734637
795594
11291
17143
367028
324157
804095
997992
835241
436599
59393
442779
912717
133722
986256
13971
698935
215953
68733
858343
133434
168837
891763
26433
439330
431160
373892
644946
368093
614146
608222
758934
458551
704614
953180
928959
552510
377105
548024
571457
855812
797294
490783
534649
615619
344424
853853
812154
59611
308349
841079
63926
98806
691516
933336
768902
840140
725979
309347
518486
812354
313783
436967
282096
199278
308840
110128
189667
393078
449792
899386
602896
455062
685665
460097
958416
61439
435384
223924
440773
196381
960090
123272
131644
285425
832697
339816
759100
307997
160770
179977
508910
321407
142679
637148
943720
9524
217636
114973
24216
676414
637792
348041
956937
714560
747234
138604
908949
889574
224989
921496
698600
382753
987834
836849
436652
195024
25553
155110
130262
284858
336451
798650
199885
39608
460662
459840
92722
338288
93230
890021
625232
29500
562117
796455
689953
868072
316871
117220
14843
35354
745580
227853
375766
67149
609650
692153
799802
510133
459543
385814
12425
734023
815472
364090
979558
777425
729769
865240
264257
80900
454362
486733
778561
972434
661441
458074
358284
94194
35746
834413
128502
595521
558328
776984
240515
515266
99478
378723
53723
816390
220447
197372
616393
484647
488926
744653
438127
668462
896387
352870
772682
445396
489659
382425
736478
842790
971691
204965
408062
560769
982344
863882
221050
228605
732757
205948
866597
237799
518458
887410
80321
295206
788670
332317
943178
927870
485217
656310
322908
101491
661785
965680
303489
311621
400551
975821
891099
626650
3988
41165
192234
848442
215949
901952
509435
635828
200024
497213
748782
912605
781298
98475
650210
579576
153991
74172
383999
283121
656461
960314
145567
865540
644478
824313
311449
504763
302960
88685
179116
758292
273490
58004
971077
756800
285125
98387
688365
576904
868949
205727
128210
281547
603282
181266
184497
351330
804943
146014
363996
666980
704566
495325
248749
890117
594502
31494
483143
528921
462315
633596
221317
564919
959289
64192
187075
38712
697732
152327
557957
64479
599454
247143
203975
607186
847726
965547
351201
781383
367337
507525
327447
961146
819632
709091
41211
329306
852358
779546
358527
535236
898028
804159
258843
425318
149787
181525
657879
739270
839582
653536
76342
577115
422409
119832
87231
816729
335833
287929
682153
162378
502954
603063
930210
737688
958031
889999
175996
757351
957970
573305
729460
495327
125064
464058
307873
57223
186447
500885
43638
273613
436390
254177
389747
287394
649578
171702
43438
460546
442537
957121
795578
835281
588197
573623
377457
179617
600103
485606
995236
577296
438908
139815
550107
511182
232273
927728
627403
355069
207462
383750
232403
945841
268146
53199
738482
955734
66452
398918
960778
874289
671088
367239
384457
890111
38446
338058
648506
895225
827403
184556
819879
155577
264986
773545
591592
297655
261339
136103
823693
487276
175350
242219
548963
239511
106645
876654
889447
421085
276827
609546
786565
384523
79044
893455
130699
611576
994138
670899
736111
825862
650641
85477
956985
653319
547520
597314
772046
383163
242620
576801
398619
994871
137171
899145
299994
65570
905442
156162
993604
495706
515795
282632
509971
456308
650295
66524
999539
666143
685244
214838
805572
563817
755275
47509
715470
1820
774145
578870
616450
835841
178759
83043
320233
698692
66768
524898
142636
716471
565806
768719
322814
718449
18
210436
629098
982415
34846
849780
910708
132122
444905
875351
950063
181897
530510
193215
524955
672861
935473
626698
875512
355050
70736
573232
586283
91574
227073
154236
436556
941242
85901
572760
497034
864965
909929
836096
295164
612608
620173
145945
240773
205772
212148
666331
734946
22152
483246
44072
63059
109550
56485
277953
790691
921053
22506
923982
875350
957361
376059
198042
739567
465102
736916
192994
721691
316412
811118
923522
326589
511980
166552
635344
833047
168665
487537
101380
920081
512650
419072
808340
551209
821172
201520
531039
100024
97468
224555
914623
27421
89369
780177
535169
835784
891672
106069
632305
319205
250489
773044
373646
867490
839223
159507
196764
707871
292709
712501
290841
971122
394356
8214
399623
477139
720337
884006
852072
108331
55403
146853
305160
710196
170258
136855
279028
972748
402555
297381
197832
819740
723680
410576
372902
530527
653956
111762
594307
378578
712084
330515
264347
199735
525097
700292
960645
551301
124138
884380
678817
498223
283087
94381
436653
12943
267712
402594
378999
631087
839515
254039
574253
476916
928661
524757
237136
118760
380472
393001
426759
769698
814602
624799
450064
758228
577294
344160
732177
89969
579364
570853
745677
754553
337291
324887
546802
29858
491527
817541
543758
372324
714846
402049
342050
179234
924668
862616
71375
380912
314998
714795
728493
322629
279851
688814
281339
714046
731015
869117
878128
50508
671841
981206
775344
747900
509188
307191
993498
952738
782859
613653
483070
317345
924453
997238
159340
884568
157497
796332
26919
247532
303843
790510
283833
703534
891483
787732
123552
495017
457015
605807
655782
558731
725255
603650
573262
513261
368478
763745
291690
283969
832176
174053
406090
284759
421847
80969
257871
352268
674480
154149
54173
165967
719778
584964
756462
116945
643454
885412
295684
898121
582530
504969
58551
153825
647608
755198
939692
671424
705596
500905
992806
329909
613018
457738
387190
847357
307413
270032
700686
45489
456133
617816
89268
432591
674712
255427
917842
803363
587705
849778
248553
985361
61517
675744
254822
394562
921882
724509
49997
561897
483010
572515
410194
429041
658926
489943
53703
277381
133318
638877
19374
233019
213852
42840
834544
623837
275880
264125
592551
626198
426734
503571
1302
575862
60348
338185
113784
215778
842447
544947
103477
887707
151893
2275
219825
42281
341710
888928
526719
246371
140044
468742
933108
744990
336985
508793
972821
959088
307639
51271
996978
810016
429378
418906
799948
76012
100786
480854
396529
744245
510141
368597
440425
235275
396121
101052
841609
898193
376543
654650
200164
930189
355723
958301
545377
993486
887712
808784
844712
311418
571240
977717
16950
768115
542425
295579
256209
905830
681940
932636
583189
734000
909574
281174
927724
589804
725297
244868
179612
131165
393797
477496
871034
999413
45352
415671
204284
97984
712597
989105
239596
699248
166560
730011
493177
695877
309080
795755
937320
263385
861381
270447
947111
10117
261456
390859
329026
562227
691330
633357
273711
990850
770405
661742
577091
884111
539142
477352
193351
759335
601948
975214
584230
262341
948163
125901
445629
540873
48673
962397
952469
518136
282537
75747
68845
597354
587966
554247
943471
840596
725103
221484
662981
897394
495265
183537
334789
440337
829002
128644
667656
853046
467737
796958
630552
947631
439668
284127
273031
902260
745113
930566
310365
458680
390182
379788
342441
759122
422324
310814
228984
705859
694813
951862
725924
231459
679710
396309
715459
407341
125912
849119
387777
640291
216497
736594
253704
515871
209879
711012
956699
339640
327397
902329
953282
620365
248798
686590
274400
303089
280469
938149
661408
772083
666159
742077
765134
371912
716481
288940
576450
848279
767187
559564
731766
247265
608070
174176
585721
225420
99665
300402
592317
414987
44391
800074
398730
434603
261621
602893
160469
215355
276935
330159
127276
856473
220682
772630
3400
468309
665516
940429
794053
218117
888416
693985
504941
278629
743933
388444
775792
516712
518150
668635
638640
307551
715332
216142
253817
523461
525264
496780
365774
561253
470125
250769
519710
524776
74065
529877
840598
591871
157444
912841
184080
545833
27042
73072
962280
150241
25019
440600
700655
275752
334937
435573
879673
161834
270817
622616
657361
332303
470546
730577
786573
361889
449899
737630
867964
315541
219881
600526
22011
941368
458478
69686
744359
727479
621437
386383
694060
621387
418978
111723
170748
483839
259887
938770
489308
394079
940576
713917
143768
391359
687968
602286
333591
90149
556453
619690
219145
123412
438710
253844
165565
460214
732876
652712
797454
868133
729046
959632
273149
497238
968023
923046
570139
126178
786219
762887
38365
346290
764455
74960
49106
784519
941277
730488
276848
175140
308799
766538
955466
195864
234587
873533
4254
671979
917764
300465
259082
734693
287185
163401
85663
112565
737023
595423
188430
970373
751986
636840
989631
349720
430040
629286
142721
508700
627310
16964
546651
577042
562653
517009
445441
838038
202236
432028
151011
247245
664697
874344
486623
388395
43857
656012
119510
822175
2172
271530
339291
440283
752295
440521
553544
652227
269977
216530
964587
778801
678647
412516
379742
533923
426979
225108
130612
280066
821630
592452
29711
788879
573454
710046
638863
830060
514875
137006
321829
887045
265460
46426
556485
523289
882479
833982
711738
689705
69581
949864
806419
870395
396187
417133
372539
731787
197365
83302
913510
703439
101573
173130
812264
61222
910825
676521
99488
210588
643699
516547
947025
399900
738633
228163
870865
223859
168493
447131
437722
319484
681303
382653
980285
940718
469822
997811
494007
130238
727927
30427
948444
397170
781428
239747
521840
143364
556205
143965
58965
315823
938523
628127
990046
57433
391329
586617
903233
17820
491782
437172
183531
365106
769629
324260
51118
674813
183750
371529
472918
374897
787341
387912
831641
622047
767407
756289
174892
255262
13949
824717
447602
936792
926554
808149
577551
455598
83166
136146
136283
918345
37853
926684
563507
57663
526338
948721
552937
687965
907988
976965
46619
185559
787995
646016
645153
604681
741468
85657
56608
377129
201599
843341
706875
481612
922002
469755
444330
198865
874470
37279
100515
477230
304727
325801
722292
919317
418089
101625
636274
73410
807246
991226
198667
912868
81029
11096
302008
723301
873948
245279
35151
607064
206742
490289
362869
636286
242087
641636
916657
179701
224732
450486
510299
430590
700503
633133
481715
896233
904376
448912
35790
771743
737880
420859
192554
587084
108143
939363
424995
274279
257877
430631
42047
828319
819750
877710
823523
652708
187710
17443
464553
508494
918755
541674
26505
279854
602690
424574
106484
31792
220498
660360
714367
503849
525717
835998
143356
586307
21181
595190
428581
593922
28779
293765
74994
467634
584210
958712
657866
685551
923066
323022
662869
162769
11361
505168
903856
484466
523004
566126
430522
840157
679963
598520
114827
656340
686698
580661
869125
829502
772947
746851
101762
532075
75329
104204
334125
792133
590528
997826
484589
272726
767104
292343
852091
835888
401657
91259
199444
138941
315688
32850
53066
318243
427447
993265
669878
181459
757306
240661
731144
621679
708502
103169
459455
960854
566332
468626
913395
133773
368979
659648
408015
897419
704052
477619
207965
537761
844111
282047
898682
777988
393194
706558
862696
494520
227530
605449
534146
835035
2410
456851
819338
925772
947816
505825
62111
86134
937727
514666
141770
717757
427823
359367
448951
177347
920249
700822
347328
231511
203654
922801
216869
567867
501736
704774
212888
681616
351160
392531
312821
625120
151133
577729
577487
868424
432430
144345
701990
696064
794031
280679
446836
320392
890872
35242
686438
619249
10996
175860
55336
287558
212996
952549
621977
207573
635011
877758
327390
912925
367077
32484
790354
951509
91896
173748
355355
156119
214413
659453
779672
924903
237104
857054
868214
727140
296466
182973
747234
967882
795464
402977
418073
686242
761388
237357
163867
667207
729825
385850
422525
854101
449205
776719
492254
988655
46431
809216
302514
692525
925671
72864
890618
692257
43941
315236
642452
823876
110369
377429
587950
669314
282865
560214
678111
849122
355679
41069
217924
277862
608398
124731
513002
817932
817897
697884
341218
317429
774008
189079
655230
424161
899798
454799
886560
435314
904651
339602
37405
752905
572613
173966
994125
607053
839480
951588
421681
40778
953679
343189
750017
170293
936781
892442
457234
50190
601221
31632
263137
802590
458418
666255
740991
653152
891700
909211
125848
46268
37352
653043
572705
307310
888994
222087
111390
361029
326090
573511
627917
67848
281552
645335
800818
262323
964429
962142
248384
974367
814135
759806
410977
794879
334977
388382
870370
226438
928973
721442
648318
3815
507855
290044
737798
938548
48255
167004
953385
69480
776506
333891
436902
413760
587254
327221
485195
366787
77280
717005
900200
113891
508820
182250
382805
451068
936248
574791
126301
226617
707446
802601
74502
788246
566100
352049
228862
378879
877169
962577
998372
675672
619422
858460
46511
564630
240278
548085
619519
418634
990299
965225
618878
519422
681071
925913
