5113
11267
813308
470497
671707
367782
66228
561300
710431
624149
452812
533361
449362
683559
190506
343337
262810
377193
346632
603756
401000
498583
723045
101040
827801
597271
739035
254817
239193
630899
110448
624965
191587
153329
495654
107786
674627
586480
805614
21615
891868
45569
474426
834764
781061
156576
794607
733886
416846
801101
203705
891827
809216
834347
79608
478446
618179
150389
751481
726808
601753
852536
665792
831076
652231
889713
169920
429948
108788
431267
697581
885549
349290
633332
823720
116588
754394
862822
490810
870115
492252
482957
892284
262173
284307
250674
142739
883465
336879
488995
390297
561262
315500
530100
167862
451980
441432
330230
376334
770858
876530
315154
427891
12674
379854
823779
316571
502245
305237
285869
813677
369580
819273
757598
364405
6268
619558
399839
265559
180501
566371
848150
204896
286039
403736
397084
762231
665234
384122
540182
165939
680360
26370
271314
329510
518209
675051
723008
493207
640427
160090
430826
135790
749868
335896
569650
254728
175366
720859
755686
420266
688933
888643
361922
317362
624200
641408
202275
798536
132585
386352
561891
617076
860715
272166
876438
740042
525215
600902
146208
823936
596115
113197
527665
322400
432984
196782
24030
862360
390350
470615
62940
802575
191086
62706
334779
627602
481331
169223
460382
766221
672358
30015
118611
852597
486885
802627
83155
837697
593040
288099
647447
445401
682576
496754
635348
630887
332195
709359
271477
804330
18920
589374
717429
596298
491139
795541
843541
819941
707054
788115
608960
274920
290877
771306
144504
246809
474508
277693
443580
604529
645607
506629
403769
376743
154805
187918
363434
329544
785186
595518
523789
44162
542440
65941
671875
543647
190074
790447
377124
85936
175660
332487
602781
477919
510978
262742
476871
145734
849939
82553
541925
53725
674073
235888
289754
148046
496792
361731
100132
890086
173449
193055
404089
224804
341059
321694
76380
92019
76964
674373
774140
415924
591873
152742
734634
72949
223080
858790
423508
264510
866094
366649
816355
851466
357562
386569
86253
559634
115500
344374
184888
301381
565964
33655
557612
862196
815659
727039
657044
230153
689144
715226
463697
272216
350337
394838
289786
178766
169827
763295
447027
396230
504017
693155
726377
682715
92861
48852
165128
853655
514214
299755
556602
624201
836542
262506
99420
357653
448214
350170
447518
774
454120
603699
287702
600191
867393
723706
747010
738127
735049
260516
153240
879682
471184
736953
389356
831700
189367
126964
842750
614624
774488
328999
166492
383543
70867
165275
275451
656428
680727
476212
744238
502604
651305
792371
744609
300908
354003
41814
278677
898426
298988
320666
514743
298645
718240
778625
280799
39033
174876
483694
73026
769682
713688
772460
593653
683730
461665
838607
105791
588605
130690
25970
378105
768865
135374
264735
512772
127172
606253
18894
395527
818742
167041
89061
682212
354565
68819
446941
422006
422574
850271
620325
445673
130385
869369
724639
612662
179326
148282
517033
292218
641708
394315
159510
326194
884201
834156
361499
544308
541099
273474
249510
310637
401700
311931
584360
412659
687124
102399
439123
645958
407640
469525
501118
689416
368801
295726
515141
447541
670720
489683
159757
195393
433885
520870
795718
243693
263622
538967
871402
793286
544196
243942
674626
329818
706474
391279
645831
538231
386439
731991
124197
183266
222842
805073
245916
311249
737029
481230
391840
306694
49851
434687
61153
670664
231379
20072
204101
899391
617054
634882
212016
276044
619893
489965
676294
392035
780939
160369
889703
450086
818561
118511
740473
879199
537977
202025
700004
146297
300899
798442
513494
460795
808979
658323
755718
726339
252115
628003
892438
247739
245076
494530
789522
816795
97632
281483
474710
623675
229675
178548
898188
571858
826248
847291
59761
396176
248
535983
255737
54420
737213
807735
31977
563307
165004
760835
242979
542470
831809
71501
399391
824598
136620
889803
635892
645479
680362
575413
810966
475542
550191
27181
168537
382800
610334
75855
745715
245449
228891
510647
336960
814838
110583
560490
267615
597575
79531
351042
277914
657380
439712
372825
103075
692131
394091
470865
523161
409828
709942
773501
766762
502633
401209
819344
60178
132405
351784
323712
593378
57087
393670
473494
564124
132915
777335
472533
654011
186693
778131
476005
212143
334835
375126
240219
630821
792919
149748
112135
285926
525221
661354
690521
22646
799591
312143
824848
83644
700915
481642
235297
166626
860901
382589
289472
802322
526718
858303
578830
512448
409817
498056
584096
716999
282598
531781
827687
654091
185925
556683
890977
91998
306048
693064
638140
614846
91525
886261
599586
209595
453215
793544
270470
814934
172976
20773
716425
173669
462221
634932
509352
544852
715830
753391
565190
142885
366096
839218
582546
117272
658977
618229
284309
235749
449320
844437
188314
550758
396854
63278
832090
513970
305901
116709
697091
769796
509491
13153
36644
148826
215442
446970
248087
339961
227120
394058
897228
740398
857126
8513
762190
384336
206752
213972
248853
61377
601680
50933
703303
423026
16590
159293
296299
228774
220432
84326
47628
456943
371554
403734
741094
457589
317827
598997
294992
412533
440700
498623
231526
672454
163197
604053
122289
153975
448789
527726
752021
745331
278669
693772
539544
564039
489986
466153
650474
679930
58526
713359
277845
719035
477458
25958
837058
774841
412210
450313
141893
359531
33901
195538
817159
200752
6375
619668
274190
390704
567733
621159
100907
825026
581844
267389
525695
315367
96742
862739
646091
12531
381866
226916
20338
39692
796758
502359
775757
227466
341076
99193
357004
63807
254839
534533
186116
46896
50073
297152
444569
42689
18418
345857
792969
799279
204631
512173
692530
206807
425580
614625
448289
321396
246759
522632
525688
857862
546243
435309
801499
227565
96349
414026
828664
280180
848271
500926
871856
615275
58983
32798
642662
775533
22595
615522
42819
662465
650507
650528
578884
599419
703850
356726
431713
583490
175819
850912
598458
670957
477036
865290
253504
773798
766881
760704
84989
805488
747976
451137
757825
68581
339653
109969
175018
358200
836378
283885
752719
377690
339908
469978
856745
685336
295380
80662
291678
781185
491880
571888
453516
642789
485222
334740
893039
413624
349364
560542
609231
61846
41015
203696
77608
234273
65159
17791
402423
883142
837931
31815
22686
379902
147702
695134
746869
271696
826653
619590
208718
409139
412595
105884
783554
716626
580900
570350
379452
808264
771402
9866
643618
698474
398511
469713
641276
814628
96768
432362
729891
803963
367754
745683
637031
203570
445749
104818
122716
37705
428409
154089
548578
573919
690912
895304
30576
783992
800890
389180
89757
391257
379895
381062
25386
72144
458181
89767
698895
276785
655110
116791
136929
823643
774732
303029
194268
7578
806836
487096
586675
390277
707453
786595
350193
791687
863395
860023
368587
874939
525149
35811
554404
562448
174287
618007
193052
15372
242572
524726
113878
95437
139275
612682
522629
736778
31141
882193
807794
790105
882889
8660
769196
111049
119420
782169
378029
278639
231856
82446
273893
371359
273312
314374
269318
557328
403237
314849
873931
814050
696344
438531
357157
291867
264613
72454
394819
600364
653416
215723
739261
300723
428198
805772
731037
236570
282443
728749
482539
343292
799995
751473
473908
72584
204951
33385
522230
539230
544527
601735
778379
805526
224670
716657
725647
313056
42790
199473
504847
664262
691881
547624
198928
577069
162337
469411
524889
509723
197437
616582
457695
33138
861592
717892
314379
771450
347127
510865
764457
64989
408127
801327
355152
89900
834321
727492
516137
836063
35267
90637
642781
859130
291644
319915
778720
127787
794444
870236
325524
582575
374694
582405
272028
585044
841819
228811
723358
329817
78483
543201
415219
253330
811818
590363
306318
25288
141286
268448
541702
112477
765393
276095
696482
278637
342583
444793
737792
189104
354492
897884
768387
26940
163323
294831
698647
282855
124695
704329
62785
680906
407936
317949
589383
383328
210789
715664
761401
787246
33904
624170
34363
174622
500130
24938
154737
739267
145771
358932
686214
713217
4166
534406
356696
125284
192655
184361
284163
464014
586498
660547
805736
165679
822481
457673
494234
373580
297890
466129
627430
844866
616995
154757
257564
130884
145131
97076
54142
477793
772782
292322
286563
112065
767292
645824
129833
136653
863670
79991
565653
718926
7758
125757
352232
546989
749723
505834
551552
893338
796246
229988
318343
151977
95156
67158
239485
369974
540255
581215
857469
799305
723187
372071
790126
367508
10963
440524
231048
512122
50501
45179
279361
424874
582417
717435
790835
404936
173169
894658
252236
521645
167797
493579
621938
22309
71638
865631
32529
7126
233844
809840
724834
791840
707631
58981
538169
660416
844318
609295
450923
167022
455728
232987
15546
85255
85437
397952
78687
195525
509415
838712
370835
20201
248786
441739
299002
315995
817213
216198
824460
739240
328509
827595
412577
93451
498293
615330
714169
404518
149779
572461
643109
619055
122922
658810
197781
421608
335687
740145
450975
890534
890930
610445
728969
639763
203075
199720
54579
299343
823806
493934
895844
7378
534605
269364
421551
211404
468441
307297
815841
595405
268421
552042
93802
583168
472167
75932
110278
56498
639299
855250
383431
195153
508837
474151
351361
854735
200507
374821
72242
61222
560813
707772
861835
551829
746170
675406
734751
520872
201264
822247
570567
80631
615911
785609
781743
299621
507291
734086
296833
12712
722629
879751
267916
283304
861301
652841
307248
798592
629453
759687
404137
202722
197949
159090
323798
274551
793718
318078
171653
139652
636845
853366
610876
232392
436239
101648
759238
86114
111483
59066
62521
21551
114881
559188
788192
741553
247445
235287
573322
794795
3599
333427
658638
638152
567266
479702
392696
545116
717623
629128
550133
511298
273957
166452
656855
586597
51407
51073
5477
21210
103931
313471
859586
831082
154922
107228
712569
748942
348633
317878
251234
388531
815475
338859
576467
663645
520624
650796
553126
863079
432815
73168
648739
197000
373515
566756
791306
770033
501757
49313
20991
486419
544590
280374
25138
354302
145878
494404
133897
614469
53398
352041
890285
390301
688014
828659
888078
773571
497404
635862
750068
180221
17843
374553
523715
797880
784148
164331
576426
761233
614955
209139
323336
323216
236456
260837
741403
504687
801208
779408
677382
683192
489855
610132
62782
753036
305557
518449
141266
260928
834842
861882
432629
46497
462551
401128
711914
713080
456851
174028
363242
721193
294542
102300
69460
746837
377853
710703
627666
2464
687619
19108
773987
352813
734473
640539
330123
561061
640986
657831
662868
647286
406845
896251
204158
183160
750799
139746
590346
613803
325148
179403
693503
308732
42810
608129
262935
344198
224802
523928
803818
400981
377708
239363
314229
6054
208199
241251
676006
5419
845970
361210
737862
165899
554489
773854
345699
861349
507471
345000
832313
205972
261764
782220
755965
433006
319587
560131
120582
244935
105291
89797
805720
385683
666728
484562
805934
437161
36365
504399
566851
599971
506512
854670
24445
688833
261347
117989
62167
658797
445930
141377
225834
305081
451742
115860
709975
221477
46045
246857
574899
272796
461867
313016
619344
823998
44361
91477
408612
212441
128656
848451
440983
853040
343370
31686
19214
892798
722382
580630
236463
122003
28822
489807
837713
217885
421950
842438
490498
861506
217371
25206
534004
308522
460598
191351
266725
75257
670884
261968
106377
90330
853667
537732
863382
414423
141299
277736
491020
48868
237550
656404
188063
890172
212966
334680
319778
185348
456217
715718
31378
304587
109523
806253
361020
398483
895649
821542
796236
31401
486317
292711
508435
142799
35419
502165
390964
390523
396127
618198
466827
587385
653688
617796
157786
406380
456653
17150
31826
617969
499555
345976
406522
264324
291064
386227
747455
654684
527519
762760
690073
534065
625848
36477
286229
818046
28107
600954
601540
705921
270529
502453
733407
503104
594623
325961
727861
843334
663872
403493
286611
657770
380718
726881
550959
456912
132861
733644
685905
87945
882308
213888
792415
607990
35545
285847
223683
890058
212807
431767
518843
80237
398446
594921
760220
317276
721336
26279
871940
179886
321748
677875
464379
879826
474800
131620
172773
635380
155575
405243
736743
381502
235589
713749
720211
754459
476099
324953
218578
333111
619588
251153
482988
669666
469275
551349
403543
214579
551414
319522
120282
526729
774907
368394
147549
693421
816861
591173
422895
121043
5819
32550
579667
895903
640949
553256
298408
508229
45100
834471
264308
879369
242645
375051
669836
505572
677050
352990
782723
686024
423022
805183
756780
88379
778602
770255
541293
177087
655592
472649
39426
839410
390235
324655
708299
16209
543145
863359
641332
256375
269095
197348
368319
888836
411663
774185
684719
748697
461984
593320
352147
797663
83570
245697
547502
470567
568629
534918
467103
547852
225317
805171
655474
589780
470956
605147
125986
246838
666740
214909
442153
120630
750663
761558
830789
84172
721605
280367
208841
258658
404417
337111
881821
865276
141145
237420
382835
574865
46480
640019
471176
817208
341673
91367
173970
786590
747906
414318
633708
665075
9483
690534
594043
234341
395969
299807
161884
63269
373452
173218
218157
458949
92881
482991
115412
620258
307924
188037
587632
542495
164943
343513
709562
261159
762791
166410
77079
897972
459089
116587
672029
405869
360225
855871
399295
301161
553930
144515
726551
45875
216759
512389
22224
802758
211876
867539
135021
399735
737178
698830
675768
30642
690565
865758
564491
446173
894292
40766
802581
343481
447597
785783
318665
787046
419690
119147
728361
779174
483028
236104
725995
747034
8826
328189
359173
34280
185518
69096
874490
360574
5084
786093
456353
237968
223176
724996
284622
867326
892483
308745
736607
652561
128361
813879
841989
402308
831323
853646
419693
81343
360564
779248
624938
449982
290154
247020
8769
734512
375490
820402
68369
583035
184240
74694
502588
868285
504842
266191
274711
442350
758536
124399
540650
682177
841755
630284
110148
785449
364039
245005
342078
768696
406974
565281
80970
105859
125562
289688
365368
260641
336758
873781
451300
767506
461993
167259
519456
70460
302241
710565
127450
570705
751000
474034
211273
382605
188694
230141
305177
458715
388706
183146
697777
792534
268934
82429
821565
653005
863486
586277
641533
688160
289212
589621
578601
235335
403292
312562
526879
451090
149535
196584
453771
361131
605638
203512
741394
616728
685293
293036
692730
305212
339233
746348
859225
762077
630111
392200
421305
259296
842699
298485
549797
479280
885450
393749
558899
724638
236348
787887
674414
334467
559001
310845
353438
728000
53479
122020
481558
580326
733621
296255
247739
88978
651032
197236
275468
530320
684479
513736
210417
67712
51796
693134
249668
255958
208946
809050
595382
888315
672126
78708
502240
389649
312291
45000
718696
803316
866318
676987
17260
443164
477411
302104
802990
500991
451385
401735
279451
734260
788217
872415
1753
466833
801518
604883
70893
179094
266473
205032
771815
870690
208277
23303
621099
590371
568497
202317
163740
768460
133135
860191
364486
607422
41161
54235
233512
601897
843547
696426
517885
873452
452160
170898
712614
380920
768076
215528
703861
234226
349283
123523
261624
71896
736085
820075
302048
611227
869207
837839
367118
119818
363967
795702
764953
201391
221500
700878
583998
225267
159087
109665
761828
793884
318506
877253
292426
250327
614723
277234
48016
641649
433812
620430
418239
721695
417395
316164
519766
101981
562249
546292
690898
366739
255506
262787
97689
226996
794640
541523
832035
59328
853035
316654
792677
239114
692521
202812
308795
580563
133382
46676
176465
652885
220336
818222
402959
873756
391586
195255
205663
367342
369595
379806
181948
336332
671578
649707
610425
857040
208793
35119
325194
305590
852803
330039
583347
843191
40274
393338
606700
120049
151945
499602
11437
108066
592907
505287
294076
680435
258199
142887
319952
210386
624897
800818
529856
537623
767117
58833
596270
37224
343626
580774
772169
719704
798953
840799
438499
141802
610553
846404
293361
449907
623265
39952
815928
594141
800889
749789
500826
600584
755013
229208
2716
26732
240718
481139
625203
801753
139583
109945
210315
637887
54681
294556
175060
590858
805171
880202
299145
605061
355506
542078
379902
573535
398049
303859
725125
49514
614605
642164
76829
120576
842592
185582
125688
82496
425272
883367
258120
450711
582371
892967
229637
659578
650233
156916
30173
688943
111957
679229
535224
725004
557233
865228
65031
367255
650526
794686
565097
533036
464221
315631
652826
295773
288061
367822
221144
408404
463441
841296
649907
387379
158125
355360
787824
757533
738653
290804
639162
252141
408578
134586
289990
706500
422282
490194
473633
812512
780459
725525
427608
375912
607451
219251
667011
736036
235215
158555
382575
26729
67438
271731
792232
534259
143218
153415
85599
848906
706330
895934
437725
422151
265103
521256
828708
29200
412913
493555
173854
509279
122652
429213
563013
63361
144029
77796
403982
77082
859403
441753
289651
765477
218788
834355
184795
575257
294021
889152
108679
77288
417029
724438
367356
689025
767278
11624
517161
298453
248153
43732
347220
399927
483750
326745
731173
264604
626293
424294
660206
732353
525092
752877
170357
381484
783717
108534
582464
880747
664218
776528
56316
156185
807216
1986
648298
465407
43254
708448
412007
30775
890680
267737
753590
210795
882748
92141
19500
845436
285720
72220
267159
345215
609966
146458
623916
43713
554470
299934
222636
101100
513094
876889
209778
704385
21072
304740
795547
304965
144088
882515
393522
630169
387137
598534
367384
69633
87987
628541
37261
443590
684506
305643
844765
770710
151838
106596
278986
539945
176603
313136
562065
876191
81212
32930
711516
178533
725113
112609
303364
66583
116106
460613
175616
217247
894279
244830
257710
308027
23262
442638
142429
459389
403215
759959
826965
428716
307367
562319
747235
725415
656920
888656
428517
533514
106129
35404
549678
812041
660607
440349
689175
888153
359744
132667
861987
261774
474911
345254
339756
139711
623249
859267
293839
545670
169835
157060
484881
231939
537374
374784
810317
580384
719024
75138
881883
347535
40088
571996
640734
272
675606
473884
671402
275311
714829
858231
894031
569898
663293
675778
86439
489264
686977
170816
854136
376516
823010
494614
136583
252609
753014
12986
853146
209656
726937
260297
504583
707796
622214
661783
295422
279487
431250
102722
575855
879645
581413
444991
477594
878582
767637
243414
227666
882225
833441
59498
368972
449852
283976
706128
541866
251433
3011
621441
130590
332786
789029
408106
836029
531900
254574
735361
419299
582873
600262
306642
274172
628327
532444
175671
736054
580823
240187
282214
246337
549128
755270
703492
260511
419794
148208
178903
147150
574174
660122
107194
365999
516242
9898
503785
205554
232523
650980
484220
347552
21155
692552
224017
783524
226866
414824
637762
625911
96432
802627
949
190888
894712
856291
390546
882724
377320
465648
555343
899047
777798
192047
667847
28415
716381
260922
686794
138328
451333
534941
557678
243338
729600
505706
572515
67548
742208
407706
505443
676819
624550
606369
320520
419163
879173
823628
831800
158288
246245
560762
626748
777225
26116
737236
257166
361762
42358
194987
828113
661637
412333
597772
112698
436053
217589
300706
318731
13014
662742
683656
222433
746940
436060
895337
824675
111662
211763
261686
281179
8086
474667
704707
812353
108521
447707
195967
75347
376365
566338
581775
740801
836972
372937
671270
640196
652052
386469
206306
265615
742312
389592
698117
35133
166278
786103
307406
702346
163285
729382
382677
558782
564203
380095
261920
878020
836825
228753
791716
245912
139604
588229
870875
373215
354113
847292
709598
515313
287196
251861
44863
390705
450724
533738
828902
581437
329927
266490
674566
39776
344453
16450
789851
227013
375523
784388
874339
374759
423279
635433
151574
717283
898091
378530
838979
133615
636568
841802
703976
407812
539136
646824
688717
669462
746816
799153
609406
509700
364816
307146
314563
165899
24369
226122
100926
603413
262226
387902
365345
584207
469534
489479
569545
501912
564389
808414
685019
193652
394534
564791
555641
212673
361302
100547
354368
45634
333967
835279
231970
253366
793560
455818
537627
433037
865549
728324
747858
395409
248427
702642
52398
832991
553082
387759
809010
821849
37143
894396
893046
130804
569085
448359
765252
226348
282288
61417
694508
706840
578661
859178
592132
219416
104497
453983
775488
36395
794957
308179
98570
304477
374531
37188
644798
164989
652951
675012
751588
793772
198325
328353
439274
376721
709427
458846
380573
310506
675874
479263
376901
439901
487223
499844
804923
401645
406256
274669
394663
581448
746405
207612
740570
417629
155021
226167
80964
80587
822058
97100
54355
118548
365906
754832
186986
6416
723131
721376
826009
350494
47394
1161
177471
756789
283767
824770
227448
603993
401097
7415
99332
775658
648746
684641
870167
201014
701502
611504
670966
786670
198981
452682
402516
44853
568931
751949
691017
100661
44969
465713
375948
752236
370721
6282
478477
734916
131195
757865
737170
706945
310063
70561
181995
51731
881550
132199
474388
300971
71050
184562
660327
377129
215454
329186
703131
788276
547195
192286
522813
16516
525905
169845
726313
131961
259862
590790
695365
160750
671638
195963
351066
413159
353399
621616
16560
615208
762119
230994
218501
794368
216292
312770
582730
709634
361512
802616
457946
804340
40624
756421
474232
612832
42567
475825
108036
411656
89267
789890
861529
171414
259004
216702
580358
63218
529940
562248
280967
5356
134568
245542
113663
346393
442561
578083
250356
347515
762711
870704
95528
469849
366771
777414
810863
865646
61471
850503
466034
43837
265101
482626
139870
515970
290849
650388
813545
154499
733531
472172
456836
331333
670117
221543
519094
335867
248533
599930
549466
792249
496767
851791
64246
501800
275451
156166
258806
327858
136302
836764
614694
420028
832664
819369
674025
614676
387065
728771
700408
842751
723136
406848
356762
172597
473234
108185
642620
386121
477715
119051
540910
804960
691445
247863
149978
117315
104058
153000
788129
505840
896423
651540
26164
512330
494503
597468
704748
188880
851544
195918
762438
712203
577143
556778
381471
287297
246147
100033
443047
265287
751536
733113
516837
880148
243627
160749
358439
794672
146501
355793
629796
65867
352094
188787
275025
115050
186703
892286
520316
570652
591347
230584
622472
634027
415827
36011
551781
483021
310157
336545
679947
224858
111392
660520
844083
475736
86935
634101
34802
481011
39183
404197
225747
175720
889031
801950
601296
801184
498563
654644
308557
433978
475453
812455
860753
469441
230025
17802
321377
331997
352610
837534
316219
173061
178774
721405
861868
182770
478636
517715
33486
581006
440461
606759
139490
557867
746966
509623
464422
262609
364920
312705
126547
389359
414538
285406
857493
566835
757836
897576
449928
614068
412440
63549
566187
237452
138823
814108
555492
545764
304286
692235
759824
608583
765523
134267
156453
26872
205791
80707
130054
899712
171042
23914
102754
32671
729390
762753
743625
101636
616593
203052
634988
2231
676898
744896
749296
413268
876551
241544
45966
24594
368961
397954
541771
637825
178261
218566
559311
191219
335575
575463
398756
178385
60981
113138
160621
173774
44125
680467
238048
608312
635692
166263
60866
596074
131316
19244
120157
533695
120137
818597
222944
427170
418793
440346
442675
82337
122214
845836
240246
453823
190641
66053
283861
783624
376740
430046
519882
470335
796971
308730
545903
807956
342800
177328
718846
828593
89251
505158
755143
707667
651362
643864
711821
245270
252874
483352
153149
442985
543098
822640
608300
509665
67521
796643
214892
342378
900
9041
106731
357751
412333
627801
255913
60698
269170
261753
60723
820912
339169
849616
633569
865108
41350
134181
449544
714003
447225
770337
491292
429375
664871
754679
766374
294941
821435
872035
741086
461242
597352
295600
807142
449690
472181
280468
284290
62769
322790
426902
425591
112266
506116
11472
104351
351460
88040
145519
429190
590781
869129
381847
582021
720775
510207
776292
765081
547799
581235
571403
440350
713276
802661
678942
43501
871212
732377
603279
452303
601082
715232
482956
683581
303300
350046
588072
52918
731561
793437
385595
618652
706968
121774
821055
493803
117123
172631
731035
60823
171538
855581
705021
483041
825204
668367
270976
181813
42385
672908
885294
24867
521659
274579
212894
467320
723682
6181
574046
749817
857254
375289
712844
31740
440935
210076
3294
605443
74777
649410
84770
618037
7508
723118
212447
364698
748327
637561
111706
842098
629068
356578
889269
850099
437335
640979
351569
203998
582216
165804
299733
583229
795296
622319
779943
873403
427312
771399
405974
695679
421644
60693
122522
213767
479647
477400
307476
293597
475096
852280
68079
357592
78786
741744
67656
625298
582002
270294
564745
255265
421145
650024
899888
475061
153593
598356
261807
871949
724117
578403
255309
848374
171521
345764
896106
537344
499672
241361
142527
83743
61420
248000
93892
20795
338231
436200
588203
734964
738737
600238
288169
170327
340379
787499
45685
311765
747607
253531
44489
67142
632443
537605
609894
762265
715930
345538
435380
426998
521890
418284
190886
580659
609093
813540
683132
609135
774095
152288
125442
176878
630806
391919
795542
814162
456720
5258
325223
660626
503454
106394
482200
850714
421189
312896
610020
541726
217053
11236
32284
866972
829731
397853
79180
230989
452073
650649
233435
1256
291885
839627
874353
794804
168327
517519
330291
161767
331132
36058
550857
184415
346448
598498
217121
150172
706232
861127
209389
163161
445454
166590
633799
836037
622845
396824
621364
799362
339355
235475
204870
571033
825367
268125
564508
586680
261576
356064
784484
47402
336677
242606
802465
455985
128243
848842
230856
212194
720185
572528
490787
67677
549711
147171
242264
771239
248501
487474
72132
45414
619808
828773
386945
153976
287503
221322
198279
811888
686172
720886
368591
614447
488813
440090
110098
673115
757642
470084
609616
645662
432810
43311
811340
680350
507334
725960
361108
713844
486383
813501
527103
99019
641851
537060
495535
11479
830394
440006
403990
230608
649510
509639
401333
89450
252857
268274
441760
506001
100826
764485
844829
315238
829327
453110
166315
292241
5686
814145
242271
168641
394030
124527
546217
828392
285904
709924
543445
847340
79291
161701
280430
24011
9069
535044
37565
885710
230157
180138
797871
777704
736197
148928
7220
461868
859502
172730
615203
681577
453251
284641
450108
200163
871095
248987
791206
722734
613571
48024
591830
291305
710200
873948
156305
326421
659250
114692
365288
16593
552237
361847
290723
430068
594993
94251
161977
71941
540841
527664
860954
317818
222802
652605
108751
503884
2479
869269
115194
369651
349593
218325
175255
600291
719795
630750
541060
676675
637403
506969
60829
489317
441085
452908
267103
700583
374753
773527
239151
258917
648933
142859
891475
119353
308550
11368
33245
367185
252983
884305
102857
177930
396884
832847
874908
893934
218801
402942
741579
77672
894603
353208
225726
290240
108224
399548
848617
706743
536666
463035
659610
391712
262
641375
772402
143129
13315
643608
444138
88934
73558
874404
397303
862376
417051
327097
863559
340510
637813
486066
452011
493368
640326
204341
467311
550612
52635
539101
115172
723096
675775
581097
403647
702858
249200
24288
120379
748047
433326
569695
129369
554238
477295
390016
657384
810496
94927
391336
865983
193543
489285
213230
25830
221256
99057
100931
79253
889366
499346
284898
55220
529309
676948
832438
147714
661655
197606
208258
560306
572046
442217
805873
862575
400527
25125
69787
354560
105575
401302
583280
709350
431613
872771
325476
57506
184044
191727
419479
178355
667195
685928
876768
842813
489306
392765
472181
480294
457915
569549
738682
846747
113771
201594
75971
63023
191628
281277
88200
281955
635376
372371
742692
487200
210484
838228
276073
693569
347766
545444
292229
894158
666709
89667
13801
165060
213988
437983
391707
284016
134346
727561
464282
452954
515353
225509
398345
830206
730344
431259
648859
835669
508175
40202
138361
747986
473151
43516
179730
2345
875452
728053
591360
414794
405913
402629
870963
110987
707854
876989
544284
96899
531415
159678
854584
73107
896940
835020
544599
172895
362681
151362
1704
144762
734297
827104
398723
13536
786676
751711
563026
193212
690866
229220
803037
618346
421146
447411
712432
608919
897324
442299
203243
825380
164504
804239
807751
294058
59641
33973
457184
725431
589745
536919
846115
4310
751457
223704
45941
803853
53285
189920
355997
776288
694155
578936
800431
893170
538062
191729
857974
341612
342963
344158
214653
299990
758815
561826
572379
760163
842099
42148
236889
176713
751173
638687
821472
606189
879132
883766
224324
161021
866504
80612
554119
53399
787579
183602
672011
511016
810184
885442
411448
744494
686231
865896
66182
84702
322241
181433
425064
60450
825358
465979
607445
21018
869065
870556
299956
874819
585917
502718
85027
295798
223311
569039
637796
251367
87735
864951
383397
240045
161852
712779
207754
716257
325418
395679
195737
396224
423155
413657
27330
776171
760543
126656
399081
519630
94257
309042
483154
451581
253209
258197
434279
196825
164975
21285
578601
119282
11378
231020
759889
559719
816989
87120
274753
692426
780834
345895
454668
107775
106151
858245
156574
265154
161178
825782
92841
186183
549585
465991
402798
398653
782690
123614
366820
349964
608508
420298
437608
251742
500577
102773
786210
580986
679424
473557
879023
884107
785395
327170
441552
664703
747314
758531
449070
839243
718322
784769
18441
613644
706301
149277
425308
67880
567439
207261
781102
518355
888554
465249
130359
376078
272407
521844
161516
370217
686458
672254
833770
445129
766352
89910
490556
202821
729192
24821
82408
465962
794811
5446
427356
126879
122889
18745
56688
558243
290481
497143
230648
314353
840845
568879
654985
30949
569608
479343
453381
713049
10205
464174
896229
704361
787021
740582
615906
307509
489884
90208
706463
59492
629737
55336
70391
227812
539049
491775
73246
236464
523454
351470
524471
470571
528793
790872
401426
794473
208745
194953
790687
443597
350430
64779
556148
828301
843167
523639
656214
212018
8196
726152
760967
212219
401905
704971
417773
113344
793712
364210
648891
362580
812458
540168
310814
562532
578945
601920
605574
601821
158253
447910
506447
484650
126097
743863
81067
61434
521273
845484
864237
36544
195603
855888
392565
553972
254471
659059
200083
720439
865524
62680
208250
747828
269672
552169
544546
568801
175931
687594
420986
663301
397641
192875
401288
304180
772874
333238
54558
684277
27824
229481
641755
48260
407932
15038
374811
211572
880446
205093
740765
694924
322887
777683
447439
264658
635820
170067
407063
766374
898969
11835
884576
788261
110352
227674
575103
644461
741245
784206
436674
198240
831415
480306
189076
631298
282101
608148
11311
183485
565610
839460
793118
3812
412830
148200
507694
156372
342731
225036
338769
441526
536113
738487
865294
109473
603062
562298
312072
487644
449630
816641
550057
742657
57634
715820
216011
873917
456080
243255
260035
765748
179711
678292
221707
285794
873901
508827
120427
833468
652408
104632
776899
125237
505461
647042
23127
613340
193232
407052
666550
461219
254464
263156
388265
140506
696774
469913
298293
585754
99458
182506
253357
223806
104946
827578
766232
432683
722473
335599
172442
235024
577959
573561
73217
258536
554106
104544
887567
37884
26865
611030
436926
794406
144473
890411
2581
427249
33494
81120
882886
597660
610880
187155
210336
215613
465559
672601
788184
588898
146724
74473
522448
578674
30093
730997
864225
347827
31348
215348
93578
825604
609806
619739
805748
565386
364475
182794
274561
39177
169191
188674
736849
840680
475132
793076
591889
111607
76481
359349
663488
314604
324979
419437
92447
455496
661822
762607
823125
201081
672343
812579
253372
260472
101946
17631
835115
666739
832572
1364
50721
303109
700908
126917
410507
893153
452523
331602
615506
284174
242148
462546
525220
205260
166185
218559
888413
399029
140620
314667
298898
21310
739671
574609
38521
112636
381577
638855
895640
527140
670510
523407
397545
1963
494841
178092
495111
337772
764384
782769
882041
657512
659893
829301
154199
20103
791100
600739
166909
517436
884205
444654
533355
864551
177224
750530
545046
712533
599696
579253
216079
685858
776486
789949
551342
558014
181795
859963
745755
372300
8977
421044
340024
461575
173511
523841
450478
434336
823039
212156
429107
46979
356469
293915
701781
585944
199998
712537
19782
152837
555394
727535
566531
672560
294776
84834
255715
610273
478045
400758
215129
312006
871633
211713
500421
131953
745870
484346
354589
85788
215557
671536
193459
103213
96215
622358
831556
803156
101869
780828
871613
670769
246740
330393
147849
207218
544152
585284
659291
540378
431932
467170
617941
829406
87316
683386
703379
542761
81695
228037
80503
808799
206052
538881
564946
2558
869575
245092
258827
746016
597384
328237
272911
87165
159097
493142
878133
38030
226778
482373
68364
327180
161267
765218
889828
453015
708109
516580
551766
889234
340461
386596
634833
166348
691822
717491
830146
67129
857114
167559
581407
741727
363301
290096
433264
346029
10694
565257
87322
699429
795890
701931
43434
317147
565526
241339
62458
687061
626897
8419
282243
685106
393805
357149
313151
583879
283000
169452
199833
114404
664611
120741
800660
435350
599670
786539
496116
294501
601037
661433
192525
426365
320308
797239
134311
472523
579802
739984
229355
371965
371381
538938
182988
576972
425874
130740
647956
695829
706871
364398
277386
97442
317591
743906
539485
11272
572432
31776
238512
394122
138597
898343
646850
219482
291379
509456
740888
2591
68947
579684
15338
716723
737931
227982
418151
638851
396432
123787
752005
215866
241885
690814
760265
113591
295881
238496
785775
670074
610151
75957
546583
107102
600255
821657
668972
719392
277701
547001
347058
538109
283603
318334
883851
639354
879432
77347
882599
434685
424892
499624
45990
332409
21311
88032
179882
847399
788397
898501
446558
69903
247664
815756
59549
181190
470034
677682
215392
895377
269436
471029
147592
290728
601712
153279
96964
477366
780128
87165
794207
579261
226410
794895
181578
360566
413744
86040
611010
263766
384184
211956
538301
523244
642109
670249
289462
309543
544175
760790
746002
745076
623246
594217
662638
588292
617438
92397
384327
359116
206471
541184
785638
479655
783372
521570
216102
341366
540550
167881
884995
404488
350973
126354
544513
478324
483042
741874
525814
370947
782796
721834
401525
575883
613165
838457
114360
276885
817456
780107
195625
792352
224849
466287
882701
378879
799768
702759
715309
191741
637460
839864
805219
33153
102833
697762
422077
452140
46005
28201
734129
79647
327900
134097
192510
279098
212910
591400
489306
216991
568186
292478
725501
48245
860722
26320
814921
145449
894722
753313
773173
385454
520398
824361
835541
648837
851559
622088
676775
515416
352745
816915
853884
331872
247828
840367
729120
753094
504261
399900
146568
480998
257681
169032
343992
397200
110173
592037
230927
481513
193373
710580
296239
774094
393575
327712
421804
502872
299987
233704
887537
47419
9490
