225
4751
190385
432106
867462
1097
554690
896907
562750
757171
190575
126045
318106
16533
152247
163717
616101
748587
812152
77685
877864
399105
344666
149813
173616
94214
208837
517776
260174
72176
280498
244089
349975
720460
367391
244824
29292
279327
372380
256500
656340
881439
849987
670334
518821
397383
224133
733528
855969
191739
315582
801857
137629
393208
122858
693439
385597
576599
4146
188455
873115
626206
597503
719627
136167
428098
352687
371585
235560
142558
388292
14859
758561
845929
412666
116968
887342
690038
259121
429815
894766
899149
521064
611588
7354
324450
718571
345424
849523
887471
757379
100673
423802
389747
640780
836451
26969
561670
677732
728889
83871
677880
501022
713285
59849
564581
152726
517039
693148
502966
560864
272053
702126
648984
478393
156208
222980
133233
791711
66142
717174
824836
787740
224017
6671
814339
395998
445652
216017
422764
430754
38293
407957
578689
724238
409652
244912
86984
818174
270726
696689
516059
190677
103910
1510
628941
394358
673529
196287
88315
585355
456380
61322
296618
662978
109837
818173
8322
493176
573586
706771
2982
726061
21225
389485
162127
547191
742573
505626
193285
761715
699362
30801
525337
730390
717982
179611
6146
690209
549044
116429
321330
50739
50334
179667
813300
341752
174502
579913
387268
582560
269425
823459
38314
505258
648905
411820
863381
623167
179557
336875
645489
75419
370007
417377
629220
824933
350610
817935
592330
453152
123157
371253
243691
734619
247161
389109
858806
552387
728115
655382
702301
179384
579238
616996
69964
