6115
650413
757592
84731
610676
726425
800460
127493
196116
627214
515442
76238
175898
349712
477187
407779
332190
102216
834160
205524
570221
637195
601091
465511
14706
57493
358004
504552
166016
793039
242052
318334
321215
719888
592666
336825
403376
830495
586360
77895
671455
431158
372345
178343
91108
502530
877705
117877
181014
175815
645377
260579
643789
761057
853469
28072
168594
508069
253084
275762
340965
408197
140084
815896
12938
583347
234671
61130
114738
721821
692357
848746
559617
714134
49144
316339
190721
744662
477446
588567
591555
714263
335695
651112
151085
417280
78051
848652
644484
880287
122918
702867
655191
892943
895108
482116
98341
220378
852171
659315
57101
802871
282089
38767
216752
485876
651043
12185
201765
519311
390190
209711
305305
828510
14
364869
381344
826766
525929
720277
316445
27529
145607
193006
785993
182993
801865
603304
304996
665353
576387
305911
624853
168114
646902
560093
425919
176530
834894
230650
744899
707666
508565
32607
621612
63550
189043
327265
323899
27887
652131
276424
253423
3941
122419
666087
508688
95758
263255
327142
405017
272484
52714
320794
212544
568594
327522
476215
803555
523606
492590
554620
471248
193378
167087
53484
433232
803389
847185
30173
748082
225991
431653
347145
31824
263417
401596
106018
172864
872010
552738
812899
3545
859663
442260
262721
899264
365466
18079
540672
595438
418435
698231
469730
342783
798628
32144
582234
375834
369085
455005
409311
718424
453720
561475
848476
655667
372648
540632
763268
545932
812874
590942
621442
210201
898062
235350
287631
6537
783503
445282
9117
565622
137628
359004
132880
845254
893979
258860
785388
100573
353604
189162
686218
86978
138697
508624
367076
877100
396437
690331
422895
707305
194226
611006
430281
139116
527685
296803
746248
35057
708276
26175
148338
556621
834055
77009
311723
777367
665356
774903
597992
642380
751637
501388
538690
155524
80124
176930
81926
271663
546150
278968
287434
40683
858181
636248
159482
608294
253272
376016
528208
245994
497773
88458
371490
26217
496455
600330
677205
505222
451034
29284
793360
413214
693523
98584
755947
498545
832757
817931
261126
715793
216766
672963
612662
97094
329160
362911
671674
198363
100747
332464
96428
635624
554048
116567
501107
241053
715744
552349
636276
11240
123178
388233
436201
38180
655908
25601
536714
654206
383449
895073
48584
888260
305313
617521
589049
154157
212702
91718
813741
832671
52130
738583
484351
887233
411182
811258
576551
28605
521846
513819
862924
424689
686560
108632
279159
167571
309195
332796
388386
194335
369644
526646
291215
100894
83315
90261
459734
97044
664140
260738
287318
212998
40993
201850
201677
601863
181405
774951
174787
51358
461804
836026
838560
661173
705471
727719
26365
219199
561867
213564
371000
711463
288561
380127
803201
258898
448728
849284
516881
826481
641909
645288
206267
558373
11917
813293
682843
53518
717521
26929
886282
408530
697480
323053
208980
347495
766059
464936
138528
772733
154186
606518
425934
868523
331980
479856
627360
615860
286611
408689
220111
475861
681662
210090
335774
305167
504008
415202
413163
359691
335374
178894
809890
774479
742637
826889
379596
702651
632265
236272
623268
216352
383339
555069
361994
190
164546
164221
311569
621880
89162
16080
75059
2583
551242
542941
402084
855575
534903
195279
548675
723506
467094
620240
450029
17479
21503
613537
214668
4199
104477
849939
348749
194460
798098
113413
313647
407702
489303
509018
714999
672051
233536
282678
34017
821193
115774
793461
763729
787379
6943
314440
9863
742135
276272
885709
883792
867760
317666
256425
556569
196285
337194
298181
144447
138533
619267
693571
40290
790853
576878
282075
18712
275095
573753
851894
573053
47232
777950
673222
57160
799511
62882
248480
623801
205069
769310
645335
164943
502397
275258
670006
798102
213874
277653
712186
774269
870095
66113
656938
226598
555231
465548
329460
809462
609786
468377
173349
458508
430064
897613
548388
220239
431477
700261
328811
736415
840425
401412
727715
459470
663107
392363
736060
611336
50521
428865
364070
762220
448463
543186
799726
194975
174873
590356
278488
171638
168815
791460
760630
224561
63692
304783
406306
453640
369538
249773
693278
24093
883807
764295
865573
774640
321716
632121
319245
658417
291399
268211
899260
894192
10743
212985
164676
800849
479207
264875
72317
485116
819370
581151
656381
687344
721161
320905
183798
129303
294035
861340
890764
477301
762498
733931
441937
483130
29478
760648
844543
128087
857168
290446
14066
117581
223901
881850
846656
56417
360829
728500
603093
762059
105887
800492
615727
304718
215995
544607
853042
704098
597115
574328
893993
898029
387751
532723
458619
371472
115947
251709
527462
788765
27559
553431
765530
418919
425300
769817
675476
404530
627694
746388
742101
128009
500322
872368
29727
674478
436277
460148
632684
778636
792558
208035
317066
336520
425921
802659
238007
689238
2521
352794
435317
81800
795937
268401
424586
335809
660848
895578
858006
202792
39663
20206
290482
638136
394599
442991
865282
141748
724012
844972
494902
479544
624928
121859
88355
525482
577701
60192
830809
51471
449187
465124
366688
463995
885330
25665
230676
524864
446213
443522
764794
143335
356755
340839
39518
554141
491523
868589
846955
630340
459827
163468
842981
34059
674597
764923
548263
153592
139975
641966
38868
592801
552413
54239
496540
526778
393550
62955
571437
433128
91047
680467
392339
266452
55407
299074
865966
58204
854217
481582
222542
448707
576607
114552
703086
739144
429394
338766
767754
569173
704699
54288
631358
893038
837884
609103
353980
879113
570856
603793
612905
327389
295339
554482
371765
273426
341975
820004
626262
43928
837677
45367
617728
487156
527524
745331
288419
353749
17529
287874
89856
874117
25940
776971
172265
617979
224498
344377
467573
472461
804692
456762
789372
706850
143364
425155
382069
667813
463167
759185
865642
493398
144259
523178
394612
156955
817590
469538
92057
116404
454320
137850
346654
680684
456647
469026
341258
486411
883221
504031
443290
593257
340744
364648
345658
626524
486117
28778
215430
665106
499258
602380
358845
533114
395871
151916
581087
818813
655016
302984
652163
742570
788554
372121
442648
191247
788167
816154
502326
181252
165304
473542
191775
428257
94710
532735
167959
667503
404996
138507
859677
845308
423421
412601
600325
839560
379157
846402
167604
522429
851631
634602
80471
107067
293467
578309
486560
426449
524905
861846
112959
837832
576303
578963
622841
46457
180274
143460
519943
254431
696660
677675
216461
690247
805467
397085
742389
125540
409274
324942
215047
882591
755678
685579
279496
793675
739127
798529
885741
274422
727137
545691
848410
829148
686766
392680
372923
772118
80626
260891
551069
603504
355498
162668
138474
47447
869129
703324
568384
778033
597473
283574
407981
451879
788394
698416
521129
262525
313203
431121
272656
721123
376386
676236
633787
524484
405065
791467
832473
708955
585223
808999
475567
595653
579160
97075
818729
146033
475515
736921
324508
456692
555518
606076
819002
146266
143783
868797
717744
450071
286657
503608
30463
19963
570593
845646
640277
846883
268661
474046
404424
569900
521064
856109
374575
204163
620756
460805
680637
355544
192804
157561
443259
629393
36613
873606
805888
316379
490281
789140
134543
321435
878775
231676
95950
709858
745618
226085
191102
171295
466692
312711
200956
890734
314599
654896
350707
9102
327633
505188
720155
147728
226713
213151
156338
482892
113162
111990
881493
55310
292227
449436
645372
320749
301704
549376
230735
687036
675592
577076
195113
803322
746412
448104
416616
318468
431801
290453
674957
668074
448834
271990
868854
799358
53550
53968
813653
507016
309281
218514
836557
19383
74729
220823
615305
343059
418792
188872
104441
59854
214072
183647
642953
633241
50944
801703
290688
499954
348882
565663
498
273786
859966
385693
454338
430725
179446
815791
828248
35723
833663
195548
835259
285467
630353
576329
88331
751375
366091
467896
744221
890075
585110
72747
330868
336031
389940
631462
47800
325116
752101
494643
36118
249699
805782
538878
267124
672585
855014
517633
560047
443447
536374
845434
710867
319357
469197
61655
807478
431655
407781
94036
128977
719047
360406
491260
443292
497618
227100
19627
525893
808775
700935
884436
186541
152617
827487
81694
226751
515950
363346
161161
207278
518449
49660
606799
203306
133538
841618
621349
670846
47644
683691
540256
300873
727511
206507
682421
168759
787124
849644
507481
533371
290614
134796
443015
786987
825936
658702
255360
434232
639385
247085
330252
687657
171324
799844
386718
662227
605068
606227
689494
685495
11637
458031
139136
207064
898542
832553
456538
319863
671690
852761
44019
77261
22797
397831
237167
470020
812668
689781
597063
691026
821037
627084
223053
645491
338750
872418
895949
10242
713665
135941
386735
475477
306037
213063
631992
122258
897776
142662
456336
472081
628248
758838
645087
735023
430449
103501
864113
808395
51824
364330
87001
640834
209934
660131
516881
112066
673337
331882
334719
537068
427332
887548
216403
155019
608255
225734
385773
801484
389473
772500
238619
673945
712321
727
423040
50198
770469
884529
40304
777622
832689
331488
1400
157786
434849
286373
669403
61128
210482
841937
48887
870181
571706
7435
565095
886671
28056
671008
148481
315577
653510
861319
430430
506883
858379
272496
170266
88053
450637
800872
67473
190744
501635
610283
58634
859345
835945
732167
681584
99419
404973
444201
198299
860032
748838
819079
269646
41075
350116
677353
872377
833229
887266
879252
336126
434659
671800
344213
800657
178592
879757
731174
101400
320132
577770
646240
269426
247352
301290
273693
184340
737837
511885
449864
631982
541777
456044
346692
739500
656173
474566
207030
826649
318461
726681
535343
351646
104364
617805
195162
693992
156044
459850
389535
496040
827983
66409
194513
349332
641094
78984
101274
334122
177523
653591
142689
712020
813452
368656
151445
376295
281679
308036
323129
559621
140060
633968
626380
164291
549588
734702
776499
329093
469356
427623
460358
719557
330990
701510
127988
796947
440396
155784
462707
81270
196705
580112
329544
704017
137830
375671
523983
868961
673934
623744
797768
34082
149279
6377
135646
190512
414317
11390
10581
58251
419989
803400
156624
827477
788179
236867
492028
507349
327904
482413
690940
18366
734219
484761
563921
587305
244371
312004
638566
500510
57790
253855
356086
95794
418553
749738
450458
535690
829965
740130
201491
566654
805306
491218
163536
191385
661299
262501
264061
614781
403285
14427
227112
664867
455557
443961
4401
682688
340389
143643
294317
63043
608051
616293
79639
300666
746591
640343
98804
722741
860294
598974
484129
73090
440207
400839
440187
684759
480130
624527
743467
852335
305664
663286
95244
880811
603011
845043
380698
663450
804083
463872
270937
137267
277825
59349
111007
804031
608132
251602
57599
877300
301357
509462
664371
33883
182473
171885
37413
489747
843860
82791
682778
361007
692
668643
454043
469626
324569
725642
205346
718491
703118
411576
587870
76467
682908
355220
752386
294115
8444
3649
459920
332683
165687
391278
268861
220813
354588
54472
459201
230256
498460
839279
429054
497505
625030
626117
336843
440819
37850
848259
614972
366023
378732
484262
559695
75111
882135
80518
696213
122220
574940
292168
590202
371295
872438
875817
133044
585916
185626
222778
240292
458707
246352
424428
673868
873193
9928
652641
313934
30971
291036
417218
740860
68450
722689
554926
689569
840018
495528
209231
569898
626140
624599
174761
429363
722292
68959
116716
15178
516620
298681
179721
581794
899903
484898
683138
815351
844619
862225
745657
246808
782709
789649
36458
419798
832400
487039
899989
226183
297112
20290
129139
243415
448409
535809
120202
673420
195693
611141
139163
568725
43170
269293
345497
4879
801401
642600
371508
510611
116939
542675
276115
781150
98342
173166
89600
574462
142645
333917
482014
389590
898846
584600
219733
718287
667909
192239
364270
116508
638158
7902
875482
85992
172864
213065
53580
146142
790052
427764
102343
589268
47981
32514
340722
162548
286065
771944
693545
30312
679285
20012
294445
246082
236392
564671
568059
30374
457126
702197
628473
89141
374268
322557
203021
685687
740107
458753
577768
152803
435045
107580
550431
793838
568981
1138
684475
211086
780827
530321
276230
236617
256245
39330
110182
302879
185209
555948
531591
432177
818174
53541
447248
64652
638651
458454
799127
689974
334215
603370
254096
586868
749824
150610
824832
628405
883943
658232
131505
565823
541416
562878
227934
773044
404663
880499
773934
364448
318902
560401
6333
107170
617427
578678
105206
384404
259022
865020
853149
610841
628568
336407
348264
763715
767800
632395
168238
550494
389447
657960
335256
371804
785723
107683
725780
793085
215968
295186
567592
628762
562114
358787
140067
663663
407720
371449
801103
85763
546426
779012
177283
140437
99
107709
317941
765060
375185
737179
703212
242299
673081
540436
520628
606136
173304
163636
497195
607768
877012
530131
301144
896128
775234
115350
769051
793386
536576
281412
440095
299786
403682
120771
305260
336252
402954
570127
555162
235405
713840
491926
841984
135810
763137
537843
380042
577416
456932
239268
209416
249593
697592
468394
27555
779592
725305
253022
147050
875017
825665
92714
814347
366144
657387
623787
126366
828516
350738
463937
154427
303792
794072
776336
626764
853766
175172
803350
743228
464224
897795
707657
714287
729588
348270
621644
150475
349923
127116
891886
668884
62559
668974
213056
301238
354231
240824
253873
639995
653248
379968
225096
297372
174593
761103
185276
329844
839099
128068
504691
784593
77907
135224
367126
566275
160126
390588
211533
352151
380296
535902
494620
833469
698528
283979
814553
797092
363140
135022
361641
160008
323876
62358
602551
193954
590774
785942
863440
538942
63733
836838
156894
538890
399030
801831
193598
597674
818026
833924
153056
568872
472713
341044
271419
66792
313889
183419
853866
566618
366202
60720
222695
459753
746757
612794
532098
125744
82529
811827
496191
149484
795049
260463
36009
352589
668925
642229
100630
817958
524364
750156
261593
101092
822491
296913
277438
771803
852788
83716
489510
615291
267086
626595
731263
646753
591605
742350
672126
227498
390294
174122
787100
425795
523466
626465
32011
494493
787612
211750
154611
519388
113624
500502
876397
654734
295313
271066
704315
801752
649455
115753
280321
808267
313044
530282
45061
281846
322186
596312
692127
468949
5834
692126
208028
836519
198635
126881
417269
485694
605190
113341
364935
439472
221442
734632
25999
66218
340448
313234
244068
260451
197189
655950
766640
428590
23487
282954
601836
756906
98262
717114
674040
496884
654993
319892
137780
707996
43106
490964
35965
556085
397583
896223
31239
846021
410750
254788
159123
276924
736668
539774
316270
693282
820458
126999
130759
432873
175716
882919
719850
553506
172399
8634
451901
657323
245695
399759
171414
437414
607298
461980
892727
351012
286701
7183
898311
715552
781921
532048
286702
507721
672440
524450
151245
457943
604498
502536
89144
413567
104087
283844
186385
711105
56136
759994
846082
659743
661383
774900
203671
403784
820191
734399
429493
15442
48722
25650
449819
663205
290493
589486
118324
497396
742474
121025
750997
780295
495313
630533
131225
524116
190923
510117
266679
221453
431958
321664
784892
257874
450526
6470
579275
275175
46734
362463
834318
348384
379378
347627
793367
686136
396072
672068
178967
661281
211235
273952
124410
893718
373532
44274
742782
727053
236277
615888
727918
19944
569227
871887
339007
837962
163448
466122
121126
262823
657313
380098
805683
312820
131011
802463
253551
256541
38933
846965
273005
195541
194714
446402
100176
263560
715013
492051
21177
190509
821321
793126
156619
335895
767676
602698
125022
107243
183336
847587
158075
385963
622190
588426
832410
752369
343095
689553
870806
595447
511320
227076
355530
767059
874561
767211
646699
444161
210850
121740
195329
622136
299642
5133
470946
339774
53918
149111
258317
122583
237283
522806
361408
70969
683400
58397
327191
63451
373474
476806
890018
212491
672805
439447
754721
550879
528588
480704
620670
437316
670342
265857
86567
835090
14877
603657
410055
296513
558340
66809
71265
319348
756220
715239
601032
324723
400675
366430
259357
155958
277786
488226
809637
77405
531409
67825
719782
802302
313777
48133
88031
850614
368901
150678
488705
2368
813542
820509
271214
70499
259490
156788
415341
782309
892872
103256
157542
25950
527667
845168
528704
371303
502161
202312
365845
90193
465006
456470
150734
892882
714690
368349
324544
740859
413523
669360
343715
243205
667848
710094
418283
116521
843436
785675
30469
480302
606843
322480
254000
692669
227596
816313
600181
203441
142363
755932
97348
264779
373906
771754
51884
250273
626163
82797
637815
222774
851301
431953
416480
379589
526424
299135
110930
538743
896022
171236
45438
677524
809609
247249
447352
533014
33667
473148
363279
462809
301742
377251
376039
347822
144784
741360
305525
190895
701402
317976
487158
597389
795501
377534
297868
326725
475018
387317
634134
206705
44693
381794
431083
377754
691109
756576
35795
237579
485387
812444
839714
308641
177244
705889
769234
781823
360252
102222
732828
76574
270825
61283
873970
262050
727393
97819
59708
86311
776049
473363
83021
700986
698620
678825
566305
525092
557188
644640
693077
357025
858711
479583
846627
91503
398969
558489
802361
805282
50602
807815
207669
313076
389844
690673
879007
656474
652116
671949
136195
855537
167202
546494
233513
834135
372990
346429
840499
572215
132281
650357
702386
437564
353853
34120
855238
713254
563194
183407
133104
11611
529551
544191
626837
405300
541041
655943
104753
57720
661114
280054
457205
675367
106161
421561
213600
19500
595249
292898
854357
205142
322009
495012
400830
625344
778800
408443
627037
48171
733395
893513
648011
163341
35677
474554
163983
756259
899858
110057
764700
676610
48615
744347
842631
441707
205201
721321
82436
797085
75368
491996
353308
635525
608312
626385
458093
759536
890501
854172
592606
197857
336632
369864
332189
648733
590570
107036
232792
569892
871051
65050
545012
86714
718319
548993
314029
290467
133943
20626
22634
490958
480088
110799
44860
500392
804489
885407
629203
70801
813518
583535
357021
840012
629820
610803
279708
724495
680905
7369
646467
815899
321361
657726
643917
391269
876839
587498
450937
212787
373590
21399
691334
107330
700115
844543
83175
894820
75490
112019
27012
668455
167297
212952
800717
229232
690292
521099
546267
255623
324526
802053
573860
682060
682936
761946
418074
300647
237474
72540
548162
274973
41219
87644
669996
396894
623183
839920
301075
344764
652692
291792
485139
729238
138192
768891
503170
124370
429075
226391
687853
419337
542221
544661
773680
155867
3924
541522
508561
216932
388723
673305
334073
505095
116498
794886
871088
108774
767358
721606
494804
398356
379350
507163
640630
411265
892817
297820
616753
682389
812111
345912
212743
58968
646202
470747
574394
740813
302520
682409
339236
65535
493264
480679
873524
866036
201975
857881
308902
57790
118326
478310
321629
739120
834170
514967
390719
420526
885207
451007
275981
31613
869593
474165
517598
436537
670761
848604
150455
203877
517241
651043
725545
444605
18956
301832
431782
811560
307813
456408
480097
466986
61514
331922
652098
250357
120148
324809
883779
200671
107190
60840
875179
11470
745960
553584
185956
47856
615855
236860
475034
275912
629834
330086
875826
225250
129244
515362
872132
896136
797137
451912
773783
690765
134542
783
600536
305222
562362
256565
420854
873465
397987
806459
232478
789741
490830
723437
372718
891041
352991
305215
740151
346745
615233
282195
335764
504146
111250
21240
432737
116823
426894
256940
273082
229644
41815
313345
259250
635016
840190
766014
124077
873599
613360
121852
269402
13597
537760
857841
600080
110127
823917
876490
465891
847772
98736
305680
139811
801297
543140
736845
218930
561753
732977
177193
590016
723723
438487
14061
178277
728829
726612
280424
95546
248631
72243
525967
180564
805442
58545
316479
872158
144928
438093
50047
395249
498453
689291
552769
93171
666786
599172
102279
25706
486898
872494
355426
671739
257902
76580
256149
750724
425867
580178
336856
381457
751395
128319
711641
649759
808897
605334
231612
19307
655990
612019
411939
878070
18280
438247
772457
222392
545258
712264
266345
110237
350375
399609
587964
656448
660280
238705
833758
625411
471829
593098
630418
841160
468616
686376
691132
839823
146877
826403
293324
110189
752021
438163
128315
840613
790074
623256
734221
825702
33037
839651
49110
290816
811515
578405
844954
755363
561358
281106
333709
90519
718912
24720
548889
652274
338218
558082
149533
45241
811578
591756
185522
793527
530787
599522
423657
376915
339694
639409
241712
244784
813103
820650
299604
515942
83698
380263
612289
478713
817492
66203
81348
219123
738926
376666
266353
591811
786476
233601
389376
804049
750204
652132
522067
356668
469634
328243
76882
493074
496009
170248
809079
530636
160691
502927
799270
476196
686545
101906
884436
840627
405838
306336
600329
203979
716517
600506
725087
684174
206708
539802
195690
703306
751784
27968
250002
883025
129496
595418
734971
507929
352813
393038
647398
50988
679582
893576
75024
833421
419163
400667
268248
858984
852736
442294
2974
585012
633481
599940
623623
792457
72260
428767
732509
127512
860545
150003
83
808075
610406
806571
877158
770169
612896
218650
795488
459110
143604
347879
759958
812821
665460
850422
332016
614027
421005
836815
361865
584290
569660
596334
811308
9318
672801
7622
886878
102479
339436
660658
542779
155996
84019
533978
365849
101032
415813
231102
208009
834988
834233
448290
261756
845073
553216
131094
418337
505712
390426
451937
859180
15464
696836
290633
707283
58458
155982
396770
597138
112965
513035
250705
306030
395001
130466
552795
95255
269786
629569
259823
877254
222483
365169
286508
331590
651220
114404
175312
718575
267946
300907
306719
235501
51642
652708
754060
473119
295673
372273
311207
112347
101291
193316
856707
578351
187766
735862
312131
610403
109250
127895
255360
490202
189807
704895
770361
36952
115955
79139
710264
692893
481551
223428
137053
583662
69612
324225
882473
860821
320503
474220
772137
517759
221495
682906
44701
144771
893255
506740
695460
93059
451540
331435
94022
372107
67732
486216
201086
120502
83553
540065
142241
539311
244113
638952
835855
809365
532371
680189
179509
881784
403816
708196
723421
693312
441756
263089
505587
475406
532832
132544
265044
465177
651013
850881
571509
547098
311126
30128
440813
181092
793138
583075
105568
102666
854917
783484
577097
165765
566243
278622
436100
434765
525984
136669
380213
268996
685999
708366
432984
808498
522228
265054
730278
510219
192840
526718
541824
519917
107401
205723
750460
837030
654843
137516
783145
120018
25952
399204
822112
244129
843599
174344
824297
252919
747347
889435
715143
666062
740131
502100
865633
540822
867801
825745
563566
230236
92562
705509
143292
591016
304513
755372
752413
364352
661520
427328
811503
487722
355156
433508
191495
567407
260171
148477
700057
279035
691157
630913
442086
16865
446508
580615
379554
94300
697826
66558
727552
300688
612085
894554
357277
458190
355058
806889
545382
566390
161475
90723
222887
215895
58454
278720
186577
509042
32428
240067
340455
174301
756921
368980
272070
403267
332223
127436
759214
655400
570658
207657
497041
97514
566664
504033
366582
88068
496271
149076
545930
651052
150410
386330
269957
537244
516858
845243
11092
696462
458725
736093
222569
222560
311637
81752
250427
559190
872783
626790
436698
192639
321710
61302
243219
554640
399261
334815
664796
303053
646126
894258
512990
841286
436953
396808
174940
535998
331411
471610
773220
23462
516874
474288
769488
286344
666139
371441
180537
222560
556913
887385
458938
695909
403643
218248
612572
842789
211304
2807
532611
258254
600737
506086
768244
775017
14819
690001
808577
682144
709559
435265
189715
832800
590896
657182
470707
289210
90977
497794
181653
185988
455928
158153
190241
244861
377947
432837
400799
778733
430013
425326
30494
682922
798813
430678
381250
521911
57628
808378
626216
518471
457465
536724
19478
352959
834186
197197
204228
884442
335641
742385
482369
15078
457753
879675
59236
213579
103523
590735
239664
739500
362929
527654
543874
77286
138358
672900
334074
722325
702105
234245
102884
254806
440236
98934
817442
643495
463757
654721
783992
584651
456504
587072
846291
194409
623750
627570
424758
673492
294887
342667
144259
608902
289016
246213
740899
859429
242176
514357
50674
277671
704877
48664
790922
94930
264454
405421
481418
358076
539948
572636
305250
508561
411634
617651
69822
579507
175606
58866
202509
865276
755355
333372
822253
792543
138852
284622
102836
116620
893871
874636
140381
446610
222252
698839
758349
623518
75769
455515
839394
767042
875323
889380
35383
439633
231611
847344
742966
807303
474203
552223
777947
783462
867283
400328
161792
548795
309516
46246
232458
688446
269815
277775
704239
423480
729003
395684
786275
674815
564346
458372
427902
881309
281871
313852
119019
220111
291815
212633
100495
110697
459369
647358
261716
566519
289986
749457
199634
292030
554081
376239
318713
323584
678092
16704
371805
159039
358237
483397
877854
844985
69021
842190
878130
535793
345500
146152
543058
704078
509770
839892
117886
262685
748916
596562
398605
665042
345534
184252
896854
124396
420281
441711
844788
582838
109762
537380
820921
294249
151351
806494
828178
635247
438358
838683
142163
339586
357076
43821
36127
815123
643959
717059
515861
55399
533137
960
239162
380828
483289
744589
731264
707145
296488
488682
70704
701347
160620
553599
56889
670971
559884
416145
503828
505989
6777
97233
394259
20244
668877
764718
856870
546657
417700
219754
126058
25067
575763
671434
708239
636888
895849
817191
130116
129689
510624
306338
559296
62475
685408
483381
27440
539354
339217
308580
499704
596256
78522
439698
490504
18475
409467
93775
653149
779421
11779
809743
798000
511885
14159
61718
790911
514571
130080
537552
103158
465376
367224
115261
858490
596275
587920
830505
46162
607528
763353
766298
160242
1380
493997
765026
383365
242348
673041
457077
361014
878122
382154
153236
683547
233105
731384
789671
282623
825400
84147
247146
32330
592290
302817
364830
10608
793407
810866
889504
302675
822603
531544
333239
521301
668820
751110
592647
14750
439193
665315
656290
870821
807149
493579
362494
213599
476571
23715
265314
269282
864484
766935
860346
59925
186308
881361
669066
654454
88914
359736
412158
579367
559366
810467
443712
136566
633909
778168
21059
494791
594327
494950
859612
118656
272586
216667
706321
403217
285455
278403
341642
208061
398642
392510
782851
120810
675400
575292
371779
467009
114289
177367
28263
222178
274876
737421
132440
742856
790154
794489
78043
261012
729226
668685
107399
63129
248708
288046
178449
328867
150865
312300
568419
503556
654343
536989
327243
120285
286323
684725
197327
197893
370335
721699
315327
203481
3475
108139
18499
222528
517687
89851
700531
221338
161111
864717
794437
651013
483615
148408
734817
454219
462950
518835
374417
386539
787527
95847
796404
105058
117961
209584
214322
565462
899137
6800
837001
369823
301326
40080
201189
741266
128034
773428
173391
779371
829280
893433
517852
402839
122048
398381
170502
460764
98800
77739
614265
451589
740661
540114
892995
616333
205167
727170
203182
489063
193178
416274
279498
665416
680432
207760
480739
164722
685260
792502
465170
225277
497322
56517
614223
605572
523691
412161
316484
541450
839924
354889
794685
182855
294261
287473
751516
734130
413031
239006
251113
235757
290991
512637
658630
491432
10431
668032
540000
868787
241564
20662
271809
643523
256666
138694
700707
72416
482307
87208
627007
568329
791926
217728
101828
55044
674828
121303
429123
636422
301526
623128
569158
188731
789827
851780
757537
806451
207966
739155
1920
594121
383827
199432
340960
702577
356946
665135
68891
227934
254828
184405
117595
672269
499163
869732
471503
338897
139006
444762
682555
384092
806113
853765
720329
826406
359323
695293
751390
280957
612081
857246
666248
527018
194616
682080
355219
126876
186776
678933
131707
111251
795051
504286
830139
429386
845253
4234
860516
232834
799694
395372
274889
520712
54122
664824
435223
457826
712442
125978
395490
660283
398140
148148
334587
175464
356845
547218
226782
552630
730382
780458
326855
553618
411748
504661
163108
610485
650457
877285
530086
146250
826497
598435
613681
447198
80759
175110
822355
719682
622693
344881
718577
343231
239394
115049
534813
889784
407478
532817
171140
380373
625594
154085
704100
304881
696794
768784
196122
104513
769372
696106
877529
729118
337178
728113
806359
662226
82762
642882
865985
13276
896736
538804
263183
391167
180041
505042
182898
741997
882072
38131
23018
598763
348638
156792
418132
872674
897842
384097
563297
135842
36432
246700
414626
134994
50878
623691
528766
810232
216969
867680
785958
250273
647982
862040
378368
803726
586740
224130
276799
184348
595767
747915
847700
483118
565696
277783
707198
506745
808175
69629
53660
557452
662683
853407
328835
630329
593968
168229
176364
695173
474903
750421
685029
574888
674643
523185
894087
184736
526087
351310
827751
552089
594998
71724
414726
350737
511266
345526
428227
663307
368406
83160
743985
88883
227519
810328
805667
753544
887797
316723
748707
52811
516727
855477
574562
627555
567700
667924
284425
680426
873382
397321
409166
641655
880249
392940
428611
511081
349642
67435
473961
483692
103594
173254
891394
477259
258178
242794
1187
754995
705424
604905
410920
870528
881231
110898
502177
15846
828981
483250
257738
191486
514645
198951
439161
218635
617765
829085
776656
367080
548731
504391
34003
531024
52080
380251
194867
872265
2310
228138
875689
368461
657414
276730
561406
867543
571522
394275
612487
230663
749977
650498
853902
553650
692504
856125
149867
533833
834878
720116
113649
764131
235096
94272
817733
797802
617163
616715
578154
122304
822897
593675
479384
863531
317690
790620
456427
553476
516755
25913
389655
49528
317124
250615
888600
877657
832756
253598
224968
654660
891719
362597
814602
441167
243111
124777
106692
500431
257664
742121
210761
753795
768005
723041
13716
349633
58321
726146
106321
232859
646056
594826
365749
437998
410524
767301
648110
808679
296555
78271
536596
433553
869253
768068
317215
376575
16395
757143
119762
161010
835923
839019
568597
318824
746536
43521
777409
855298
40718
22303
183317
38929
349156
326633
498341
803580
581954
862527
553138
310544
613282
53811
19636
211844
664507
38373
877651
539975
899592
764573
787702
12553
804679
497892
747154
876867
564349
685247
690020
746499
654134
216232
846266
358648
187595
135211
659180
164119
757148
448027
105864
34824
222685
218063
147275
693360
20366
130588
85227
751419
582433
839791
509649
189573
865856
334311
565284
863110
664487
5037
267520
720216
70317
242450
611558
241734
190752
47075
428589
301395
517358
678219
69558
683907
895808
3301
707485
35242
180801
402428
41355
748335
505212
466370
851689
842109
272003
85865
235983
821670
676844
833057
406202
349652
883830
705487
42843
366318
135145
711398
666348
14723
358011
73700
451518
7990
719919
461164
897103
212262
244185
583739
479159
529080
294524
891881
411041
435107
597748
323135
182486
127288
406511
51407
702260
793996
766645
9268
735998
137668
761385
33703
621006
276124
255592
798874
149414
328756
772911
402997
669667
9047
227577
679404
396402
282217
262309
32121
722301
103948
719318
887611
17598
371919
666164
526346
316180
572404
141103
508949
604659
327196
319684
191418
184854
298066
64441
521090
186480
280624
349122
770423
682623
591474
712742
461858
665570
47125
437051
195397
178369
564523
665965
431090
117387
221567
561598
157990
336317
202527
669032
323270
828286
744522
256798
876884
450856
859384
89073
640270
91872
845984
307341
388611
49223
804074
433955
80562
171721
91154
521794
601410
328018
893909
28511
363768
12832
454364
104947
850936
419988
572450
373699
465595
769986
184419
831515
222216
100776
805411
368180
665458
737180
840696
119285
682479
853309
526485
116725
742833
43852
285395
737150
354786
837203
414654
7085
652864
172067
739962
599286
714931
804828
591633
130757
439239
287685
888570
786047
496907
644315
157222
50503
296452
234438
393578
172956
541006
756231
96164
407359
629873
115918
364301
389235
382396
443369
669786
99645
280896
349622
761806
199979
241195
126585
358911
639185
780416
564105
798563
529614
576592
373092
413335
316973
85047
790307
92523
78376
395413
48393
151790
653446
616871
761237
482034
189893
421537
9974
664956
209555
354475
697342
615306
329174
457845
407183
511393
861228
218296
482930
892881
63468
531723
765639
493223
27435
403263
689047
526480
428187
547351
58341
75621
691534
560999
94915
789144
501848
706504
335648
719544
699602
172756
656767
567140
819867
473541
20291
204874
462457
117285
272838
462299
83517
669169
372649
589645
313637
771055
748006
424876
707803
507177
392033
476670
136666
411717
213181
720433
803440
24258
116394
150308
895903
362769
676700
823151
178526
205901
23384
840559
267997
565337
446759
520210
189798
364789
357005
428187
431390
860189
67315
676563
847850
618718
444096
421901
511823
219796
198854
484915
876402
750245
780665
465874
185406
858036
266971
490079
693635
112612
267314
845316
635
331913
809018
69611
524489
810572
592055
621158
6171
873947
621283
415385
706030
843178
73862
739045
128272
321482
151140
738033
115104
353316
573712
91895
32465
293139
426430
794952
328206
687163
374261
427165
606168
737385
324995
735835
767723
372873
234795
145058
239775
819358
725754
116082
574921
594946
220696
120283
407713
735834
730617
752191
526143
764436
851283
341638
425503
643456
670666
67486
278339
462952
707654
649709
324152
457486
176902
174165
845584
81568
808238
94146
145006
871610
361628
524115
706625
738425
716793
646594
288039
339095
459370
587794
712915
865448
304358
217236
237066
429904
537730
96502
613863
647422
46952
403817
180478
57449
629255
708621
692125
244774
154915
208539
155886
798275
647309
663118
357689
169475
237389
880271
19942
66711
654555
46236
436065
39733
576878
238133
532214
766967
508044
796514
283132
542546
517919
194468
107118
161201
347753
298455
194644
580014
452398
212992
682240
308429
810704
341689
287348
606933
417624
325270
330785
826956
518992
305171
658923
393870
547214
18428
194088
79497
369610
450232
520039
535607
395056
706611
485581
831993
495153
515687
307450
220013
716308
377382
525354
345228
130282
105095
443352
736035
574111
559498
597565
544107
745068
221258
836118
408487
620874
371422
443076
742682
848353
795819
329644
523490
228702
775498
617535
322677
898787
701297
16180
585878
247096
357057
703408
887028
724735
704556
348264
780160
256677
467648
885245
858504
477556
778709
101639
760117
186950
879407
207757
476317
298229
255471
859663
172678
424173
163068
233607
521080
242242
717994
37892
433022
798
687589
121622
508313
11699
409564
742536
171648
839406
558540
294182
627223
257036
792744
618304
86699
649319
505122
74983
727656
558345
590521
866933
514647
131106
607999
314889
881368
279636
745157
718895
566359
567082
341157
84894
632814
549673
670475
393467
669175
227391
188674
574812
379756
687640
89655
343046
809630
825360
574124
189847
59502
502562
650683
671616
826026
666591
734628
485322
432263
824987
606837
388474
560952
603969
306518
404207
244553
696166
58734
711879
41498
584539
417461
233186
690651
785404
74486
637246
483105
201189
42208
100193
843234
472453
515243
555445
778738
850410
413538
49486
640443
145948
621808
259399
233682
501862
28715
283883
794844
869166
408312
867375
595869
407910
417721
852828
225400
401883
493562
341930
149064
687115
521172
587496
538841
137332
744731
678521
722084
306759
466539
519512
716198
50874
772202
449756
424156
414941
290617
746006
563452
672005
816541
627671
591059
543236
19748
411215
701399
277434
617334
448976
501192
364197
805978
640401
632712
435763
240897
692974
871283
810776
876147
318221
723325
12955
745141
751547
490151
758347
168660
804885
533950
423439
413457
163811
495056
846970
394280
257854
73099
769757
218078
720819
340052
696439
323782
14623
811489
95080
351760
142490
177012
866979
702992
473264
416820
654977
240134
389802
428649
505426
32303
431500
308756
165583
355944
212151
709129
387627
132570
656174
83178
597640
635206
271574
188225
103269
790029
368215
391801
899669
552253
505855
66809
868971
756756
122086
150207
834673
567698
59276
46005
316184
334047
847870
600019
229898
775926
269527
154801
77307
452781
672547
301414
707134
800834
163967
411042
726580
880739
136028
704292
169983
182522
595555
102073
256468
795187
853170
127026
761775
381036
168004
639232
702273
792216
811407
280303
97380
218767
12487
810844
658863
466998
339808
584308
701988
720262
716721
646379
761831
581052
726707
584470
6666
216541
298504
306917
419011
691107
312825
738304
181055
798952
478584
755357
503055
366189
882020
427355
345729
584776
780523
743999
443370
192809
406282
551336
834879
80007
680591
792881
67362
851851
75231
248674
61753
602840
706420
394387
15227
460182
48254
113375
34244
225338
185227
363777
716456
387923
59073
690317
712740
181044
152551
58893
732176
176441
592004
783830
142768
627096
439327
607239
883050
185221
238117
13342
460530
586497
71978
117367
685952
509536
294150
103841
24419
463670
141376
424927
875471
406046
170281
137432
95730
105319
171039
92635
272901
489403
244914
642386
457534
724972
444676
839778
832834
312574
440393
346557
264919
150411
701773
347652
388567
894295
684885
397244
475616
728081
772157
302763
842985
200706
830465
74255
747055
58453
539255
690236
371086
542339
706138
68528
866379
797017
829154
299221
110
72681
899822
530194
520237
292554
329795
130670
370467
229549
8334
434946
576671
145661
337381
326394
321433
78290
750348
376072
25791
141714
86292
79428
481070
386852
740637
326916
476444
66803
334620
588468
537938
359419
704792
788947
79960
802387
623919
852010
329160
642966
316117
470409
354884
859120
97628
40799
13475
555138
582511
490805
745510
811602
54264
109960
203465
365363
395202
862626
880149
565836
102264
700372
384819
598599
483916
162642
661019
473240
172916
895947
700810
766472
279247
886403
666610
302429
727110
496014
413867
50056
668333
590731
141735
656010
102344
153915
531044
385411
287210
331678
159322
554393
562041
288296
47988
339106
511054
461796
511707
883055
210264
764837
797038
837749
498304
234373
701326
527768
333383
321628
703286
253237
573035
425503
155623
9645
67560
743474
32033
158346
488028
297579
571823
629967
316227
311141
728761
54880
524065
482813
742812
807307
847390
92397
721111
467857
591723
596259
702620
719925
489251
172445
255111
671296
701580
876803
335434
423503
658781
831328
265478
360570
886234
668414
262487
861377
806074
569502
278919
363092
107913
73713
522306
205951
478314
450550
701577
207985
473204
741425
402656
880232
36926
246884
411458
577627
720917
263372
521524
177380
656521
790426
84951
28359
245480
416300
436439
730627
288930
183592
382784
265748
791500
26804
15025
285954
595616
448277
417864
847721
774529
18626
57213
167142
106268
254533
206763
59003
815913
862126
465481
508064
413234
689203
74326
589702
362315
251847
825907
482185
65759
696885
372234
462193
545323
603642
704140
474309
110499
76861
96153
526925
321011
759436
292312
233378
588929
11156
858727
200212
631501
634364
400076
617047
226714
100479
770025
813355
296614
617476
70350
110823
102773
735996
781865
599522
40044
637879
857624
403133
631353
445251
864511
713712
56144
67650
238837
225391
606449
830022
857753
481273
881221
46060
176066
526622
346694
322323
800852
696810
871166
568439
569966
613489
185224
579918
171680
442937
573171
670399
474617
648639
115589
412762
809119
346983
733340
254743
256728
128451
354384
591631
74693
461759
296692
413361
898863
731847
521851
534466
681593
520534
645751
303508
105333
390428
699900
105634
873586
153195
256643
111397
162323
736894
514571
228246
524347
394117
589563
875777
518245
253906
556738
242466
746960
79578
121470
158526
568535
617256
594459
30208
853150
155588
591188
752559
530440
377627
766133
386473
638118
298475
207137
87583
74570
319821
338991
266604
763929
5920
389839
829586
329855
175854
10891
874035
4957
553213
115016
5545
299549
304020
404652
683874
331142
339399
886937
513820
29963
664994
411863
339801
70365
407918
813617
45247
315489
465154
568277
220815
20572
804970
815295
59423
325771
591756
328367
761750
522160
780189
719286
706308
545734
27263
742320
862940
66453
374101
55148
397071
733569
27621
516455
125573
151677
525000
871125
58586
253917
853105
231393
193203
470185
385687
774893
15996
291309
132449
582450
251392
440109
806285
148011
37284
454038
327485
490381
690176
196016
221951
283662
565563
647311
840888
562087
557730
501513
88108
479252
493892
202914
519692
329784
274925
30083
435228
11645
622845
801289
14336
533401
241893
453529
141922
526028
159453
158097
23075
215686
885061
456474
90620
267237
636726
754617
561487
304732
537539
619397
858127
255888
891570
544596
53961
68188
539153
400046
844077
812404
587766
571906
188157
478758
626392
531991
365648
98460
601571
633306
795043
569534
104252
306327
752030
390549
879698
787203
774047
237354
714237
107286
475109
779181
493334
185494
245626
423826
609906
46286
190301
532245
831035
849661
713580
681246
867981
803595
607499
224544
121162
757111
71091
668539
428635
558123
32826
892929
553412
265585
187322
552566
751267
784607
129249
583152
583460
389933
868373
608990
608100
488392
631746
155141
877920
491742
301441
603526
115481
195322
103110
492251
556134
281738
338246
34144
549430
637371
252867
527726
61633
223974
46934
383042
287113
583716
391768
828669
207922
429469
413581
406596
856891
229182
251757
132744
586233
218057
543440
189728
353903
513382
660406
664722
821419
764984
371184
679793
366271
218794
804526
385151
813947
723016
28486
710580
116196
158153
861982
9847
844051
724810
208758
277129
515180
334711
465685
830529
50745
672962
527726
201009
827651
200374
582574
249384
577997
107780
272773
324049
337197
654716
863663
842457
552775
679609
16414
898190
784487
16595
406982
504994
178907
105688
653700
429743
454059
460948
295372
299220
111830
407692
825582
767070
898410
397835
434435
733474
597887
537236
130298
67718
771409
797142
