4948
784037
458603
470059
465702
689945
727199
416951
382708
212362
258577
779636
457269
426819
874849
30369
813268
708099
306189
120643
57738
704626
197753
144237
513789
194927
70750
596898
940083
584068
294546
203473
90161
7355
667631
653374
932084
543946
54243
302466
896139
774569
765268
429417
285007
209285
55021
569785
762880
811533
743434
484690
651646
450665
248124
311153
35041
346186
969529
451406
967477
982812
709091
840294
600981
173656
595059
576083
243874
739191
981634
192662
735969
77953
762228
393527
103215
789251
262273
740547
657313
161567
214817
14197
920380
87998
443668
847983
433613
968672
43979
868967
155367
186003
489718
559263
444535
945538
626731
91084
741637
481317
183088
230808
379785
169942
825893
161411
170984
676676
931153
569444
422666
862656
717447
574862
807512
619893
256564
4302
745111
250932
403656
731408
657692
750253
754303
276449
29867
512699
458379
601103
294448
353750
329376
783020
952793
797804
876955
208818
572878
165001
286544
743488
555790
255154
90798
558530
243623
247634
26321
802544
230482
22092
690917
614957
336552
369135
728817
76367
315141
511495
905799
977662
580984
319184
93255
671797
924004
577350
754059
36518
892726
122456
527986
321402
711682
507450
507532
406966
211517
991642
29599
563513
562449
712746
780180
811554
890529
920092
728897
887566
392153
176044
96980
804990
632496
624727
167128
690584
796669
312297
568743
969412
490099
795444
687661
939575
658619
277852
217172
913228
911532
87184
950033
427214
909802
50003
63947
177682
776728
590584
365859
7233
891259
913644
813796
108916
732332
378349
493129
402808
345465
787865
230629
261617
277914
496673
976179
58074
695691
704412
957434
329898
768778
922296
751517
898258
275823
803339
812669
160099
766499
112711
817099
216653
235966
177164
601197
828931
773569
963608
538636
450874
749805
133274
237496
92751
70014
501604
220281
766536
889031
497214
389491
156786
605867
266646
696756
321194
767285
780950
88670
936504
647701
560718
484460
98518
907256
278096
738530
324302
424130
903643
686101
567873
110379
174831
472084
321156
527987
149759
173874
179172
254083
358597
200881
833610
108514
657071
736589
380410
19472
942327
668514
445685
593347
485904
4410
428735
335547
849404
331191
688763
619204
850875
217369
550194
123464
906973
943661
546546
547150
285177
666259
742483
338323
54902
879530
14037
456643
492294
331994
529957
715284
81459
715645
885438
807616
803729
162539
417260
769693
314451
231712
935724
475610
476922
830540
547312
942232
790376
438200
191231
405282
836307
427472
811960
168267
267093
573649
744694
379171
218912
359439
480655
162261
855182
265251
132663
772832
247254
872433
441666
610096
169243
662930
155591
598872
684446
980258
279776
326639
364244
727783
47373
637956
284115
299868
494328
80575
511141
106394
389075
629013
808319
416226
551709
963687
251340
8457
631236
643000
572770
346304
80677
333321
558166
735999
478191
132371
621099
972558
894501
398560
136613
525104
555394
872839
204220
126828
758774
80962
517164
141817
743823
77997
939369
111045
726771
813022
885744
19554
751113
369115
586489
879054
673144
429884
695753
957917
458247
813662
400931
464901
9892
201857
174366
62598
130176
776127
697234
93108
9943
341930
547500
858402
932621
232000
177633
369005
861940
702541
869759
69986
615211
36446
734111
373133
242400
835421
712759
346463
396789
838286
889548
433338
332864
351333
36676
31133
375021
507009
540313
676903
700991
391817
206250
2825
688691
169762
89324
656461
212677
516938
277757
499837
750348
286420
864281
378737
913344
858688
217445
469241
438428
18166
935081
217827
785822
552031
22619
979817
703148
767905
965270
504506
473809
991733
704106
738723
735012
163558
384525
220314
694409
910311
930478
774183
402193
983185
489514
587376
596797
282809
281176
475679
669984
460075
310079
230897
434466
691077
115047
624414
199776
846385
452236
914785
921073
474880
549231
973795
4100
43680
766152
247112
265829
986362
163798
368021
576158
513834
319126
579131
813754
185372
786386
700293
27685
924223
615568
711771
311087
218089
271339
682289
826351
318279
404608
426255
260996
519039
856959
547325
151735
310180
4449
134730
242108
360085
364344
532281
709591
849651
355042
121417
172444
709756
35351
742560
173007
251977
216162
143827
5993
647200
926765
583252
28860
95287
454004
299513
764718
766982
856604
183461
263073
439367
651804
3989
599987
539021
621337
806665
684385
142910
579728
368588
50694
875439
754029
503586
111682
957338
431672
201166
768885
380350
328367
59773
492075
362708
195566
133074
965586
814633
180619
566543
852710
552029
499454
453661
761837
169654
981757
348152
856414
666465
756071
351417
963805
855879
454806
830209
461217
338504
432727
358527
829303
684887
695926
907423
977759
665458
389746
5520
137428
727036
350863
469615
187946
661944
190859
39061
855247
54308
985256
169850
458099
805232
15592
530948
6916
909850
30807
115888
265362
334951
654530
30299
612562
861631
984517
395758
694334
916902
241602
101988
685529
791251
916398
652154
258833
769775
446149
477682
516989
549547
671582
130115
83205
775998
264281
707616
597344
616826
421684
796451
38840
904586
816509
372886
403691
599946
186722
882142
783211
686787
662948
952389
675781
764353
951914
745570
104127
217107
123122
29351
8986
251423
998562
701191
413942
980895
56636
314882
742357
445692
314736
96974
391735
531973
845644
165220
161573
170444
105615
174116
885642
699421
932123
153957
309243
972828
76872
809821
398488
624250
856597
185194
591242
127636
601785
135291
710188
187304
803672
100829
155974
463988
950225
59046
335092
420141
700020
770872
460965
673881
732817
480242
244479
807177
16491
640121
534880
358007
384332
623070
199360
317112
403506
563821
592306
805725
997543
410193
377481
628844
834670
357799
868503
962230
641881
655645
198865
649941
736312
276422
552014
94980
130028
142206
402798
592475
710809
499125
91351
856549
439545
962585
118619
723359
664462
403748
122230
373584
741935
23231
297139
579968
825604
409170
619693
218774
623629
931689
165683
637457
239132
515204
900485
477859
784803
569851
986491
896037
987368
855308
268741
759675
606485
69635
137549
774022
960107
491972
326457
368703
837015
564792
947724
302582
146717
578770
326380
630696
840433
166781
547774
591670
461604
528932
623469
455432
600635
277597
83722
588093
96604
685683
550286
309325
476834
301838
199418
274366
885840
623361
857055
247040
772961
42096
510650
949925
125821
64604
399159
116031
483592
965517
32534
557592
115221
849307
78763
835016
263160
672856
642943
135031
395833
313629
875924
920240
692325
806000
125254
731165
904958
496207
179213
524261
719186
793179
930655
973279
452777
295204
970035
169457
888408
919053
736671
204937
697970
439516
644066
472503
855134
76641
500478
56166
26564
321535
916670
89910
189665
411100
725462
378167
683707
524129
578727
880259
351470
824110
444065
773368
277668
961374
34499
385552
339811
194225
294398
620512
526464
364508
969975
333546
782129
849002
910316
979742
640064
624205
487150
836340
67740
123525
267340
298207
484874
214956
259472
1454
409784
834523
545571
952708
482866
341245
86347
53746
76846
308398
590677
748014
671745
375887
939150
261555
848884
295721
285227
334324
618674
863099
289096
470845
713880
711650
523981
488809
401391
531363
468909
419066
761334
764504
390088
427096
838103
137205
52465
122729
335932
668343
724745
929673
697211
258280
713738
30822
809901
196177
891040
443195
312668
157564
538289
316903
101466
539812
858942
24425
99438
73211
33697
888955
325098
415320
116790
974536
591064
540732
785750
14538
560275
294847
971519
677060
71281
155740
841807
426585
554334
563413
137775
803208
740164
46084
242573
698629
412006
877184
794177
514997
885196
986920
857937
447301
919833
656911
288080
159654
875576
488964
308961
513769
549941
474876
973273
798452
643816
528799
550146
773727
150667
90796
471100
864750
818925
268169
363327
555178
632320
456043
581051
308318
960972
82078
995040
556907
6278
676529
505466
277321
555323
502018
198451
120922
392551
984994
92732
951596
699171
836836
579719
394316
558394
281799
409708
283585
61212
350717
275179
677612
254187
603031
770961
406970
710643
126032
165875
184067
352823
814131
787543
671746
434214
261097
653427
513585
301933
627875
283853
69377
942182
524064
625729
95539
297581
299099
954081
935446
800531
904213
494710
604381
236524
38074
919845
161756
370691
992883
687021
678623
497262
438919
575821
9383
673340
316398
672387
955394
237386
150772
320238
80070
740661
25159
967509
102826
203689
980445
304704
238976
365080
305156
191044
688339
135431
729927
612445
130649
246914
859642
492467
35541
877296
412643
502655
894604
901633
921349
529543
812833
947267
215434
312325
16847
719060
394636
121254
310787
172978
57472
533422
208724
364847
571967
30840
756960
529472
33842
169499
296004
702260
838554
81769
926967
979137
692154
852433
53636
369593
127457
227620
438050
178717
717272
778420
552689
641352
472228
100825
724627
927756
57656
335309
463653
794586
143482
805175
460441
547418
722352
772805
898225
206683
558471
881778
115802
802020
355200
203111
828579
698601
423735
381438
257624
507929
999377
520865
375487
96020
351874
864913
153966
321274
925561
831811
867591
832223
752808
776356
762066
756635
978035
142397
627701
772605
313204
312818
156114
889887
249129
277349
174269
418580
120379
947064
260057
205758
474284
827119
308686
52029
92380
241459
64424
727874
327223
585202
92495
485825
850942
486500
534687
88517
599537
697001
433188
386973
93526
523150
507763
482740
873513
941295
514279
872318
375136
963510
591095
207503
951258
737601
501041
569734
444259
169250
616213
809254
575718
49856
944464
772485
543984
220634
881236
222684
784029
815660
688464
214463
88033
409642
388817
431400
9589
576489
99765
489900
833115
172701
998727
216143
789584
925885
812860
62643
301902
736899
507657
78571
952443
104015
998111
7405
80113
251691
561348
910118
122923
451817
8143
477160
812936
339433
558528
166527
198079
919543
227450
11553
523744
37521
582238
811651
593859
358214
689604
132360
557455
702521
907608
644436
937001
247301
477327
912319
850166
1659
494853
238694
624975
397638
872693
556315
932737
190512
289044
365628
192765
791293
411402
466145
305762
736245
776462
791855
578661
401855
748316
856265
294491
229033
192790
334503
865507
846020
542517
317758
937971
435564
18538
1183
501693
580646
386261
639772
389693
446114
882144
772452
386338
875487
28410
614448
634774
456942
574700
937622
664556
647374
982233
877307
834342
616502
872150
515302
693727
847986
824228
913583
798747
175397
768838
293078
849321
716269
490883
787696
740531
738851
342010
198011
506338
903297
851741
246163
748016
348127
568588
976894
825227
506774
965646
684897
122211
282821
668974
808022
410641
741362
748784
397141
709283
559432
670638
343694
322056
90814
633620
929497
573013
965017
913140
608581
668913
240200
894983
810893
302499
573165
292033
620201
747702
165819
324112
410496
515015
126970
888112
918778
720363
466663
143021
120628
640511
356089
551991
126157
538317
412927
890075
279069
940439
168741
584996
878982
120900
525846
987661
935586
397668
53627
734945
729628
743714
475745
270321
232538
294533
336824
908274
913880
407202
991031
278193
914064
320098
841437
28467
4437
994604
533843
286125
230272
196143
741614
683804
312705
568653
199952
915650
890391
18727
512622
677375
944794
294273
748204
627336
230645
164050
899683
475782
642290
321899
352005
480397
564078
4865
727448
882615
806443
228761
719774
248989
572612
813199
195926
78257
663803
998978
950362
293371
777454
413535
945449
422382
24041
525257
875135
728166
914581
503010
622753
123393
21325
181817
879925
343703
697233
286608
708621
680343
450515
490824
120132
452735
383407
734955
900545
537783
343864
570454
694297
647947
282606
275713
971985
505924
773451
381613
868224
639201
816956
605160
372691
357879
116717
410560
922539
895330
351869
895170
506529
13223
965265
695981
395433
825832
11204
96312
226900
377666
941436
676733
449071
555271
600920
541185
779913
1683
527557
889184
821394
743629
982704
994842
308767
38076
373334
340596
231883
977987
660151
534924
598135
879611
481064
917821
737265
756907
866504
573930
821106
714598
664906
949419
670593
667906
925170
860114
688054
351984
668827
507609
227481
230461
783924
988393
884137
423588
254731
971657
853368
937101
545665
816609
696755
208038
647582
934762
113344
142429
787389
9077
704448
198391
581480
367508
579444
147728
108158
714985
496764
146479
895057
374601
136185
943557
17036
137484
226260
512067
615121
26739
62680
172373
400417
91767
694779
101182
735541
611114
741114
83537
179753
757516
467298
870473
459480
51693
340266
88518
436995
181369
393021
525028
394730
157669
346071
70842
292605
15669
318149
14444
898412
47527
484750
928814
261019
513343
195504
58581
837489
200496
819139
424795
346896
213924
389499
145711
341343
936297
294153
245175
483138
465656
577184
979299
286635
797218
274325
160815
321930
919577
205919
36981
4256
918232
260542
403052
480625
515248
539449
534401
399960
451184
134207
360336
815732
612401
556079
339263
138176
609723
658803
883703
162497
889239
124295
811264
516504
308019
475032
142776
849143
717099
876359
81136
530224
396154
166988
703588
318313
289148
419768
506644
952748
699231
279058
12739
179419
34214
481187
251339
504065
777817
503694
839707
871299
780493
338135
474063
887093
733707
769796
27178
159945
839136
95392
70387
746402
325377
464604
511849
253126
425496
508497
766947
6066
665391
745825
530249
322120
142584
178299
878761
248292
150454
905596
664951
217548
362252
470643
86116
741509
250848
961469
158745
39618
352940
531023
792976
429752
733281
796370
178959
535693
35448
639209
319939
210222
952406
179150
607669
513024
641050
705946
282539
576366
49159
862755
662301
893665
318153
966783
311250
132814
204006
905511
666071
922153
629954
869880
822556
332791
381262
552659
974251
882753
291727
582243
503174
232228
435398
570430
74651
562373
909826
225125
287910
738147
470654
356710
779812
726469
132471
525729
863023
195922
806735
870119
365883
37695
29847
87421
436523
93794
714621
450945
802193
638182
777425
278244
53121
862232
614261
480917
907664
781341
45601
564927
634734
602886
289681
623720
40349
802940
945292
622074
538573
5782
28304
901151
59990
587593
891615
293509
881425
264959
332064
646977
522003
946112
541172
147920
120647
673357
342806
722296
792999
36620
785006
201740
313175
125021
983154
606543
764958
126154
664825
941488
164098
572445
924318
24884
156094
564940
893709
764338
217826
265744
821677
315447
866504
874196
509290
56330
134446
271112
774622
196937
597109
576148
60443
779378
382453
704170
428183
197566
462586
157684
209525
243687
684320
518637
571308
324747
34118
602700
139478
418920
610354
3226
116503
507399
734721
614373
637032
59062
548553
769165
398271
64813
453389
367803
955933
493715
7580
984946
835891
531480
768262
144893
425586
139842
745340
632584
732654
470342
612483
271115
324206
129100
968277
417633
667538
895382
763604
84727
384097
548217
568619
436447
838255
70089
690884
921796
66407
247187
881055
34616
111931
200131
727509
883753
134245
813670
676202
750515
455512
22346
849224
664335
45704
408706
162078
47720
267155
213574
306197
157902
994634
598519
598762
734148
130848
808831
895788
429812
969582
373463
960660
927874
967265
837026
710972
848317
436225
75191
774526
63474
268254
804156
959402
821851
65689
387181
172323
201205
591820
232828
525398
159791
421655
98771
347032
811454
667592
58293
331228
936909
584934
230082
592205
193106
455642
820249
348238
624892
498811
488984
696524
590280
629045
369534
828988
857395
361877
776818
618294
112330
846195
783517
959598
740061
801212
312369
553355
940242
326234
14605
489829
444629
30787
975737
366624
280237
97819
279628
451616
392746
698183
737005
314599
271035
785615
765942
818002
537116
98159
26356
898797
606380
224634
927755
785646
267676
891116
543287
859733
22979
720266
755565
939165
366991
917560
84703
911071
824663
177751
607839
279236
513291
309784
604955
293797
514189
173602
295750
890945
565209
385500
17240
647322
365790
539479
146731
971948
212721
124827
780166
819275
490519
505101
382903
914456
532160
237242
627673
996127
318291
462018
439286
271761
296612
390435
654149
259737
527683
807841
409620
816348
286126
928207
913537
152210
637798
888765
95650
96188
85919
695295
929541
596545
560528
900949
134929
138729
504299
9148
675275
831732
289255
91216
34805
193816
843768
822940
549648
561494
587296
179520
892099
850232
996127
526334
70868
450921
543686
817761
988242
216689
233642
541386
125269
257675
278259
788696
498782
357540
483796
169075
82456
6258
757909
509045
715904
716335
1035
36086
622944
11505
958250
146291
434102
201256
351281
881691
648052
513203
313219
323701
548897
179487
837782
625904
496285
751805
139972
22473
776705
682910
462271
182035
395556
901741
136098
916198
90363
952682
37090
854438
476440
540543
950243
877295
177491
77888
803047
227290
696006
229188
251489
870703
979889
109850
705704
469031
559615
998634
465991
184412
364512
586410
505009
832975
42133
719545
631633
925462
876426
337564
301312
539872
953309
640402
429520
725734
515709
706581
581253
5680
949357
166256
983780
862337
77992
437623
716003
456993
620767
183656
101695
752325
771486
701469
320877
355548
741580
178410
383464
94456
583761
557849
121385
962903
18322
9087
627893
672718
415575
709946
286416
109073
193422
836490
400143
444513
398889
329034
152459
20626
184930
610442
188273
644152
417886
856585
828855
58990
649455
626708
134761
175938
243956
277109
714721
514816
553115
951002
310677
280410
27847
841476
480395
684721
235789
412776
106919
445890
440151
946662
177444
942000
55403
793315
712353
528169
722950
303301
175571
521976
689890
990602
767513
343847
965079
944774
888237
51471
676894
208567
757942
85630
204464
563910
886394
149251
2316
439133
316336
34136
551896
468703
30003
661741
246623
139784
805267
189837
356025
756835
651334
637423
268872
940194
211516
620572
19422
333597
653840
126967
785340
803562
137370
19118
17142
533205
620001
251900
237746
407932
890222
542424
735183
838282
625019
132669
166178
258894
174027
631703
941723
115127
573523
707911
979398
571438
829334
181843
402478
678096
148622
291693
245788
440710
625030
945118
953725
442499
29573
699535
232609
978522
821796
495412
684447
533690
713537
706838
160471
22855
347340
164539
313744
925141
552126
490163
785599
822403
626602
379202
761577
704818
52524
163877
326943
404641
564926
30403
730344
673575
985897
379633
867326
382860
257111
870882
783086
872451
444167
634281
329378
607432
118747
813293
673660
625682
755340
708392
231448
627317
389245
770907
344820
969240
696236
983762
105004
986382
663877
717263
264989
922770
912017
308566
970028
87012
150796
979093
212255
369018
67411
849901
573736
867365
59516
99809
978242
21122
106368
65754
579380
681049
809555
255956
868723
829781
764693
555753
865957
919584
323296
173112
815935
52634
164225
981618
573327
156023
748868
94144
692694
142643
975657
215444
977229
206898
6643
238475
551880
466231
833118
724668
457144
196097
859312
183840
857099
113981
174440
189534
288046
895340
169811
344049
183474
434387
153214
513720
517516
292889
803974
768474
725303
411584
337035
337043
100980
170883
555203
741344
542001
281928
79914
736195
499976
270017
733527
214579
415006
938149
448491
832932
153132
504967
944802
805166
592858
581520
881803
698268
436359
613597
715796
317588
464742
488439
744831
805150
285506
145451
362289
305362
534177
496582
323049
454627
951943
408879
492174
990978
924882
800929
395872
399984
969026
745027
658193
829283
287707
692453
706477
405716
540259
645337
691316
504291
608135
345452
297224
206248
127002
262912
618817
174487
526589
236487
364702
482895
262617
46686
919703
175615
792201
85059
739598
290741
924501
146549
846435
834181
59353
517031
966438
253074
298373
995360
477416
458556
400445
779058
692586
811686
379233
899860
300215
816610
645927
860127
581646
956028
610211
704482
435383
751008
15208
225506
983926
426408
886089
204849
316765
401094
199225
583017
352828
194955
16208
243013
662388
247826
753070
46301
402282
783563
898938
830461
101335
559015
542788
421472
301371
486237
550857
145422
639665
684504
836884
958735
844510
188797
727553
15307
479299
737116
805405
909952
178162
549042
148649
567838
837214
101208
348286
682242
695499
377869
311178
521997
84836
538651
175672
295329
14763
413352
496238
300343
689355
405403
671920
754720
852425
744296
86689
405974
976089
257914
963178
370430
869581
583356
122931
535421
521960
447620
889615
625716
806993
181021
940212
118297
497443
545520
274471
517235
970913
651470
702902
993074
145287
515997
730399
108072
488379
272156
101967
981800
570979
934484
377860
636858
362320
315933
380691
168376
402903
542410
887110
722312
989568
474482
42077
16373
946840
213596
643509
965292
321057
357318
867910
83409
517994
478354
334727
233916
621625
159054
511084
345556
467236
538206
267151
291973
200639
909000
413613
626017
269359
293468
104903
502993
193117
18302
400808
130934
99271
752017
562311
674784
677360
325634
39938
893481
63864
985966
867850
655599
282822
581617
663966
230381
951393
937356
352944
524854
55326
497586
18148
201869
359348
355695
412854
209123
530283
930038
128250
784813
319539
794885
222143
994722
508241
75447
620365
437326
83060
729382
94606
844310
905126
473466
28489
96457
817694
291923
47241
507038
948658
390607
511132
897168
306857
359544
914935
223955
15855
113421
343863
221873
766305
889451
129474
393542
563016
147032
810636
581012
16995
395757
983542
652420
382877
847517
996176
31738
216862
496102
57663
674259
379582
59218
229882
861246
596051
309802
481710
136052
60075
200632
509058
294869
462485
684664
28853
557665
747546
155163
18786
875151
80266
127799
385509
766029
951344
797134
278744
789781
769127
224760
514103
982632
738118
46704
509538
407915
2614
281977
10496
372698
137573
527979
255999
390253
886355
78238
890810
204614
832970
53041
810356
448787
143082
602168
794497
532998
596642
9152
506500
647982
166971
38271
318739
874226
940110
698333
297719
349674
672854
125401
122319
301722
275616
174234
354579
233612
406943
260307
772022
189001
229916
636177
302117
510260
180874
665380
932525
744770
606839
537511
966649
631833
329567
378734
984504
700740
998363
649228
409949
391569
124535
627454
553856
485064
750689
483320
559394
193672
854588
617481
936718
741311
46740
773293
518426
844037
458029
589167
384077
310038
300404
768633
92506
330666
759511
108218
376779
20083
879536
877490
356985
940979
754652
586397
18871
433463
637098
747769
176655
917875
354031
402678
203172
581307
762295
779066
772151
45340
344214
236174
636357
947605
281372
934824
961804
693877
451238
650965
198254
220242
584849
868163
780207
428003
595978
312616
248281
349371
334977
213011
478399
852066
841724
592397
67806
647890
182728
677419
491871
619915
217674
975923
587320
672979
871859
982953
193075
385934
838226
965045
56903
983349
614659
793394
557026
427318
769861
620245
532424
116265
761002
340536
418389
706218
845671
731778
119774
670871
881995
508533
106358
468775
131917
576532
910476
853221
685757
794927
785714
638216
389981
216077
793464
207857
238601
966964
416247
35905
769553
730839
860202
112660
322279
490013
162614
287901
949492
967114
651402
424606
638981
493708
244513
590917
20322
683172
600036
539166
281663
443311
776365
594233
280524
280400
261223
672793
116903
151484
707089
372374
570609
151074
625825
690768
69310
696757
757957
216400
937254
811415
591812
692732
194808
342052
188803
236407
696847
370391
176612
365907
473340
798749
486153
766132
673954
852212
947063
709186
47393
754432
808981
266762
408298
397098
481491
774194
730226
835445
393447
553623
269698
352159
701810
78277
555818
349616
447937
859218
812886
732130
622320
312407
719416
492652
551530
402828
499749
543661
495755
97215
841660
844146
80550
817201
963841
856420
110498
374989
309640
140817
570751
381062
626764
257493
59255
975819
649439
673060
713855
324202
257404
94647
9132
865854
752376
911569
931507
453078
41367
523501
140937
937828
130683
505606
482089
457183
184951
849282
826164
680694
666882
336636
481714
130032
297863
806381
642166
258213
525721
814006
454304
593682
833348
750796
791228
208669
90559
30464
796616
87334
818365
501546
555668
815494
365026
81585
769921
889703
547923
376634
411307
871424
528038
219755
327843
988779
736569
135451
431253
288868
297310
441432
209865
570080
991796
735444
405061
679432
18385
114156
394255
36560
863579
480598
962511
837305
777206
204519
782483
564703
437655
551231
848941
179903
157239
466898
650615
62857
250468
993427
93815
615902
239538
712190
788189
32615
875086
834818
951657
838225
286066
421194
795753
784168
777460
756071
310368
643087
473210
746460
880067
121498
936520
264389
457052
328712
814586
151268
898066
30624
117069
810377
474496
893734
694359
125790
933761
17466
737815
408077
637581
322254
859303
841294
554428
927746
242894
134032
678122
62942
486194
592451
927220
210987
345642
535872
136606
792238
422386
743510
224214
68354
155000
176434
863635
133713
421843
295530
509336
4591
422099
508198
912597
175059
904819
757227
310764
844850
219051
462341
712337
876602
57442
233873
494218
864616
918785
968612
219862
206918
534371
658972
204650
368581
786664
635329
39766
84082
435369
188502
636551
482584
530821
364162
816933
678579
178714
585558
857628
208460
144784
863867
775417
285622
814095
766969
503082
243107
524881
50086
850152
286051
964177
805673
719536
346299
7139
534570
540652
389918
186269
896408
831857
738442
687859
711510
476194
429890
879585
476419
956401
610275
337409
282788
225925
291174
526972
162288
674424
415601
941405
493112
961975
882906
331265
743986
236429
405689
393579
510561
257529
45928
330292
809826
167035
156186
594399
353364
420334
84309
159178
143077
325711
131789
819265
700278
278555
464542
608557
972010
869783
67622
978282
939664
374313
492990
586230
297962
842276
460115
86277
30362
643425
14756
261745
356008
777864
93210
41422
537138
919470
277759
843100
399601
799320
539548
19541
212323
610718
557812
380391
857243
751147
592278
945212
638689
869793
355555
100724
294727
995353
12637
581300
797321
989960
621799
164056
591072
560893
945375
750980
306979
692806
731860
645528
311962
623923
362790
642241
293281
999730
441849
695084
906038
335961
855573
818710
552351
485187
641438
704064
722811
288017
957098
272766
951715
56594
697284
573293
904764
603901
626301
755396
992028
248859
505577
561284
89942
958786
693373
638345
823460
157563
15299
360451
902192
418373
148727
203518
468991
656947
109314
735388
534906
733168
939728
675877
717018
350115
429456
647413
30576
353517
300807
507156
572303
886223
978642
948130
10711
548009
253622
795057
884190
694301
375461
336493
835708
304210
781904
575478
413683
257941
430051
107918
484025
545177
441314
785134
939300
371039
481374
210099
299249
581937
81619
624822
409329
489160
948833
590201
148625
561933
702821
233020
349636
697404
378420
832624
847695
379493
93876
835139
712689
907469
946774
839706
407852
124401
485299
342237
941428
863082
367874
369515
485043
927276
333044
755182
272631
401960
977388
517066
169401
513042
342430
847663
82571
505085
108227
112335
515037
221601
874166
110121
806443
8959
586670
112834
95559
372635
451993
624693
368510
611304
965329
846242
509866
298434
166845
587778
600148
647189
364615
836635
348739
20891
412789
429582
155813
30082
186279
681742
438681
216939
848300
351851
585623
387983
757568
282764
282685
793916
616806
562364
766391
661565
961438
72347
870985
533464
348868
149173
250748
255409
275525
356399
622627
102476
337598
729053
997768
859312
375282
734641
688056
466534
477416
664719
737384
912673
298143
481531
483203
860855
278255
54580
151377
252174
823358
352474
148613
144466
365147
53386
876195
775266
175546
54986
91020
729866
592589
363104
629031
773099
252347
432381
163566
681783
853695
527703
869394
747161
543712
72980
80460
715377
995528
451682
443842
3325
189508
828771
916946
446803
709463
548422
301565
542218
736379
21937
258867
913273
456565
503194
823095
203799
431380
538357
233454
622850
975557
133959
258506
685531
380246
316314
804365
200398
612037
851593
762236
818735
812420
475131
767779
323904
937932
166124
525119
160335
117339
666023
894027
665852
452044
470864
841770
983193
501777
789213
223341
370602
955151
655589
958978
20683
381269
750865
787578
546033
257722
11759
97333
175880
23379
26085
123117
245564
690318
586370
242971
128276
298607
359088
622537
912184
602852
113990
676469
611027
483718
137018
310943
461331
867247
724468
241008
42765
482034
338237
655111
1214
104635
527062
363232
546669
35524
771493
644003
118060
412977
39178
542279
645628
659146
446544
559009
245776
963090
91008
217037
746922
999752
211791
273463
789602
236089
158391
748551
556165
252928
940131
225639
668890
264796
753923
861298
239424
964972
834944
140922
642483
564873
437513
472054
276013
671936
111628
321542
310121
897643
935745
991845
772483
28395
720416
927594
53755
327171
34099
823931
26072
128404
906374
82703
253929
761457
320506
604509
756838
141342
932409
335142
668406
943466
695171
396956
594314
876582
639015
885550
734438
666753
997518
933553
93120
145089
65906
167468
289665
142368
521964
453632
259944
300545
514986
855730
367438
740749
128382
472983
222404
489135
967444
670683
88472
140840
128188
261421
723383
387471
983141
952906
405548
729449
710891
585317
895622
123168
804935
178864
77976
23780
969445
28042
234906
51803
104211
985413
423661
240390
645973
393426
806460
911089
106645
624396
15742
988886
524983
22301
403927
228368
866699
643665
327134
318327
740700
332661
808954
924060
940197
506091
806885
640802
295267
689678
845587
785079
474822
904572
93291
715118
922369
186244
606260
644283
338817
968557
796299
683786
430842
57249
470224
718908
20316
186741
135265
929407
907685
206614
889982
433032
920208
105809
542988
422384
116011
979006
445045
976616
533446
448650
702188
53786
860231
534688
623758
134558
383579
433460
42980
415894
519367
257964
793605
654823
17820
933163
332121
854420
505737
581690
610552
780408
121098
57301
55792
52384
216126
519696
789797
695427
722519
230756
350035
902239
12843
105306
230128
818289
83687
486035
635181
162575
629218
550129
631770
507366
350799
400998
594217
144524
399757
510551
38666
244801
519513
292396
417590
312007
299427
132279
614408
790811
76798
919294
810885
26895
450928
241383
564476
4229
793961
959423
288841
470090
985937
647270
511283
514572
935226
28379
478709
296313
613237
888096
700890
290870
134912
79946
658881
919929
920477
856423
806400
450180
262718
323531
284453
886015
891995
389433
582808
179056
508646
216811
412636
914777
539990
682239
483188
759022
406432
121726
909858
754801
532933
801289
958986
770860
440964
850082
613622
366666
279215
434324
628979
523091
48091
218240
962008
790723
546609
33286
41190
282181
214305
297036
214219
102353
489911
621678
911809
522975
460613
446658
325204
524230
668672
290182
198592
129846
964583
485609
885432
648526
326302
735410
576771
182875
303705
943569
763137
757358
710835
328513
932940
567769
850335
496342
994554
666630
470709
525416
54910
793523
337518
883292
987438
373838
579307
163852
983071
872872
141487
273298
323756
512153
568174
158518
664918
289073
82429
423857
501573
531350
428456
924318
154349
821567
527714
448252
725004
649740
829271
72482
856911
430655
931422
985856
406932
406171
837450
194829
437643
3095
268192
420434
653685
598655
666466
942675
965646
250984
66698
249109
254600
138894
611922
740497
362796
713996
904432
155955
296165
972982
630432
997455
919000
67094
494233
861409
126187
220354
578593
564671
860327
689111
801724
714909
779256
131028
351616
357245
159953
977557
93508
273521
96108
191913
167671
611726
677871
540755
237388
555503
114859
518106
782739
728035
616893
638349
999587
600052
320599
248599
154420
491797
687065
968698
984713
717863
560537
984811
581770
29608
558786
779338
178607
309368
98648
884349
965721
337865
640281
936168
140027
515171
725695
880971
796789
482002
526307
546423
131777
507885
55483
262510
984966
208579
945284
99990
334538
616227
845947
236634
532229
988680
400964
971230
487376
239839
51950
963740
428092
987127
366606
719328
467392
267524
944327
23068
245002
16336
963372
199017
837558
727935
130492
797915
704284
153405
94348
530815
261636
640518
978370
194099
313844
780561
522493
910946
837610
390746
679378
8603
961510
866891
543602
65806
521375
375750
917159
209890
370325
352081
800061
888053
600902
441823
743805
782193
315642
381175
641876
999112
780793
658883
523795
903564
940189
12600
786256
607468
730754
124956
374633
746511
459865
485753
651049
746758
252572
681756
209090
330802
298268
700426
845498
207218
215222
295872
194659
400262
542116
286886
277762
702469
220783
172879
990098
8439
187202
871471
432161
26832
816922
793818
952727
612554
134618
764981
442390
340765
364092
174075
366781
505758
430561
782766
149447
874225
343944
858904
758481
842924
539549
547644
267705
147786
543337
202078
768354
699849
636200
422508
605907
640865
404728
460360
182847
381217
996717
822963
235679
62119
830209
902935
411836
106235
56617
417393
740873
961289
996803
886233
345644
163065
615595
377775
462557
971949
693164
472292
613351
566870
994899
111970
939020
385843
437600
365017
393990
973224
633750
976359
880551
234807
931442
266083
456673
964893
499448
500167
837730
497611
310824
648055
234712
595967
951376
936946
821906
638847
40955
459924
764871
375602
798023
952453
143983
896795
514900
777602
673167
401202
573208
699782
84562
226337
155408
374484
570451
613912
995729
670052
524536
643597
377853
514983
491192
987475
558160
600441
782396
460246
308378
838051
608163
362289
738759
394889
307808
988204
346842
10038
652734
373973
39096
900290
931908
445497
516001
337822
382132
163008
757497
466748
803053
138978
696900
26205
526192
39114
785713
415160
74879
460293
684173
196868
40609
4327
896152
400035
135299
508474
770549
331691
726777
6948
712890
215825
212449
152788
450920
48116
449960
689768
571764
75076
176166
773599
222084
927373
987749
922678
320373
868708
288191
178337
873177
100460
377573
76391
207806
163845
308988
473498
683561
561811
372961
772914
920546
497638
8526
531014
359529
399499
819028
786022
196230
241326
186632
262935
100798
462186
497722
999212
414690
327855
77984
282685
787393
646863
382674
478791
707709
624101
576751
443168
636603
113634
550621
493525
405620
349365
961261
855970
