4987
469015
813027
54754
289961
756605
865191
475541
448592
280831
180031
12734
849154
563067
472527
228177
735504
77300
355874
509647
671731
203401
714711
820936
440936
447395
465800
492283
557387
340520
466839
873401
65167
726637
437656
163240
342680
362409
898613
897699
177109
91044
431234
301439
173341
883182
868126
582184
172517
744172
882882
895593
198555
366349
458377
703179
149122
808986
622588
545461
289866
836460
597913
548625
45515
807768
552703
346223
562942
896293
571641
652291
429848
518431
96644
527082
244868
425315
471263
349386
466204
134522
465070
773591
186916
876195
824843
287857
147075
813033
641706
109355
477726
257428
680519
821511
23379
696667
420974
506812
642639
761463
558150
439354
400108
129682
770715
3108
295659
815678
499590
224412
795433
494083
110332
615484
898529
330160
542672
402944
849919
559475
533573
858594
772796
577059
871860
45277
651259
396122
761495
9523
718174
892801
8304
855754
320550
559843
240856
752081
807077
881763
637064
230912
111874
832586
727741
231069
623112
81816
440364
288251
621067
710812
834978
757981
452376
545854
163670
812505
29784
57562
769390
643127
43745
604295
739787
189400
2201
465109
532146
804500
703496
835926
587735
695323
321528
697107
284968
440829
885612
169695
272275
28518
93114
624104
223669
463457
433510
806377
431968
260029
121405
851325
606345
373325
826155
552527
826635
659368
863577
518541
203675
875729
697254
59546
598761
683762
677057
111202
65679
298721
333056
300168
231289
434149
696929
462204
522802
694097
460506
734664
548967
556942
386046
737161
631161
718264
122735
341691
860197
141887
273499
255917
471080
748397
812373
667956
154833
494823
415792
495868
710279
519405
659194
44664
451699
766139
662771
544282
237068
309426
674824
445887
315293
455889
280528
895010
784565
99420
86339
62928
591339
191295
749426
333691
666252
765612
145191
259592
309123
317408
895962
290884
491235
655523
141452
742099
49780
21230
195012
28425
62327
490471
492804
555153
587064
372744
74279
150346
357487
293311
224377
660722
793843
781454
522323
320731
657820
898833
369169
409434
816467
307967
72946
159870
220792
177546
135820
860925
789168
330433
17001
598922
443273
124245
547522
6339
790571
82425
648950
896295
88444
280578
52102
531717
574448
291182
171505
416623
39628
322785
7431
264909
839541
349130
328460
8302
493274
272836
565804
370170
112859
668728
26005
883747
388244
493856
222133
321465
313577
126726
148913
477596
40624
559435
712767
265068
7862
42852
358720
22013
679983
550559
87837
171623
653502
515171
372477
289017
494364
881877
249185
704685
854729
590711
883709
313207
262892
272043
298291
69047
486121
401813
60940
351214
206174
256478
624726
35341
249241
270549
435989
151848
742682
892112
211079
197770
894688
864144
394297
353378
343091
799010
659103
219259
334030
32130
631252
574186
795719
51162
861454
483808
286972
112457
566780
79871
593979
221983
644480
636938
286094
139491
314307
84309
714081
822007
203193
357563
4017
722388
473778
504398
19027
879503
668218
536936
358334
200893
727246
54624
725975
147667
804923
258201
237719
369445
72085
82101
26395
284208
473008
834599
40615
895028
442591
301702
420183
7033
217575
316989
516324
330290
458079
781055
671248
180319
525318
473624
647822
784908
308448
450878
228848
639255
41710
334342
460879
619151
606346
517108
301233
624664
496284
175562
322138
713835
798428
1633
535313
137401
897509
778454
860749
327600
613009
409979
147101
252503
371606
669486
798833
300339
104221
232615
637736
411116
531484
882219
521846
436394
653903
826142
648242
179673
101783
881301
548250
868331
668942
565545
627971
690780
144806
286120
256128
585521
223550
706565
49902
503738
351072
631216
885115
438454
244730
103296
672721
67542
513463
616684
132994
298522
303129
55865
334481
42775
529173
402830
117915
475066
729002
332131
232864
645190
812479
722712
670258
876473
254521
125218
736569
896173
660535
515680
300224
303834
753738
718187
749791
105464
572627
462348
363622
104546
43035
160232
627715
397207
178761
741110
818673
107258
509540
309874
625533
193914
854469
461610
170389
576171
276759
775381
309584
277939
262958
55267
303028
783873
435137
48910
49096
65943
797414
159152
291926
526440
261705
562352
612476
63676
774248
458068
285840
207665
863214
796346
475982
141980
866698
479585
123135
203373
898731
304930
30663
186417
605851
277436
220715
776944
411380
336333
680286
816758
499651
366780
379175
870895
210392
864051
862256
545515
479463
625675
561197
683842
585598
502047
535718
70065
448707
386466
185603
820866
503914
733005
730644
183306
802928
629489
787610
35499
739287
393770
568533
445658
495166
891508
155083
127963
683899
633655
546130
172776
338584
812798
105562
767249
251944
897350
654746
332797
527684
235570
594997
396142
173479
97371
73769
146979
269922
68612
345268
649591
359516
178411
426947
317414
830282
497435
239864
140848
284871
770399
695287
509110
454000
659186
261805
807586
858527
149522
13726
355299
133889
602002
684041
372373
445558
736750
701850
627455
525541
318778
690957
430870
525305
47635
182361
261663
567101
836375
644769
680818
720719
418128
234802
743130
300227
340043
467961
647320
846871
28135
338917
764135
687534
321609
760276
178939
732780
554989
332829
258659
695629
262102
387417
467821
681218
750854
865518
200648
800201
282250
625657
347045
598919
102797
226264
806071
264773
632205
406322
894969
448901
557162
464996
518383
89887
366970
294824
339684
770716
418297
253667
253426
198830
198942
608428
583361
835626
73545
243924
198950
481187
67801
298711
549549
409668
753850
206461
761362
837642
154555
655468
316936
396732
164381
893230
407804
374888
800392
625979
867892
642843
185272
455075
619313
535452
571380
790938
214612
736037
180319
700864
465693
540063
871079
711052
204494
235834
116699
140692
800366
495078
560986
505308
524329
857168
426534
554136
149269
728508
829368
37664
577231
889244
719053
791375
338916
276074
759229
292184
507628
870856
579372
204262
427792
583633
693562
337037
294348
68507
663541
604850
293679
566540
723950
846132
812928
361654
215561
427126
635803
823345
457262
803659
679417
753459
768732
314908
593006
100526
21181
820664
154411
839398
320565
41817
559459
772493
351572
829455
522155
217149
97163
294699
1435
444978
1371
55274
214481
675394
887752
766524
516597
719065
401869
172112
779606
551445
461834
270174
144403
805787
224824
619280
712182
615636
843804
795054
646267
607751
24730
132868
450799
474388
469441
469587
786324
596682
99812
735761
752096
567590
392233
768221
713284
592554
427450
117699
560394
442197
335225
678856
713720
313316
89105
891507
495762
80197
415783
261400
889116
698227
737840
733634
816252
442707
458235
235933
252926
498090
31695
890941
305073
482489
55055
424462
148943
4982
26394
783129
896250
453192
677104
102831
119617
578014
132013
463381
484898
797037
80538
716
844649
35493
646969
353820
11351
248494
544510
167037
289758
290404
237950
681922
114312
380716
31679
88450
815256
243858
779758
570052
505608
778561
7408
677926
141745
582142
532592
784746
875785
323777
716599
895262
787335
100336
277210
816391
810850
701626
13261
529961
355863
291981
473910
4628
809737
130485
653308
574255
34147
89426
873117
472154
467993
26420
651071
627555
13613
843446
594398
504679
460109
550356
557028
50466
657049
478954
848279
839829
630530
577002
387373
712243
184590
879481
854970
451560
414776
185447
457962
568422
826773
203210
418314
155758
595153
310006
367936
481687
158264
579323
541531
533342
482864
722298
183332
527371
548452
55845
731668
432955
713115
605139
685280
224879
99207
394076
620208
689393
421914
81591
597165
793246
624145
375502
248760
417204
883573
535130
75511
773817
219287
483297
268938
143429
611352
139464
133212
397646
649387
536566
650357
604718
648242
104840
848044
339731
112996
532778
704826
825058
94353
717016
463850
165385
785116
78642
657132
569504
304647
633333
244744
194203
365453
690236
321520
396399
32008
43186
645711
113918
104723
498130
375485
43361
370185
639389
235508
250353
324844
430231
828669
251185
575234
703583
575748
653308
776122
377353
786474
573063
425292
207706
537688
270162
259871
837535
413041
451696
411236
444299
173025
253616
247455
749131
461810
88552
153157
514823
377405
334557
497409
862103
895453
146
133649
499551
698239
68458
705454
81353
98293
146619
484457
506174
236426
853585
737360
65984
571953
571836
129359
870375
613366
227192
120660
886710
251190
643959
486251
654553
846378
191341
616328
635165
257117
691927
158467
48684
73631
818760
784700
434884
494067
738610
565472
492979
846595
670094
426213
16594
77971
794120
382351
406682
657651
776201
783061
695943
14861
615490
447837
228648
245695
95891
213764
817215
723491
888725
385178
851291
571657
526666
813898
385008
781030
544159
326199
811152
157573
104346
812769
881576
594748
61734
589383
107289
210074
570360
690983
762418
243613
153502
272193
644999
510080
828963
556633
22863
635185
314433
852315
788895
413696
449795
612089
533983
122195
649782
404880
648838
762806
318060
452265
304120
522224
356076
666267
745176
520626
110809
178381
894538
178632
324445
803001
278794
415569
540690
701069
617155
865452
195310
478315
15437
801864
644104
849583
872294
234430
791019
52977
823659
869498
753238
887904
214068
263315
341293
473903
587210
593372
297760
613260
124421
375795
400949
86251
12934
20727
872404
640481
29773
21751
114608
233356
103992
254534
162349
429392
895769
601578
837778
311004
523763
133843
733517
147019
61457
363113
122621
314375
689891
504798
371648
303112
336758
639554
283225
266361
667694
302421
778301
809180
417890
237912
255675
211524
174484
779421
466150
654015
285100
368348
892608
125815
768785
469287
434372
16526
873379
307701
351536
318407
801719
14267
836909
460388
759920
126745
686077
25481
839447
202832
441600
57567
341494
386129
493603
836309
593270
789585
604166
123169
671347
553016
63847
480068
189145
782201
551440
309932
753982
282908
430234
482355
106460
421015
757373
549700
564904
752699
293717
89534
630516
423851
154066
468433
769117
695911
40764
813605
388306
485926
501985
749561
429250
718882
673725
459369
747264
662349
123237
279050
475094
139842
42800
78319
1955
144086
850626
660461
613939
83630
810998
242843
806329
196234
457319
263059
212395
674622
324539
201686
603482
386369
789197
758444
623821
568318
70261
702665
775225
366184
231862
453739
697407
754955
622180
413791
39970
414205
555888
314083
298691
298612
149746
429638
854395
167217
365746
644652
109268
753209
235282
395982
133956
852357
567100
103326
301095
579215
808707
737480
885177
691405
876344
73523
94861
315130
474668
748071
401580
292367
817213
194729
644493
652305
480703
145890
276237
42756
849320
102654
801420
415294
257431
545295
766052
412982
733730
630866
881222
343898
671387
182057
481715
526112
291263
514535
576883
658933
158427
425515
297110
147537
171003
230980
453221
627403
382192
118035
413860
464584
432604
750605
894950
804271
436253
321183
218285
570072
247637
347468
732188
470563
387890
801522
699835
820038
854366
142923
332071
315838
452229
381903
870803
677413
1694
119287
448671
234980
660057
388380
739987
478368
470019
575838
297048
193649
27737
396769
834131
149968
398022
518705
625759
868942
297434
292582
771910
368737
88522
479938
667835
30553
845534
633048
597335
424785
150812
112807
607759
622818
209614
520099
350126
367505
570001
191893
754132
569992
736957
780600
143211
238145
484716
68548
524993
882143
856873
776969
191303
783383
119959
507953
440677
70860
184187
254760
813879
433177
94183
504855
177864
680678
650755
561739
636650
412605
262714
317237
731407
464631
568510
710890
276104
858640
731545
27787
472215
302713
210994
588831
688658
573516
430840
424635
745943
602297
788398
294116
896838
50911
288883
792204
214592
420855
690605
678488
564698
98378
800305
738466
226590
845155
201905
737498
860158
869023
564258
535079
406677
183937
841161
268972
568348
299042
235426
319813
400102
397318
493645
673968
121305
356233
88341
149353
538378
439320
704606
893902
560915
529852
266123
568993
845171
855664
544425
231596
240002
85716
438203
101662
566319
537243
425314
705875
243129
518847
183273
765907
133446
662229
178315
92273
383427
530842
578113
219123
27865
533900
16236
398385
405896
199765
118363
494102
406083
735042
292602
13892
209863
375795
726775
112340
421113
190251
127250
330746
296251
259590
18720
883879
422475
229418
134396
149257
472793
221782
212523
194093
164834
137656
125962
400837
590414
392347
124438
138532
159842
234941
305752
179717
337890
189822
14347
873772
137671
814580
362667
344868
256249
295580
234716
604520
518249
869259
853844
622237
689486
419042
521030
430716
152378
609280
638828
832590
522519
692977
878832
726096
738980
428356
600695
175381
302278
868731
497131
115403
10029
514299
829091
733685
782820
899779
833873
237944
847124
199994
778119
329906
413046
86913
366407
592644
329907
673287
10470
825328
134906
199643
382748
727229
151772
305340
180555
622327
568456
720653
355818
221332
872638
500484
863501
629553
285522
407777
65618
156667
391104
619196
96106
215338
846918
143767
607234
404712
697890
562515
671629
324943
373960
38398
468880
378448
893792
108361
431913
674319
47259
537208
687101
898476
428592
259123
443709
177565
166135
16410
170580
801366
873280
329429
354255
381995
65745
515721
326666
670732
874011
899718
572979
413967
872728
800733
673501
129996
266275
418319
137796
220545
508627
269057
454135
324726
292757
341612
386631
700987
161125
729936
353898
36685
522890
803721
215116
833975
290987
583993
116468
287477
37042
361349
892110
269940
42043
615772
153690
474198
799736
234930
630096
278353
859941
151595
866957
549751
201091
661170
92191
69776
193331
575465
11050
60547
212752
698075
779028
334676
165609
658989
192723
869639
875098
513140
893521
514114
174503
95328
719161
724017
682516
38581
403105
91651
796228
608154
378067
612274
485804
697386
262106
183168
738194
731336
170021
47164
243623
867312
670555
853348
240735
882665
270588
756517
650537
615286
767120
14334
817551
295532
641934
721378
25388
246557
53899
371771
300548
637938
342557
106220
780229
690328
735370
759119
133816
57458
200466
227198
648100
77004
520790
564653
346911
70191
383299
62387
187474
877424
787039
543658
863176
204164
527791
742860
85810
234382
431010
62237
563418
548760
644350
279688
709666
473600
347685
884994
138265
24137
190147
136202
261561
206163
165335
599634
277344
832741
194812
174007
143240
286983
181650
560459
502949
242668
654862
106228
308123
767884
226299
42222
103354
705327
168747
804811
642743
635333
489342
291451
414344
73683
388365
681990
527131
325897
487220
202518
519251
657806
240346
875442
384225
20028
842142
695205
32379
877513
286591
337854
441627
218618
378888
541328
8343
205980
175671
842073
430648
461517
472585
224063
445273
115092
582084
129334
51326
436113
26431
155295
582734
783215
195154
856523
814831
23606
89462
640477
173437
862589
68184
175565
390950
637181
618527
889288
25605
344161
651927
191861
823224
445626
846490
418002
843233
2446
724571
223709
528310
63728
316142
740816
496005
463275
202007
161187
539751
782455
398061
547669
795455
825551
515659
846853
309712
179065
204659
113466
506872
547396
213215
344259
320109
429648
154022
588697
639763
893575
178503
895904
212951
198794
354740
522732
777994
865094
294206
870401
717725
140869
14489
461522
421494
416000
72044
837227
728365
537458
390456
436682
601957
880872
370690
614184
369802
742229
620255
725558
185379
179842
576987
772962
164372
677666
286310
65849
762868
636900
846491
494150
495781
207042
492525
828633
496597
734102
537937
746499
225328
644940
31619
488253
507840
83250
747286
56520
834594
704683
250075
585327
700230
541476
202828
188232
152771
4094
98678
822362
550964
290186
117697
677881
318611
647154
61534
40012
310705
886452
871084
167920
730415
233066
601894
100885
133339
732484
271148
619430
36139
783192
73389
270246
728303
245103
400174
328566
805910
350048
517337
691219
13536
639386
774149
203548
202075
345595
478654
435057
785341
136830
223857
593622
722492
858961
355255
451607
668365
274692
473563
275783
52407
623325
248873
591393
397395
413993
218868
233455
400643
678125
529508
545256
671084
218907
653851
521459
65489
420319
510435
37674
694829
587993
169878
71835
810380
526277
260200
675976
601447
3158
845749
641806
877051
583585
368067
582242
782629
740501
578611
145783
510460
109097
473258
713213
627370
361454
444118
893091
93448
555299
700192
37469
851286
556456
52173
23104
557044
69386
482607
438890
460095
47548
549198
344927
813803
218567
214223
762799
171962
324056
747583
14515
332662
147512
605823
162230
226097
149945
100011
581040
874678
371755
415752
619436
744267
576431
814826
395724
570662
284771
38815
778691
115785
131516
452188
724128
216923
890066
556098
225034
22660
180277
238988
518183
604261
32317
569687
704407
114194
516255
245390
549949
535821
165531
615633
273309
675009
284178
280066
178272
4407
842005
413613
295285
228120
175097
238065
230419
415743
31591
732974
328633
850586
430352
891245
203830
446557
196477
323398
551012
860483
13540
561939
765518
170499
383254
361007
49523
594379
145974
154121
882179
808635
407332
333995
307782
335392
261720
319586
196316
103499
340810
419913
541951
212333
125069
782454
64996
51282
337148
568257
759937
464600
217164
460813
604488
528714
631938
447988
662129
353661
680958
396755
834230
24486
263188
473231
290744
288085
51899
394210
834368
242963
307167
486118
538559
650996
749105
510269
635158
42584
342014
56090
528914
537636
852028
676848
744463
283287
294657
283830
540221
677292
665966
170515
706400
28012
642217
859755
479953
192301
281672
523686
190210
534474
316489
435417
173599
603968
178207
656980
220208
129635
577126
660199
65627
222107
112023
196338
232006
227710
877784
501671
373466
861003
580523
617182
253731
117600
724518
367317
73140
828825
234754
132578
110215
820902
178189
654326
483010
256135
865691
3664
862741
273446
781849
96571
89120
520114
256834
470885
848818
679955
482538
702845
757099
728399
470296
1351
722243
651928
78320
860896
800228
153199
103214
869449
408946
669465
342031
174930
595276
422396
632777
480484
145386
873239
607067
802602
537029
840700
819103
317661
670646
170538
640796
635851
449270
212939
832473
644740
201381
231206
434955
489280
39495
633058
389167
585104
636744
206841
188435
647231
416992
342868
869998
245925
458642
317960
162384
771753
758830
73645
521652
722095
9814
585591
524275
186533
642302
645523
452306
545862
842701
427072
305371
633418
835936
819303
125801
173482
532653
198424
593884
342675
110820
521890
377037
638663
276946
641007
804700
525578
694783
515162
703173
557775
297656
492302
838097
857760
197255
87612
630760
139492
775934
457656
898243
201424
414610
454545
741312
880557
40996
115467
117040
499841
636571
732539
62698
358365
346413
556446
535778
392642
610077
621910
772212
428913
719742
674082
216666
389230
826997
751705
377790
292432
507644
394947
212329
230312
430787
846196
223929
55755
64241
511782
545489
68605
813609
763058
817898
149948
880808
616682
210375
110342
329130
747734
736935
193544
223724
109737
822164
586917
522444
232767
131320
139071
548076
282741
314063
167076
215062
147909
715383
477048
79513
353725
894020
578235
846386
745147
130544
869591
189318
733383
527
811593
59691
408717
828577
129417
545383
164245
81825
108983
714736
896193
439962
218660
40722
670531
340346
689210
787983
818232
419934
663849
342336
794340
616364
638544
89530
226059
375328
103268
325132
652553
139582
856447
717093
618384
100678
344136
625522
792732
838534
357562
27749
125780
673321
219668
518193
774334
217389
339166
702354
538559
176435
165458
870377
69967
666575
250510
459717
422549
210815
481493
100413
243812
2264
663036
438298
829201
807547
395288
145074
352272
878567
616321
301135
26346
63336
476803
677166
355357
506638
80002
540578
310192
562296
488263
12537
53586
441167
527947
319799
531214
16847
450366
374910
462060
333664
483445
245167
546119
687427
440366
332810
26886
454408
622817
103698
790138
720380
607813
779628
356403
784991
534171
621445
8799
76851
111067
199923
414272
754545
899706
707828
442697
192086
653301
688947
586869
548859
62556
748457
631940
212322
127485
725855
431442
466476
821228
266354
814101
149575
668365
542384
474356
181029
174302
811006
819871
307560
479427
765820
37167
644249
639279
258464
443098
724568
618091
424767
319794
144973
639943
68330
515548
275229
815899
486453
24968
576408
149880
672723
615538
707279
32239
583677
723123
316612
513469
512081
260516
57369
731507
312951
596721
376778
638462
816447
768310
236855
107511
877670
859417
18457
189449
42776
659267
25782
639193
485999
751932
391824
760087
152953
584162
625079
171361
623480
665350
818943
651246
255970
171555
556812
472126
717033
855867
250538
612187
277045
698384
322457
340651
219021
348764
862117
547093
423605
845422
276019
265582
232754
296706
770072
684255
151528
63355
6660
12085
611972
520127
336123
515460
856437
243119
35364
612921
710325
87650
764763
461883
136806
184701
607777
292252
691064
669649
567347
827618
272935
623920
774680
78860
695745
880461
658867
237187
781956
816880
259481
340384
140614
504883
712476
659732
495
241373
612134
226103
352416
490072
301922
753648
215
53648
236148
731966
657130
342090
238824
698529
365489
226206
582439
813064
590592
171251
586727
866648
404498
312214
666618
866933
550593
651383
594406
709552
132274
723456
213109
380685
564654
619634
496226
154960
684074
557565
897524
892548
432712
570652
863464
73607
525974
458475
332038
87669
214356
201927
559478
386192
358068
169216
156939
292041
740218
341437
148861
580493
859235
817068
638549
308655
282626
438212
493601
337134
243204
720441
60135
492451
673813
577627
10070
647561
170396
612204
640280
245545
187585
555964
273861
457248
698831
574467
86513
395888
2389
534970
779620
890240
851462
222870
342474
406449
476064
727682
801537
469022
59274
112631
315088
352750
229814
201371
217848
501082
82438
817460
772226
662517
314570
771815
518967
720765
25672
399314
665519
612253
861013
863074
154305
281116
694111
165169
662297
895302
283021
366943
614055
725524
20126
854924
759412
455898
702670
781488
295472
447054
862967
717303
239015
754032
634452
535292
260178
678106
230593
279809
112745
562149
853854
584488
396502
36437
204018
696242
758661
304322
597004
660337
39127
305573
560357
267979
139222
513275
319682
709166
443619
245273
710837
199434
815179
157196
706882
257776
582008
737867
99519
349413
808419
501756
283509
854242
474151
270879
761092
401772
123666
559611
186627
97643
6869
530339
8740
683817
429434
172677
330837
148008
857236
194799
613283
132576
124178
609918
670297
322325
526030
128292
890855
535473
405442
332149
861982
557603
100218
65614
240343
476275
33892
279747
462547
561696
509124
734564
115133
504569
195620
122027
719724
567188
547497
758340
516677
576462
190593
819897
471229
735744
520408
359257
429851
426714
571657
374277
356092
572542
95025
395703
409648
148700
768032
181103
33538
534886
287113
556347
249654
686799
72281
112898
171722
865220
129028
866157
604991
880199
380666
648946
846097
746660
193817
484447
331681
51667
543356
518303
646612
28329
633841
851308
273428
727066
238505
332914
506068
757039
186952
818172
115921
425919
388668
98493
404820
6062
326826
551996
46036
623423
56676
652573
108633
187799
224374
760264
589371
144464
691584
592921
402697
363702
415870
134819
604069
846114
505923
311489
356652
860176
743109
655451
701972
564287
863857
258737
43246
642052
764799
50311
407050
856523
186944
887725
642618
198732
225780
741418
6799
641702
632376
574437
835455
377402
38620
817199
217385
648455
136467
184048
298671
793021
80675
205484
161601
468576
633021
686994
702779
536603
439398
378337
592772
405662
771572
622967
129175
774710
19412
436760
782079
446536
400744
28407
754236
480170
810031
204836
799330
768733
845884
875346
154656
151306
361928
694884
135262
810712
573762
884019
316991
190087
693125
275678
116390
325933
405571
749519
264917
877739
523517
254630
832241
174795
501300
131300
830977
639096
482330
849270
398773
769529
719106
800412
190340
16075
820886
481749
366797
319962
396358
128009
662591
610748
307710
697939
360276
301067
239473
82152
780056
291965
283058
157512
188424
453858
124513
802688
285525
637913
623650
281882
118695
878382
147305
608994
819582
101556
389330
885621
159732
656827
188781
686472
54623
878126
758806
686098
271474
491277
846530
473527
167491
524962
763830
55251
365063
316129
519474
752063
580890
600704
760427
411586
771547
245745
744342
114359
889299
170777
243519
186647
562102
737966
221849
769603
9954
565969
763313
351569
94148
894949
54683
752976
340795
233196
736302
307577
197716
249053
1483
338068
702996
776835
494040
61956
655060
32981
844172
402992
467974
464525
746147
594287
392726
835752
709168
309135
764268
472121
633490
91714
771374
611306
32287
880614
672355
764464
92894
450736
540402
505129
667089
373172
203208
207541
800815
453107
602904
26958
512239
892161
246876
850886
256160
621713
28730
126972
161782
664224
355459
211674
276542
202811
751189
394893
456851
222126
293119
155330
353097
398827
346052
699290
172871
893586
356153
157514
308146
226787
275913
713617
688772
668381
128505
98806
599227
660562
165317
750750
730317
765385
246056
480615
366393
888879
245627
212932
770233
659004
488853
29174
536629
832766
559312
253699
327345
187204
82220
87893
88582
47048
11821
196369
627821
675641
811392
108723
109847
428676
256923
815619
776443
705599
342881
717334
259047
386195
424837
198275
551447
52163
308934
216543
524420
453277
690553
862616
642835
106907
618053
548971
311790
511414
530023
424419
435504
451817
229429
701807
115866
869149
512384
781214
229923
451222
73970
785561
753100
516377
749719
17789
792273
504536
120729
625171
269403
501372
84003
533614
516818
674606
368071
414305
830832
804930
596731
480378
753041
111072
836605
664383
292742
371408
138775
23715
458633
683713
80959
587877
602635
873399
72341
401766
4937
382703
343791
166885
278781
408272
154514
70872
793361
803343
387638
532649
826318
795518
477868
579691
108178
243635
611676
716375
762112
509009
521030
559559
75122
644821
48618
331470
762697
419039
709476
10771
1797
531835
678703
883240
582576
481995
749258
465643
433908
10131
863607
172248
521357
543296
401408
162057
693177
530742
244725
71403
92812
70548
484816
283710
807073
645286
268090
628233
838090
897799
231078
576087
123432
318865
417627
860754
53526
872451
10767
212442
353696
846861
544750
448354
783313
196475
642042
394664
509290
820348
741772
237263
631726
52558
429785
502683
451482
27943
571857
379816
230162
894850
307424
261254
238742
354501
213015
130389
178676
707787
483141
548762
881976
789234
382
479579
630942
837699
298942
516477
90631
874618
843975
336983
466025
712817
325957
847538
643681
192461
533235
44191
801381
211556
654839
299093
440628
88746
615464
505702
55278
856407
635952
720509
757056
625526
879820
507351
664823
233324
877616
79867
345494
841699
583111
359574
835363
856723
467896
863383
411963
143660
406789
740004
674374
33090
538189
247928
868389
556341
333233
468762
381768
78491
145780
123802
43260
439853
167323
862442
532097
814891
715796
98710
222330
64685
549778
243938
8158
27463
404598
866271
445163
366871
382314
297834
516058
17390
755624
474241
821933
8281
260919
800387
242245
537772
850165
666818
333649
375146
405168
45543
849088
298130
597070
591939
646007
318633
850700
194350
473246
751265
563651
687294
429493
859587
245159
616549
601509
721502
349258
538182
388241
197035
866270
654390
771562
800924
571767
79084
858306
208865
826670
251140
811064
415927
41250
820982
847922
331950
509560
512749
313865
668213
167460
173383
232926
541092
217408
182920
1290
353029
496217
787259
208691
713247
575081
692486
526491
415457
531294
489865
460147
108424
291930
178387
323404
276237
533428
402529
862606
303118
240603
758836
429697
81655
774555
338830
773289
467437
174584
512680
195695
124375
7383
522067
807706
523305
218012
116041
855740
389678
501710
21295
310888
199345
451767
79626
603554
195592
644232
749786
750895
318142
433049
99928
273963
166140
649453
455271
717562
826291
190388
705786
347030
646568
475690
417378
898727
764060
857244
172946
861584
202103
812843
697777
710886
329489
726954
646843
638972
559452
474306
356341
127961
14289
59220
66603
689515
604630
304766
81703
1365
502537
838711
104880
347876
247884
164820
217149
464095
883693
56813
744980
58461
382128
217402
855652
763728
529659
735766
823195
781279
43678
689990
706629
279537
77245
275251
83650
576325
420731
608338
592706
143167
72804
845701
369855
278333
742744
163803
768535
48743
539727
536562
793957
104933
867309
21853
771035
465514
853924
20480
546814
165582
542720
564984
649150
533946
651859
678200
241393
574333
772894
426158
866827
578683
421688
695332
21019
355588
578238
98370
493349
893187
514263
66000
721047
669101
180963
80601
616843
436185
598080
53004
890744
262223
260824
847804
141557
109753
268074
24935
254892
744982
59987
832180
573174
140941
454201
801365
14712
474239
349172
875500
404186
296693
198937
710954
170432
165496
222852
720435
690823
318368
99714
190397
365981
788292
626297
884278
578621
729904
198676
889189
618246
266229
239790
753929
401816
378778
162618
734719
322122
342704
337901
668383
335978
754339
229801
785541
676946
358124
745606
777325
189123
198147
849119
576823
404289
788050
719735
427
824779
164325
332230
696726
93941
480958
373316
566770
390500
417221
173200
866275
256901
822972
606333
299966
373162
238704
413946
756932
807106
387819
742332
683628
50868
127943
81803
879039
306008
236637
439782
256733
545906
624539
875955
365981
64588
353204
418535
576785
29774
792786
829070
397800
605981
884678
814616
150573
712397
691936
316737
206380
182500
296570
340090
663861
330029
138606
363609
882777
531157
94440
433786
360913
794726
699319
826608
310462
719710
112381
580749
148556
399019
296069
305801
193839
656357
848052
457394
582351
484424
676920
309969
643040
141836
443453
835381
66410
591139
635390
93918
375496
59310
455833
635175
370316
613692
27899
869425
212031
588576
360027
112361
658021
860750
156547
677621
599839
414387
70120
543104
585898
244174
336922
215231
504869
852654
350231
819135
636529
714057
268667
215918
722737
188981
79378
611010
22000
875143
281517
177769
157825
591719
658899
522127
822946
338668
83727
416326
210298
715385
123559
541781
27361
572851
203661
522655
448799
879934
240462
427374
774316
787987
70279
28604
478007
374976
312408
336382
863138
686108
862385
110029
546186
220261
470120
280979
672933
521272
17805
742703
359620
278572
116917
375908
452312
497324
91826
555812
744337
404367
690020
215956
703169
200086
564648
289501
722750
254305
664366
811695
814759
799566
516649
488977
174462
284879
472672
153673
700820
380039
36673
525124
726530
385025
291125
610595
322803
435948
109327
28355
19967
346583
471134
375463
737682
878725
896449
651812
839852
10061
239930
355849
699329
323057
510075
560137
693920
743513
830941
779846
884433
796812
321488
48891
346712
117322
59277
674214
92950
230888
706823
581392
700398
473736
42431
53818
394725
82293
331159
226887
648034
874808
322782
327840
501686
684698
468650
569096
748437
598711
179204
311708
38786
191291
282365
365446
539017
456796
200671
825535
335941
555923
573790
310718
894722
863000
114253
471874
440445
675353
641356
246519
755335
770038
135519
120488
330280
427356
783803
566882
896640
869949
450393
752097
40521
823145
402381
545050
619769
324235
438384
518627
60516
478049
208473
309378
573534
798361
794570
842961
443965
715749
65894
117867
273469
319739
281025
535414
7997
629420
529712
148749
415942
173951
9216
32808
817388
275977
331010
660266
469005
578186
334627
765191
176983
27271
216122
516432
684390
689728
875579
219997
836203
298254
567401
161845
349384
650971
363752
30141
830583
86429
416303
757499
493803
245392
311324
558693
273486
501455
344930
223851
448329
291311
49502
509118
203650
469240
299367
46459
587040
441697
735492
748440
622538
225511
550071
193194
159597
266666
839639
895505
323836
450116
397723
67392
746162
361830
532242
310284
530483
412592
838128
453681
238000
251629
774147
534972
771849
438921
344164
345400
608749
111920
713704
144920
102493
82693
59446
200382
438063
889083
113235
456134
450159
583027
305817
401778
259583
514675
91526
244882
706494
700703
50449
630447
509287
354391
256215
552213
438672
556973
628692
290651
574131
619137
401165
630768
645162
341339
338697
320004
681299
361028
865344
699344
44691
34081
204492
64003
144215
413325
344796
472521
490805
719761
772616
145914
481457
240867
599742
547933
516540
76345
129722
166551
483990
524456
771413
644052
682324
852445
587029
274545
641757
462999
807746
478051
406478
562399
798008
481927
124925
788166
838296
46759
427323
896313
240633
609350
50515
274915
461116
149928
841295
127936
989
555201
286905
878649
675877
788281
497567
648608
607292
804632
543728
761065
704924
594931
80835
267620
84065
638675
661494
841203
864029
181279
373748
870316
539368
499238
482448
764588
713780
207339
208078
378230
899966
15245
83489
324455
596193
241361
345679
435415
802884
84782
605744
632303
737332
105877
431349
1185
171500
829563
656038
46504
579312
448613
153124
63421
730106
485743
29165
76243
347403
247033
345725
4240
3011
128814
407026
168680
195372
221362
744
195671
234928
46215
603746
255547
400844
606588
255914
249516
128316
487027
124080
367449
374069
435501
850287
529120
570929
733045
310829
224490
833893
198501
158945
180417
852559
483609
634894
589166
676939
110638
821934
362739
443205
168694
771562
465250
394920
440348
837669
816408
145269
370094
1913
267194
471728
31308
180569
426570
340948
688779
568053
52774
875046
861798
59964
564637
623494
625025
761916
595215
839138
302171
227877
806720
776422
363089
627691
566872
197902
803401
876458
459066
227900
601729
533956
227135
410564
525908
56230
512750
493828
836998
398729
158971
306353
794925
733363
330745
58061
294364
237182
675709
573589
89804
472369
291633
553527
637417
521162
686449
749248
55159
222493
808901
889651
287072
730998
352923
705814
804155
606906
525601
282471
240121
515659
895260
411372
840495
206731
818408
803591
484252
811864
180557
759016
62454
12310
861786
436252
706453
370986
94272
517028
9659
754050
11374
320608
765086
406546
257668
665194
398868
348729
799958
43808
356986
770594
245727
792249
508321
172742
758463
115000
582037
317807
591731
113886
127755
495224
497264
230810
299271
141040
313691
439644
515495
526557
781415
359207
39216
436893
116332
144932
611475
472871
890817
89331
2715
364464
392695
519997
197269
298826
586641
63877
746748
524391
