3108
762704
142966
867772
714964
33704
670448
365143
738686
504378
384977
221552
772155
355436
641931
30607
877268
554866
863510
69124
145277
327305
460932
481553
754650
835443
516883
712916
277631
54895
240891
397492
200623
377588
82407
705319
198182
833802
279712
497021
241042
82341
661765
17677
321564
77694
589175
358555
522309
704720
168369
249858
765675
360108
413781
545859
630347
482938
811201
715146
87840
158925
186176
748378
709993
756673
328828
390133
825865
422419
372305
202473
447368
673949
530526
280890
120951
573260
397589
790248
53809
467872
760114
380477
516060
425664
861608
769621
849551
892568
526390
157866
818158
600304
90200
149083
246320
723274
467610
892089
85794
398615
89543
118734
436452
451222
783584
221290
637745
486730
646057
166443
700092
462903
512157
11368
536181
468473
816673
876890
664747
5729
815702
564168
8620
404717
208872
42573
611176
440675
419300
305352
740532
647946
394086
607712
285514
850821
343184
852306
360941
507884
519734
886265
151530
223560
158262
611160
645370
17067
277894
393670
600228
703242
605254
130135
202943
420377
756916
735523
7797
581185
387326
426294
888611
714592
122225
843475
790270
453885
204528
700678
894799
375110
105729
795300
85631
175528
101730
602305
502926
522794
529721
751854
260092
399783
152745
39308
646250
474854
237055
637106
530011
438839
247756
738486
892277
473389
52238
64636
810788
37746
525510
319033
816189
815755
642190
366818
335135
829642
821188
607350
316661
751178
682719
881796
700248
213802
234467
501594
884658
808937
628111
692620
316030
594874
286451
64829
153227
230372
483454
280621
823327
24985
366582
761120
482680
879697
313569
814150
564846
49730
260096
151500
74132
674590
441052
778750
208125
873002
873496
372919
172059
421782
720998
868263
714594
632509
414742
130527
751148
668507
845864
677436
665269
522598
206242
123150
857127
377130
830110
61604
227952
220549
65691
243158
38383
762780
660724
170511
150157
529880
363469
397429
260520
27681
228105
218165
481387
818965
230617
322128
532121
211236
689615
91772
682249
142155
94096
164152
117579
827820
784328
597489
841769
639398
229880
27114
100969
711190
151082
364587
355918
598378
866245
799624
899774
40478
873276
367980
173342
867605
489248
593891
594425
792853
88694
121089
374048
591839
244932
463506
212619
778089
62788
534719
346749
560666
6619
132057
148550
850786
501667
109158
822851
294931
323396
615397
102080
302304
24354
462495
40509
154737
708336
802924
655022
99520
420738
416511
255260
400403
452128
502768
840393
763862
432982
404484
270449
776628
436904
90746
835819
861074
517731
33556
157647
288040
256047
771104
134418
407261
289985
782626
561101
731006
611724
322465
231676
317114
332087
262635
314722
63965
393034
251973
652937
777927
567266
357490
769095
320360
717540
172735
641180
180987
481102
871721
318104
870492
213129
319788
590521
220359
755195
840906
512466
254735
73240
654996
556712
713239
409785
105559
809846
490128
71909
433062
702448
644880
594731
247327
477892
55851
71858
471517
843228
390257
205256
428698
513632
618084
175286
841791
559417
573172
266772
829993
783345
717976
720825
287033
251669
780779
589771
786073
455932
97633
87541
702246
545537
602181
839191
21406
773516
553745
35286
636935
563632
706888
511956
801178
818829
307475
805306
569802
55573
303798
42962
500629
238412
898286
202514
727398
773864
862794
704722
104708
68632
764291
385599
125850
105793
874426
583208
712260
823332
490764
542869
880243
881755
751348
322231
486365
596642
706077
372442
676420
394610
777314
396472
158017
107752
166725
398247
370797
852773
655304
151730
655468
168687
248683
488486
326038
96212
700898
687426
1827
185166
532882
429746
757138
815682
46985
350677
763127
752835
117303
155961
804383
418035
681356
381801
573185
344970
588879
611773
130434
614671
109657
783279
778853
105219
723660
93582
454605
247101
374579
501355
2449
126512
458519
881
207099
324040
852570
279506
414300
214515
114196
389884
542960
57885
500296
157770
659945
177524
16707
837302
141211
849930
494544
483469
614371
141305
685498
730747
216532
279393
432543
429445
778144
774156
551022
164694
87040
490578
280125
756049
850208
341848
666793
836005
612426
837812
235626
58014
617773
609356
887858
742744
319370
332092
175843
787663
523290
159989
358506
839154
707135
232483
277948
23222
849894
603367
229291
601350
461270
264131
164996
817175
158872
529237
68553
814458
345634
130426
568454
556555
642178
713844
52306
878631
658147
481478
121508
165370
441695
830684
857039
652438
217218
837479
65980
159519
373910
673862
47683
878596
751184
364992
131909
220808
424727
756046
560296
199038
759436
581910
868208
28755
831802
797298
586327
650789
712571
315182
691593
466674
393093
412368
161214
586827
264400
879571
890580
597607
818372
719787
368649
769556
194083
544781
18930
322600
206736
245031
418619
248054
176027
378410
747228
21819
513963
503720
719315
736952
138502
605112
136964
350139
258368
86359
348138
123126
563517
320264
469720
304177
467877
572028
537361
734426
894435
747309
128224
106875
683129
203012
574517
354660
415908
479706
221309
869735
817864
337276
80669
550755
200696
289703
164906
452248
474468
405747
856967
720602
603071
576045
276732
106272
806219
467228
778128
704123
196836
290244
851075
682852
659302
534665
165675
598126
455227
376427
672745
505179
764357
595216
326790
380491
389828
313824
298959
643982
441381
727242
122058
328507
395336
342435
424916
681273
543244
305486
343737
576890
657081
362231
705231
16904
889513
156794
382480
529047
758515
432769
317426
193851
537974
516618
86276
813618
655711
434918
771047
741505
139607
392382
109127
29501
150764
338001
829012
740224
456507
327480
353889
335100
398454
626346
842744
777259
45399
369371
198648
824676
392161
685471
187021
69546
159151
743469
338059
14014
549469
24638
256902
105877
606863
672917
152208
209637
89569
746584
438192
197273
273227
174845
751963
724067
417073
688064
873906
187697
249221
357872
897464
194552
858553
95594
155470
440717
504133
346620
822189
486867
549201
773196
29312
215118
257984
134737
642683
382262
663129
610303
611323
267047
3539
520928
401820
34709
37852
253214
576145
404381
402982
837917
829796
388951
783918
671013
625834
663176
59659
596797
416289
132787
127312
685427
3720
286927
131357
813144
371932
636596
296232
71720
180107
280847
828484
281031
868343
531861
5067
299495
286313
838164
400526
814854
620558
806693
823061
27252
561459
853470
74389
684115
264760
283908
219565
381463
218004
895773
227612
375852
105926
838340
237252
317719
389074
849013
706611
829493
339904
584552
421652
823519
312525
32730
566321
183759
637772
807655
317794
853629
46685
499221
212407
684546
220840
749321
301213
521821
170007
871452
776721
330035
315341
240488
63743
805265
623462
289277
753557
730862
465388
878417
106729
648588
809267
753619
779107
446269
161010
624640
425096
530305
406334
161071
552517
305709
741413
477095
513908
88040
93028
224720
60878
698864
470309
246182
379629
405210
895705
435882
354685
639541
653262
244532
220126
358927
608525
353219
222232
865938
763379
394420
527900
119847
691209
238897
891507
295962
145602
421856
136166
753149
885296
623581
869576
193031
841636
47170
500516
244341
38048
226
518014
533648
681435
86741
368649
31151
365136
275565
251557
275027
258307
173672
570322
793328
116722
862334
574965
552940
193427
14490
833542
491328
744687
260166
73972
537307
383003
647006
463286
816422
821071
724839
460207
502882
438342
894585
66748
302862
619792
438998
690045
54404
27159
355839
255389
730947
5900
645564
864768
875271
142701
421048
788841
895636
377558
521104
751685
155602
217760
147296
158423
540530
607258
125374
883777
464943
774819
50946
758827
309552
847330
660514
872627
228394
860706
791133
169106
638946
718221
166413
152359
631983
444227
503775
330274
449406
874455
330239
230895
194703
192230
747596
819324
790269
503445
542282
320073
839739
818023
729079
763244
109594
706328
688789
19645
583687
83320
140166
248773
8337
762695
793366
875998
175080
398889
702162
617638
772993
112775
411190
517574
575702
300898
624708
117977
733802
28180
678609
696188
519434
748965
798809
447121
271855
370214
895251
393263
239680
5486
712479
344937
608181
418799
53243
598265
835222
53044
536245
262921
624193
726297
873211
125662
263979
641639
831310
501282
464894
43371
182069
818572
276160
874801
273070
470030
340724
379810
610303
845979
255450
328215
58827
596787
218769
719641
346784
187532
695165
702967
178988
894462
675908
318019
700528
23084
186994
779306
801005
648202
224636
220973
464187
462351
534753
513792
861721
442136
10925
891839
697470
57782
773687
139304
377294
113750
799370
663097
621256
428876
813601
825031
298076
651771
778283
272568
381338
649890
52399
653822
458245
104038
567017
253840
145479
330168
585041
458662
602174
153091
79741
50769
758228
861621
133981
814324
360588
388775
448708
585187
92856
104363
592166
180343
837864
307537
714461
495563
371101
264822
744774
247575
520219
117289
331528
38086
70396
498491
469844
103574
795426
629859
876328
505675
889221
606571
788462
7568
755274
885114
345282
873995
289652
895
558256
308636
834260
124087
577275
319858
182908
584123
328347
231914
383474
302697
123134
481381
184800
364269
334543
347620
484295
816235
468435
483138
790292
713100
190576
465967
211243
422083
552
418789
829856
56603
443844
867689
37061
882303
454028
471423
177564
730533
506322
787402
104398
108759
437646
80863
897653
217408
568708
680165
473556
883184
162562
456107
55718
529548
166085
598373
845011
216085
375611
195909
804287
551155
263748
211058
267101
814173
130322
569416
695202
190888
888079
586827
864435
527786
607037
581705
554304
609834
121880
409996
523082
806150
697880
417848
798015
898943
357203
851463
325959
769669
41535
855262
424983
683675
835189
791212
711682
307815
256689
51295
788495
485784
782166
502914
361862
292180
8398
34231
428580
1309
131535
690797
201135
527904
668186
653758
109667
127034
834492
24648
625450
603270
270519
63718
198122
294567
367867
172042
154808
381519
165102
199417
597418
45962
226091
446083
271946
747850
176486
833565
844711
520079
492494
225021
425126
370131
519371
716369
137301
791471
147302
840669
23488
514861
239880
279919
510269
691308
478971
764896
282177
599465
811788
27274
625589
400753
294738
425024
700964
713855
828969
657839
548875
280147
336631
31375
666291
561362
25871
349157
793787
139636
407380
75321
794605
347694
414005
504238
789875
370972
158583
172099
517219
552683
810192
132614
158166
591488
510991
304624
806710
102825
646202
21633
459637
384446
35791
321528
3483
468370
526284
162606
517367
642076
631146
586256
883990
824317
790115
92856
233042
793901
394612
776007
733761
634503
500926
75617
95791
595085
536871
688580
414758
393017
796413
429862
222729
13570
186075
411499
495584
523783
387012
659072
285070
283643
862315
573879
613790
568557
205621
612383
219004
252210
368247
146238
167040
81265
597401
876782
701156
758123
97692
595602
433911
361158
615415
59476
757291
736885
462493
371196
317512
508101
541435
862735
456803
644837
518589
472129
328714
810131
158352
627800
859062
362399
270562
294335
183107
272927
119398
537987
874203
655567
737683
613134
751054
52450
699020
29021
757406
792841
687706
726880
663895
276991
326294
761870
622780
288143
673411
404067
471804
128162
206615
629047
784292
130793
775194
550363
713870
631619
16776
417842
690870
259979
10513
479242
274253
744066
682687
96023
252391
36948
473015
636362
301871
463113
589816
572563
214331
367275
374369
385584
385050
477327
80239
74576
632105
26722
550404
581288
550533
700241
533955
444689
174266
722805
81144
70973
189850
358393
833877
254804
404138
215561
89782
166191
40630
684857
884486
800272
254533
523183
747611
575676
503687
71150
424284
324502
289835
199616
307074
551418
302668
847935
644412
285778
556427
225888
431789
73688
849561
775420
131633
614953
566987
252604
478525
623330
82768
533377
144131
22842
703038
472142
208085
109436
658984
60498
249953
88831
486220
814517
155290
373667
466632
824767
162423
237739
892621
850719
395541
91473
322508
25695
460760
565770
229933
613058
323022
490712
92383
431958
382132
85830
406121
462364
450131
226659
162143
789360
636418
50814
190865
318935
64143
351962
757725
877893
806583
454990
368132
366985
843154
185692
579161
631477
722157
282987
439606
648557
843855
635524
746889
606379
123005
270214
844716
389997
800505
17766
674674
145820
409028
5382
77949
160825
77284
118224
453581
362214
40577
401328
186515
585999
564810
105548
752771
797651
761525
725248
309352
415987
309795
433946
387313
513141
336865
357967
202121
567285
464331
463448
896356
621129
831947
568940
730614
719664
366303
887547
315774
250870
882073
219333
286815
318982
805023
565045
585551
830701
48819
405565
252488
480070
266733
70511
17723
774920
127396
749877
878757
731880
833485
693517
821434
316812
393530
375301
525950
506894
892675
313615
624531
105641
674401
61313
58604
483875
892535
559115
601407
778518
3116
866998
656377
139900
815283
388502
388684
277655
235276
115819
377540
310203
324387
321242
197943
90681
258965
124739
378906
644872
385523
60415
142608
894354
640832
334295
416797
116984
139700
178980
365305
427203
124835
602494
813377
421225
111576
731331
564423
672983
815226
499175
721833
354657
874449
798770
486079
385475
548354
319195
883150
600723
515381
805023
88505
237382
534328
890205
78072
347643
820508
681137
732705
104232
536893
462603
74370
176319
163903
782123
735664
809596
875700
200860
323897
183950
353467
478858
286998
214655
710978
366945
576253
78562
49164
411395
875315
52088
171789
815622
627871
512287
569042
490184
752921
656856
216861
354511
410113
549619
716078
330754
403596
119001
845022
103037
53208
531862
799077
250517
339841
294337
665275
206121
269133
286761
501148
131456
91617
640830
714724
181189
639959
284376
320089
155260
466343
449448
738056
647200
311522
269178
765000
171802
76797
197507
814619
786912
608106
248173
369043
411784
818115
650620
363921
366887
316160
145340
865160
79082
348008
793257
130624
841552
868323
139963
790327
373026
700846
639852
301634
686160
416008
434695
514001
679018
851881
293550
108720
175735
399891
742632
783017
267349
198080
740357
857319
199630
684123
450159
159126
680436
847435
301360
602662
194937
877161
388154
750703
864269
180306
756439
895854
528692
787224
382317
56621
777987
243572
473005
483968
871895
227670
213785
846540
97907
73661
180016
453282
360052
178209
297367
834473
513554
390349
221509
323866
25973
694155
775595
604805
417041
850552
503230
577168
772416
837206
513314
650880
811675
465792
573493
484432
815445
345528
602614
650046
852467
763485
669744
853093
592972
664952
879111
197893
793465
136373
296413
548415
459096
496174
519361
893020
85315
680931
551253
845774
288008
654758
866810
171150
655109
425715
54906
730307
458723
155037
416562
766468
79691
144324
445658
554837
223977
70434
723154
132558
10076
764292
193259
416730
895190
607574
546576
451738
417687
270743
223375
293929
396096
225292
503559
66875
321046
21648
169743
843774
609590
608329
111073
89251
798543
711254
58145
96630
731552
359108
752814
311560
778895
726944
852708
4974
773283
96327
29740
716578
459839
762105
130785
83335
146492
204075
419327
386315
649377
335644
164265
757605
423458
467328
457879
452605
93490
398808
594747
636299
728934
520578
392686
814583
313703
18892
68540
442688
135603
162628
863369
178776
121649
488491
823070
7852
510768
350121
403892
385122
605755
180890
717692
546459
714874
191781
138088
410423
612552
692365
314586
118136
540909
120640
627399
502207
542871
602508
778151
93203
499450
96402
618107
720192
781569
802675
69819
21755
807983
748072
309532
301828
211127
892878
575739
706340
636148
165213
303785
611894
324486
571609
74546
628930
341290
209345
806155
440612
780340
268869
752888
67595
530540
225397
70743
250526
275778
218325
74060
453337
360111
837900
267018
387349
164137
442652
24091
705797
555395
186156
766316
470364
846111
524096
887128
657421
538161
644266
265712
822282
893073
571514
295459
883182
875996
781233
760752
508694
22728
116531
800869
882153
751682
667195
78386
181273
145382
712072
339855
454466
854458
644469
118503
296207
245128
658183
433568
71964
597782
254431
166440
551573
21283
409487
440958
208382
115168
890634
755449
78988
881512
649651
35929
87152
197117
851255
89928
776756
700065
136439
99309
441470
542607
295646
418125
437393
478484
137009
608638
109171
136396
368516
16009
540746
395133
103369
663067
799295
17258
768259
94505
791524
114805
508185
195741
540209
881461
172133
174657
717738
831439
847500
545383
123869
37268
156681
87090
2312
59063
528194
708133
91447
334345
551004
602374
189099
571507
435051
416591
789942
304207
100129
6577
488418
234692
154151
331300
554193
643388
320073
445936
746399
490883
765580
129681
154148
682558
714395
455531
773943
437798
323647
393322
206444
648896
235309
148979
125405
67258
647801
519757
327046
167555
779592
356262
368586
367528
148323
136259
60084
395143
488359
562344
737656
347954
422905
165184
304919
545537
106264
207114
806273
166932
260619
332672
219189
202212
748505
897509
813316
528869
828311
105546
354708
90555
266587
30461
371232
254517
829488
828430
422269
886634
428803
700191
649303
220590
407129
784296
185497
721329
495459
832805
810188
560469
860042
857020
124119
266155
67621
394606
785476
780360
445258
780090
810916
209801
266752
55048
368776
522272
352978
872249
615600
241049
727936
280776
273665
436238
832272
325821
553807
297730
452994
404078
723483
852126
300704
302706
266261
622215
882004
657092
95330
295032
222676
699152
810424
29281
633817
818269
512935
583420
548526
274583
856978
614503
807363
416248
408667
136771
115392
410930
785564
594088
368663
238235
886705
36003
312594
890166
618676
136525
670892
555610
844800
208969
504444
518977
835703
94073
157259
287951
377663
863806
2791
350429
882343
12746
632240
677505
759335
565283
846095
697116
809861
528855
232615
448575
435828
302871
602307
623195
679991
691761
423535
362308
162372
807438
882499
248865
216131
329028
342426
588274
353365
839609
695809
318558
863730
201077
458378
397048
429802
127490
729056
53838
647309
26819
565845
704910
384391
875534
501400
719893
391715
285063
419810
651542
475280
173179
187247
443523
131617
22646
23081
521306
519725
250113
229408
712335
300663
631067
352887
593874
860201
420531
770328
685341
667417
855007
284839
511645
489774
890748
10323
549818
293883
848259
106217
577188
281161
338404
756163
199036
20820
294178
250078
27964
722636
891467
540361
187780
388091
400754
473561
282370
135814
185450
400185
173277
181229
596385
17023
594302
725292
214806
299898
755644
104260
252345
583303
339459
497460
282334
129987
619423
664736
169438
116219
262923
76916
180426
425631
715984
842306
778796
118037
205148
477607
310716
210825
615553
102252
439643
550370
307399
618183
369200
510256
244560
828322
666973
201058
244677
477587
450685
798196
356002
507595
874428
786181
308954
309611
786515
764934
752648
266927
127518
502766
782580
470414
359420
443179
137823
593594
372194
99220
881579
262594
124541
538138
862281
582103
120546
320444
752672
270252
651507
800985
133687
34870
472273
629919
786975
827187
250521
691875
77504
331591
42748
306090
433439
221569
663870
474116
832008
250684
634539
622488
841150
496577
141041
687066
724220
894890
582622
897370
686311
645538
891223
831478
313618
57800
632433
213967
756461
888721
167632
329689
543563
619629
272410
612203
83311
675426
611159
687351
469363
651957
434440
23508
713716
588680
855232
627894
629277
655581
712323
414559
594062
133336
3354
63631
346504
205954
728752
427031
129816
639466
462573
420844
747198
155750
622988
2870
676826
872791
445178
573672
305970
661482
536942
685898
559265
404891
433376
16561
827007
224437
147303
872337
340105
608404
252050
443881
94989
620651
784258
479836
589685
648512
441955
43264
673453
673781
624614
495311
55634
102723
75964
385947
828186
786975
226769
625663
722170
566942
454754
75056
402007
388501
724124
592722
716652
406008
142771
210375
12149
45732
179387
424802
507638
55897
489575
367578
178540
658751
616732
717146
147757
30057
358320
405205
277950
284087
70469
393782
822769
560149
757884
780534
699097
264161
24727
664199
100172
2442
240464
208653
321715
217300
308847
264429
547569
25688
889868
451933
582158
881863
779809
389146
484319
15311
708587
810553
814259
401623
412573
45973
653628
798020
822273
546567
211000
277982
566892
768980
593340
355053
416925
167616
456316
16221
596242
481408
403161
408512
876070
626893
13351
793458
102091
814228
645882
363128
739744
311115
856397
393154
187855
581182
215374
752752
758374
218215
623177
494672
540911
865404
147375
96453
249038
90179
30147
586883
213943
706496
254658
475479
875722
868847
698892
339684
472268
892492
819827
459336
703843
216399
128735
47549
487725
94422
840859
309787
251326
539099
8576
423322
441204
854725
721051
333525
682680
269626
404254
469675
173300
373521
225120
877888
460747
296197
439793
191872
512858
571430
69087
671139
385481
132202
703646
887787
573549
467521
791607
620970
147485
499590
277648
219841
538479
786673
181716
367907
98447
371593
231518
632409
487387
881335
306919
280222
247710
737717
112106
326666
588551
742310
832049
705100
151653
580479
149758
157873
695041
5027
460823
416353
425560
689708
292750
834952
536148
578341
848652
874098
57510
156213
383578
248176
89634
157365
736780
251639
318998
225571
672202
324519
716904
253487
62748
891785
452652
112050
207250
390610
871935
228159
144909
312708
496066
835026
306990
492980
365398
793861
41976
29862
551185
102369
388260
90388
