3233
637563
364593
810242
812494
208648
671185
822822
49755
276017
839078
687766
11837
213937
557736
535791
816307
746137
226490
178159
131640
301744
202683
167459
79720
46283
802804
141165
704259
745093
637521
712465
505066
659835
204461
573596
157607
410983
356997
698066
563465
96310
793487
221651
234252
711752
74212
558697
19639
649988
687800
795696
299935
460757
206763
241026
297577
289349
30199
565470
48909
528917
35049
279476
636790
202870
236173
159024
334565
304839
89027
307265
790934
781995
181422
578917
810554
156070
210058
26899
782723
626772
467421
696068
321150
614630
67430
540990
195195
112346
687154
431263
130536
528053
168110
691458
562715
404416
788151
113553
815118
615069
799917
334280
765285
67588
193766
297410
848459
789982
452063
499266
682010
249085
868460
250335
700506
398838
153073
505229
231648
513820
93097
398564
548504
284378
298307
139215
347550
150349
369517
251092
470661
656924
747401
312027
478490
385877
435164
507292
92387
81957
722533
771657
402209
825939
263403
41621
706421
836377
510799
678976
645951
180032
845920
125313
644577
68087
186285
484431
541186
258417
842933
753003
291758
285016
594042
283245
243195
505521
130420
176809
348870
65358
607810
24222
253084
789481
257404
283867
234421
337636
592516
381806
697594
346874
349146
247307
148615
209601
822670
94581
79052
77919
310033
55276
446349
141510
169828
672979
241769
331054
256946
372860
251512
456365
572378
337555
588814
168565
329444
823876
458620
688650
740436
377353
328757
480638
552412
280340
249198
358763
228108
268565
208767
883629
794693
718825
196454
225241
877676
561760
140907
886974
197914
812809
674621
500919
553231
37788
561051
313001
562342
138915
485584
863903
682628
229126
144725
477312
669098
148018
631002
784234
624587
345829
754112
220237
855255
219096
420861
527366
618261
637801
406018
531542
72399
365700
348025
632767
121607
747022
711016
84539
468872
862894
812115
409272
855287
157177
68798
817204
856328
100952
640879
565585
294093
608087
836114
53621
43625
602444
812662
887936
825059
384482
164821
356555
369878
644706
89745
280666
294149
113629
275161
714877
172140
848344
734475
151401
735057
217333
899059
636205
468346
641498
586098
358292
806680
897248
700634
576407
809696
529113
184661
700764
765883
743071
307206
396687
208883
447094
274439
866555
276846
362365
882705
766884
67607
636854
781658
108036
563479
444815
19513
136033
677923
441772
526693
20616
170447
327827
803067
54952
3584
197460
115038
308397
772863
716403
665113
544951
852842
338259
34176
536534
609348
242593
48501
810021
453837
379770
461734
626688
667020
622298
749555
429347
500072
85442
518221
375008
849046
628133
346714
341308
239533
374895
398997
759847
440821
76723
545043
126775
231838
448687
662272
884704
740173
829022
141416
166258
628529
671130
152370
640590
318292
510475
715110
503718
385677
497137
630382
604368
853938
528778
780155
48615
475882
140896
477151
276671
166657
598130
58807
611011
256148
880381
682156
658860
636876
602311
31695
104800
87881
763560
104417
136644
74611
204950
787029
891551
535669
370475
468877
579053
18630
581845
166529
340541
701980
353082
602590
614504
209957
896965
872330
448750
468400
411762
372134
308111
761702
153265
246541
656354
656631
27226
387801
222422
726926
55630
512229
671426
214054
759814
336652
116843
398614
221723
26288
247666
30471
843601
382807
798359
478279
74784
887280
583662
552918
177440
718707
146940
578430
395824
222919
757966
339680
495523
168701
539734
158792
294217
612089
44580
68898
758037
14737
346621
2342
294960
100909
619930
692751
638585
576654
606207
680810
305750
606156
186358
569226
79164
125784
361191
363064
587288
383040
221175
851559
682744
378097
828219
546534
558776
618870
659159
450286
3468
437182
499351
698843
448135
210204
767656
856152
573318
88168
657140
410483
393917
646563
45817
875439
840827
872567
679557
625592
28412
890717
343312
420306
492267
478904
882646
73226
675474
417759
458672
203534
854592
830872
737357
707320
730037
245056
724178
731717
746829
842471
798763
641636
373030
75416
119436
257578
825456
288982
170634
84643
765073
750529
794959
185539
662130
340824
180381
49274
39273
192345
845506
543013
815907
800388
180084
510561
373870
702813
864330
498043
225024
176784
750103
823427
27176
21263
136356
550655
212623
218135
556424
524284
406282
349489
466886
434463
450175
713780
466084
293977
449906
90183
435939
632057
624043
263268
131680
319515
710117
59993
509958
170430
730421
133640
90925
339732
186645
508430
30483
382034
690668
276192
316821
116295
511068
427057
391275
803146
258472
709072
324797
211116
12224
844622
544678
230892
490666
793854
139652
810729
70127
871285
358584
600562
64063
314481
443040
797497
644641
454806
706670
388327
307452
566579
577829
259177
655227
405892
240656
530183
677184
430064
895935
307285
662888
747538
797374
665123
703766
3061
489940
564015
144255
336696
131797
603258
732274
288305
530724
814296
451106
687693
554825
107393
35921
393494
723467
484516
719770
665422
501130
791996
606075
108696
791995
718714
608606
798454
319841
744001
202082
743084
547524
58513
145195
80515
548689
235772
854658
777034
47598
634324
625482
808823
648120
107397
747265
109612
726011
392671
559246
827092
23309
706859
691693
58828
190887
786494
56117
449854
273473
835724
575203
664393
17097
318036
522084
314781
498880
498490
25988
561346
588145
163730
79310
228376
352655
876503
51710
134168
483562
726875
838923
831482
796589
506105
693131
420944
432983
832742
539266
899951
434675
323334
836811
30350
234807
496571
401825
196327
444374
522776
393930
597819
734754
745076
676001
877106
824994
398682
561374
217824
288523
7486
371972
245347
335742
739465
363464
803560
442718
274485
270521
196109
784012
203188
889007
118721
678177
682250
311988
504808
435463
367644
441610
340187
76692
538560
184088
209484
784676
441108
104405
230727
541778
37354
256335
109587
605299
129345
810711
217880
354928
136591
524173
218427
26782
529434
845316
729861
823451
355942
179986
794178
504518
530600
249527
853668
168252
26010
898471
766696
676491
476711
728469
528176
546836
520166
513469
400784
243682
28419
772590
760100
814786
584184
740211
575870
86846
782812
610173
714494
88409
602898
248431
16089
361257
305698
215141
384348
416940
201508
775265
194186
7721
67384
304595
825025
45893
164371
575845
599067
521342
724276
172672
34128
315175
90581
179999
615257
833760
421949
215214
411951
757201
429970
301342
720530
211171
537515
200872
321638
329083
104932
549115
371895
856916
351531
387652
698621
274231
483735
690777
55098
815002
265624
139394
591137
744147
488233
86276
775505
364919
308034
34059
118686
305108
499402
404660
404465
728263
869514
239764
99429
369114
458461
229512
200915
475870
157667
444475
862120
452769
616181
495021
145137
70635
184595
406470
742233
66043
740728
109431
20137
590201
126447
897288
738318
288984
88319
606660
710681
300010
193986
769566
355743
490751
493171
67006
848129
779484
871430
720395
288358
684468
8433
34647
8867
760518
491560
376162
504317
181874
763207
387147
86118
351481
50952
24282
378307
890448
795604
205507
572750
426624
325302
573528
32951
818334
480491
694639
800101
545186
46870
557066
634907
121606
533424
6601
375317
681853
645916
431240
368113
688781
263833
45046
307179
730186
121200
669716
558977
220977
376365
142117
491957
376190
191115
318808
418257
565450
571976
790223
674948
816580
636568
785164
554283
385963
22549
29207
406123
665829
221395
442510
401274
53343
35570
430570
153469
24322
744556
486921
854700
147054
189199
41917
345874
894102
634277
348753
508401
318199
258414
799379
543458
133014
216975
146371
403449
345397
718116
801654
74055
610002
294513
157735
273658
265725
467126
665979
780287
809747
429473
324143
280136
864635
887389
285697
459720
852029
779879
74679
465562
357626
437250
559279
373602
199852
248929
310373
522123
790522
518625
525114
728080
641240
509305
888007
581206
7673
285962
340254
60438
223762
859536
550233
692281
571661
524795
174626
729500
732934
11127
454238
479250
399622
699334
701399
435241
297241
817040
504772
114148
69646
398961
445559
310024
314571
568977
557283
863059
70538
75185
298087
691078
349300
31776
753500
570275
591768
36493
328151
287793
206567
865047
618331
121276
84688
876832
424158
328218
413235
669665
803542
875657
607460
421527
325504
655891
744478
59
33005
864435
217954
686031
771562
84178
837771
19283
429738
878314
65230
270584
757810
557804
259251
333260
53792
704828
172586
573972
322553
587002
586477
5048
866766
28188
814704
536759
588394
301622
857639
396316
203547
292764
365845
605992
456090
531486
665228
349039
279897
804434
152741
890975
306632
813584
879549
500826
481795
120278
886859
824356
791452
710604
518522
59928
684192
384130
896039
794710
440969
671605
807033
284215
436736
521456
239799
193601
296332
587695
294474
185813
582459
369823
128433
667814
533644
330402
829051
306500
126615
344270
211397
653142
253178
147029
63023
107847
537376
398879
452669
778711
700976
304339
93031
233554
50608
517749
502589
348733
52851
260809
537787
531276
302502
10229
432901
37009
876531
241285
356447
424720
531056
289064
407948
894702
638632
326904
821025
761799
285763
502487
899524
899166
719220
262741
396806
275183
118079
787373
455291
33216
856741
502479
590994
514711
432077
895193
64533
881989
581425
32766
345791
718048
760354
592456
463668
298798
112825
296922
660290
270237
802171
740046
306130
523887
676136
532542
337067
845651
498305
392350
159491
679791
732403
723782
784514
480697
30788
837613
449078
400901
221529
799632
222509
262297
70978
549843
547026
461436
568418
518814
873447
382828
713982
438729
523099
206927
672706
866962
653576
706242
467370
583723
785931
431245
357364
678257
758593
550167
97696
422902
465755
510517
437600
565920
560894
9406
316962
666731
410106
491387
730967
204617
712996
709562
713855
465322
265009
252065
90227
6902
15890
272575
79439
460247
782343
835198
555642
852148
451713
682197
59763
646712
380537
73946
832666
5170
869478
70165
537496
324469
213726
103279
683115
682879
630541
367849
706962
895958
60683
487369
817394
581998
693469
516719
858051
791080
314890
438247
295450
189205
133336
689047
709875
370360
723394
259383
819418
625033
174105
471168
783927
397237
866261
295421
414964
731971
658293
304734
278699
710930
610778
580076
595281
667069
163581
832695
750586
429825
816232
250218
422343
589973
780632
286528
494099
19416
821773
675504
76565
312777
544299
780676
326130
647663
170800
837832
729859
664473
629394
558045
517151
248864
329140
160653
193157
186728
135301
72600
865704
578117
207190
356845
27510
227419
632246
499509
781223
432701
441548
307082
519487
369047
690287
257765
681952
859240
584133
828660
856239
827718
856855
725354
534016
202341
42413
618000
638689
693619
758475
313433
70177
887738
221255
155380
184219
438921
540774
248026
881539
189036
789875
70631
867275
316983
730363
554022
493298
180066
665831
309861
716778
169870
318615
771880
47844
692998
155160
674905
26138
111168
465122
127229
656121
816035
422832
371329
506826
32707
396604
210547
331547
182503
87158
792301
154894
244876
314433
273133
374365
287042
210219
869504
321833
209588
701223
797148
560062
551589
807849
814509
115428
64438
397693
135
131141
167044
310084
494362
357814
239854
603308
298660
346147
542772
786442
189440
309020
529851
152503
832060
192054
210445
664677
417800
116415
616509
896796
638698
160610
46728
800341
754319
474611
11959
802481
352924
546167
51329
229751
233698
893747
11533
191690
307024
732976
722165
645571
136034
819944
11431
81103
245528
165680
629893
498119
51649
20641
550028
329672
87382
613796
198449
889999
705827
27674
198375
775283
826784
680805
602590
791038
641726
812087
161829
550793
494876
578005
593200
428532
853849
242567
358708
701951
597636
49823
479759
757703
509264
323715
421478
250816
154179
519033
809638
873547
98029
565870
304299
206805
290678
199074
76511
191468
69680
367732
492282
62975
591852
358694
694631
628753
301896
844396
640232
491257
653126
671063
576912
490169
562360
120440
16494
843672
197655
19091
816873
310846
2898
62498
238983
663980
793859
895362
690024
129238
213566
74078
174575
425118
117124
377463
473504
736046
857012
680749
222084
415858
837536
429612
374250
885999
549373
384917
159017
817892
706708
687016
39008
546876
555573
634859
377374
36428
790892
110778
877405
189167
755660
410283
867784
273916
73799
622716
259358
690912
178303
453436
115855
818110
724311
705778
669283
188224
562595
170414
715354
245336
40190
740426
63406
893879
798523
9661
339988
769769
495475
557948
817602
166092
412604
191021
493770
728107
807578
152073
816196
820859
79055
894765
222091
176785
392687
580382
756733
589437
9039
879126
25414
483944
23707
399887
731798
360773
700294
251947
84462
645847
839484
114334
531227
865631
831924
295289
694297
536672
822433
268563
493912
176658
64264
367733
25532
851198
656043
61891
50654
744412
343460
560002
490352
813063
354221
396682
243678
10010
679996
332074
356272
853578
579053
807635
365132
871327
193239
259586
131832
611279
111488
751725
506525
383321
126572
342472
167591
501339
546577
58324
219753
689169
656870
839974
287389
69227
690778
286288
361193
563593
61088
870670
218429
102933
171272
238894
493817
307389
39657
628253
173964
195500
112219
216266
546359
794789
158785
372538
186959
160411
870435
390471
155745
622799
204506
785141
324688
748102
258692
229491
433467
198182
43479
423530
638458
629550
846994
210278
861254
86063
850351
115357
566776
136523
224021
74688
537609
859561
22890
863806
4761
14193
17286
368112
224108
479402
89282
862660
505166
735821
54319
130153
500407
209478
790468
511795
590826
11655
156143
8780
139543
197769
525068
594808
395617
95520
53875
194755
427737
675577
421196
408617
361481
132819
193182
171073
666093
331959
352004
614343
848603
775669
94113
273316
205251
818524
815755
455581
347474
110326
541826
531093
842449
853150
426180
769312
400234
705791
338841
777285
236490
90634
322089
765358
782082
211251
404078
460591
577479
184425
298820
465553
22682
547792
17084
52666
382818
307037
636240
638427
67445
503821
886961
726038
290358
888034
267260
410953
677304
24283
513003
596091
89920
870031
420615
250466
407368
243942
301019
199279
309664
512116
702724
762167
448687
82387
215205
165630
791096
765724
226776
326146
425560
379841
755102
314625
15659
549226
140951
604521
470030
812650
853132
56346
846623
731773
724745
343161
455424
375488
237609
613972
31131
641261
744202
840941
665184
104146
666272
365125
434889
322573
302341
714598
172894
54566
56622
876748
664820
894153
393369
309617
63377
558846
599618
133333
292619
98055
870804
388135
151182
869109
341980
167186
58428
409543
489434
831718
84590
91937
609169
93409
332793
231301
373246
731866
319948
65968
672613
866442
144662
140531
306982
39992
831780
615693
508943
415168
728456
861473
717419
7199
796757
16537
384696
756989
549415
816759
744118
123863
489503
689876
609019
9063
378124
407063
460452
120307
333381
814035
322374
108240
414387
109757
428131
583664
192492
612681
712247
436591
90362
54944
403218
596309
482874
349376
691968
341833
266016
254576
241092
29939
540151
695262
546500
243244
4806
173272
65693
107589
242862
885955
339574
440336
87217
556795
501139
50958
429645
431911
640032
555094
281861
465272
662925
278719
771872
610110
23993
142858
99242
379239
123687
433743
437945
301685
227854
783651
836523
139323
319948
621123
623115
531988
690106
57087
846962
475551
501786
299814
703818
475515
469292
634473
839437
870555
10977
627151
819916
357287
714951
720213
661835
594191
195587
50047
814634
384395
522845
806016
687999
771188
101173
575138
238911
644537
149555
178194
805019
456159
522652
407243
670695
182745
220449
217885
390422
353951
430705
625754
790913
628462
292590
612381
645062
459292
164541
819639
14029
757206
488823
845879
747654
711160
499581
372213
648910
149544
571432
519100
206897
86927
659710
230642
263209
302069
376705
610213
712228
555736
198337
35667
307748
806505
28658
49526
294079
379139
354456
846890
648391
289896
820830
254364
867108
121274
384871
90034
603261
788499
700539
139025
128214
657250
587267
35374
470196
63875
885904
349941
834747
338201
779862
549423
878872
774474
52566
344308
561915
130551
860408
660045
712795
644310
189719
277892
477342
363311
886423
448010
371120
161839
691570
821029
605776
770604
893903
793972
676651
159126
52116
857633
860448
403318
297298
630722
494914
26694
241183
424011
265660
21997
339330
861203
106862
840149
857254
120001
148182
582346
410033
797492
739914
262961
23791
215244
5282
460386
128775
384312
684146
284036
642415
304733
327637
323236
147707
512223
551589
833809
395761
425679
872231
875831
192664
582674
252836
23095
210031
845353
339857
777823
200314
771714
264656
88075
888246
679547
625999
15831
159854
777646
192847
774335
17990
44509
222239
709078
577141
460475
275334
745792
356624
130677
369984
7884
702944
351259
264416
42513
88629
863951
630579
229123
606933
341097
688997
73170
618221
117988
325725
174304
85928
325609
12739
207453
645853
330614
703810
723393
490978
366154
126185
785413
54047
694959
568011
95262
344094
422437
799366
784310
800990
575783
154433
190409
445574
533948
130798
674106
495990
882077
346223
727440
384442
302494
840244
506864
783928
728602
94531
165496
535560
52383
552433
175892
186211
737011
550476
394337
462004
193538
695579
64316
832908
395685
880701
390918
646386
240497
508622
384503
651894
586169
246376
410011
9318
146496
542022
185421
250522
49663
613252
333167
348906
155535
722530
562787
260384
870548
189447
763305
465320
183047
705379
174934
142756
738622
89036
139117
531739
316921
681802
620669
519569
671244
517582
582518
208274
823524
389693
805320
663400
411896
845482
624539
799085
625998
792417
851813
714010
62182
780065
782091
899069
23495
368001
657719
133193
366948
631347
412178
746887
841899
629541
40543
54571
713610
804964
400276
808354
740926
570939
175157
481478
87321
318170
216335
893556
386959
550098
55374
33621
433854
370684
478715
314040
820471
474649
198421
843585
716333
760596
669450
201690
420313
196420
146035
41863
100231
347310
757994
584472
516481
215047
269288
548824
563863
897846
715007
890627
474791
695640
758801
266228
855630
260637
87596
269947
259819
491856
215234
637646
567308
762677
816649
836311
339480
693290
88555
362923
665336
720944
286251
99962
444482
362115
211317
108578
823876
744516
551520
667422
173930
665720
544356
683260
301516
394857
263378
514220
579062
112010
616692
689781
860885
269656
259457
894209
809019
479036
121469
406425
242704
2317
227243
111883
788149
897651
316368
53767
103062
850534
814438
837130
567947
475349
131161
884145
628330
44354
657505
598351
203373
472874
852765
537721
759804
759747
809736
435455
149463
115966
73979
536661
281123
118187
358655
313744
650894
828956
532077
876972
235103
722658
879492
775593
164991
4147
162213
885143
866654
381678
686798
251622
149540
544533
523026
150208
504789
224184
130194
128402
882752
689715
757466
369061
189988
465453
615034
193931
72032
563361
185535
111605
276693
683674
224622
862594
575897
519928
119900
851601
687675
642223
464781
541463
688815
699790
674247
491788
183733
702589
333554
226976
289706
651839
205838
110987
682666
783991
706353
398850
470527
391783
228956
504742
283691
162484
25144
481526
813839
675749
372242
160740
678326
115115
890417
609413
365185
448218
887760
220898
43055
617940
298172
277260
365608
477863
466571
302092
484582
31853
368663
895417
862241
576018
511414
561442
884021
740243
552631
86603
264883
729825
716827
460692
761505
752644
48654
342773
405230
108380
110977
136006
332118
314627
478405
829818
462894
197071
560357
872780
135309
682643
730176
203666
190616
174053
429186
89806
552648
684954
719327
724676
598329
422542
68043
211013
8242
141984
886617
421865
516108
725465
773005
636796
53344
245165
244000
42959
248306
321402
640496
338703
410100
423373
303777
10483
767352
1829
336756
319406
383286
207535
793571
193765
127830
723504
280374
64731
142107
646401
152549
704871
891469
643444
297258
717063
414560
178229
346945
328206
794310
397036
504544
405817
364334
807199
716973
408159
790039
418549
120065
833030
178549
340917
877111
407155
465118
741356
127568
421177
472050
557805
708518
384499
21861
389938
67339
123596
468811
453473
637469
70363
454174
453195
703816
369965
733903
375822
600985
493946
737063
444665
812187
740986
236824
255088
753424
406768
538981
430661
868812
800228
766538
853382
522225
18703
114954
197367
116963
12175
240051
741300
354664
120603
822256
408216
641630
172304
407563
551228
97144
561737
492316
723543
524086
185069
841235
898947
814273
36834
876030
114400
505376
220032
537879
745330
867161
833249
52941
855046
827879
636852
221838
284018
300853
449680
257806
572858
567508
31014
620630
497102
742559
571087
825164
699440
848616
517796
894394
841620
24574
46701
793886
256353
356958
232625
469742
420212
369171
478188
41541
881219
502764
152703
890830
58303
705048
439584
695884
361810
392832
167218
189828
751464
673089
292016
622217
268107
797828
562243
240769
240582
365500
839476
225336
708843
328508
842906
338497
85872
643122
161844
96164
291443
324100
686451
78825
433503
341221
553551
556384
865959
455284
770714
416650
727086
652754
561745
588839
414761
460702
379854
131069
378429
132238
831579
503969
166978
594860
487393
124934
807977
475979
516702
256159
686906
142756
702325
112434
604085
64593
842623
772860
2042
884613
176256
884699
1381
438695
315317
316923
706449
732553
135208
361664
589981
742697
825414
278893
896363
179619
30920
172624
606949
134576
344685
350698
573691
585248
35785
756574
550631
4624
181526
499348
857650
635431
814249
572715
172175
7155
379104
460761
188133
793787
252407
354144
510858
119104
394841
562000
147178
382677
2996
769362
508039
352504
63525
174488
418330
805164
389779
878431
24024
610612
441079
75358
642545
688622
688345
347118
770257
847722
170902
457173
784105
743974
519357
175312
281800
62311
661753
49597
612802
518326
637640
691619
535443
558036
561451
784318
465117
271516
833462
147946
874540
201172
506279
366956
390043
536142
476499
702936
739696
565761
681148
641154
184898
539999
65439
682852
423515
366291
25705
245769
207512
720250
720170
321108
196045
48475
389441
721776
460773
701251
777911
124180
606023
384545
65513
680498
644597
383483
177180
633309
673038
507819
591541
220245
425043
365626
138016
827793
85511
143576
429934
43751
219535
238869
