8383
531212
418107
710773
961931
830161
276636
100927
89608
52253
917609
591771
478858
828572
744981
236893
369270
387767
594142
756071
661865
400515
114511
81841
842130
783386
961263
73577
931307
263943
352778
89908
639442
604443
994137
341202
569544
547868
814224
504799
488516
677213
817413
35061
582389
887017
550840
517935
882451
787225
576003
178377
225249
467461
477983
238755
967809
786967
611024
196004
197619
672827
824238
280507
164524
598002
253522
864961
747407
125062
377177
284155
654154
366680
584472
29435
632912
712597
22236
511845
760814
847175
144860
822863
380300
233800
11198
87554
550787
604561
485570
651422
905877
536048
506895
812633
535437
826392
225816
201127
151092
531346
73323
628086
334125
104466
581206
489489
556206
4964
204598
366692
768347
732997
990493
851935
629953
989646
946143
90803
304619
671051
468985
700473
178789
642538
549535
195314
695691
948303
815009
655465
279372
184837
63289
420405
73793
843982
232755
460058
80356
944603
29433
801487
188590
188247
787002
136859
69777
808925
821879
534233
785935
707531
78250
58650
208373
206766
424147
156713
225976
121564
405664
654185
327722
332321
967672
655003
641945
711825
128996
543740
685061
966077
665946
57163
811899
412096
787688
162601
268306
50041
68473
669528
454913
348755
835399
290918
837084
431167
997342
929251
603945
5827
976649
706253
919907
556844
354075
486797
746762
847391
295067
730778
540901
446990
195213
533052
292182
877446
183961
933995
281880
207716
25371
821462
315223
950504
64646
192191
836267
404257
500917
771011
671667
347912
431568
754295
1610
991017
562199
52526
97129
391420
404942
281944
918745
218002
381445
145029
804242
282475
100931
174151
251509
504996
815887
776052
31843
841933
797786
895498
689208
108953
150284
883502
274600
251375
18537
106893
899572
592349
59744
57955
270600
143276
196208
497434
876532
53966
151351
787402
358021
540980
520537
975135
134272
901820
976265
67672
915770
143368
875639
900588
940695
348330
309206
565703
846621
872123
352201
792178
320756
902283
848937
69520
541180
785394
860597
858884
612427
920709
137879
934704
478849
69668
775951
322649
82122
811057
588030
612582
419312
610843
674129
281159
600218
683480
557128
182707
977254
118385
74146
74569
386206
638327
240359
539672
801177
907283
53970
835386
480881
137531
997464
576155
93660
336257
973529
7575
340777
649349
583138
626946
596377
562443
288029
394305
79000
386919
433622
886997
761430
129557
762730
843768
55879
188133
611982
503968
90035
113043
882041
899104
126010
975221
824367
126510
332264
351693
986028
378815
377777
258942
585129
571150
40649
602460
946893
735868
696994
473500
667187
703378
131459
537386
768724
585122
686274
296410
731729
208075
733598
183158
152736
172186
506811
38966
240400
636877
822010
423181
955130
64756
79668
98912
406726
280497
657940
819794
182999
330718
789134
485242
950356
850189
520576
375222
398484
353066
397283
777689
450789
144893
475886
97791
440762
414092
228999
505026
647150
80030
61030
785925
750777
536025
498505
176557
567086
540429
629006
940784
100654
687178
185328
98949
199149
907819
476000
187835
506590
776886
120895
69094
960446
185115
286710
532596
935162
58458
481267
887581
702654
902978
866624
659193
456156
87828
347329
911723
563605
11654
75722
119803
946566
868131
518619
938690
489649
158095
636281
469182
886951
553193
491818
423429
419664
150601
292620
150615
262615
590377
827218
979468
764340
686751
189660
403116
907607
663560
979570
773981
967150
468993
368670
684279
297939
126287
358051
112948
315413
967198
592733
137219
785953
905319
321846
778747
695246
768618
540290
850348
315714
973211
823736
355794
785347
975321
585870
812387
96670
98009
568368
689224
533486
971873
334300
903016
453513
590705
489821
87455
587405
692284
762337
951117
436098
176595
497913
751883
407340
363235
242990
457081
318640
415829
240314
18739
111712
793491
634922
543394
339621
718187
384270
735470
876488
832204
874585
356113
540445
550188
252060
184583
85580
17164
883098
900130
777085
874195
463879
439289
636575
149591
663266
755904
799702
254779
621164
186996
602111
399346
983683
514733
112929
978210
625696
771605
353777
448483
617066
746423
275073
304294
403444
902065
391367
106035
298842
51204
393606
166986
995187
858186
387483
428843
60467
935303
186790
111473
703008
259095
844691
13082
722799
473863
688900
157474
511291
257216
416029
35404
42785
861663
21291
611202
496378
21792
500722
990036
768374
884600
411665
513820
786193
482433
328020
418690
209077
52304
54998
647964
953644
208802
532945
943917
485568
667957
149828
387214
310578
456308
685055
154283
382995
879946
855630
154148
463873
341720
787264
222803
900546
55553
226067
164077
166838
614946
89149
304705
981884
130207
251865
630430
286308
866969
520429
726098
945548
66428
875284
642252
571097
864820
528269
138979
320788
375039
60766
219184
547486
295965
195046
997781
408017
160293
153726
370401
82933
822130
36747
607116
151132
23162
354660
107613
960219
602750
34522
38507
840229
687645
87784
930303
29125
54724
263800
871705
748920
279488
43984
227978
922596
198004
846807
789246
274361
960806
852744
891932
434723
655795
538162
153926
509225
847907
390825
347899
689637
244119
85389
666076
138720
575455
453364
675404
37001
774632
25527
421616
332562
900307
749462
96405
828264
339360
685641
585905
256205
613961
347172
177026
966483
888043
21221
467603
887286
51551
406813
956765
324631
143016
968569
310218
55633
200004
544301
651733
575930
819813
644284
33293
291768
892538
462822
931831
296317
260454
761069
648211
429536
195858
719430
967287
30745
713502
403993
627288
493273
759090
398197
171112
420228
701811
446420
310233
176268
188242
971205
595199
563371
322238
672636
945299
825341
416185
560434
523475
803255
295176
352314
276487
940232
492164
277602
966623
583434
366414
989954
675385
49829
142496
957348
948414
664705
273342
186703
344556
140581
446026
409970
496238
33329
260983
974890
140391
787124
120214
781808
753229
684907
869388
448546
749938
315095
469221
37548
513375
308345
574273
864723
950617
768045
455084
380510
618309
359776
456844
200161
42983
242224
479091
650919
923206
676639
778197
493371
344044
69106
826259
799571
152393
343084
556789
386458
596599
42530
880311
261657
735705
168763
73466
725505
416412
735430
349083
910679
812639
727224
603937
116988
898863
717184
269136
673624
125099
286857
878938
998179
503687
720588
137525
894287
509676
280399
339656
812117
132283
230077
232575
599835
226418
990307
543230
212095
497512
459909
662257
988931
637810
685659
531202
429589
353896
816683
250660
292985
648513
435332
354828
529557
65307
159700
165632
443225
559704
959783
659656
61769
846818
851708
889088
901608
331854
987269
405391
285058
846494
540604
36786
706967
445729
35485
664818
90591
953973
118724
842932
151102
119469
248099
156975
954566
18189
251807
182648
415843
788210
361352
738937
605287
575631
751859
368064
146803
731281
352886
624179
876542
683940
814784
39906
71877
396111
630354
522613
658895
808443
754718
664452
862172
768401
281146
829189
503786
515009
996609
391072
814051
219614
978439
44127
973990
387814
755574
424385
498288
826592
178634
404526
300839
937694
631589
535044
152003
166434
342351
144527
121113
120413
678542
269848
568582
956498
13854
554004
520436
612890
951310
651709
53772
419392
543671
118718
816504
357644
404569
779208
538707
357085
633683
857730
839472
151983
798143
201885
67716
387837
177192
762373
908209
922368
916072
922099
133679
379797
989859
808031
771289
524412
393306
362195
225874
897084
63404
107419
471698
667045
832112
148249
498449
242798
858919
81973
569678
97532
972577
659761
118012
294084
535983
516122
554826
497287
987969
632474
582221
987196
961627
852139
839181
702156
88120
646246
945577
756791
131259
1722
957095
780820
296526
401784
347484
816437
539354
628426
432820
20712
696737
289028
980959
998362
659707
344082
972057
423319
116715
621329
922771
445421
329629
92603
691779
720622
411326
340730
917701
813715
99064
224605
186924
247165
951625
474280
231274
120343
805567
94789
997143
855320
72018
655769
533601
81253
318365
435954
42769
853011
639611
399452
570614
768842
552506
244371
684784
24389
592063
260754
737563
827381
10550
838346
89301
989189
79539
536558
319598
690169
846250
326443
460459
328112
944071
183541
582199
806536
584747
441533
634151
867040
402244
597311
119912
627064
721032
234487
421256
186229
630670
229875
342301
815362
425161
124164
273173
123600
142241
786766
515804
436285
784368
424895
379876
223187
632534
879388
859092
33703
369209
595127
514575
160610
612636
120509
879903
202908
717531
489388
881854
769828
534144
904673
148801
901916
292037
817679
339682
368513
811815
85644
95336
364745
682660
363845
706869
925669
431249
790546
446251
405478
522714
177380
720380
157180
773974
667611
80462
826265
604485
544116
509319
218803
676650
331744
940154
796201
41151
618096
63405
945725
433882
661547
171974
526783
427226
798082
287762
607883
908237
548123
367346
101225
766306
441865
826979
552978
692485
123229
939816
576594
951453
839190
563862
95625
412446
880819
340604
321739
495691
361
767085
104807
691788
659761
544299
291525
354919
610808
931185
276584
139678
641466
90141
479828
705189
231913
88120
837897
818623
699015
917987
210349
423860
2899
883745
634247
330225
328543
169851
59111
67004
686592
147988
108964
932882
859680
951625
749118
431774
39342
940932
429986
129176
230452
328222
739403
956664
225736
28526
632709
310550
15324
734259
24332
375520
804913
916761
126292
341623
867432
705964
425442
319846
420473
617878
293655
146495
556412
193814
84237
404180
637349
52288
59482
193743
302925
687658
401074
140655
290027
421050
486313
12703
963489
184842
593045
186677
497203
222325
268113
829380
265490
507521
63327
689374
499031
774505
201445
22249
290123
693253
530968
566492
782755
382808
261174
149527
755593
580278
391341
885981
978197
233552
652825
542191
508762
142814
343851
89413
408029
695399
210597
629675
369249
13552
84801
731959
992926
353983
273265
790883
125327
789898
650882
239755
440426
368321
708442
751684
787371
949173
497568
19350
588042
927587
714234
708504
593995
874593
136945
705895
923252
228324
151602
623170
855576
768108
526638
880581
273170
667532
419680
47296
777934
576601
388718
644852
601345
164335
250665
581161
928760
907995
258543
613487
880398
145064
601136
720943
761976
120457
134093
73964
720698
192608
598428
643868
843260
422633
307848
864861
291767
715334
442902
356118
455754
16551
451266
806891
427497
999957
823944
218332
187445
94364
391678
956347
4390
942931
687966
696648
198628
360777
24994
967338
261045
744142
623880
480332
138897
297563
849461
537554
5266
653919
175286
872183
768775
19238
267617
854021
975144
611688
971610
249071
313571
904364
40817
895822
887445
735959
606441
309174
494868
395349
353108
703157
277033
46499
439514
194728
924315
852534
163800
398393
748454
522443
435876
325304
65483
765836
919791
543701
303681
433500
356612
524984
828425
473855
109741
752701
864607
369321
584436
868495
443788
173858
904775
47904
355673
735890
315317
17858
561950
68655
56981
557093
71096
740735
801541
791022
289880
123916
687440
921776
581112
997604
589353
485001
107369
89930
448980
961947
387081
382909
248356
574246
458384
357666
812255
872319
969737
885968
300221
660143
874461
837496
997135
779243
171978
447983
614397
87275
780915
664410
497512
856168
444306
640565
825390
534903
677129
316480
62923
863997
355605
470854
238364
585934
540963
165451
752767
773863
249405
148881
485271
67779
927837
164039
932332
167581
730594
547791
418287
793540
461792
898730
406235
187028
584786
354691
998710
422806
149098
517205
235639
740726
82121
452921
287105
331805
873099
950159
861453
382763
137785
945225
387751
111186
935906
539855
192463
246290
754371
593874
984384
928588
651555
536369
182285
751494
974844
363009
341222
966906
268883
92733
513466
386971
941673
637322
307511
601957
22666
543460
674924
348191
770242
215787
328912
365808
635631
32132
151516
229723
987058
29293
863955
767065
233855
413601
307810
24914
737428
937636
184993
1207
183623
147884
900665
24831
423671
113644
198816
912827
156964
880574
723328
746392
237595
934763
710647
628977
136650
444826
646775
792271
750898
488340
497548
831038
219066
671600
982526
571276
336223
523488
403532
738913
825545
487510
715609
302582
651385
888148
792483
172276
971039
778127
930989
332457
573129
21247
507775
692649
437813
810118
289220
859135
317255
229946
367697
504015
539670
794961
290949
691849
278688
909160
652171
968268
964254
231792
529212
956501
202675
596341
581730
34274
73021
188620
887576
763111
672526
463129
208333
237740
836213
566458
178023
29057
260085
953876
191683
754527
493719
95864
143771
883037
171995
284913
763841
535243
407946
21740
607304
720815
235431
378052
911105
135962
601028
411690
509603
466917
437616
519150
649348
951629
454158
805292
662852
468904
305153
297493
641481
129347
388867
91353
964132
976091
840981
413230
42066
207732
324305
360512
206303
835160
208603
944245
531429
540655
264374
814683
154227
132664
722226
67953
588041
479842
273091
851535
353663
891145
711150
813427
201860
209104
547036
613672
762500
987927
184529
137428
29475
859289
324790
348703
856487
832869
162642
224572
261938
416055
681751
673557
476204
877875
632665
420823
750271
404669
154649
494487
498428
617655
113856
398879
875803
915288
797095
526298
727519
300966
675731
519191
787992
485328
537790
169917
596674
894058
177296
853836
788875
81925
78317
843211
384306
871978
630312
379540
647115
541619
917717
323576
124703
660999
320443
983824
707952
246960
360872
173025
368985
37723
665887
732395
170900
989803
543277
486670
163798
930489
970586
624730
120341
776620
345146
580850
159145
254066
956131
888731
352336
975384
566136
878054
98188
342988
312100
474616
57255
417900
456099
203827
209495
117258
201466
651267
508476
967871
165511
619271
650245
398761
577011
230425
792051
629570
392195
264188
186806
21662
275534
89953
982579
668353
245385
483286
879719
996122
902462
21900
171301
325344
998363
813635
831995
735304
677607
776596
383603
644576
839823
471514
567029
132683
650591
555198
213002
581529
863628
262686
853883
697730
775982
748250
203864
423104
95179
155707
297364
718662
218829
511231
157005
928
569046
972357
672234
297320
553642
209105
337310
260450
641227
402877
407433
616565
879842
320317
147581
314567
728409
605517
25629
870579
1285
113145
473506
450154
314689
357896
369783
696227
970006
927046
540420
458624
227542
773485
69001
873343
356104
509936
951712
711257
919805
331171
583780
114170
642049
630794
337585
293342
618797
867964
750913
159173
909722
406835
210229
740626
476528
822323
308213
962566
373404
455701
321006
812307
778784
453808
124666
720224
325508
190050
157214
667353
794154
101824
962796
238575
89599
942808
907849
718003
207629
370911
33929
953226
995886
426684
248758
527822
249564
159792
955248
439426
385123
880096
229486
470191
48567
564416
241762
613087
736162
472286
786299
783669
408213
414664
675972
90279
508320
964699
879082
522970
137277
598762
800026
127769
374727
258567
771657
70065
723336
118321
434957
654703
262426
251241
533479
614177
682003
502566
891345
408806
715030
704412
487427
824132
690288
12176
58231
238697
429577
300791
483559
569153
381393
928281
983427
511080
39113
460241
104206
690361
12267
788849
872982
233797
885815
549506
304590
477408
434972
273768
281225
928981
657599
965412
470933
613113
690154
167028
803570
705565
350548
622229
721326
350301
327241
994536
193886
9493
926902
90034
456891
497332
383635
208702
541142
558568
65837
72349
515961
291001
840911
556046
400156
992818
261836
896952
533185
16889
10860
74516
553453
657856
82161
232487
349955
767828
53124
630253
77182
369683
991745
476114
457290
952314
382684
386073
542272
120604
188206
10400
21244
847599
187808
205882
554013
73025
989874
661372
773721
323528
332137
997268
799610
902358
897171
624146
487161
855019
18040
493706
128885
449445
894687
732178
958544
735442
249914
360551
182887
960614
485551
552812
886956
867400
644867
738770
699873
81478
965541
328275
135282
879274
571733
264471
470512
280228
885871
275130
505254
285286
898968
373349
526298
893199
67843
395865
677025
734783
66401
1034
207007
850633
687523
428584
397467
368454
351661
70072
832443
384710
800856
389921
200608
314722
212260
317507
57312
653869
370745
670466
582300
432265
923480
34337
58046
588117
5091
547656
107601
696388
703621
600232
423101
749961
508095
713397
911389
819310
851344
386322
307071
365060
691713
821003
952503
243509
698442
805115
598944
620213
643684
976846
910193
952343
646252
550049
214007
798460
601649
18054
338484
21542
910810
905955
610132
498666
679159
3578
147656
70532
805986
405123
233602
818373
596881
613941
238987
404263
777404
51683
137348
332481
636773
471555
399543
16981
362249
376779
347801
262087
284385
202805
343966
943593
118165
945505
862777
268465
566590
273816
839343
388684
382998
798190
355863
381003
947839
629634
685360
111548
589228
26016
64543
819412
530096
9733
361603
2055
931105
560578
581366
834362
445736
580857
144035
982800
959336
123332
503167
800225
881673
683766
333542
785545
629344
388537
805778
277020
180285
283478
344058
215479
216912
748628
488901
125554
293112
311415
268777
23217
656426
40105
618597
355866
766458
709559
670807
133601
993417
758962
628026
235326
229708
2998
9920
482496
65908
707015
572040
643771
829183
801559
209661
403037
306715
650468
878794
399967
483186
770558
524861
248407
608983
48934
399159
838570
940107
955282
756557
297182
15403
381838
91519
478925
982906
984828
710739
735541
982215
192188
647181
144941
158075
279398
635212
426290
729665
853812
823556
740576
239314
51133
666707
56380
102940
842780
177730
908526
573774
184943
377627
159052
213314
270203
607138
444497
408712
940269
924145
213740
624267
167803
20019
129269
639331
23465
966525
221370
960630
986344
6404
535992
885835
786969
804543
684965
387053
329967
410714
697834
719480
225650
150739
664750
946499
41247
416117
928398
24298
613677
495279
221929
311670
208874
862865
691223
452331
564420
110498
888953
335023
302948
294688
562987
665938
486901
297493
463702
234174
510467
486610
895011
901948
285246
438027
809738
658016
838109
911374
882056
402707
454751
639713
58607
964219
638188
884216
113815
512457
371354
870480
729010
990366
987853
623851
581438
281371
60022
667752
634323
680324
948988
911038
179228
391503
75575
802581
838114
571727
470040
991489
216068
41656
28711
935643
603651
361550
313317
556094
344186
936239
917648
633883
489898
365369
84613
966010
168563
882073
95295
978894
304671
498545
958525
753651
492825
940645
27458
458246
559291
588867
796598
272097
198149
298444
822826
102065
172009
524835
707577
957814
367682
422865
349706
441303
188069
703987
253617
961440
566992
894721
244917
707545
957760
83963
883372
66052
83231
151282
77571
717106
40793
740400
64986
478274
88655
256709
321932
821111
80869
184367
765132
461685
418486
719013
441899
309784
625767
666048
92022
830897
739417
948358
714875
79199
610616
811989
543532
594309
801392
50921
579741
849453
517120
35082
458728
308793
115238
790101
414896
280961
286586
918244
951938
584206
801303
450973
834263
486642
126516
106388
281206
336386
502480
475422
153590
159026
462860
3955
778593
815307
333138
103294
369909
876043
642035
314245
952324
514073
168719
8752
488315
311971
513069
893304
178943
130134
516907
556461
392883
859321
321423
215267
878422
55463
318203
860794
451530
596135
711423
365897
218415
496617
687049
460647
857390
485408
989623
985941
638866
217078
641869
837259
14672
694320
286402
826206
855719
534752
400629
51018
918434
975681
604221
860002
723387
187634
131934
44241
324442
319058
953111
838540
22459
933044
935383
683158
753453
589119
317008
700399
749174
160485
218341
622618
147860
156990
977277
415946
299998
949952
581049
877736
493769
122205
349698
549507
283399
157946
449595
892885
618250
302919
171542
83950
493095
673983
825986
700032
957013
714686
624898
486598
13076
713146
190041
710161
427626
384735
298722
512880
924808
626635
66108
640635
630604
947235
604641
822076
900832
367120
428760
92475
684991
287834
795585
867045
592152
90975
229006
754072
528587
552751
45201
444622
941136
57543
175599
663907
491383
330857
746228
471748
101641
459156
67649
937718
571598
240229
672992
772416
995496
575370
209016
488567
480413
667103
342171
622820
815090
756199
323773
522515
625138
662056
846592
604795
801358
947235
14442
905861
862238
603374
591288
979579
866630
826096
387980
28622
973300
674297
559041
681795
767493
981819
158047
103100
830727
614057
745066
689503
935705
275627
169557
770405
850223
524923
463380
22465
32690
965407
996559
516074
228036
477123
686514
649351
851809
142130
675681
69238
64609
900977
853897
140282
822233
552056
69586
927935
355618
640334
620848
505418
271985
384064
467417
147521
852453
80637
576913
686740
418912
320721
653409
451655
345676
110076
405926
153950
477631
673519
194373
811748
382329
281250
545404
821143
263242
426836
113556
328371
76753
745632
253554
373657
109919
43897
804045
99612
371961
223810
122170
305129
84860
275084
80740
377488
887387
803821
429527
609523
985028
64697
878971
675402
400482
746784
173213
263696
609019
513508
221737
961997
649848
449845
163700
26945
779269
223978
570358
825066
84239
846046
994069
680114
383850
559653
142684
46713
912277
599082
564938
884666
48853
128487
552071
27996
122237
682943
972722
210199
439311
871163
872789
183617
863997
31135
617978
570997
370952
747624
780311
894942
826570
613669
580836
928933
91087
357359
854925
129397
894301
268231
995075
806183
394388
347402
780654
125519
278192
942035
298749
82018
185580
114989
665629
187522
182785
97331
984967
966440
8269
788039
48116
402093
687246
517675
62508
648117
292045
306367
583740
656377
211991
191895
530182
774319
478886
671288
56434
811543
872799
943728
103491
977124
101813
163407
873924
799366
69035
846917
933409
20048
21366
465562
112849
289995
411968
577988
471089
601110
322121
168168
358701
525752
743656
697968
802263
594692
78064
26053
453017
38311
820782
742185
694215
225106
26702
938996
272590
423614
449437
761449
894730
365472
315816
608693
488755
694315
254788
221827
515830
736189
368551
902142
681122
395623
473396
186596
882105
497692
970324
987908
155751
336885
415359
442004
963471
45278
228059
26673
880000
575201
766587
824051
15302
404237
840648
2476
434013
431490
597181
12606
784641
243804
443724
437462
184545
835706
235294
266633
485873
145642
140408
364937
566495
919666
533625
351939
480797
729597
554943
252953
135709
344737
301738
267447
791195
432457
381304
415124
372243
630852
429904
373063
579796
9641
216986
786051
568941
316132
337611
710769
22531
409186
917246
329705
150276
117525
26558
552844
89654
510436
253792
189760
797673
571827
183053
331721
676299
15242
674078
112001
985306
899300
282848
240692
678836
525334
603382
532762
739786
357018
390558
840369
165427
745912
729356
942839
438621
769424
297138
236097
685982
240582
928737
997563
373096
180874
886601
617021
405659
579522
976284
566085
111669
564119
919569
266455
213413
194905
243589
535790
122749
613328
563132
794397
395525
53856
761732
325767
709355
790040
292026
5303
698200
470679
813094
872925
850527
741339
200834
831526
324879
385383
506968
204855
610408
62801
381705
814981
538730
196965
806185
389843
928520
669561
10824
744393
487036
3343
746636
126318
437556
879200
1466
268611
232490
338891
152339
769979
285713
543322
36635
683418
336619
617708
277941
869992
318199
541829
543337
606162
639176
677231
501256
910238
946097
122570
183335
830025
513757
33015
688583
698879
743099
638237
856405
790519
755990
178134
800140
628200
754114
61114
668152
684459
983986
307270
860758
797166
553703
759080
237272
674578
40899
947753
677956
601763
737148
472311
303164
785969
183340
438670
592408
28367
289220
664643
797359
236199
543393
582701
89397
521272
804343
833968
499070
581230
52906
470247
413217
824989
165883
391405
571128
872217
809631
565512
404483
279284
973292
784371
887724
223957
372140
740743
256357
368753
79572
119045
11565
842601
792271
127042
785522
632384
565683
636720
63441
247031
245973
593541
707193
58632
162423
293001
848045
270779
990048
483137
713768
607719
625413
644083
697050
344521
373539
915670
68241
174458
189934
335896
538099
729232
272867
125707
863783
379540
454650
361965
133716
70619
636919
691346
546817
762627
431136
831920
964636
74571
195785
948167
864278
342800
779531
398763
921259
696352
281427
69423
801215
262653
529238
193904
57636
139504
744738
947323
368888
203782
84688
963164
63340
420076
418582
354692
508127
420898
427001
922646
126120
916639
59231
88910
233843
556610
853762
724238
695490
620080
799745
425863
896277
170318
888081
857216
255845
452572
522320
402438
98634
23788
127738
43889
301948
636222
45940
855886
101750
731642
50310
620462
973302
796298
446438
150730
744929
818641
343727
865041
305540
256011
474609
306320
809782
291266
500193
498365
214809
642090
611121
718112
853439
386074
542459
253279
497961
486695
221718
631460
871530
383903
457739
699309
928618
170975
400994
484336
857542
688658
616213
780648
949909
399814
934246
842240
364038
207916
54924
457371
796325
374636
541897
70014
542652
797923
656215
196827
355542
182266
178944
918139
719967
899812
31821
85766
117543
820275
983830
249906
708037
419800
616825
96198
898200
660533
165990
646346
613865
384801
157270
480717
340652
169527
906267
152210
340389
723227
646419
604312
628008
402891
838774
283653
914872
480541
283343
596654
410961
929755
194824
676998
233794
38903
625885
148576
885809
179116
506739
413090
134467
442356
108097
298376
586067
714656
524908
886226
116383
277399
391985
529420
283842
369645
297980
761528
610267
244959
75669
500057
559245
848809
921146
654750
443808
735172
542791
582250
388614
132927
997522
314108
988791
210681
295443
829760
387517
596537
153664
135089
628940
585194
626039
453673
358217
410038
708053
880710
630251
694013
36708
59835
930943
68274
451056
975984
740549
495250
55098
7767
552184
153602
771654
290253
567147
690629
840591
211368
557967
349911
83867
974883
247633
739496
589545
709475
911712
536504
385862
331877
316172
182283
358207
256391
859530
388490
883632
780783
805972
562998
950523
595548
615469
112649
806997
785799
73602
467819
855226
387957
25196
888845
633408
651164
85267
168294
469833
970991
805356
583688
381331
979528
505954
197022
495274
490930
627475
339781
300157
137616
55153
760131
280973
379500
890889
467560
809921
764768
335584
648448
469719
688923
111289
642929
950261
929361
659572
373688
176541
515073
386641
809850
309375
27108
289297
513545
442537
80431
509309
244342
667930
922053
719488
500750
218548
881469
820655
230386
816207
751179
292970
797079
439786
288333
807450
689430
968380
130036
317017
595440
164073
902861
704434
155170
89808
626027
633405
125409
74049
572595
1069
145011
603852
218564
464805
699434
116404
510913
458692
594941
87171
20604
490242
814468
556983
264640
844466
41488
963482
754363
447975
10084
878895
725766
20403
767956
918792
957843
464459
763513
157941
982322
494278
630158
321366
183423
606340
954987
425106
736364
192299
768219
140960
495527
470157
915484
604866
60391
987429
997682
744850
565528
718720
691048
802421
575905
267577
351268
762732
891150
586909
993766
656841
364511
332525
754397
437182
783532
793217
13286
813841
64819
856713
329634
497324
177536
784943
416242
733456
861752
158809
65874
643242
809409
192906
686095
249534
531857
550696
293798
985600
595282
25816
420027
415617
144879
632709
404466
26758
545406
35072
571182
401845
341962
409537
408932
237417
217916
974412
719451
666788
123301
556847
497474
389540
54698
986216
790381
533774
32396
332067
457646
982343
696018
239712
145484
683938
950614
521587
401187
474163
180074
936549
843159
521730
245861
743352
810166
629916
721293
63496
625322
459587
881826
831245
846935
985733
492421
745085
18583
568042
167427
790030
430223
43846
388098
723801
44974
797231
649991
267802
439042
21641
185442
888404
985398
945853
166903
411026
437996
670280
540521
124808
709875
185136
149988
156055
141669
884881
338567
822127
256288
831957
840557
895631
334943
162562
573399
40
557364
823276
826423
182047
114660
244364
939035
499185
217183
579177
797557
38258
833562
588211
837315
746158
192331
976047
262495
876208
240704
163403
375973
530336
28701
127571
479676
80135
622384
553340
570371
964847
674418
498014
592282
929062
178461
643135
121034
820001
930533
196938
559314
132476
783764
300959
634127
628511
288133
61636
204039
502205
542140
518713
952146
257526
546721
799848
422949
137116
387543
696699
201980
270867
966077
865352
739043
222226
587777
711336
725794
620550
882716
681509
804867
611669
654574
482001
615425
572543
985654
739955
373391
343841
559213
677405
181761
659540
837632
810905
467291
748082
732969
515521
36661
804729
253161
337006
161799
799175
619620
505353
854615
98501
344280
205949
824764
631457
895867
830285
18318
661043
955697
281025
394668
492097
845159
308668
539689
131934
571407
180905
124947
693613
174328
41492
458722
944131
414601
521749
332666
812714
366681
303718
613341
836354
493486
949462
531184
295619
525009
569302
609064
731805
302922
732017
299345
407360
623166
217433
175035
942199
651489
217308
977153
237103
993753
862134
440823
296470
776689
892927
885039
51807
743926
318789
307560
773410
635442
374004
626068
17695
43586
212146
363397
562723
417366
719048
820851
823107
961349
10042
779244
575045
854027
823351
768601
259423
184672
992171
178600
700439
636853
192690
246747
577865
394766
300904
226285
712647
216694
836572
380956
315098
685732
458275
749080
412775
700585
601864
510854
386733
587410
105057
880881
803627
747936
947709
17230
853599
377121
878329
780202
774568
434858
707186
482162
125709
173236
325908
174174
940822
82769
377105
803068
319704
66889
905326
97813
726159
457301
657847
935421
452323
150199
282003
923388
359373
728820
564338
528340
317587
289135
24674
465135
146991
927716
409281
52391
887118
427645
507853
723057
899828
661972
907479
511207
557436
745926
408983
193840
192317
47216
651608
340046
192329
768137
444436
704131
974927
751964
440666
776865
672480
224032
267755
268973
912014
593781
743333
431599
771633
860222
862359
113881
520323
359445
896243
514257
189611
253103
643425
402845
969111
784078
819440
231018
410242
959133
437287
531001
476629
277291
854202
226663
931625
93767
443352
741015
957227
138676
408289
26942
304665
319049
964341
779850
992169
230312
585256
117744
745288
384216
440657
533905
810943
62210
337474
458376
57714
791941
725714
387474
668355
298934
97493
583386
960595
873719
382893
147809
779049
583218
782842
987335
617323
551539
985325
297976
746184
124704
702074
314742
511608
927893
330412
659966
745563
713952
688338
829658
518078
549846
931991
684419
846653
201232
415151
402608
120770
747077
817837
218687
168811
904133
832562
864895
73546
308432
394305
249240
905414
333905
638829
206743
898782
437050
277171
318554
786638
659965
995172
578068
627018
66724
815675
471294
107239
601229
794637
213275
922009
582534
515614
331750
674711
452993
659087
67097
472603
638260
940085
474460
365957
388240
159558
523337
332255
622811
617773
89240
678651
241388
737789
459564
426937
960962
726273
979385
701029
566658
640050
898320
40701
68876
905282
758216
130512
862521
14933
743371
888897
917874
558799
402298
445419
905136
606728
622782
315742
923403
261532
518636
514056
295809
501600
671636
560368
254342
270255
911846
345051
853122
299682
656002
797841
313708
352990
445339
862009
83969
460358
946054
570785
458976
850321
674853
677274
327301
87159
75050
792512
277280
574598
487562
95320
980497
526929
335617
109650
176195
614087
549435
386669
902306
960225
218406
518841
954
443509
145106
58360
591725
2216
709441
25758
530577
28929
361745
943928
940004
640792
176707
357417
874988
494125
376679
587471
437552
840148
447846
879427
999692
34318
282923
569855
22901
492852
134319
869723
12490
558732
761377
690352
137234
407550
435886
164637
859352
991904
504498
566376
294816
3310
146363
734460
795141
392085
190645
333776
977392
668846
812600
707177
547063
391112
281323
589366
201744
51486
276563
42328
124912
749672
75516
175301
670148
450125
585538
501314
94987
313333
118588
569037
265294
155389
833734
523357
553725
554436
29802
609089
718632
955170
829419
732901
596118
561401
717613
214260
581317
590243
511812
915927
137727
970827
977879
105243
874198
831703
353008
58672
720700
355843
689316
352141
25473
211081
265882
342449
472105
958972
938617
921861
360745
185909
491122
664158
668286
279140
548519
362846
247339
361992
529462
551481
240205
738873
241319
107285
739484
552610
549550
362763
379712
340237
641692
702795
274765
380247
66792
77084
572829
348418
134358
835584
216905
124521
621762
516597
5380
288014
819083
1688
970131
74447
251231
793125
64365
441144
833246
479833
429355
924338
406765
914232
294059
16728
591578
17387
352967
335530
99687
655169
712365
758810
645237
724438
477723
703300
743503
349841
91386
966651
201167
643207
386900
158206
563312
71485
140146
781002
122546
699338
954774
96841
749348
558683
968529
326760
701649
542545
503555
751494
400905
379141
339757
88392
296075
695531
251508
39497
281548
962516
264885
913455
344166
249101
588735
659609
498464
248805
4017
225844
206806
382796
372209
260589
442181
523607
986950
19265
433077
762016
608851
633839
918275
817803
295985
121807
70730
347235
286375
127933
947054
33570
909193
807725
74116
536143
148522
278242
355105
862146
95295
75642
683454
153475
690897
167073
755525
99537
224414
2790
238522
703998
73485
304426
475657
221879
468173
947636
887464
177762
501577
337442
843624
902624
765833
714043
372318
236850
69928
512927
200936
277559
567534
664927
992158
733459
205514
971241
37271
889644
471981
4892
134485
525198
663365
274490
640078
917679
353684
962043
234712
477004
167981
485694
300848
633073
727627
924571
718694
442392
177294
403284
182761
275049
658707
603561
586667
652000
734446
974154
303280
121805
575431
320231
345784
48052
9294
257316
749639
420692
446364
684008
703438
123333
963175
103381
431415
197882
369570
499346
247378
220519
426607
928835
31511
577212
492802
216346
906839
180687
636307
974983
553028
725335
117311
258379
280345
345748
700
421930
393063
429197
245239
254783
896254
125297
610316
923945
382580
529887
926625
860835
652565
766657
141024
552754
628199
645139
538319
341559
532952
720898
830157
719460
68742
273967
253291
320587
510699
542034
974820
80594
402852
923323
791035
134467
618652
388404
907952
46336
409305
211139
460254
700948
488355
26252
167476
325028
281420
228690
981837
491844
623841
581598
430447
310502
956203
307960
451549
207085
667554
528018
148825
257567
496303
824005
505018
515513
708636
226803
343589
290589
59995
510411
504555
393255
800624
235818
957823
130269
196603
922399
660370
955780
184486
78599
581901
780687
152679
489751
772010
586035
791026
893752
363760
953302
848383
175629
490249
31461
435891
779920
581889
226437
667566
961626
868445
652257
989360
902529
120150
142114
493288
926683
523249
516541
355803
671329
843708
208677
94765
687791
368742
660322
110288
809512
300348
289914
214342
855863
298684
535435
473940
10480
151064
845690
953093
355860
48264
795974
552087
284276
861900
709686
610375
690796
652797
725681
860916
806609
708239
801260
16882
763109
375590
495997
280878
605511
195921
574095
696761
874600
866343
271982
219827
91127
324028
38466
549269
405087
116544
771929
639514
759206
354101
130525
63179
884982
167372
408485
212006
767225
250843
166502
295210
382173
720636
566794
83138
301303
647684
117401
898827
716419
626910
85972
6916
954186
295876
131425
21969
590556
770265
106591
459564
728445
503782
273819
170217
770716
330352
77276
171747
874686
266994
68889
389576
565178
905661
772875
545599
349981
498856
261405
205681
174061
309749
24831
567099
262731
105153
197145
811630
297394
535143
265373
362817
342876
745587
508341
680852
710851
25150
543580
8033
631364
351211
277448
412545
744288
812540
479429
947737
848413
229394
94813
66463
258122
687423
461491
615052
897631
687945
941872
738144
166530
318718
1492
972557
344870
143471
709614
790913
816206
854410
118119
454227
118704
103576
412216
812809
393780
892879
62204
411204
831451
462293
571680
404425
695869
851026
159734
583788
545771
355632
946153
876507
732851
348402
435531
414468
701377
60654
891914
157284
215714
736040
395202
462701
432932
990605
498156
136723
399066
835529
570995
755956
744764
941765
707111
831522
859115
140672
860234
351438
673425
372745
902088
28690
633511
458326
287365
492826
802896
557892
886798
136944
659235
443564
559537
147556
474950
817374
837544
322388
932213
715453
769264
526621
354466
110647
206776
769054
928375
218271
678197
380966
600823
794984
236178
17210
749634
564928
675269
162564
584631
941766
293629
672154
31347
806826
440951
651434
999736
723168
236976
751744
968234
555073
906165
185652
351730
741438
559446
692915
322565
311809
217913
589480
576319
570850
696074
607622
467241
720258
681872
751605
533658
524936
411227
367382
328633
307958
928025
5301
248864
500967
69193
286154
856924
916007
282951
509420
943249
133871
792261
219475
495803
85563
368090
343048
820943
452490
806580
318123
675327
223218
552682
158944
232733
569117
859756
245080
547927
272291
809500
10423
842528
760582
460597
347431
633584
903300
100841
216505
71265
300701
525514
643123
516090
681825
363166
566650
154313
941236
936725
210909
530345
824866
432534
155835
822820
374617
830901
529683
456305
101703
745665
178726
607518
448337
575227
793035
287177
585580
103265
733519
201224
818140
624743
405638
363944
872199
976327
397875
590931
754933
39856
668751
892427
57063
963546
211770
936851
3537
962873
790331
337452
841268
380111
80885
246460
824860
442652
189545
701964
540275
917809
709474
189928
50049
381283
795201
594665
380417
43930
250085
968783
264545
586569
669686
142472
524373
839224
972623
486798
829400
261948
111814
619756
115392
999689
236441
8416
668604
816926
298550
752796
553133
872414
151334
655911
683935
93887
479128
818657
831075
121627
26886
31971
387146
752420
497862
991108
999168
638325
681839
601849
73282
296003
911654
899028
233725
753074
124228
586285
421125
128516
157029
877662
188078
733292
857168
77479
542603
793281
266238
865522
902593
857422
589449
160114
29958
634950
403442
282980
316476
712980
319183
256376
715428
820113
79759
6473
503040
64719
473196
48262
754314
467282
690284
451061
380554
211422
437779
843918
642200
236972
735656
380675
524334
692662
695266
937311
990761
889009
378543
276556
137436
872923
198882
114415
909713
223210
567991
791406
68637
992932
771651
577873
366815
174797
501117
536518
868501
743610
570530
870847
205786
210500
480778
654774
827008
567384
673413
884240
343942
744236
718705
435615
545206
58572
670876
612994
159134
439506
785936
14631
700072
914164
638655
600881
235096
951351
707916
472628
810338
976706
972468
914013
825190
484493
997655
140399
653577
84408
218407
160616
348337
538936
667692
663554
927709
842924
379569
614805
190366
66510
159182
571034
590069
438853
315731
851594
257227
539606
926286
354596
44359
722619
89274
349134
29327
78156
828804
528595
823455
710490
207994
201867
291647
636123
560403
500312
340004
340543
625685
979596
458533
78625
232167
142952
843032
333337
537075
858752
155081
439278
783223
316602
149590
903913
823657
35701
66218
309380
580357
316422
342740
789057
417524
489693
372995
306904
820186
925638
408224
108872
220220
574091
834696
714639
31629
280887
682405
673333
69140
76470
867368
263874
123899
742361
599013
584655
175797
359413
575114
438714
194637
418027
563965
204467
931208
740482
587474
28723
101431
445103
458406
391245
539611
298743
21659
346333
138164
365931
27503
872668
46952
310866
684731
95766
718285
792869
812358
24562
406867
162356
472324
812528
481617
881190
161070
341490
711594
678557
485311
201905
188443
364216
121480
672336
491237
905842
54384
684493
240401
581288
305548
41684
528869
144567
842967
836142
144033
280579
686798
269334
500150
498965
792555
436524
938500
549276
53883
696323
800526
776340
129246
830101
170429
377988
515995
902358
163789
481633
594141
900645
77144
216464
469646
220895
880765
42441
472783
298574
718253
377111
27217
149823
210642
697980
613139
146545
442652
894065
696888
750121
547497
546634
828420
135395
209231
799544
135923
255715
2441
719785
758198
20777
796733
431498
899147
944322
345958
69676
811447
199355
605539
347268
519779
562673
477659
250189
933777
177028
618187
277640
252089
461354
698413
769123
5060
170015
164934
71480
87268
172858
21709
211692
325006
332891
737075
451960
473237
547265
895507
356484
450852
244280
876792
822255
637784
512623
295109
551211
868088
810408
526853
836102
806034
151496
733776
334403
935795
650126
879638
981671
225986
485665
673931
175311
860473
517505
171951
125886
494209
32672
329657
11637
298410
857482
842399
811771
960004
854526
526533
921020
45404
973217
196095
341390
660246
427784
877957
571278
691172
498803
188274
678185
95648
727898
690040
135415
801484
824671
281765
460545
816675
551138
659658
880739
992603
843187
401613
222605
486714
960546
177805
27555
840722
331379
373293
717637
927451
950254
612608
511721
237227
643794
202063
323235
602900
78249
575945
75078
460506
908535
835848
586533
826447
341388
675324
302386
129485
205881
437366
985288
466320
570719
98259
521668
43822
430307
84483
953870
168499
333949
893877
769910
866077
328240
704545
546233
721584
939412
48497
473186
405687
257487
452045
54541
559961
996962
374721
512839
427476
1503
907149
432529
572504
921529
623114
657923
545858
785140
1012
187598
655219
830011
102680
391642
886669
290640
951067
84942
352906
731486
741540
394925
376504
830890
535143
657565
771477
611624
95951
793860
637699
765290
528391
24075
591976
705011
160678
512260
661348
466730
61621
733800
419248
625578
339037
703353
899280
974134
482738
709382
599796
288714
753430
919245
509489
676940
21515
134842
624471
152865
347545
138254
974382
421597
414616
421467
109906
273170
269915
799980
467624
252233
386105
317505
214204
537039
711097
680567
559097
121382
827481
333830
393539
954205
431931
619301
99509
789818
508269
754056
683634
263187
471763
625865
258090
868476
84084
556389
607851
91162
35613
806941
132513
173334
26165
88252
911020
191278
451871
897720
309084
235237
379077
895218
403788
761626
196808
445272
638424
78775
319425
324330
792700
936640
71922
899033
29962
44235
255694
852683
977607
82959
646497
757564
488419
629076
942429
1662
290260
665674
834435
350241
85582
104886
967082
903277
751777
863943
789103
45708
520110
896647
54714
767365
572999
459629
625448
832163
476899
119695
533722
925620
643770
578612
591066
394157
365699
510791
269605
401131
620424
99752
143769
472468
574946
714141
670140
822492
752215
467366
336102
589348
408396
713006
362829
857724
193384
710621
442731
235337
778696
107019
461582
147394
455064
735758
121787
607508
303252
244468
389568
32038
796763
249228
865301
446070
893869
18975
385582
93090
680385
659516
744864
927363
722310
477553
942573
103028
153332
305878
229934
333808
200717
274115
300892
559065
217077
595425
337018
566229
985707
459678
874339
157971
782435
77114
381035
802412
820738
303423
60661
918436
182389
128333
846033
903247
431406
513683
572239
891408
944957
653146
644773
248829
255687
361147
375800
517918
510117
481265
80330
544533
541467
994185
8065
174871
962995
221814
398736
700952
450677
790273
229124
822277
226950
709789
447981
905003
903003
135000
850535
746165
375384
204206
874500
770706
480201
537208
77208
403829
115771
614850
875808
699702
665464
41465
793359
876246
868638
985923
437751
599712
917979
346473
660368
390634
700359
506223
624873
15931
510430
726597
227368
200518
833433
713494
592383
584149
280359
806269
785069
577409
277645
172503
164398
31645
406551
699315
667457
569139
326138
300134
564244
569062
476808
574140
412045
718135
542990
768073
947767
473122
874957
647389
935495
492136
634899
695573
648971
302184
71990
87886
646830
135527
54445
394677
739754
841199
459467
595962
506506
488339
43929
593379
535899
415824
329166
251005
864431
686158
979885
731757
335181
339014
286972
597220
408248
263295
344860
339633
560090
50481
712010
747184
757581
663882
990897
169568
256199
337806
572393
917266
405087
479577
528784
703486
875904
130560
582211
352688
707305
363670
809274
319071
912094
702666
342589
706910
500014
466350
80455
688236
82466
180370
936950
734182
516479
754255
881003
251036
99704
229600
910020
60480
776564
530026
886579
210426
290999
948956
50939
424409
6703
788913
301511
341797
586526
839378
210471
674832
741854
118233
503271
174987
814998
212145
576270
786868
64760
355289
365488
852652
330996
946503
81264
140039
712316
986025
118166
744669
953397
350854
771977
338301
60663
226627
737705
18753
503745
350978
81355
593725
399868
416869
595986
524561
822250
776240
92966
661854
867307
84173
556180
490517
377196
525608
89794
636267
145452
232571
684877
267177
192172
222436
715585
661791
498355
486001
362548
416313
701691
100926
378623
824041
535996
321078
677658
495300
636434
333749
160595
526889
277709
306446
658091
136795
828309
351592
465549
347056
789752
994627
118188
324515
48530
759833
306872
731716
971992
165087
173052
299470
291201
908074
471703
139289
387921
525103
785045
918758
445122
411171
822313
250136
926738
111297
454921
7554
113060
722922
417190
162331
883091
34790
800903
242894
273242
732104
145217
888558
288345
374192
507029
422727
190277
257258
797670
754384
784111
445684
194453
130876
624751
614493
882555
884015
381741
636745
824962
890254
665099
724049
420256
396207
673394
636295
988721
297328
57144
420247
467504
900067
551275
516553
983827
133415
481277
964770
936640
207762
812556
989290
309615
249162
878092
608457
749917
660275
276627
773963
702185
942018
419520
54211
538832
589104
774473
867915
807104
917835
301920
882857
358618
159462
194818
384461
310217
996593
773084
278903
513594
257315
557338
331893
304567
227027
881037
424202
578084
48807
680055
607018
420564
92963
897846
933282
666568
351203
198987
85141
521222
190884
205703
897825
705747
909500
609041
959841
340429
248746
604438
935371
217511
401160
154317
577016
34433
819549
369830
732100
341603
393103
901518
977035
216150
436661
106977
611412
886751
643147
293997
893130
977433
561407
741791
812453
350894
757480
623757
13928
550385
625878
564831
713219
548827
510340
267482
877272
668513
875434
221259
861211
660654
544047
117388
585554
916162
94844
510262
988412
366182
647148
837283
666062
23499
764639
419486
971480
85311
412334
68650
796934
831499
216632
842092
782083
102443
184475
47925
434168
173034
925951
718576
463794
724186
652108
754981
189602
785837
200059
296167
640702
753652
493578
101664
626372
296561
474889
134263
86238
744026
451026
158555
624929
51501
624406
389423
262511
291626
88530
349970
928701
516210
649120
32393
664815
184058
408809
441868
532191
307564
417976
235434
768701
759386
159722
465625
931344
957151
602370
201950
796187
207700
470553
151381
73051
32940
474610
584542
930476
411245
12523
77092
895626
173899
212624
501771
634485
441891
28362
549686
201007
823441
907765
868530
741087
108270
674959
57346
868632
209193
921419
900487
360883
922817
236550
536844
484184
847772
74321
188140
167644
240007
977772
203232
946756
841227
426580
679337
482280
194344
998708
819542
771571
273649
338487
699827
272071
255811
563517
461390
26429
896867
346795
261095
936778
460019
184797
177715
633021
882449
606391
16461
153956
949325
98777
923898
552399
542916
644208
78487
24940
501917
219881
614625
394961
732832
23425
303841
548377
928814
11896
426098
572581
272993
894181
432432
239172
943617
468386
981887
705581
833567
606759
44021
593385
67538
844468
580773
573710
884171
733992
750025
104869
50775
460847
221707
669997
558642
946905
921840
87353
945154
273861
666337
508340
876983
484988
196056
788997
100988
776026
977892
434125
957658
41638
802200
910925
299818
734979
552598
836837
602165
87168
11827
488183
389034
7434
394311
410922
920058
974465
388756
610187
858260
832807
601553
31053
166072
788213
87570
675569
797626
794120
404885
547521
186133
20728
495403
302902
690858
790602
468608
556089
3348
794811
106058
25734
552296
275900
748554
215917
774350
406462
713986
868275
364342
932515
254580
936917
641658
971988
218130
289708
348687
407280
820551
377004
108838
208417
92960
389318
486629
965323
519065
766190
988797
409310
845888
361078
402023
617611
47816
512857
870976
264084
828973
295381
116095
87291
602110
1839
728911
459484
603532
670938
675917
509911
543597
228338
724640
838309
105901
686819
560943
914316
539282
570855
481731
646509
869643
803308
516667
991227
823733
856851
589670
886086
505033
31189
201025
124021
987812
500480
733260
176274
259060
145183
626635
556224
728636
458424
60630
458439
823109
585583
57437
66128
961826
335048
122940
966572
753630
877642
828343
956814
271556
574206
452626
290649
117834
58071
26256
785364
52506
154347
582854
154875
318270
321823
7258
786735
357416
383714
623773
698061
650588
277648
374339
741403
836539
889782
623099
931999
281453
942773
681455
439370
710761
887103
307354
397009
869540
487231
933376
701341
276052
832533
968015
245208
884831
766783
942416
127784
117157
729555
688458
895929
524583
123752
488563
445490
653330
33429
62868
895305
604716
969617
636856
297906
58394
221178
732688
783282
472075
409009
187046
471123
938181
968930
946556
214960
875594
387809
883201
767536
940518
558512
449199
135695
944152
520669
302468
142168
69274
496520
784474
176431
462095
517634
410533
794762
514825
542866
729929
114752
706292
696337
726358
145914
723746
862901
815265
825030
629427
241066
940992
986762
301856
190556
394785
626453
397733
76242
944391
413841
151049
882932
682018
824533
871563
774445
328907
223319
294954
461419
989977
912126
507665
52227
675490
338390
263262
827250
61714
392989
89038
951806
386785
567994
691462
53180
711092
686605
154432
964778
862930
955681
390864
460092
214081
318
913682
243956
951357
50396
957363
648106
543700
957554
476952
526763
264289
700524
383278
441662
582242
233530
650447
556354
927032
426757
911502
105139
741820
327612
802143
8395
522168
374477
754086
343813
200585
426416
889946
177660
856527
86237
327958
216306
857486
818590
786556
630958
991780
929854
128518
267901
234983
750433
487338
827352
759450
533741
935465
641062
608716
539174
568629
873304
341582
66712
565757
761074
858319
7341
88534
941866
432342
783646
54279
386089
959194
617478
93617
50926
519745
405779
624665
317650
18804
791061
321044
281958
241819
862841
171086
120632
889722
206991
134710
606517
236903
721478
297994
511208
686119
903034
539578
226208
862501
630116
754300
593328
525646
147312
332459
442576
38156
576300
647516
302241
456476
652380
436480
993422
987918
597418
835823
58510
325785
764666
517847
156677
471064
418972
908864
537738
6949
288347
697979
769860
214800
407474
697767
752493
287933
331614
997407
244857
746199
105615
98179
151375
891188
349496
209122
569270
27399
558662
88641
258955
651004
347373
62282
431534
975284
386525
369556
764029
875997
245971
795595
798200
176876
257100
212860
192900
110842
769173
886720
638923
805177
288511
700994
895488
732561
568430
361582
96384
261979
245008
823415
78484
33209
745066
917829
143315
111055
350221
292090
39588
743779
600040
957472
977186
795661
645367
559984
134168
841050
269465
722433
525867
472387
160192
862220
235351
165061
914114
312984
572818
796253
126348
898502
811212
605154
439221
141563
772504
804158
511344
876133
284772
838090
530332
601900
725348
929670
454774
14519
220686
731314
506030
231320
617662
92427
971031
143893
573433
544293
195447
192532
855566
721441
65662
733602
258840
958988
759252
451680
835873
701333
700171
792842
680737
882728
61748
604517
396324
835819
73421
449413
856905
247892
45976
748920
95718
851237
676870
604115
634377
419205
234514
847767
676826
2684
962731
539006
135900
378507
318665
826280
240210
633574
89185
485917
352126
51407
916147
680830
335364
756496
675585
610381
405422
453973
144602
153877
382665
936611
539540
850616
579948
758521
32983
262291
659864
237506
590678
428496
143291
100083
472793
401479
973007
102087
534582
893329
767967
193045
624991
532780
420842
255626
886164
440004
669536
161865
268985
325348
834569
330652
546690
477112
745797
770389
913610
739262
239854
419717
40131
452041
778970
82456
507208
279858
780732
718028
58959
520859
733418
873996
586106
730081
799865
104045
636236
996318
402116
759300
935737
479767
291660
590433
458198
114825
807289
926253
764207
76107
747839
868827
970679
773792
882332
517774
913114
23771
896637
403271
962287
485359
714176
77193
446665
970066
272404
201292
49645
485710
968125
804505
375837
63396
385972
744264
319059
612061
181611
28884
576841
86766
465070
321496
986293
639047
464805
269737
975187
157112
43574
192143
590426
40640
653639
332704
168656
876084
320481
791995
873529
406665
33456
229982
350123
393406
674791
725221
500733
469224
695424
992
89501
951643
611553
384719
654529
453810
659674
438524
217462
155708
519051
408629
84756
262403
122723
505189
198547
305210
204099
685967
456246
807810
505537
864102
922661
985561
694536
305803
110872
696224
103260
365155
272047
13191
952123
151060
264160
267799
23519
630813
906952
707803
653408
731983
952866
510124
929719
881964
286741
161816
833054
27611
334631
525998
369426
626820
286672
597737
742330
635278
95017
827191
871458
280819
398275
464612
853088
77500
259284
722856
505943
127646
284493
365065
350234
735921
104007
466222
677288
499721
698651
171394
574677
847027
303248
734913
422858
363342
646447
927330
996259
343555
673971
775841
296502
723554
478621
320680
374644
59034
411875
535641
156455
273749
787912
783803
869083
832558
123847
755966
230425
869968
271785
291052
935566
644076
158390
408303
259595
966358
602760
991801
526822
665981
375035
528020
823485
417605
762624
412486
395610
380355
507281
445728
48690
830100
264063
200099
723144
657242
497639
504400
517103
295956
864451
400395
179244
8857
407708
413867
700794
750705
45213
777569
32614
101968
497027
478658
764379
779888
602033
82546
675832
698762
480736
18095
523549
97008
846132
684471
15429
825418
268905
696023
403405
621035
36012
792594
268755
471375
40134
848810
605498
854963
97139
539341
16265
192657
169169
769439
798195
649975
383668
969248
565361
486915
419670
139962
551563
902333
16044
761258
111927
261201
901267
20552
352280
568487
184169
364084
712487
969377
424953
777119
900207
91696
149198
204275
233650
283348
745640
172768
125673
998830
339277
40709
69545
55875
82422
724855
348769
327503
364842
872944
433152
283523
190249
135895
91379
610910
397438
88103
800332
316451
754808
208511
183806
726524
265650
655494
354437
855915
892109
427385
183843
488937
392447
456339
560900
325405
348165
209112
857091
945850
374644
78397
33605
682229
959981
770039
97219
332962
379119
252254
292134
386410
937991
577214
420747
836651
326498
538683
739302
493164
491587
865566
851586
947771
915215
488512
912294
17958
503366
190225
216596
700626
996684
145093
234219
813371
580965
821917
670188
774600
824832
881806
882009
945098
230890
946063
242297
951057
509603
366276
715897
184235
242254
681282
731437
758074
5377
173823
244211
789233
73917
792215
233080
262635
283639
424317
206228
971879
50709
333884
727761
431204
133172
90537
114953
420501
287014
645032
434157
270146
410553
791895
389730
556283
492850
653466
987781
63353
673497
926340
544271
396882
42862
852702
386580
642008
752633
87640
895462
299792
666495
881417
704918
554314
955472
937445
242842
161
880766
184122
901322
330577
698728
986150
215429
152880
384500
575641
130481
504651
583323
462211
933535
936606
32029
222554
122636
665135
318870
48265
610627
37255
359145
318072
172768
756430
45976
792756
852848
215938
531446
84348
884725
602388
665843
378919
906694
769503
164695
911733
100178
707141
87434
137200
386821
338408
869263
370878
429763
287490
509009
923526
272145
341794
684310
101181
146131
818308
81936
242508
435248
659851
900114
532128
622417
14941
572320
953933
622985
999259
840415
419871
488335
781628
12523
275455
936294
642821
635911
102591
117917
222567
114351
616834
972146
835892
827594
292939
462162
349375
71548
953376
919868
350800
53975
337306
778883
62337
173553
262668
625714
959609
3408
355214
771530
673986
60034
133221
459878
504584
616266
195792
252352
923056
319988
326322
31500
271890
848970
723991
978754
683349
960735
76068
955705
716006
889160
361760
867951
190484
109419
735833
498597
589068
929199
640756
164135
365996
21843
984597
469289
927237
276315
53607
484685
845426
626596
271048
47874
990607
490073
799700
294918
463448
180606
608973
224587
608864
100906
637156
345720
829035
571793
1574
33734
928680
946367
617158
838091
571278
193057
940355
319380
257873
464574
726774
441258
681217
699139
425658
342711
915520
606331
468919
709187
724446
491869
882125
498007
105043
279423
436954
762498
704984
155433
566697
100089
489826
497796
375031
989977
217212
887282
757987
96969
863743
871159
532465
492347
224561
753492
809082
850193
824312
194676
966260
928924
435385
639104
837914
695295
655122
840589
233784
68402
801135
666741
602709
144995
253965
504899
19068
46262
454665
377928
868457
316525
650788
545418
76557
95011
755478
124700
879806
52275
770443
693257
487935
756022
88190
883754
562919
299432
211697
827607
382128
494316
112582
985082
447710
259814
46141
972863
580041
879366
937355
360231
492297
360741
198611
188156
806718
582215
673860
438559
968825
675840
651278
647805
771915
105268
877761
896032
165544
643383
549509
31138
719094
102867
368176
947388
311224
813223
89479
317116
858642
63788
47253
290261
456056
211603
770081
149584
452599
911114
420302
546593
237408
664862
24340
264468
160717
162619
829847
943782
192209
619470
109089
300528
570368
300299
942465
768958
662167
165002
162367
414462
400842
241165
69498
244628
65385
377308
421024
38347
29550
955729
360202
998949
385125
103984
37426
394707
986744
130862
454993
505664
36502
710227
131545
337031
961664
632825
340172
454854
787056
914740
642296
55306
470502
943628
149839
755306
580368
207781
17255
36271
245780
726080
372938
247984
621054
744154
541435
759485
374849
762354
382982
50482
435948
958632
636994
612715
366186
60225
551015
845590
96757
845511
217798
375267
22681
944333
750633
