1729
174214
613644
636109
556218
275098
300871
848360
376755
353532
655431
527871
159743
310440
837722
595768
346687
604742
53071
723430
480656
506543
389906
275226
372437
725999
580746
875091
494915
457606
566987
797552
487465
847048
345720
527974
380346
797668
283385
130766
669336
860258
689908
285781
191582
730117
508331
485655
717834
346769
845810
581318
226693
439238
343180
843396
527760
876938
61729
524176
605902
185636
585822
787452
427304
369508
490537
330653
460353
891361
712575
328989
623766
881435
647051
125003
433265
709023
438565
764049
388363
133608
86949
503717
741531
154146
328483
102105
1856
170729
388493
804110
312134
519217
590372
421381
739641
808063
198899
309206
268835
814132
740588
474489
670275
315626
582017
1474
787277
225591
181916
186986
184727
764815
295196
607784
120647
768102
367692
342718
517687
159442
262786
432816
285666
821774
679889
699215
883470
396476
533835
858452
755254
291106
747222
371144
487090
419925
890697
871808
145605
539379
851076
612134
797315
619850
539978
890162
879997
330518
446236
288695
782315
704296
480018
295386
475924
236738
514296
239294
570877
379774
321412
286779
600204
53006
576976
619820
344535
302495
135608
670439
478574
194455
537681
222952
55010
715453
795843
782759
71056
342263
200101
299272
221614
659406
67508
243633
887889
129039
58063
350357
879033
818603
138834
795695
750265
258365
347629
532843
140358
547435
155521
99742
832476
387302
868278
10901
517320
743372
776124
155051
683829
210989
306908
326389
144438
487690
659129
695863
147533
831225
736233
790297
683382
464965
101770
742228
466451
866483
104867
805319
835412
75423
667960
274918
887266
108357
210665
535506
91305
550395
551208
841219
865184
280955
661237
21409
223318
738175
833751
727762
123387
83173
470233
630286
70184
647410
74495
329775
857004
757683
459108
476356
44083
471262
68018
679973
221173
397111
612668
640576
751609
49678
42299
844626
594340
628230
421315
384401
126626
90065
71842
63494
717136
805335
280565
458552
639427
878549
775494
698147
405560
791745
121221
781736
761561
114508
789218
427518
835369
254497
29669
282886
787180
890730
68970
34428
490038
832273
239964
741193
779855
289028
294093
405078
710335
618418
647247
502107
688988
21074
293298
743957
767308
193506
405979
94581
327609
256877
327997
896949
320145
203430
546198
147814
547319
260689
639496
821414
389322
431137
736083
130285
145647
352124
85516
49414
731101
512954
39036
506362
350789
143404
728600
171015
625916
78522
628728
424784
459879
22853
728341
394703
295618
688395
839108
813926
881709
509672
293098
673138
710835
667513
95675
3072
185784
783196
797780
25338
827870
330708
802288
618234
728340
717481
179306
689311
236700
138604
175473
841021
725623
740728
297345
407343
679472
755891
867523
337223
699906
442004
868611
328422
387846
451102
115306
450280
870844
302186
124440
316438
875702
481508
831167
657951
888156
6188
355647
111296
330559
185661
278745
233280
881054
76714
264563
360377
878286
92163
788007
447856
871978
798807
159656
796422
453079
581012
595218
672519
75601
72329
736172
507679
444376
602733
884925
310700
763249
774681
732552
43919
736858
235280
452422
581628
734638
585023
139583
620849
222257
609086
229220
553924
697657
804598
377996
775188
425977
300829
103816
595297
636555
608573
256197
63064
662552
372468
784638
741575
381575
209588
21404
198095
232481
68745
199627
749143
757917
462907
478809
389308
7149
818153
791790
672198
485827
407126
421635
456694
853665
460896
475457
197340
146140
178218
293814
681830
729260
132604
206070
97650
757491
445761
24332
392036
713607
516558
26748
32019
324030
250594
734102
800957
363285
154504
409561
516891
784285
362969
16514
227440
852450
582431
432431
361338
425433
155733
752724
416491
335910
296426
721177
82418
20743
266308
293422
704722
706241
369440
132428
648308
42821
756312
10634
216184
280830
421758
815928
880743
770777
250981
11996
479428
735729
728862
705671
725441
549879
484256
282994
334829
837531
251681
233850
515467
61305
377473
823413
8766
734050
430982
453616
351136
636230
391617
357544
371218
247643
170543
173441
692398
327021
296892
588325
398488
562562
628066
226812
40819
888104
689392
469445
347503
550878
380838
364303
568288
395388
489500
29174
251531
243200
143041
584701
284313
550517
748161
200516
218158
823297
514176
210374
531507
290348
644004
893970
291887
68873
252751
490052
626196
259170
668873
402048
526774
816228
876828
827690
83446
161764
490585
44100
115645
482604
472920
886405
222180
470407
386652
856211
457840
245796
194389
384093
103771
255626
500447
549655
882605
253913
666216
483474
613994
335608
232623
446263
590853
806177
159624
146912
202578
190213
208572
83156
246008
594013
189645
138845
406565
604654
530774
739560
94780
805272
786097
502328
624650
122107
48883
698630
555479
467591
862738
522873
46263
317727
887878
246335
630304
545288
470061
774117
477749
202163
649385
579673
137953
768197
432836
162329
751616
708128
626132
852919
670487
17680
148441
522188
744772
572308
34658
121750
871888
167526
755088
338703
791168
800873
389171
695819
75
462286
233680
579086
377190
897923
390500
452199
793787
367577
890818
200557
660216
222480
718616
835381
866020
151009
785936
456141
502252
95815
181810
317016
136316
844267
638439
832806
425609
697611
166072
706479
320875
718503
299925
864557
121544
192456
651153
59571
4010
645772
818474
8045
59219
273458
750631
642997
435751
647710
303067
490319
282120
614314
352934
160290
213215
267178
521530
820980
344054
338394
52282
162656
409698
417926
802303
664791
116382
155989
599348
508048
198803
131699
98945
863469
146259
784922
607558
470924
392133
485181
452637
456966
686298
66000
222433
346823
97630
231191
665038
228971
111498
641609
555998
772114
7127
611744
759314
538367
698893
170464
853842
24659
509721
847074
79659
719936
604445
182205
431127
277549
570721
50703
244859
522982
194343
456621
877289
763004
601532
324229
354502
241600
642634
362124
49862
20599
331883
235433
414579
325979
377049
687037
6573
684495
314240
51981
748427
383068
714164
530413
237759
879468
499039
83371
450200
563426
34738
357333
494721
291764
544861
193608
580455
487079
196218
711095
485847
771942
581220
403860
101382
18814
388613
419550
72778
440696
92396
211271
654950
393300
281822
611136
349091
733982
492867
883299
513913
583824
630593
316349
716557
495364
127686
871478
369460
625396
159166
436030
244182
639152
760453
508118
26286
828411
532502
57304
126958
51779
517218
701604
686847
250459
112861
650441
562053
676086
740018
240652
460545
831202
421302
315511
800497
533727
641658
409921
56946
688251
527610
804822
843685
601067
772786
703075
531887
681576
169041
273536
184763
417315
239013
57562
440154
209862
40086
70812
549387
241097
631663
508057
881205
799214
93206
679033
584433
690970
478941
378878
492708
24944
614161
2865
451562
422699
625712
529358
725807
298519
579991
77097
638038
243661
87097
9339
495293
606217
808844
657901
548759
727306
310078
682143
376217
558470
835269
574326
709425
757607
80435
457376
271855
212390
252136
197669
585415
804770
624738
660652
205167
848893
610063
490663
550244
214260
732675
741276
573033
861625
586693
302160
331375
891438
182179
161170
311344
813663
71047
363106
457620
135421
230529
100156
33015
458515
73155
18437
618498
353319
673004
283536
632854
240110
302780
535662
839623
59180
552806
76560
143109
457864
144387
840826
426485
555208
284067
91653
16830
534957
533919
832017
383424
730701
458442
519622
31039
235177
167238
268549
558942
429419
605394
888176
823717
699902
36065
133042
190053
182058
37286
82764
145522
660074
630539
489245
892687
257260
793121
43918
179880
767108
96594
120695
404888
706637
204338
139409
26027
35294
265332
703961
548574
318980
277593
856958
33507
758465
850307
439687
15040
80609
347559
818020
717335
949
515713
456207
461472
799855
591106
460286
781842
278264
467780
129353
92128
820305
155550
597874
65088
463268
689874
479094
786664
680774
542468
796686
241394
722955
527078
467970
683998
444678
485838
367211
513909
436444
179241
481315
511211
744708
9416
181260
28831
106621
704761
492985
150557
237036
633105
739549
880418
182320
224004
354862
287711
600067
779511
3317
518870
420752
342093
642837
899777
331500
714366
186102
219283
794707
787494
141901
644214
648863
558041
142442
741523
408391
593140
131325
262769
763986
482959
591109
261876
107702
650702
577975
333350
702258
827959
321191
606708
284132
305310
821910
540367
216615
105019
431705
450995
310989
623677
447393
97988
518901
653016
536876
825812
572810
813562
52840
363617
226487
113756
190719
96827
678826
612468
836836
458307
206692
707559
131032
763823
20058
889723
375128
100907
456588
67978
537063
652153
108608
714738
801332
324985
656122
27594
778952
747907
491289
837231
214350
870161
229009
790237
50943
802714
459040
704441
472361
428569
689551
159371
336219
756908
537736
196361
305391
250808
792783
63566
488629
832682
114942
375209
121912
137368
199936
874610
782768
594086
720650
493943
752931
713989
379025
327893
576920
106774
226892
189954
283642
320908
354215
55975
59589
772911
28576
809867
563344
272956
352482
276811
880759
343082
872540
164518
175459
307687
715070
592692
311256
216641
806159
168918
873436
544769
575373
470312
585407
504018
335298
31283
653931
210976
327039
135488
738505
719451
671224
306631
741517
468954
72827
222341
889152
731964
219854
893932
237608
881737
527909
625300
854230
413527
245821
423087
475595
450634
726808
620603
326248
864243
591125
179312
853233
599225
560619
866617
181404
233620
719810
537151
4124
13749
305742
732129
421413
654340
16136
879680
351067
663682
135595
372791
846364
663405
314472
640295
651206
337218
371527
806448
255654
862588
351739
207324
897694
374330
478816
24950
653426
280607
104691
875416
101872
74419
511086
555330
521145
829095
452318
149478
892848
66198
435331
499199
761278
92487
114660
530658
222784
601518
39469
313709
732046
295602
345734
523837
651016
349033
196561
831100
643647
522336
396287
111702
506077
431159
199983
422732
665522
314505
658884
258754
523612
63689
724546
124627
812850
145832
750853
680964
403245
502771
233822
655542
207091
504504
357804
462261
897122
669961
348722
85613
159510
96058
114106
145085
458615
442309
815430
676131
847202
531053
379598
742039
577297
261471
237627
481524
201802
443284
799615
59345
642337
658963
606255
191821
512267
182067
772383
47721
42272
577854
24568
863855
251915
630258
869944
152080
257522
564417
261190
795020
737149
455128
825872
277834
800165
184380
604451
91176
346
672560
301222
248748
750704
456723
100404
535032
887783
88583
881428
209884
219254
496492
364118
624006
453044
301323
736141
571348
143970
765391
4451
568074
95320
41773
233469
537695
148363
581348
61837
716658
298455
146847
316430
752922
323279
821432
805439
106459
488798
16855
549087
603764
502777
319192
358209
462452
10243
445770
415308
766413
392188
225395
473938
418562
845895
51025
196075
663258
551255
16699
286797
272470
673717
886982
435498
465791
589360
833412
345191
713432
788706
815335
293332
313011
698011
525892
361388
542047
549005
429586
67819
435263
696979
481777
450023
801590
436862
537895
254028
496671
664093
142821
148120
361593
637288
268137
852368
260510
65801
771645
660989
22165
637704
480412
789895
891998
403858
712277
424876
173419
266597
489480
359004
683502
282427
778093
133940
357164
825776
245940
141686
320721
455633
628742
781633
749086
305315
503659
276626
543805
884045
134373
328183
440949
322212
686714
542220
506744
633009
467727
42356
101850
669248
198543
380469
577085
28328
373515
590768
187911
837298
880827
22651
519669
285096
866307
451101
48649
711867
513553
43334
829982
652976
641954
419208
362460
561321
688452
508310
167
623084
699894
83128
510738
443762
236524
356520
873073
630382
172687
173388
739788
128663
169249
220112
449775
495828
17790
712671
194782
580035
213758
42398
161990
666695
178230
682085
581839
353164
424191
426299
537933
573751
4334
319853
16150
785262
851810
492010
801038
810817
117853
