8181
341990
38363
731332
648375
992223
231027
341357
189730
465488
630273
802169
946598
24945
723637
971775
819913
180335
452168
253643
881879
247665
224603
26413
857417
459254
357675
353006
565716
120538
242547
980062
205771
359160
268767
940233
693809
272040
988776
503240
611167
991785
834576
391667
157710
112218
124604
79796
739266
468451
701353
849911
750740
150513
409164
730173
676570
444702
209866
383120
480052
588590
671249
975633
695414
482357
246097
313709
80173
751703
31387
208366
37456
389800
3156
56942
33669
987761
380053
419942
990924
925652
370915
146596
580172
132295
349446
494811
708344
931836
601288
580820
259038
865825
282700
521731
849740
596803
878856
593972
588511
90446
926496
970596
203625
124719
250400
496172
229118
170458
673366
646680
874140
229799
25994
262998
121780
183895
712731
946634
971417
23989
408248
239103
208580
911256
736823
942327
335809
707525
860949
290531
200378
974449
665227
896494
96990
423843
977289
672307
280110
103800
514962
713488
652708
146881
607731
870354
121088
680455
932897
143
491184
707310
737646
669715
378011
153591
789928
587314
607946
268767
366286
35197
612979
616869
714864
882895
486628
214121
366178
797383
573577
396784
900892
500304
378074
540100
628849
237915
258147
764600
568298
148142
249969
427529
560447
227094
530774
574880
330801
57656
629210
111989
308167
238342
815230
943373
793826
984077
282285
511971
715775
700714
496514
800229
403721
686301
849968
168597
354009
614709
863378
900560
671115
145195
680976
826412
703422
521675
420458
14970
638247
259341
535908
230635
846802
147970
342671
368526
78071
461418
13615
588983
783285
937250
663310
209404
839406
420474
776540
861017
648254
237861
790721
759219
491736
793546
473601
739449
842879
309687
277515
275047
150943
511605
215902
98084
43398
759094
789529
774028
515330
191979
302365
204360
254167
214386
675616
853016
153885
721197
588369
929650
777524
741998
713187
790404
547429
573326
660857
65814
52887
23261
84972
860235
746155
353139
986556
875078
180596
125925
901520
659562
989014
923091
291371
515129
833530
206111
672942
959454
565547
739000
582788
508486
360912
162516
190189
838696
189574
858876
279787
252390
257370
75137
417667
70347
759712
984332
768240
84916
327602
524371
278634
11852
720776
885864
131917
85808
14193
587499
703210
740209
894700
231968
558567
197239
791333
307227
862931
733890
437071
495704
215882
133708
236698
770983
168577
180619
998482
891140
521007
210835
473556
468293
887577
280919
522733
254700
976952
92175
786512
358428
433096
268790
50804
289897
813616
916715
677128
336328
715913
474039
341012
414501
136844
65838
152621
963604
936797
486958
297876
39583
947886
859269
3693
223230
118801
525487
157527
449380
869150
75452
737452
649270
358205
62352
837526
16342
796561
299076
530060
30878
819330
481259
615528
605801
61284
670895
915111
798411
139081
506585
784444
415392
141216
198127
612945
944962
38728
730999
711579
701396
396469
955994
927896
619579
124093
787748
366504
714157
827008
674984
278022
916769
653938
770240
250849
262502
49479
39026
263771
298896
299385
945071
69021
905357
881145
477301
627733
962709
801008
394900
978061
77312
980912
597389
773673
838769
863484
572181
239869
577968
698608
111994
958728
528150
465870
902109
556049
668577
594471
90077
76701
527015
192803
851477
177674
720040
909869
987707
412364
236220
769341
121001
787649
315435
32899
499256
574002
308827
389613
307464
857832
570020
416213
566173
885289
42688
556746
171108
922382
739294
520762
163795
942978
870997
69369
88942
962265
609141
923440
906341
405642
375738
217573
997467
61579
406938
353314
171265
207175
34430
595077
304161
142207
606733
972452
19575
541818
56291
865370
158393
728874
791264
132402
449592
995293
235101
699567
444318
634332
487418
441206
612567
921956
737747
224985
81997
648958
153809
688577
701259
859197
653340
870327
226755
123348
994030
552719
861739
205649
566147
739441
551361
903098
643885
417733
193904
391747
676931
565115
20555
844009
49465
909172
53942
582573
279819
279696
154276
370032
503956
762325
808378
919656
516091
276728
476818
106556
140684
295948
642589
44866
485669
547908
231968
624210
270727
954470
550879
672263
848588
904143
366231
947666
147896
746397
419748
413306
942183
462780
26563
425460
183270
263888
155698
492314
538526
59388
406260
316363
585835
254861
585712
844320
942604
679559
212345
648454
265971
806026
308777
215101
663355
770847
338790
238828
807545
625317
347718
670494
624874
922258
23439
495197
268364
829736
795031
974825
470922
594423
298698
276885
788175
75528
54794
108863
305276
571565
806705
293290
24308
248995
906866
51642
537300
113057
606813
786059
323200
531584
536577
784302
920537
280646
248619
719744
539914
694288
191373
351273
711042
61532
926202
997102
196604
392752
133262
23988
606457
869547
683243
142098
572368
975526
33694
330321
889116
733447
82207
430339
58771
254050
408119
63037
279286
528587
439164
240178
194916
104764
444920
423021
729994
100063
128872
761386
82549
879354
804256
146514
401032
519477
570572
694930
244425
963336
261137
106135
312981
268677
893329
807655
460788
686975
560653
416671
510983
237590
959590
333125
855902
954464
576380
432265
140134
190390
682359
175901
653759
494936
694756
854574
282924
958398
974967
452413
427876
16828
612655
811999
427909
215696
640855
432973
93480
268044
337384
4905
752271
709786
546892
941006
4475
245489
558909
944018
114139
18771
24716
467419
511518
421248
838270
240218
188650
851451
388624
363945
120293
943158
749084
957565
916464
779740
5268
423880
469939
457531
218858
289966
574803
93965
130066
829921
195456
769889
929695
218907
60588
502123
852938
841783
291222
746084
132498
179565
490948
280543
155901
159976
654351
203178
637692
608006
239960
351261
859116
285611
421209
935042
748601
497602
303510
856865
949597
240914
146289
489446
468294
360760
265181
410737
644246
291015
130027
252026
750148
296505
715520
642847
797856
114000
717992
8012
126195
606605
608451
837254
378052
270348
196061
124820
864567
64570
410652
671690
235089
5364
123410
297395
683542
373246
624946
101850
818131
812893
899616
502773
728376
620306
113249
321071
347613
139571
927986
694289
712613
28263
430964
556108
656640
314237
647748
20389
214730
977962
923689
727293
52049
768221
720231
962428
720052
605761
864432
785754
84774
660942
782394
452554
995026
169484
535404
194371
405657
415142
862258
963243
220086
311399
798512
568610
675779
614099
700498
370473
878485
519268
686914
519982
419393
159008
932083
742069
204098
395795
524762
484516
303411
490543
514685
549355
220662
745916
771875
921038
9719
213117
547499
692816
438603
751585
251129
441662
487474
200098
255819
647893
621243
482046
538794
837073
497991
587024
688187
439955
345573
427595
173045
490541
10717
470034
489709
132301
394824
557110
552141
996421
740956
805772
889187
835635
900614
640874
126741
62610
104048
664447
25715
863387
424034
310668
728613
1049
951812
369859
451651
99784
528385
509306
548163
583145
557256
935116
109325
904613
358892
728588
460203
582619
226476
673511
138652
988104
107212
121685
194055
435346
637410
435131
256653
646065
291565
581857
379639
658298
125406
616907
538127
946954
836795
131830
959626
65099
750425
877425
962850
831526
63175
415509
217922
629765
329098
110114
720795
110787
273730
464375
350932
298099
208171
172973
798686
717834
557311
636241
158885
763050
132345
962557
469794
130380
775861
60626
942925
302472
301683
460052
672880
852164
715195
935202
242071
867191
249818
261136
164260
272729
591306
797731
221247
951913
490352
164648
712490
118106
630590
291057
960690
818459
374457
890861
819073
712002
156757
545699
364177
888212
165820
14411
182651
278003
201261
564361
471661
439012
768449
42951
359546
743292
942473
393965
621004
845415
574996
969856
639797
855189
240653
833684
378658
51266
521088
557039
316592
391072
78077
211708
650457
374434
135445
900521
612295
390823
399233
709982
272777
442306
978723
913177
403235
944418
779876
890282
570111
304867
534780
900936
646338
660784
24656
743503
60602
588882
337397
684119
448883
508826
6610
435442
534825
726567
974692
495809
687447
112789
248220
843059
809902
658754
612515
652572
770145
717694
877245
999534
140701
602254
725771
403798
24406
818333
743466
818485
982653
406528
554426
341945
156814
304292
215737
50584
927045
633623
193677
916521
573232
588591
676768
224287
43808
254299
825829
416546
653369
197124
629050
320971
334761
103263
339238
624124
822645
127186
194177
873498
540975
793152
941043
481193
89156
417779
996244
343618
233585
220197
911219
900339
895062
257963
902451
6963
483363
443327
155663
249088
50479
251432
934973
927511
249255
302344
108848
554768
15331
293442
397624
777939
562644
234565
581189
735290
604058
612794
871945
573253
385074
581894
809275
552436
132109
774844
942775
582853
211067
317090
905922
480778
468550
81118
985900
183910
401372
421310
882382
721252
882532
554721
868147
868851
617777
553732
803923
944642
162132
392813
685819
682868
280331
173422
790088
23808
164888
482326
595601
141737
695213
153018
638821
556500
55235
515867
118377
890507
243146
378676
316132
932109
349883
666211
707414
448655
799881
246257
220674
563220
434742
123904
11085
503780
872449
471056
12479
798316
326332
668845
598182
833649
195900
175673
160729
649138
668779
303186
250458
461658
836215
904287
302997
312607
866285
735100
813189
11194
323808
393151
578806
140291
967427
248423
563621
282344
318615
684001
408835
650377
345341
27318
739352
785076
670253
609300
162565
833784
439487
228214
673442
593256
748647
312115
719494
494510
881470
834529
846756
101449
10171
834211
591570
364388
427712
873750
841189
18004
157521
576596
352313
923950
604511
248355
215757
881347
657027
371326
772875
47930
786502
610301
6756
997640
79196
229027
873754
998030
639474
884164
864343
936270
103709
853265
649787
600651
473457
484802
313075
321405
550515
306718
353796
965806
610470
849130
359464
501108
595009
220972
249103
415947
409666
630746
606854
947726
801756
720100
559861
24530
441164
506523
125442
527968
43530
705788
960852
343244
205594
162397
418290
887222
132097
22195
105289
232925
680277
201726
675020
271707
317038
163282
614262
104833
802105
233538
975723
535695
73707
468010
558460
957776
673617
986393
695946
248784
534598
240153
634881
939131
659647
598365
983366
101524
309696
891655
193324
652302
683825
633619
698847
423819
846987
981219
980835
962478
58029
177383
688823
191839
478923
414376
710995
923099
21125
755058
130065
767412
22038
550556
714536
997996
979747
976245
448722
845610
270899
893389
453136
654871
126206
505629
168068
265112
306974
317524
303739
72744
881122
595327
355341
467024
718338
775315
276701
858886
181420
559386
496124
491808
81149
17912
955754
171635
82379
517913
96380
205453
956319
489594
960153
527242
515008
616720
593438
24215
258346
270168
722402
256577
371806
385532
581523
428153
202451
296927
26751
325862
410698
541254
932079
834983
530367
349730
781102
684900
68027
281342
118951
541135
60038
673089
466028
790397
2170
618977
10899
428187
152884
537573
946363
424526
884259
527892
482668
29803
673154
525247
621148
214224
606562
485480
93966
19805
172512
877134
467669
39890
991735
271446
526455
494599
740974
899415
635501
412546
245362
922946
751686
264760
603326
110125
680938
326243
276790
780858
100092
968060
596692
643176
10201
704918
121657
592566
585022
223127
95461
367215
344070
118867
930626
703959
25232
193862
198299
711536
342271
212462
223786
900585
358363
481859
862222
446052
63700
184084
748315
140579
497575
928768
684044
707406
929434
645133
115219
903587
343137
709864
666513
739706
320099
9465
57506
680500
283734
559074
957775
897088
438662
482517
77287
225737
454005
820943
54695
291711
239133
821813
970070
909185
181009
63241
633390
288804
255553
694281
249780
119075
976284
888164
602537
200867
458192
614170
847897
467617
457837
706927
218384
370938
813223
769483
965292
930454
339066
85745
717646
371762
878696
30234
868842
878217
230238
178542
65406
323487
292341
367838
794976
717226
990868
158304
668399
216285
877554
465736
293163
154322
782905
489600
66465
524883
954822
391396
530815
180612
57741
395772
962054
338225
290010
493335
672733
121200
786802
122496
131585
589363
342744
368032
658266
400684
131563
460656
32937
482653
601964
392280
279774
946299
425374
164777
44486
237246
124806
177588
769826
701960
544850
493445
556179
491311
85910
918655
673841
548521
606705
497749
766330
73235
302094
263330
339111
359006
868807
2918
220506
771158
772963
421022
72756
805904
819328
553023
38276
996784
715532
428430
538394
409108
922093
134111
566457
340897
860865
309928
188074
809832
681663
603265
226541
381620
668348
971130
130187
859698
775754
522904
687367
737150
453883
15342
318131
826950
746243
104213
355358
555677
569787
516488
596011
266718
325762
496990
886589
907067
943614
411236
715534
220385
794560
475926
660511
493065
253318
654650
52746
40478
889370
959514
444595
470598
119383
419676
214941
373520
997835
189695
285272
827640
617400
289140
992344
255513
236661
260759
487842
279536
189874
162632
912479
904072
110680
937579
95123
717704
532943
324920
261031
324437
928281
561151
567458
725413
284891
984892
206262
888162
298428
336210
785591
151606
374630
596264
800870
152249
54058
954781
844972
46965
236800
523497
600354
444050
833964
611345
288845
351139
829371
987782
795303
225739
109229
435035
424280
856845
305197
568802
323460
594928
614203
398114
231678
414987
244394
586678
548762
381810
590085
236613
697823
985149
542797
241945
200859
364529
768222
328926
650193
568270
164784
332473
352974
359989
238520
468547
922586
725171
411054
917153
631177
388142
401834
442433
644977
607914
842792
711411
444597
199609
710058
896097
53952
967933
111100
410221
208078
956635
557843
768806
440228
44158
430671
30630
728480
41349
951136
207818
572843
20042
914948
603407
613002
452496
244014
121286
501396
8136
446595
332211
916798
848000
89469
654920
847058
751465
613170
998841
570302
33539
218991
289212
73225
814823
614398
191327
565600
822705
224840
755525
922319
2056
876883
367230
919499
134283
809899
338882
796204
993113
565151
233098
917175
239229
404323
307212
418201
530228
293971
791185
978097
578717
964759
508340
668676
799677
53793
713977
967828
204331
943827
396999
355594
664990
299070
724355
926096
223825
816902
307787
780219
933712
18785
671756
986150
965219
252606
106561
816346
653844
597186
747784
323689
709021
189997
693794
217818
662003
36443
26183
584702
867369
933607
343652
814241
282563
166186
295283
136988
678360
768353
514228
181448
231458
337837
654093
83085
768486
639923
559483
176408
893626
186787
542132
837675
145336
397270
768475
66894
749310
525137
555935
588899
43102
300135
786481
334103
892201
851002
405344
398900
501395
110753
974546
647060
371971
21030
108385
792752
85178
320166
850831
949335
222749
204891
369576
11514
867232
700727
674739
884132
920785
777062
523348
31174
341630
952758
968769
469040
163333
561811
83487
509916
997110
363115
367992
474597
605606
565424
406491
133397
303955
609148
322833
405915
531695
344206
313271
197339
824267
689330
387709
557920
421921
507391
793786
602413
199998
333306
601577
146737
169994
606169
38084
703576
534069
986017
107835
759742
840512
584624
46289
388094
744165
340695
422548
312745
635301
673119
786999
830035
962092
580589
286861
996935
162594
462976
207140
806234
953232
779926
233020
763805
162413
696430
325795
782764
494661
288169
707054
702499
901253
953290
615765
439600
284453
779356
833772
914628
953458
308083
313018
653668
625335
537418
111352
959580
558663
24076
66599
120466
910378
260590
607502
843768
661154
457145
382991
906843
923160
589029
984229
428057
679720
654369
271165
128495
194310
290032
77357
605488
130571
904045
245973
275858
340704
373615
757265
138211
744326
314311
750744
856601
471679
577830
331572
836230
968476
621404
70366
865066
490340
386235
760245
351587
586206
652634
242075
212927
746876
866101
99756
422066
361380
828658
282780
308259
493211
389758
338476
952544
864336
724182
805257
655282
414275
492194
595137
60684
616720
429051
956194
68637
738460
877197
264369
606789
860059
954584
170692
737188
805755
963537
107965
258829
942960
252645
82083
834969
898973
114077
893214
950680
736988
491868
190671
679779
637290
833286
748362
242445
750258
615739
802097
963640
962932
256577
31150
116483
278610
211008
59788
583649
905655
677158
261875
742149
762020
956651
473470
114233
689368
657391
386939
468366
564252
664895
591486
961838
591784
562230
254050
676877
379061
636544
352861
744382
505184
113210
88447
596130
627576
956853
473095
368123
274340
255578
580322
538270
426612
472487
358017
411847
157186
973015
975381
412231
627140
668128
848618
347416
621042
789014
273693
985745
49486
996781
459580
971252
682197
504795
505464
232101
151488
942812
507913
34934
152183
343823
671839
706077
816787
522622
329408
2439
463182
763451
465794
817605
381066
768997
871463
627493
534778
708554
400080
149020
452081
850086
343328
907230
545477
615690
911790
841936
634784
136920
791206
893525
347363
793579
875325
967301
763318
663251
273806
662204
690160
775678
554710
497614
85472
50930
804105
334168
642742
458934
507214
383538
446609
187345
773918
857024
309414
576106
729268
611240
626441
203406
960498
191262
859740
939472
29200
570586
694417
421835
304769
486123
790173
194179
714852
917797
382523
898474
56675
205494
440473
578238
41132
460631
442339
162063
872842
159454
674475
446175
891231
927024
262578
716962
553792
225875
805782
541092
683181
589345
410519
507402
611499
294744
460999
938928
505728
260111
377358
859826
656267
217475
205399
220038
68285
870608
711899
751878
863992
280571
754376
812364
823618
787692
585421
919671
351590
994105
59333
387274
552999
231709
728957
449907
256610
947207
301284
675560
435263
647055
183758
119149
462995
931971
924964
516531
444694
779040
707564
843930
932220
912860
349041
999703
946162
596896
74703
115249
291446
379987
382749
690021
286931
649682
903863
992234
338168
629372
993062
148751
630644
653289
873263
928064
156561
280954
4277
118567
291722
575179
147595
754478
447913
273285
985050
478115
788289
828369
257195
154997
638405
297575
84562
918683
540676
825796
883256
296788
970434
629946
213891
64265
289140
781153
53220
901646
153367
248427
240380
563207
945453
499605
588652
688743
881173
891066
622008
368212
304966
943810
365143
979303
858792
504119
3993
391055
331343
213688
177845
872021
825108
575366
994606
104890
389074
903548
750178
502524
745082
988699
804975
720055
310804
962115
480834
536873
147410
594302
191805
592142
225490
599991
170948
898026
684465
302280
505637
206629
732486
266865
795938
509776
393154
603620
519259
298821
951842
638012
405852
258669
167758
711502
781185
450652
689234
808024
414466
708246
28086
469975
934623
189301
504123
239732
321705
861026
945845
781982
931818
2177
815552
8819
142898
648233
774432
513175
690815
521936
793017
106408
694792
685638
441447
265096
741478
91928
978491
569049
562080
785557
957459
88199
822545
728045
967189
390334
882680
853108
529992
278333
934300
533126
30478
556738
986714
909189
802370
948965
688076
934270
406250
240257
552728
589674
74969
740941
494098
407440
280548
400968
312143
184520
629758
536339
943431
849562
512947
411288
896998
475332
74750
558504
329071
77274
636487
751971
100685
740808
565628
981712
772024
968627
492874
308173
379456
813630
122936
325408
321594
9833
594144
940459
934468
600659
292492
397246
488757
554912
507945
400391
605222
3573
435114
355492
797784
696992
735548
64217
579776
293205
362913
593501
148790
416916
885932
734223
34166
592678
493464
271174
773392
316485
686596
724805
84530
592539
827471
988302
570896
977059
572620
32781
164781
215212
787554
114485
112265
291068
356035
831401
193831
759249
505735
818320
16634
741571
185316
393099
939883
254725
189900
115651
48586
165706
664675
138331
274062
304900
165148
511877
258826
896071
857711
107440
160111
144012
957497
53407
820152
955986
8239
93397
799990
431839
37952
690732
153208
844453
492999
294342
111190
981567
352298
339226
514522
325850
692050
85232
729612
942705
872199
401192
926937
386480
62758
59316
965471
603130
482882
50533
773720
234950
420885
859555
112096
481124
401377
653303
301284
413662
121000
841474
676585
529209
585732
917713
684790
50523
405796
803592
701024
770630
105123
224762
789552
560642
814598
564443
414834
185369
802770
166413
119837
127292
233160
904662
405402
677124
371007
131891
513011
80658
784988
283974
807769
976215
186479
380010
783954
330479
544877
627815
59773
445224
769798
786241
264899
444258
533219
143403
455260
515214
829182
672729
427451
51032
769629
96819
669463
766881
583468
726309
710871
416933
286966
424019
758042
849468
655040
596458
608
453244
179586
604818
27096
421563
465283
4863
943046
595058
977743
472231
976528
429053
996824
617358
916454
336894
868775
606588
990669
731618
687933
797777
821638
610172
716298
901615
209503
343373
139721
621461
647317
677669
669302
58636
544804
78114
248045
383737
95854
173783
894241
593555
140611
439881
277813
830959
954899
2515
761722
746168
801197
796521
221062
606330
676083
914553
558061
767197
245725
465517
3551
848558
976166
634445
286622
910681
808598
399746
115033
578867
594669
889141
761898
769780
887401
679254
125225
116930
788405
378233
4587
271592
710446
320538
555355
263269
350866
944065
417842
632609
665927
144961
1622
638011
548358
456026
53453
464765
25826
26110
725404
876145
886393
329649
641024
367309
38389
476553
381640
882889
308991
914965
10061
118737
431810
791642
55183
364374
276183
609144
653870
658623
957330
946860
549058
773182
161320
50735
145367
13181
753980
792763
37320
612470
991749
685805
733878
382818
994844
160774
214630
759305
768679
105291
952757
216824
193822
898317
789880
307345
465463
863619
462068
88124
445490
37139
501302
938492
911619
73583
671441
358492
947287
506844
503538
308615
947460
342798
367457
869751
484882
754352
402774
339526
852640
874048
51766
735712
697589
542998
519913
453530
281892
323908
581016
968667
299035
400665
123144
895352
168200
237504
342478
640030
649447
928070
247470
648104
368749
928953
852628
104977
970442
471275
164974
906947
795231
663894
63460
377998
74940
29849
691061
843060
941460
920545
835375
231393
130624
760419
537355
843192
779564
608709
678243
108808
812706
402524
896144
978525
357617
620240
667108
655667
135865
721692
405697
152774
920982
474034
20692
653957
40039
743547
218034
205220
585530
101820
331917
697680
419606
331924
329362
413054
289380
791522
37667
756189
926586
570947
681068
364522
47813
515001
31140
637281
970963
757287
954466
528081
548603
593913
541977
168585
780073
773472
243378
685742
991818
971643
944964
991214
14544
631505
246003
780879
189794
711803
573602
792865
93092
893343
326806
261330
626398
715670
872424
969888
419339
372207
221286
972009
934401
806413
27336
375134
719287
323243
234890
385686
502072
44928
36202
57663
653667
185214
854080
995119
732252
126324
272181
465240
878867
280787
272865
838106
795759
931661
118341
662067
752022
826521
329954
856017
127771
286035
587636
824392
603845
385793
91022
806559
875576
453553
398483
746373
787203
356990
972878
391329
939525
312497
655087
401991
940860
863683
68835
209222
326700
887360
344718
740318
342824
243464
216360
755215
735296
417520
475057
945868
165703
654725
937618
434063
522879
639024
950354
359430
32099
495733
550129
286507
495377
549462
664549
585457
520147
448980
135534
60634
84681
185877
784600
173349
234420
680161
204685
468453
662305
858502
920020
357421
368944
897436
547114
228072
665343
142883
719995
99205
92152
750664
148413
113231
868149
616007
342058
951322
905483
211946
150360
537049
49018
526959
824374
343757
655215
319303
483173
832792
861171
38971
828976
543280
686068
466409
998122
924207
325870
334765
867299
352454
532534
623835
554886
964370
344675
759720
428178
645831
895833
913384
445811
975113
354291
249841
663676
194457
294220
268895
90500
754028
795435
872049
143386
707672
793225
141457
310310
568679
147327
205489
355101
167246
117840
321745
419680
544887
814481
584861
985010
362235
421937
514930
385044
60908
808361
459201
11711
791693
461313
901196
867133
678757
721339
836174
124965
415080
73377
822712
934129
832022
238374
130517
298814
337504
651707
713294
599391
17860
947953
829706
325277
334778
879430
156269
816015
702662
465294
763458
12754
530094
587263
348787
819174
635334
972633
399413
981989
471527
276784
489152
666785
810814
781592
698428
677784
680384
765483
668600
333014
257595
575737
775187
931368
379208
653709
628541
953592
393181
158552
145240
208074
368767
609149
670648
963538
232724
95480
815177
29423
108822
603884
909776
423048
869924
570887
477066
176002
666547
561300
553200
835547
480609
43868
863132
393574
721642
676474
758725
922019
287475
605434
607718
145274
160388
630125
11838
167380
810003
150156
580208
33495
729979
559942
718410
14076
423692
376617
877410
319118
432571
498537
390556
207680
381818
737423
11209
527595
226787
304832
126698
208996
672013
406376
691474
573111
978625
529988
884137
370754
478343
52170
911117
24687
219225
421429
175762
584847
561401
272688
471466
322576
760734
938462
925216
17883
517770
481796
170174
740172
447223
748436
340431
649295
796335
164567
479807
316435
120315
784694
669214
868910
313651
407204
883203
164365
616949
317547
942285
288534
906032
307730
375173
236060
88096
415912
739807
527614
227796
792369
963360
475869
686506
237418
578457
516215
481821
16761
343761
638501
7861
851126
628289
396077
474397
672912
587832
726981
424657
210909
342047
488677
153782
40130
568983
282695
286723
732667
690942
909054
900317
936392
248337
461040
203457
738357
239531
495410
190939
768068
724652
897854
831795
662712
487157
916051
921031
396289
886671
488746
307571
42431
702827
230992
265100
933492
348868
912805
505933
647051
176929
138671
613545
261503
597302
545307
77439
509162
277802
348306
291884
954283
205364
659892
60858
108530
756638
83444
158709
261547
184492
911760
878174
324420
318038
726635
565433
714077
616880
666888
367425
352523
331947
334245
284860
336457
732340
176690
149417
71164
677882
392493
750997
442786
37389
4891
175885
852182
13922
895396
483501
180866
864243
603788
910103
832481
288643
105098
784896
588655
400255
720455
222436
232368
379072
833140
645529
38362
977517
219528
74945
700001
229886
769813
700442
477341
505691
937862
402032
487001
952034
661111
186481
810106
773384
24433
567585
294666
535958
211264
105764
679072
210069
721715
114617
207150
295301
812144
560582
321319
51398
242545
649165
104779
731802
433311
688382
424976
167554
929481
501287
547374
357508
31041
555655
427527
758030
179539
679680
114034
374325
155747
148906
160611
464918
762082
1156
907320
537309
837869
919301
800738
941796
182402
949392
240494
171699
889183
549703
188783
92774
9785
46967
823690
856172
376598
992369
400990
248363
914823
415608
670222
509377
425734
484374
937196
983078
803048
548809
53059
791789
802110
289115
797057
637289
993742
978639
988607
755500
370153
246647
2671
814315
58345
987427
566113
652541
745865
56371
469106
539010
99617
102990
105361
210657
134652
15531
471343
925225
39639
188172
561155
73945
107897
9291
64311
777467
642026
577677
62066
881899
51281
977171
957443
378421
614509
462831
122790
939228
137136
272531
545463
989879
638771
381765
721712
942519
28570
403694
281760
256579
818374
840978
342763
465028
207792
244251
847288
905212
697321
288974
621883
577297
697195
187807
679902
556136
982234
460191
688910
914413
446557
120915
853153
438318
727508
468321
281887
71271
984245
464420
13940
274073
524486
840222
828208
198035
556409
378573
336120
506898
107359
972822
20045
779780
998922
305182
906806
154281
175108
819576
719117
338514
86437
919352
713188
564428
967125
369766
84306
612374
812959
891727
178397
71181
441901
6965
797125
349737
751654
273510
384043
621920
120609
989802
221277
632168
309444
51925
695487
553242
737725
947773
418071
797042
343069
405702
48756
984051
756364
143001
712316
537511
72365
215603
560017
584132
647887
919961
321183
880874
155596
643178
491781
338249
970370
70029
867486
591392
905323
768648
496619
762464
989020
13938
730847
986287
503319
179905
477958
778568
412812
71229
722066
121727
86003
956630
131523
59426
265983
440080
528498
799036
253119
965212
284027
726515
159830
101571
988357
514257
326933
418427
896368
219103
592882
721884
607705
156141
40872
329388
769548
621551
282538
885270
102151
301378
167045
883066
219815
749900
498897
747678
480626
153344
392083
740033
572672
307265
508146
932688
485446
206686
728404
630066
187968
653436
485333
146110
735995
673873
669348
881548
821756
571148
448953
33129
828624
104851
853494
759396
790897
770468
758042
314629
387602
700892
810332
735518
461192
374998
183018
798905
33492
785836
626301
907504
612689
148377
96280
660828
448311
581503
520478
54053
487753
877571
397198
379897
2465
675862
445724
968408
791446
829583
638445
807563
967
855924
593262
965812
519431
339032
723217
378369
984165
538398
436005
263547
946582
814811
673104
834619
130497
470362
509292
815867
440551
325497
859516
857802
984301
722352
490058
624729
158024
218482
637470
376691
730372
729004
303772
335434
97649
470186
916795
988396
137962
238937
726942
699605
756611
46567
637200
32541
871310
702086
504225
533522
400906
755088
550743
775520
78890
139717
695507
758125
497405
512623
71746
490306
938174
645158
157244
370339
129210
697008
120188
377599
838682
219136
749180
11650
518924
554719
107757
402120
62866
528552
618832
189741
888295
19821
666548
463168
282249
92344
665740
792022
369128
530924
221548
573114
604777
202953
803488
163330
490775
127950
14761
691901
99559
60600
227925
860424
373798
399785
589306
599488
726401
9188
726671
654609
302193
221045
755430
543853
513153
138669
547850
157209
657405
654347
771505
222945
975737
550903
137374
471852
563707
335655
771542
454378
601030
587620
11132
396777
710019
221479
146635
899399
403278
278173
261296
849218
108187
764874
222658
57259
390916
10762
176223
233466
159728
755122
446052
165882
259489
597268
298184
964709
640409
301793
718806
817098
138410
803625
403269
955050
33113
146239
325237
78115
26030
837944
75912
609028
256283
728530
855131
726143
112006
790256
453344
360956
683061
67075
392153
404234
176021
208261
664947
39408
629991
58591
836093
310434
326728
742059
221379
817935
983131
728787
108171
614743
583573
908248
653547
407002
802148
696175
945477
140268
291197
706118
258401
244964
454849
666596
371237
521172
72523
790574
942387
951955
190616
539973
685663
282613
984404
744589
315276
180188
185341
153225
4002
632744
766454
965026
474990
292810
178794
93511
920725
985142
868827
8621
658230
364982
910790
534876
727260
537141
91250
373660
484560
448609
96695
882961
967559
610561
719155
162866
53012
381299
984516
301965
839768
242758
334841
90082
175446
220258
802556
53855
704545
597077
301644
129715
358902
960954
415586
140496
514598
318088
636597
494658
762284
856820
868249
873703
79453
606596
178179
798794
367293
712946
597735
843744
11437
12153
913730
895838
321922
319358
660724
712629
691506
428830
467525
470060
378856
436432
589704
301784
503799
969783
584668
15097
836522
508935
73487
184564
682746
624081
322014
79849
115609
417900
706776
962480
571563
841538
490656
101557
650324
304756
592913
658605
43884
616363
213756
947444
807695
145148
528140
162757
94802
771639
569611
241173
770256
625741
805181
594956
588898
9755
484330
185569
176748
579671
152570
134608
232660
426006
195384
982523
820686
66551
922233
399771
201235
261680
950614
910625
659697
657267
977876
688301
630651
694012
992293
592298
522848
79098
776008
749700
832345
540375
40971
259399
564540
838118
110896
504597
118446
500584
1902
771651
152949
221307
568462
175122
146284
864096
970486
220677
178383
19879
843523
747555
881462
349369
917263
273867
336607
924354
503058
241839
934820
705593
680740
95727
424587
671181
174176
802386
593788
95533
421669
741603
630157
689140
523254
796646
134842
966640
507201
239798
151280
881166
552061
944572
655816
376163
768812
847886
471953
68569
927424
423777
85382
247988
623322
287596
553439
120512
918253
682780
478531
905945
219713
637421
506714
244822
729428
737708
794113
381459
868123
995078
519895
863962
257126
643723
568820
873326
215137
672197
895290
12595
472310
982895
108803
251133
780880
453012
51193
604723
179643
228614
517829
353952
287847
554359
322016
399190
622540
726007
462021
768767
642471
964746
26759
577729
173730
775077
584766
751117
302545
74053
217373
114501
667032
598316
447775
1159
285035
438266
463840
45723
366830
621156
687304
470901
638843
329747
519138
483495
756417
321307
182347
507366
466057
6678
353925
716406
366996
867229
651051
485429
326817
457698
362367
443202
529675
813101
417119
494472
506574
501745
157143
860650
645546
392522
820111
766477
943264
929110
148773
318780
25561
63149
555350
886012
215078
7486
134997
278317
573218
827399
106686
82778
438260
760752
709412
218845
64689
569349
824646
973682
924190
670991
180257
488918
929171
747214
519775
852379
219962
117396
367533
153611
807991
832256
276906
455543
501602
575766
7675
453723
23983
981688
182075
219823
467567
582979
62992
777996
166319
475081
994841
338617
969598
498470
779139
882962
324877
80129
362235
373076
167343
869729
348541
284935
901183
422185
435019
381704
336480
455922
703354
85362
302623
731779
724327
560873
485366
827375
161222
125571
924394
119564
708250
585554
238035
794379
432385
664914
32060
47353
514471
436396
33824
387409
306523
430949
411157
102651
142014
311590
708421
535205
882903
927464
203734
700733
693700
511548
98923
111752
882124
626036
401348
251234
445583
827185
158785
52498
85918
952650
885828
284361
511527
220374
96371
435192
869769
623575
205725
294987
662470
822531
977652
571333
173014
248816
592312
815353
173016
405147
998901
463714
151332
117844
942435
971360
31163
282314
63787
722255
361056
695151
614409
742406
966464
596295
325388
381929
795532
983763
763
690220
654824
900948
440466
931556
981435
848766
298666
426699
213607
190587
177846
433296
384275
748888
277289
659481
130147
35600
748981
592086
961417
448307
774319
90563
536821
960691
559566
268154
352424
630859
526995
610098
810598
356493
741058
183128
29130
515398
12942
367176
292339
69391
980498
5352
211548
751539
801852
143521
145098
250680
786564
764283
569566
660044
72410
801365
209546
469070
416158
420413
562592
696821
649929
614514
992838
978721
683177
597107
981446
733116
215433
594819
474370
183308
276783
798780
255109
873305
4478
954509
515380
898613
460796
897746
975203
559405
209070
851150
391492
674827
580384
412680
143610
154372
282881
580799
1099
14597
660138
536266
410676
897813
106495
192401
768727
636518
499310
163618
638608
845182
170517
276913
317797
292541
971072
820207
45915
875082
10191
391429
834725
922718
26486
476397
375544
782700
187743
382253
606714
872172
1002
723634
504792
846851
506836
953733
124215
182929
189109
630380
646658
407510
747427
598047
753698
6849
611381
342949
674764
772375
400418
296588
302003
631165
3463
68289
536927
332642
921671
5841
312726
661451
131340
427837
296886
282172
339180
488307
683556
699008
85736
93743
889311
438934
406606
602158
551790
831480
896894
830538
857848
619592
959497
68151
197874
492634
919733
76120
847666
862104
867741
465343
482211
477782
323125
78144
386065
573619
629356
167856
710564
223592
692906
413887
909802
93808
380217
567343
257421
45332
85184
136560
297763
842066
607337
549978
292772
399337
639652
280326
980855
336388
313413
924746
478693
555137
102601
214542
662703
971740
925238
754767
62970
528508
643232
850288
133992
591770
363911
72568
306755
110346
579166
163565
784211
769128
937575
65418
445455
287008
999097
68063
565168
816985
129315
682502
854816
580159
51051
867517
328914
102699
816879
807013
632619
510898
414573
266006
681309
466695
243614
436445
20117
848205
822781
887123
838859
19645
679845
398107
549238
351153
798296
821367
674402
947979
77596
45895
487705
425156
714495
789216
119614
36181
521660
863045
651450
730811
67510
746181
779021
49579
904545
622704
60102
874194
529344
905975
882638
266055
843272
194719
763998
83280
628196
426914
20177
63630
524370
320994
213523
590918
102506
212426
786105
471884
727231
272388
415787
770510
432542
987024
809084
763642
446068
40968
30874
677197
951692
38061
536481
249530
406901
80556
651850
65139
526913
656115
935552
44502
428906
758123
572243
904951
165136
813777
231173
80774
859230
773492
621698
673629
351114
66317
991021
300521
831610
912310
287510
858738
419588
958985
895432
461064
789454
360598
82238
877260
535125
150464
578165
762072
769609
743732
789980
158476
858964
753799
390376
997622
410555
978924
857028
820509
268253
468047
246438
92330
460761
333904
206653
952756
467981
722847
616070
688166
284281
335280
811774
503887
499777
630043
55090
886342
148625
816980
100466
318968
674907
437570
830244
853840
662716
829821
286260
301633
42556
103017
797673
17651
274548
6570
765331
633351
199818
70786
362848
776521
789976
267150
644175
917617
940267
321754
120060
732886
865959
416348
787737
681456
885960
901268
125373
125128
697667
55806
73814
210878
362507
452784
235515
115959
233839
694102
130140
790689
756064
909320
551387
126436
87953
896837
199539
225830
515767
610703
439574
374779
139504
32738
339029
307944
125888
304850
756217
823186
23734
153216
934767
436872
92717
709560
419167
856106
298222
796459
325661
994868
503923
223556
967032
953323
768518
126248
2097
415074
71368
362255
235142
924777
925390
92602
96875
627603
171494
116048
498330
633059
590135
787033
907649
504978
193798
686614
394330
27712
843413
138362
207577
475125
397670
29385
164030
282962
383773
316492
987978
271704
481603
467246
206990
566036
753447
731191
955998
972262
670303
949538
299621
943597
546412
292892
254675
786578
506747
561116
627185
121197
30088
388121
351508
937943
959581
375021
354416
841613
52793
171268
233348
253309
163979
672320
703091
171313
97565
681389
363187
272661
39118
999324
485534
160038
259640
537374
198502
177209
78256
452894
191078
363429
94891
273628
730195
802383
982525
381506
463057
451984
424445
234980
520802
150853
331397
953561
136953
219762
506454
216176
623597
173651
726232
158993
648457
7809
11134
362034
73856
919998
481352
384690
269117
307421
109218
814102
855449
307025
885354
136349
672422
905808
92495
41729
707880
119843
685653
789709
330595
818573
73076
173974
862864
793813
193568
284247
348713
151154
663524
451117
479203
152659
95208
463851
772988
332360
274641
349019
224810
714000
691847
953170
617139
22143
335634
395375
933850
534924
751709
945968
426423
54901
180829
972208
812000
420367
295179
77889
754499
737582
294733
848418
359638
665196
314867
59997
16037
541082
973532
680896
200266
123009
825977
706485
199099
371603
760745
620608
595901
311603
496452
706453
240631
805470
719220
220116
829857
815796
859325
149794
936795
740775
416796
636197
959002
930239
949069
138715
215165
338951
3495
433496
708030
480535
334499
146970
986948
931583
303802
690378
196308
371533
744812
551826
865384
7292
863708
352469
584856
8825
150552
732047
390645
294739
194295
41227
801333
278654
253660
591227
465224
410179
566999
105655
337673
813512
540330
808213
105296
825655
264808
644449
377252
156686
978489
285561
967246
451459
488571
378888
137800
697106
535363
987293
244116
826404
567745
121127
992490
929565
832961
752783
58569
539075
830350
693362
844079
43718
672305
344890
355492
928560
504151
949720
473776
385194
128272
121759
465196
809128
176628
72320
134902
552498
27872
521310
759038
630416
154590
714317
100157
67538
176739
917036
728070
599801
401393
654620
950644
961221
794909
462428
858819
202524
705707
733443
123579
659860
905557
319705
937607
827741
665771
371217
852836
268878
6356
488807
904949
758730
760818
231890
804979
806863
999715
973735
300673
652699
729380
860810
522589
909371
747089
343505
767731
735665
964872
729270
878604
481857
421803
616441
343395
373912
604931
639120
870360
898074
973314
452492
388350
319686
350049
582282
679119
784776
216680
140498
274431
463836
38028
472591
786797
661530
995506
84267
663030
158882
279826
841479
135076
535332
216375
722452
923076
384908
99682
137937
624661
993737
741134
155489
558940
706361
688655
388808
703253
60019
269204
236162
740676
745584
533579
704192
660137
845846
398755
660095
437329
601315
884077
323911
123849
442610
55964
811582
28462
764909
83627
522150
659680
461584
275741
792314
934677
619925
670368
889056
845577
574914
120651
597258
778707
918539
858630
512239
157011
594468
336969
482850
766344
220520
31293
511692
611646
208543
240510
845131
648612
386095
126594
801445
46588
381090
129363
578730
538411
22288
94904
676198
59120
602665
471986
536064
195633
849185
624738
787443
36209
387960
883208
291430
328095
173093
654118
298473
982728
619102
517187
988302
668203
289223
905099
422370
176109
853685
171539
689351
853347
498205
511611
89455
177549
627357
711276
860023
706019
821479
288897
889054
461574
91462
693059
797344
446425
512846
860812
35635
515113
41700
697100
344477
18375
472679
625962
949232
239351
887802
203586
239395
41025
899504
781
897423
261988
176466
665758
63555
554794
902415
108809
682180
869271
924417
615902
179940
384315
823768
403987
791485
168039
369061
749248
847243
43644
109957
661251
700515
949663
441256
871299
987028
425288
496893
19986
146905
428090
249596
473132
515831
900109
574223
376604
885177
397927
432734
409918
722182
192329
584310
987167
483356
916805
77397
629888
339435
630478
224788
685434
951824
18408
173425
166779
563500
558910
930232
286190
886369
509650
568910
288121
771881
802958
662426
796768
18002
943610
361808
564295
296090
821319
782811
896276
787938
147912
428135
105523
940754
100992
245640
409395
290570
388118
747210
104589
554688
170661
51926
141125
505851
751536
909437
690026
945067
427699
694052
175223
562530
875796
786700
519516
635891
12280
362365
697878
604390
666995
104079
245883
504277
515479
17877
365714
922726
219565
128230
758110
463269
727746
117833
370684
337020
404568
316476
729314
719250
300286
420897
638151
338302
894522
437510
765921
330023
581282
236944
164234
164858
217994
701699
8636
394246
609239
342448
290811
503
603506
819323
437522
522285
198808
2119
638389
582264
251599
468289
871429
356914
875507
772934
678323
959417
868655
118386
340348
633544
645063
816838
134290
665074
517009
43381
10459
418170
40132
874123
140114
712785
542696
902970
522316
69229
112173
112451
921941
856770
68248
729662
579641
863327
31128
107589
894686
506856
527927
772675
848206
483052
463724
621716
765011
156834
509965
862169
160891
498437
466657
448156
536571
618505
174931
790106
10288
673400
265603
747377
367616
575982
14839
997927
598879
244781
518191
725652
879598
478174
554326
903342
301886
397413
322196
141359
718642
993247
981440
822821
744193
981883
387699
962710
401243
291826
233656
776845
531747
627556
731295
448389
278555
537809
479345
272561
558494
242992
691069
813862
348358
272751
461841
312486
451885
999240
675973
529290
642193
274237
903665
849931
363985
754288
714686
42541
213460
406497
265946
987464
47497
3524
930629
16180
37256
670334
884233
853712
726935
294396
324486
39663
449097
889008
490027
359648
901570
938537
655745
93145
648277
622798
685729
472255
74254
509175
687174
323861
191435
870377
120765
896382
364869
457643
134969
103344
31149
235913
329859
878775
52657
965605
644878
154403
798621
902452
155112
637328
910878
567900
352653
323600
571811
928808
712022
728823
569372
207078
488143
4098
135140
46302
96485
367204
951995
953007
905406
118447
741292
520903
783523
553308
938702
515646
899672
248695
633189
943120
494797
903657
271080
274613
76909
465315
228061
678303
101011
771109
625889
819920
751772
529192
869508
539477
522199
303470
53776
493154
638425
961252
572522
949067
621422
72816
656338
97885
755370
467165
365125
35607
774365
661217
933890
760520
331620
626439
413865
93702
400412
477949
439806
200456
770930
480380
251789
424033
318422
751055
557032
543642
370638
683779
977548
295082
199911
755242
204962
892500
684486
408075
574497
20253
17308
993001
809744
913385
145528
266606
975593
597873
19062
668405
797401
687779
949973
696625
681125
199639
606054
30524
288166
112233
689441
564288
420597
321719
230610
511484
98465
9464
632240
465972
890269
575287
480910
782904
91511
626028
866219
837966
652995
736309
13412
556286
592470
452342
637129
531131
303086
154570
745676
33705
380143
451556
131669
525327
438792
935367
733875
846747
663284
805726
188462
891916
502749
130808
858232
487680
558043
723300
599682
321050
760857
357733
94378
541007
758872
577043
202193
376206
651021
877070
974155
386698
653734
904031
877488
899301
608491
248876
312463
363450
426431
940184
170050
214983
401989
736565
72221
228021
657887
804135
692096
331910
940881
220118
86924
436314
452
648911
813938
805854
47783
722232
438887
744402
682544
951022
161204
152564
740160
326269
938153
631438
753573
359227
479729
28505
312889
756161
181761
234893
605543
707783
890667
705862
136909
953243
93647
937236
387197
413886
593648
888607
862494
976219
796644
664053
127024
757093
911910
891634
265645
187595
91270
657867
224266
52763
538879
6775
290845
678577
977961
425658
388696
444185
481285
619791
993203
930313
431222
492209
879592
229620
533775
379718
44056
845196
275463
414057
497547
631063
45641
409682
17493
430253
994920
240740
289939
642699
545712
253779
530453
625303
561560
590192
657174
650417
621587
674707
737702
365298
81541
576932
555689
97732
661907
854662
124152
305118
235731
845472
990245
785946
52771
900680
135259
888436
522261
856718
87268
356385
78600
562275
30981
458442
225042
739493
137348
576676
167193
484168
775754
450157
686785
693538
929890
624900
969855
722002
784417
194469
227020
395022
915424
113793
236918
213833
363877
647414
362000
981629
501600
799792
688266
390426
115153
264283
250459
260491
732039
598340
242394
321057
383298
266827
59181
836894
810938
916231
686168
308384
56633
586102
125879
503593
584291
259423
249095
955527
995350
128646
307870
428900
516588
501195
384187
716076
549981
725280
593720
488086
858434
257573
656860
237522
626868
26530
881869
267981
415123
462880
764706
790180
87074
565540
638551
584483
337296
127305
240666
451704
653458
693241
740930
87992
264811
450824
528095
608589
102669
998317
902828
181500
955161
798301
230305
694223
703171
763718
309989
74531
404241
896549
265697
66448
919426
706628
335600
152432
514443
785428
827890
57742
885309
603682
817600
229805
717442
312889
39929
841842
855174
965013
389883
934191
514802
198015
865070
179084
767123
357322
795578
202260
178777
934440
756632
674777
489020
920937
313094
855237
567225
802322
675284
459583
334266
700118
366876
244790
336532
568180
141711
995853
764522
373868
167849
520803
998127
856479
559366
302654
15944
875842
296335
757011
710287
445822
383629
1268
988468
4520
156766
568022
145214
915672
406916
191550
366895
336808
878811
817224
686470
943499
962915
730388
465438
550663
342971
79565
241076
617744
201135
79191
196294
864195
708200
613973
498198
290811
282754
49748
510030
721940
49083
69975
258877
101370
136518
210815
379391
935020
816639
630295
975355
222611
938490
96250
24390
320825
121012
297121
161702
998120
655403
422733
112753
438048
263562
526733
98515
895219
694524
635949
124781
809665
310113
267387
482459
137676
776478
721271
910862
959607
438415
56406
751768
245920
813656
371379
844743
114518
603737
396115
541608
198393
861183
894291
363117
254509
538807
445296
293289
983162
516478
493747
173111
262020
950484
835639
749435
406305
547407
472280
887040
544732
524044
731130
335233
69638
892288
967347
745347
283699
631916
190614
41951
969176
91055
343901
42334
904767
427509
203122
962812
13028
846350
290010
926607
405680
239897
87359
540865
221327
652127
823192
867065
314352
95484
210487
467481
503000
212215
507822
190240
438372
933043
395231
293934
646041
89471
542175
320424
52265
337416
158407
787890
869317
192238
198679
559385
256729
222323
194118
829843
42153
281040
831786
806237
531718
846114
511872
311876
419436
742081
330265
920704
707387
53938
903970
354682
488720
217138
419278
505391
541888
287666
524514
916460
708785
58915
834396
39865
829780
763111
52545
902482
469058
232870
559426
240080
443634
955714
254666
412007
576597
276194
159591
476808
502094
376043
35346
557735
353617
147085
227996
267543
836439
164409
203703
911249
611515
652081
581855
619411
402613
189943
634787
287845
253616
768679
498260
696951
371977
803937
586376
743718
497766
481758
335883
801181
942897
784804
649124
827032
990512
730324
667071
963268
875075
523809
859068
596354
804537
605915
29971
986699
125326
655017
983393
793325
738821
728405
51604
819380
516318
553026
257520
209956
992949
127736
17851
85090
632055
323616
131211
385522
803393
380491
641194
283738
95511
389932
875299
733926
657661
730470
187308
888133
257973
385408
43375
420049
470742
815286
685431
328428
52870
857961
96500
32837
708628
335286
587498
311226
409524
730787
831932
861848
719128
46325
948561
774141
656167
665440
237536
50719
997148
233302
704222
864933
399870
523841
753153
514547
534199
175499
812911
696771
977236
347738
953352
719342
800856
722394
579597
38795
905981
313906
954219
922478
422152
932056
474280
226898
174920
700672
586473
160145
380907
608111
72477
619791
445500
857647
489034
316791
961852
498523
121138
599389
596316
554202
141601
505987
186069
922920
99798
819895
242405
190864
797068
622041
311463
27638
344035
10811
635085
664848
355056
834209
371388
866805
217118
336679
786819
687182
186815
162754
801913
674345
179955
171103
829427
357292
832627
762663
366175
548902
898363
890916
912385
417345
416210
409917
241863
517716
779831
725149
389770
271893
983338
72818
770020
987627
516755
728338
922024
451618
882323
116023
873730
258808
107430
910891
773036
877844
948146
842751
282314
10902
546990
946165
294628
997321
705458
404093
601981
614901
654359
887772
235348
308370
796682
104745
685815
223063
863282
36914
761662
239471
929083
319355
116587
12173
419327
40230
976604
592471
972497
506862
455466
748925
493285
800973
446306
747309
927967
575998
13022
493791
361910
268317
746815
999691
929413
735018
343496
140155
51886
180524
857562
343930
536811
644466
659080
958380
902515
861045
883926
706679
910213
211097
410451
452191
963603
522578
461200
592688
86414
496931
462396
394580
904266
320834
35101
80324
813710
525848
13229
389787
177787
402020
845455
219270
666903
127167
383596
674136
319540
214842
181807
717370
418113
517987
903129
558656
678125
515879
592321
103318
259443
348305
607148
762009
325831
457713
282629
316738
393819
291288
647161
371901
977742
161791
163249
96536
568882
766151
374893
843991
973624
327002
248826
4644
697146
855601
176271
194339
832549
560624
455690
559332
875137
395372
865090
939442
716575
128716
249864
283400
291038
72589
350143
564259
47449
336543
179221
451251
771952
558061
732957
594283
170226
268602
864267
841911
205924
850279
822411
137677
441073
287121
63998
288925
270893
502743
839250
610850
211399
872121
43772
846234
694027
361883
361045
263506
650898
760233
112206
32283
201159
347157
302673
798745
604438
417852
697014
369913
937778
72935
609951
478402
462339
119726
876017
889157
321131
819062
915567
85359
8244
752730
406324
193469
232600
192103
999053
408014
758443
685442
551025
873556
748649
878565
382238
973668
30488
342854
570961
472686
35866
359000
563425
817798
384785
658858
94136
398624
416814
150638
742959
944155
833561
124821
134085
861364
93175
187797
506108
911131
225882
874316
609297
899618
453195
378686
86742
497554
922476
331131
346861
584728
553549
509212
7011
457821
333326
498091
722918
705971
767532
118690
788517
562667
557353
331020
632322
921795
85020
835016
919734
108924
849426
224429
581378
252426
618464
659335
435790
871269
449927
856830
162464
465533
552834
564055
247738
190090
348014
512468
65104
975681
284310
162167
520356
831586
608411
307877
51136
164718
882748
195749
391056
5751
267336
56903
651929
539023
154013
167265
30874
982562
313755
563893
838141
388960
282667
426350
803706
851730
700389
196361
240265
342414
235939
167569
403969
982086
571808
61954
588818
795322
383115
939535
402395
895950
450030
390400
590249
153270
142454
851763
391374
182157
27870
252290
59033
783621
695292
188293
304695
997433
218280
178222
42789
524511
355205
329875
591633
446361
201069
470857
860877
871338
623613
270571
528174
168902
585914
328314
694471
387650
374622
199646
945725
44074
577539
445643
820807
771761
656939
192191
806981
207555
262762
530151
691705
320503
431216
509666
588838
306016
965431
601949
919939
509762
331717
139293
579036
941154
359454
13595
556998
397111
398346
219145
164861
937532
359870
412851
553820
191847
849386
246593
911351
577843
680862
221657
214168
410330
220826
50273
868501
422943
560816
774242
857675
997255
519576
480264
805625
871911
723088
180421
498043
273113
698734
74838
350816
86856
148228
705694
994539
519659
882222
255982
262627
296143
959482
302822
426455
137676
748021
411252
142066
510873
570382
654331
24886
669948
742057
505616
420184
1818
610435
757150
114744
420652
293949
89705
985852
639186
338759
183151
898888
240386
808554
875051
270620
15193
806001
264371
195785
80658
667701
843649
963921
987540
859844
611854
448090
17061
949294
253722
694159
29821
77931
582473
204052
209013
462508
627175
449315
703838
90044
198860
339336
184622
524371
543835
827061
181590
381048
94436
848707
21871
853903
816169
123526
734802
802246
76286
733451
782854
355416
62601
471728
195092
355069
140137
899296
376439
951471
45940
33387
785008
875672
530008
360254
733621
767581
161890
211267
742601
88769
577629
213144
288551
601463
646675
756388
123032
721161
153263
134492
194276
516254
331266
161233
629733
970219
890532
827698
28663
218041
149235
555494
767883
929934
149239
315134
988443
549755
594278
410011
776440
888450
774467
872412
492095
503073
655648
210049
394410
581567
791301
787041
88834
455922
722153
109828
349234
137899
718941
736286
685687
831935
870408
106089
847156
459282
221645
529373
939170
540386
751177
240591
500389
261741
644984
118308
572281
456128
655799
308784
957643
931870
175332
558895
848036
387913
102433
586846
615616
188912
464312
236855
758909
198580
740376
942152
361775
943128
781246
997743
467216
432901
630127
339060
235093
668536
467169
534403
306267
926729
996346
242500
943488
675353
121584
354137
165647
550486
540879
535923
971027
490861
368473
182865
11084
992142
591367
581463
670208
69589
377838
120007
831336
263194
833789
435294
197643
593046
464994
827469
605929
761712
878029
272594
606285
961955
313741
261107
7046
603854
363734
484887
709423
215321
867491
387393
126505
589246
689720
428137
513706
309627
239809
405817
117551
324371
50326
525921
767181
176635
420576
707351
796325
774184
190101
290927
182518
491251
409631
155026
83277
690725
462362
740766
436951
562661
205372
587482
551447
467259
588624
246100
191154
60736
890971
603289
74664
354148
591071
268689
95645
440860
855677
629428
68053
328038
683445
515885
366463
903034
636362
13449
869032
574991
947329
160796
103120
513414
808135
396721
190106
217719
246386
483947
934492
43479
414176
927676
397335
416579
759996
372801
223744
966443
582879
520121
590589
859485
698386
41569
406379
95469
125170
751789
266140
345663
799532
306660
637022
422833
578344
307992
658230
622439
930051
578561
513964
751220
587188
164662
943808
507361
927632
177991
927610
776926
629864
848633
185055
168643
130512
687583
785087
663553
734715
288017
712876
748009
155202
142028
21637
76569
950019
684454
6704
599487
613478
593772
11238
989195
181691
422810
466599
918901
338687
131445
685135
776360
311358
263497
174337
811658
16594
22075
939327
716072
261257
62026
906076
596291
686053
564262
973192
334833
798588
964205
453771
440754
284672
288702
920461
113936
36441
629820
114321
361649
107758
133345
856642
64637
510659
411836
308966
779238
293116
234440
145263
263832
973760
882283
616240
330047
129657
577544
640365
426991
692983
722369
103563
821301
492852
586572
286374
427448
457074
325104
28225
616266
112257
616733
854424
166609
174237
585062
870354
595852
273011
730332
926419
117188
150340
194440
533677
135634
365923
202052
228662
998151
904664
12278
222324
100283
321127
375082
235765
624565
390059
647115
807996
752756
811803
45054
755541
458968
48622
736604
817098
901552
262299
125386
693166
773089
841530
62774
658582
629551
643782
24559
873576
871595
791491
949601
337419
393657
919036
289004
127742
878717
210726
584289
876037
167842
161057
242137
772669
445510
434140
104049
141329
356357
345879
215973
708421
295073
667588
286152
722159
237835
386695
132253
791750
916049
552989
706390
188371
938467
107864
857062
482884
628035
448968
904389
841823
705673
449014
9024
553748
942736
926218
556154
333547
59969
280524
643011
964764
764537
457095
30610
831549
620890
632009
491746
131862
759595
229640
780775
657296
327021
447711
532908
