8747
624910
229483
645157
495119
316752
147918
783783
607403
208560
559924
878454
209878
764176
384223
81139
233142
453722
21327
285408
94035
519034
686869
153129
762300
382646
172709
40781
682695
633418
321898
451245
775765
231332
150227
516463
632531
511609
186827
64207
373885
179682
550598
540067
46365
418550
767480
772426
722033
499717
758048
257456
598795
114511
517473
131296
101521
480959
173297
257447
835973
779271
899690
814944
836607
601465
619453
603010
42774
68863
482119
843746
464191
335063
321372
275910
613004
438479
620992
861768
839317
516089
32501
767075
431091
897003
453806
614717
396073
55221
317025
343728
617182
194464
755419
888118
816709
594304
187150
860017
254462
572981
99558
218709
633365
43268
70137
592595
506119
443821
572988
22818
895941
627113
775026
277708
121234
81761
425439
554162
648742
861934
686875
828157
542389
168808
846531
274147
438538
823533
436937
544721
797516
252849
878027
500539
44707
648060
712449
168925
113268
243365
501328
177613
680583
273769
826267
508960
16490
116199
434618
564341
845806
810139
845475
467906
672015
153333
859908
724793
147633
829813
468082
265974
777446
282150
134459
770600
564813
215668
273848
325337
123988
174091
415039
607036
500158
154829
392373
182930
182623
620592
872321
188921
886308
847890
736571
810834
57455
277561
140515
454893
479616
815116
542990
535411
772304
303079
479322
28944
766327
301247
707011
55835
598701
255507
367407
599843
196206
244298
109539
708440
282678
702895
572409
344914
108203
751398
531305
576482
167706
452778
257092
882868
877754
573380
686015
502269
28749
378730
490156
697127
61989
58130
751653
751670
888515
188305
509730
160054
93434
832692
372298
588995
542130
825978
287173
439189
885897
182604
110160
765126
470516
204986
895786
869697
328067
848628
264107
453288
113506
666913
528373
776642
13691
566271
872098
105759
511289
346072
92989
5737
195208
293726
773037
848522
138456
83555
615435
433524
268033
831191
420532
151185
840704
808318
656250
851015
228639
423981
765942
498151
662034
342785
779512
761395
891070
836189
621247
774250
647796
429566
293827
609809
892955
772956
721615
80831
695308
710303
557709
198149
274103
575963
368090
206584
392194
382730
657432
98492
745650
54501
101250
821903
870018
857375
789594
209584
868624
766685
380319
369770
859543
432278
421146
177505
520631
658435
657975
369687
753937
151618
634608
193691
747662
514317
438469
806575
604512
124850
716904
274324
116192
330927
125685
802772
261941
93965
455743
133132
225206
361717
359590
858996
341159
483027
814308
287884
408640
165766
363078
761541
478156
749312
17848
278090
299180
76481
848985
216457
436507
468522
517870
335137
623341
736288
807890
366153
535184
278624
880203
279227
312853
731865
458552
379323
316456
550794
189254
886472
482810
841657
60962
896286
371136
372493
777321
260166
441972
527977
381627
428059
485497
214982
235245
408889
752605
335307
87518
351171
735927
823180
211330
282257
746223
391420
87066
357973
65277
826576
639748
723688
395529
34705
439246
521494
11282
162493
386054
107075
466826
451195
147949
724280
221054
223546
602251
788462
384148
222085
406268
151766
355853
569508
807
773250
130569
205490
60399
115604
792138
251127
241250
15489
767345
111713
291566
582913
114405
757572
277716
600309
575122
869899
731477
129877
142189
339225
197706
500150
286518
233281
731760
64693
678902
517214
311359
92419
453704
347184
708091
74252
47668
534196
573443
827781
729910
646910
676583
680210
198621
331670
443767
714769
250640
867308
682135
523014
43787
231801
377614
386948
476967
370515
256318
115829
883415
819917
24334
775558
154862
692233
822114
298834
355359
658011
861740
703178
561148
187515
586332
66269
475552
494694
685043
575306
493640
565362
820885
549407
91963
735340
458269
199436
732331
673808
1162
475145
474196
315876
883319
529089
841217
654514
186153
861210
856526
766592
506625
378818
370823
792205
596561
746328
411536
841450
733804
89171
604318
395666
143573
328051
374082
370247
145529
870658
488518
698571
564697
66343
508336
290745
35744
493415
128451
491710
893235
134040
397061
892150
79142
791811
382108
713223
224523
118773
866097
796692
164805
623235
815958
866207
506043
830615
306755
47519
566567
631291
33948
498361
643502
134337
330831
643838
710507
778572
263578
21057
377188
494623
314153
67315
740702
381408
676125
567741
254285
534025
13000
239641
462371
704267
461108
336110
439273
134174
285795
402694
576715
55978
295377
311181
111886
419979
869366
537480
844541
206437
339113
752400
185281
823940
413854
90794
225263
76909
899791
352868
67611
609543
393272
140973
54474
498592
83676
151570
843909
694781
179686
864849
605257
802786
317674
747772
859675
312762
193609
95147
745402
823332
689491
616862
479149
581082
215911
595214
515003
713119
273110
782607
360601
699396
332582
533989
773885
343
255122
860895
169522
98152
610287
773524
478213
851129
34089
154520
719387
292514
846251
888347
68197
753791
109662
296479
293260
740182
358633
652053
629319
449768
72342
721298
865900
167124
572342
592595
86338
662594
67386
350474
469492
596595
364482
243267
92642
596322
499667
558232
388114
583671
773153
586764
495844
490120
692397
245672
56258
437324
250887
678737
270838
754974
132756
300642
342422
64106
99754
396299
460219
820759
429913
765510
826160
239409
758468
710705
869829
795442
395021
487405
802306
329356
776174
44306
600953
725013
255075
501101
702548
129008
551430
815543
786638
337940
758066
571571
172542
813115
242537
218371
170573
878985
261649
744
82409
654935
649337
16660
327282
318875
813369
309965
592817
130870
463223
486785
345641
434425
863174
16065
881349
775061
513609
22907
53777
847582
616758
154168
808549
777243
244341
517358
260988
217740
501607
872163
129059
778904
199300
630527
427724
718578
667004
560076
192834
105096
506527
348077
757303
338088
65241
730456
635866
155119
806453
146641
461796
771344
212386
269605
110225
152253
204851
519072
892619
766292
532639
713419
749634
683497
687209
813477
716089
554860
775131
850589
40538
574615
96235
709801
766217
561239
673632
552678
750997
71188
50189
405453
186827
681694
524411
426734
417221
846198
669766
850988
330976
580022
874718
118645
233515
583518
807309
744060
482555
203388
56664
292820
703835
410327
785887
7723
731681
388440
787550
140640
785628
134710
280982
677187
513609
450109
755718
335976
308773
296921
230738
434408
503485
549925
887654
608084
166593
879754
46100
291414
428055
606262
69817
700070
281579
770299
718750
419653
346340
653217
414681
562010
204274
743498
709972
376551
447236
776031
732421
326919
267414
742236
113565
129030
731303
447764
147101
740125
690312
644866
31969
656552
525008
719662
274880
163878
26861
43961
458604
693036
465526
119781
516884
771783
33564
137507
13417
396972
674686
366970
630494
80637
397307
831761
539848
635291
628129
588953
146341
233571
336325
97402
446585
193958
164172
187321
74611
632264
799622
492514
121518
466613
111002
633272
570835
850875
377820
580950
584444
894888
697852
846145
18196
429249
242808
138604
811514
347227
424209
847431
818531
465242
813179
849157
88927
799364
127533
479753
179700
146241
19321
109165
95719
366354
601622
380334
670970
394730
761368
125143
30351
652621
250945
884232
127210
204772
100017
663650
85140
417818
410169
620978
670268
712407
503214
9848
704856
879734
400152
606484
286441
439940
501642
26508
891388
513720
692972
732667
263725
799434
766419
510265
517063
236529
105747
738531
688646
655228
892075
539687
467261
503788
653214
732175
819250
105133
278786
65127
502023
752944
373457
146860
57461
286438
727965
261972
549617
837115
791105
719156
838544
794060
693906
898801
608199
831846
442996
181638
165034
808157
53801
844495
437846
739237
482212
879792
775979
137937
708572
159078
644785
718982
601948
35623
871259
272602
411447
859480
181289
317679
309848
413675
519367
56070
70840
317075
367635
656449
431753
557670
363548
756090
881967
30125
56390
227097
714319
9483
411306
793238
719679
721128
219993
887883
22428
516121
871041
185045
701531
850925
577705
718151
355031
867830
545590
572939
366153
893874
656688
885910
587478
207862
694271
683783
794914
79382
598063
253756
250498
307
804498
824112
82543
759073
248196
564725
357462
217460
765994
394282
848589
164807
754900
329721
495680
861256
786210
201296
132937
405283
813026
388281
58206
260201
178871
386584
321317
27549
672469
190689
394338
5148
791625
314260
484337
18534
267606
227830
414062
813773
650106
748109
139697
756569
2415
803831
735096
244021
361677
610664
344701
518490
655020
806654
520263
586549
135143
516098
102076
542136
272477
421150
839763
741562
578098
29973
441511
653803
426994
742020
433896
625657
353301
846835
647372
284216
714813
883735
750659
514833
695164
268103
441672
92746
469715
431321
669363
472846
295605
445913
370411
806232
572939
215493
116633
316385
235184
369448
19095
850660
420540
601553
440616
836427
332126
444079
12961
138328
494947
437355
880677
458641
442611
194882
301934
726472
742586
407134
41383
109638
603844
584752
292247
223412
357602
286284
221591
335366
593385
767616
121829
78820
164313
475410
685873
315958
338043
14966
112180
302892
821732
557193
65505
385447
868534
80396
226388
396104
687270
275744
504615
893810
610328
891451
55875
442590
648742
124741
72211
866684
588960
498322
855571
525280
14701
696731
843400
693936
676207
613403
20714
701353
593445
628835
537596
528521
694954
51770
444765
826621
682490
473173
754646
417927
611381
404655
520019
755371
544860
896837
764623
834774
419897
433905
717159
544716
844827
821888
736369
375277
445630
714994
111014
675363
731753
299214
612986
194762
870929
315167
204653
233692
661787
629551
829785
419832
156799
823391
358347
113358
130280
273568
721743
202634
107863
467537
548869
156187
879272
568309
127280
354015
464172
699984
285644
616045
128565
213470
197119
890814
742256
403728
714280
383032
192205
869476
425332
670809
331450
636959
33456
785244
243757
271818
741209
886315
102304
843911
555919
273250
821367
38286
793960
749244
160445
869000
238049
807836
622796
116967
63182
134041
478252
482752
217363
403143
387538
336550
132171
507646
474698
505700
232709
215625
47920
227511
837679
856014
890519
618086
874123
229429
87852
819647
447966
661526
887029
735311
2695
561315
683475
246045
575597
457487
215047
692323
623601
749850
497969
665706
157858
117723
55571
405537
331663
74537
728788
79355
517559
720293
149888
671746
747740
338983
519757
490651
408278
116771
229528
766232
565348
42264
424654
796499
151422
79573
119495
747182
285702
558824
563180
379716
68252
655429
218457
676235
821232
557775
528830
401225
246195
796902
438783
612336
524774
53037
866043
769048
868340
643158
522474
713623
660828
569581
643008
33631
219750
22494
642542
775924
299350
462467
60103
784424
448126
491470
353728
798837
195150
30767
389969
647031
716679
432131
280568
691235
315310
398170
479965
463464
480028
273891
10127
664609
432785
429558
419949
296371
500776
75229
303906
115561
318886
531264
583335
171818
182316
109868
869708
25876
133869
686751
217554
527863
276537
657714
286287
723056
714455
146851
151700
770848
503921
348414
97771
732329
548265
859016
613722
22853
364618
656200
468101
212706
759449
163155
48
736286
386666
207026
89569
93595
334287
648497
585092
230559
621419
430854
435848
758570
502789
686684
620999
525301
656376
586620
898851
161252
639687
241015
432363
826663
680878
238770
53661
498355
814835
862767
621221
867895
295996
3892
802404
766814
234042
120826
229132
439617
264930
42611
132487
873222
868029
352313
360696
842009
255605
581648
188953
576293
67024
373207
880291
888878
844185
372624
331820
149166
747353
85033
516555
75211
116325
794790
286391
500402
763377
350189
199373
133234
126402
411310
299376
762103
765825
8973
689291
298113
650092
763789
770098
148384
392934
781467
469415
51727
874127
155412
391096
858826
726094
485012
311109
148653
585066
605564
220735
669866
579000
685983
513388
713510
809263
293353
463975
397681
350839
296813
421701
890433
95072
50281
227410
800074
361743
187928
818330
164508
9395
331092
576868
677656
2614
352229
807384
408112
495471
492171
802400
645594
572692
483524
723181
814545
464652
95418
353713
12233
401667
477804
214473
197421
544054
584439
230686
278518
440430
675233
852513
827370
125387
856770
762259
896910
651381
163792
140071
389225
661751
64933
184319
558231
496488
239567
731635
124583
147518
756884
644816
159378
314151
727071
300124
450680
755698
705964
8216
386745
10632
439787
641663
56524
496953
478004
859435
66720
867760
389320
258135
277420
532104
551360
554878
56757
660728
305973
37154
436988
821481
778923
373417
283969
168425
543162
150530
210712
833976
681658
700101
313126
144672
355690
201561
561784
315426
823549
515023
891424
826986
783843
4971
218990
342404
202863
702403
153927
750568
699434
262783
184452
90769
776659
114272
803785
568108
17200
592958
670464
745324
267318
769354
571953
79770
194962
438738
14721
670921
808562
627715
511397
235272
163314
373064
310753
836048
589094
453616
770081
199005
540289
64462
581906
66458
379872
690938
664990
504181
108407
173397
444867
325681
93557
806953
58575
658042
725750
755887
10906
203380
873605
282698
25760
592844
702700
311441
199450
487984
652538
617226
527831
492826
323887
356466
187260
706951
585703
202617
564117
3590
692960
41706
320886
193452
51978
43752
828212
19397
134123
181843
739129
35237
315756
8266
770791
447228
849379
522091
594316
529479
519901
883254
659582
704259
766312
430447
254484
776413
845434
731522
389089
655365
717346
196641
762734
636001
354345
392809
860402
70910
321956
100675
530224
258369
771865
218438
437326
276699
210060
341881
873037
46267
337285
741942
155242
586365
400895
728139
471824
79328
221519
368794
359479
770518
163407
170944
608413
354900
743046
629394
763487
80169
579350
668867
892757
449836
10274
75874
243847
447630
567482
813440
66288
740942
113092
11248
800750
346955
150985
756711
657762
543828
542201
802691
675114
454043
812219
243592
639672
280937
156310
68709
746479
145099
316789
464310
813850
343785
392922
855266
185065
283767
807106
527076
152008
868741
653904
583911
358686
33425
186201
539562
42111
166684
711916
476291
658254
76122
739804
792127
75987
884355
844715
732232
480021
433030
55476
57984
648756
283102
27669
98090
565093
109404
888056
666120
713803
406755
569724
897566
474286
430707
51173
578933
139451
39774
135644
105564
255064
304470
128004
288489
641954
369319
362587
593534
44869
352865
175528
801094
237207
823437
307367
398654
291665
573664
624047
39664
74475
210990
210557
875387
170707
472022
599774
268431
456746
869020
164446
254388
799835
788724
556264
16682
775065
114553
506904
780010
232980
592701
140581
418540
412279
504411
241029
65154
554945
512200
726812
238849
875453
57800
835877
8000
489825
558973
599963
384665
242368
580474
840484
198861
352972
636790
475867
254084
274188
281852
280152
505042
670709
5024
314846
81365
536040
287659
286210
44730
118312
524599
857619
258527
384182
573174
333673
4051
102155
363628
607630
679738
38481
529566
477700
66797
1726
577826
197778
287166
823022
870774
839055
305113
245564
630316
636457
456613
809469
845699
842673
174474
724570
274737
359527
529901
212808
28156
205086
749335
847845
656296
316716
652852
23888
866666
609265
184758
652934
366236
530241
627322
566837
706601
747119
40066
651294
578920
752439
383330
776460
301285
410792
247382
848716
252122
246797
102192
346600
525886
831319
18224
646787
431636
207273
320875
107411
591364
605279
331086
637558
174182
213627
144764
51603
325434
94829
132915
493135
555093
693631
642317
467496
850294
47706
618722
884369
59959
675033
347851
3786
683711
324392
810017
254267
760468
688024
735332
515501
808333
22658
382008
572645
323238
86805
615113
898174
259853
678366
440079
654785
604729
542035
555820
541188
304282
602684
594643
340285
264203
735774
769635
868641
259748
225573
335696
189502
256268
53230
751171
530385
259340
525262
361847
704260
337247
85346
155109
538856
270757
625845
791994
894731
836087
407303
875299
378069
178197
201184
379435
839717
832858
848177
200411
557891
839921
387650
567968
689602
218305
817694
554539
318676
671300
403512
169969
338665
854453
689496
685491
472678
279784
298437
315096
189822
253491
212017
753845
90480
852490
875420
303151
313500
456393
24197
299160
474819
553098
139476
170645
354650
322166
633373
395168
846986
47768
196946
364649
407304
89773
532905
33943
348460
447896
608196
642413
804432
591090
184195
421159
735655
262142
290786
7875
259511
872859
83696
708893
233172
564946
816110
540371
434555
219631
165887
259527
588008
527437
99922
636259
167188
460106
448553
597910
19406
589146
492518
621885
659701
346999
676849
643165
659375
25493
89864
816236
281385
541428
55620
214543
650540
12462
422179
216990
523384
204177
219927
232228
528064
816871
453899
571971
69697
425200
557197
680180
5376
112369
388957
544107
793759
682918
162064
118777
444700
720115
44865
523980
711847
38872
165589
406161
93277
288291
460841
16954
146405
167583
608219
332794
501607
259433
155569
662604
732068
238724
276649
102580
528566
730755
848447
169693
54756
122243
317524
775778
307618
392827
580481
374792
678819
467980
425912
145864
60092
131122
61363
637259
503671
740413
136668
538798
374352
78457
286168
662628
626352
385960
855345
276091
191459
803122
136286
310646
886744
401075
36625
223962
446837
738771
419645
608229
90740
841747
42817
640088
182590
464002
241494
517013
824546
421711
782129
702595
820657
120121
236501
514318
671066
97122
779576
779884
408061
188355
116816
325819
46478
281241
883866
103621
475080
880029
485223
508133
99244
577617
446244
331940
99061
289653
31972
234940
258648
710810
135404
570782
535069
241646
558810
153998
340308
561750
570419
464076
246583
100730
95048
886734
814970
599865
155588
376840
737233
676830
790037
607822
679167
234794
451316
315216
708758
302897
55955
48164
614223
593761
238754
828066
301639
779068
575997
667976
277461
704262
852438
314238
60004
312986
176570
710324
721713
148248
451395
346823
742691
93017
548218
144802
202273
579843
693318
866625
703188
72663
817749
534225
483867
266472
104998
831284
232005
627622
352273
897856
89871
109656
832212
354087
657017
5577
246042
592849
596359
254585
236458
20037
468209
539380
211370
670375
81127
126175
843405
587099
159653
177582
346464
372487
746607
679763
863821
716887
512169
554546
141290
42714
199062
77648
828514
591690
564619
336617
404221
594377
769550
761408
663566
430983
260496
9617
573241
512543
272101
85474
865119
643073
877212
109273
885447
263371
577471
600999
806027
11152
634409
504354
722748
230778
608414
43312
565139
523980
363788
319647
101557
526336
581084
374161
669698
773296
72821
806741
784731
375568
812045
194897
451629
713080
776780
563803
432862
72511
333408
150471
271347
319522
735991
671131
22140
835141
587996
309822
615388
382896
114929
156686
48568
36795
106405
20849
881404
813604
1362
262116
868228
190941
701525
156207
54734
807267
92715
433561
129946
41672
493861
221655
137978
898546
375848
812352
666140
628157
780644
629437
238129
605243
109230
515580
373721
700700
104891
682819
294701
760776
259356
699649
44169
825129
38065
595968
409044
821158
330411
719991
518637
226474
465123
674332
466356
190596
548880
566199
572082
743399
490600
198481
771173
280657
340599
807915
323500
424200
104725
322155
800268
265088
463559
886961
624221
785914
543124
761577
215220
729639
427970
48633
608525
170058
619212
795225
132084
643067
689155
606626
438481
112775
575167
867871
247054
521397
854463
213120
111877
486628
276836
141838
444779
543855
744039
368185
831156
736435
840978
783628
271233
168007
753058
203138
818829
216138
114775
498802
129455
88475
312629
803814
171532
460257
889978
863850
515165
426603
335388
821375
691833
647506
776254
229935
41311
467802
198991
249146
385346
391479
282272
423183
91600
98541
389376
812535
776865
43535
652502
28300
894937
725385
44985
289671
178074
317946
764335
95350
771849
584728
867777
504460
212762
758519
874423
371154
714011
273893
521941
831483
521723
437836
533937
207382
94773
367899
438192
290172
740605
74686
361629
731497
705029
829417
276421
75880
510860
104404
203121
786023
227652
739616
322817
505418
16286
236728
226210
436763
810068
306194
275852
366431
302291
687829
748378
327939
276612
82741
609478
827797
514197
1849
339200
569423
590312
779550
814123
397135
65847
286964
331349
709250
535363
641926
232977
705214
516056
546519
891411
163887
595006
99560
388679
222953
293695
787734
649966
546236
852016
825248
864598
553894
251101
856486
818516
97922
443990
479917
798177
272318
78960
140895
316239
82410
653337
66095
225446
711980
817852
393754
794719
460337
329741
758633
379483
459198
425873
695859
697025
163172
51821
568607
12116
1874
68426
114567
675885
84036
893794
818905
180569
205338
558506
894423
166513
645891
302299
45342
512306
139832
489086
606627
38297
833413
269332
61433
887741
824642
695647
346320
866792
461024
84081
770775
506099
473342
899823
141282
381022
29851
52033
418086
651273
824038
53561
785089
240049
3250
859325
803032
337770
293925
819539
618040
201877
144239
490664
527453
218751
683800
404220
317073
744790
240882
36142
297132
715785
511214
706752
440857
520347
512906
298182
353050
111075
724168
288817
487490
348867
311514
445298
691392
714850
648857
47853
763611
399240
351476
88988
457497
541302
352389
805020
134586
120832
486816
373816
554113
744904
718854
613841
462130
247576
364886
354087
500534
322300
549538
866214
432220
52345
532639
180367
304571
20974
62230
595618
450386
765606
331511
325413
239920
817782
455054
718164
346287
742265
389134
199589
673754
75206
54473
18966
274640
538026
805249
342646
320993
361000
730073
589644
416341
33322
586053
802056
566348
266690
818048
367204
173888
208961
871677
90423
712262
537491
581077
306198
282484
55606
778014
206023
770844
74101
722492
476483
518710
524933
143953
553575
183805
443259
537809
683480
670447
78759
260465
551376
612312
552242
285149
557193
54920
253935
639944
551045
3744
480513
190590
34712
402413
819881
150838
104563
650987
293802
207459
208013
226058
335708
337226
361839
680750
552968
868077
337949
549968
592358
795942
668764
342914
253841
892879
641796
26608
700548
858462
166884
35042
470324
73487
406797
895166
44841
475289
367772
478698
52825
403042
464359
779791
191971
867150
104098
347545
212901
804051
846446
817659
795387
890664
394496
489231
659445
103580
375978
371995
161043
491938
335080
698927
456959
156938
335208
699339
17223
186155
79671
643582
256150
618173
336996
461289
649775
268643
471348
604449
822661
208357
269697
181139
626745
443356
478927
400546
468816
649478
339981
164717
824176
768793
126148
747244
452440
796436
139328
626616
766361
808849
732215
635594
366933
561911
51514
138363
779699
718604
526872
292363
705339
514408
61034
276350
398548
122276
677086
691808
144983
304753
678979
874697
452304
384454
895917
758748
300529
204753
877926
604073
70675
860270
331762
236627
598634
203573
77917
523947
856323
619630
125923
191515
339293
808320
398395
867679
781761
653542
456865
682093
277151
750947
255646
27861
285798
706605
470103
631524
413216
807812
688495
455011
899720
7206
149786
55772
242345
715355
288287
655932
307700
229547
542472
421172
382269
732560
695689
395897
316531
866822
473323
776588
464186
414014
546804
663572
514855
826098
259701
287079
792471
142259
166160
763912
735500
254910
632643
844426
732773
219149
665909
316722
217593
120105
330396
371002
211472
376413
771817
828306
34334
462246
872945
854049
456733
409191
869336
464330
691334
746298
694300
800906
118731
747232
249147
79933
658260
858617
75715
689664
663892
117742
596340
575825
626087
312299
609971
11570
892458
604523
480814
736557
539415
801996
364007
248722
40028
108450
233823
764955
809879
614311
104448
895664
806416
894064
438182
471814
497075
248891
603755
740291
43240
348452
673455
466493
332017
277334
21505
407552
480319
308734
816012
127630
551089
104860
718784
205024
422507
666707
427451
550379
610831
94432
674772
57054
562650
164903
195396
755912
161277
345320
317522
189142
681431
784657
156634
574714
75531
179629
736985
22663
594979
545178
795447
304377
254401
332760
656337
810353
848766
368733
340993
851166
766881
565222
307789
465143
609245
81832
91626
588229
369383
553221
177418
142782
18419
412601
773737
460364
457066
683572
538863
545548
785386
529250
866563
744626
731770
45670
473485
798761
422088
718470
859654
176696
113538
573279
494943
666624
344365
621400
398634
433347
726149
763157
338952
494623
68625
688802
62640
270583
452802
255151
875097
574674
631336
181243
61348
575260
82865
852265
241897
183691
594719
99984
77853
346077
59557
765358
98333
307805
232862
110460
831609
613700
629833
417116
425216
620028
321061
603534
122083
872735
650181
676387
814025
289598
15953
766345
654415
183101
443705
541541
402425
779836
538773
399071
499898
7665
624830
6103
472380
228657
868995
174709
101996
882925
896777
779390
449285
525785
421827
277763
82839
163240
863561
552755
822676
532179
123224
281520
836919
388056
559398
228415
341905
868511
635840
25433
893521
670776
141890
10623
12527
201248
367826
505034
555190
83331
494169
804928
775532
317787
80799
33443
93855
308566
168034
569891
899629
106870
451475
520404
795312
267537
657997
796634
832612
435801
710738
564672
296598
278838
168516
326185
43884
276399
214525
854525
333035
409192
812140
63333
847208
394150
660685
777138
123055
633165
564323
8696
578473
258250
172020
72504
385806
894093
727041
190266
790663
888813
251264
165465
196862
341904
165849
48889
471492
443906
275065
889780
206719
201346
858518
743985
218350
271005
788384
609846
309595
37682
231040
7828
234876
340
3760
696641
417445
858894
40279
451556
576941
693760
173983
221960
175483
379784
549236
187571
868654
300988
26459
323825
718118
869620
809260
600457
402898
184676
617902
766481
296183
511271
287886
721085
768025
339511
480123
445043
679945
890201
488961
705466
620748
59446
108705
256753
596611
273603
192009
644444
745116
865122
772277
650488
471413
359137
332481
192400
446376
824641
262729
812392
280151
247153
497152
869335
798261
751064
333834
830866
660015
675922
112374
78018
182197
307986
159835
217335
289705
226085
752941
814039
753315
680631
892188
462287
53278
179055
433578
648490
494659
861109
348967
740607
60944
348500
794411
40164
24612
531163
524975
328129
391753
344669
898344
124832
39231
841880
822880
789472
796065
884979
434611
95112
605302
453312
805700
553400
70647
126113
241242
196028
319896
787046
86970
489626
622708
384725
821026
180202
14873
167843
35934
366021
208109
387390
252171
428054
164316
865613
826886
574990
375455
302255
487472
220852
731499
827872
759233
136984
778675
836026
516453
760648
463642
871160
812791
794652
615193
294710
805977
333260
271945
323860
156813
670082
208174
104793
733651
652554
489281
85365
332032
684614
291384
494814
726583
71229
64595
426108
374567
167699
31942
329696
198592
398100
682430
674383
350034
412202
582322
685724
282213
176815
250952
420371
410671
817884
298496
691571
29813
270495
279969
730547
651265
627915
60254
773669
92156
320009
747045
527895
20617
625741
173028
103606
343710
881668
194200
777325
606911
476264
643795
562924
748537
782294
65193
881508
563576
121463
411864
148302
263045
14362
348081
138987
179935
173027
124455
403558
391956
376476
485715
49398
430237
91625
393377
735168
450868
703418
165531
440409
510066
895130
755185
340072
388041
526533
130305
814378
92731
877078
149160
532047
633046
412829
670949
592866
433100
897808
60390
587655
269267
283833
224466
576668
456693
313293
18962
126594
193205
614748
843132
238485
457247
28836
637406
62614
895594
157856
313604
899018
75886
523486
837062
149083
812412
736846
199440
571132
819774
147255
673967
295274
703659
626787
698485
481998
442471
233147
329866
434783
275445
880749
380847
879077
708634
241865
651984
379256
794576
333452
136101
582951
865859
332947
688676
786324
526987
365041
842983
803612
112263
882363
898326
896437
402738
510273
826673
644720
211397
323767
141149
854205
576009
441170
659976
213358
393239
536462
880281
107668
150094
442187
530649
381925
175663
832761
145432
52192
220664
308392
206238
805127
152444
833346
231855
661450
444924
202068
265658
238405
538500
779783
550334
236735
450148
301549
301338
412499
625033
42967
730287
817868
165784
698724
436403
703498
679558
784691
425685
807105
855895
603289
202889
247776
283953
829838
40079
663567
529564
759138
369156
857105
143192
807725
662532
215433
650395
312708
843609
485817
846726
541704
12773
391494
864514
875896
433065
878679
108348
202470
219984
534237
633243
647495
590267
378636
655898
849924
852553
463014
543494
636110
225314
206105
345717
668270
765824
61503
542625
116891
825979
617124
685152
376484
565135
882405
36321
70029
60493
263603
258725
356118
56571
101782
244760
322743
595560
857390
103435
782632
638096
295989
118575
893820
601288
431713
77743
483758
733351
499909
204842
96724
337074
424631
36204
481424
10018
602220
715529
575590
712691
134784
316981
781639
417324
83730
231939
691051
197446
657611
848919
505470
356794
894079
491210
524593
98508
217452
356218
730801
77550
472639
521579
756245
102802
855415
623006
815728
441488
360033
563469
25479
898928
36162
411232
497661
323925
566483
724655
495913
248359
373510
496276
760969
777754
159591
167307
775696
262336
284702
764202
816411
12840
726033
395607
492161
324113
736135
89291
330024
768015
374215
329441
387829
30168
236094
445306
854491
537996
254239
253872
169909
452191
51972
662293
815566
337157
469427
487335
740477
306200
676093
393074
322863
54121
114944
704323
44348
270017
160203
145893
506076
697458
287458
748090
748562
56287
205303
77494
344838
616996
589144
294395
265425
200868
417481
786669
831953
462061
569446
369778
64029
288234
643338
838888
199602
223717
29070
789794
334699
551350
247561
219744
728047
476973
359573
200555
881284
161304
735602
197322
130594
667729
253860
363139
422627
448103
104088
793457
542006
736392
881028
265375
283826
286024
636076
849406
344008
661424
154368
877129
390865
769926
406306
823282
261734
93172
406918
444744
637519
758456
530515
565416
611155
388328
25382
18525
127822
91103
696629
798550
833185
381736
263537
124354
684898
91174
176900
205162
143668
375710
54746
793803
819986
664771
234237
191758
898053
212731
23352
342086
391574
647058
203965
165862
376988
24187
356546
60668
761910
609566
180869
752206
568213
213027
474513
210927
471729
700090
537401
149310
158460
514372
439776
850012
501907
631873
554939
410152
569904
679479
713231
206232
487517
330843
416276
523542
270147
412384
161627
899989
251808
859801
482764
643982
818231
276332
516583
76059
623873
526454
767692
638927
798722
643637
38231
87281
150615
341013
762979
404211
400586
186522
389583
260819
840776
67271
301885
599373
682858
607338
447863
314042
481135
858852
736781
726346
80171
494232
816697
564922
348184
693582
243300
675921
323115
697669
719265
686205
309634
744339
599863
492165
694777
306746
18908
237418
776443
896554
834364
301471
91990
894956
47289
701698
752935
243858
625100
82454
5717
111545
724778
780734
602169
46584
216483
293976
401755
583688
390499
511636
584824
665679
875579
80432
524575
45514
727386
868081
5851
381527
68692
723264
749834
353437
380037
843774
578957
468600
496815
632742
83672
881348
862942
532350
79369
228038
666669
874168
533621
810322
109154
398763
574654
779708
19028
620009
407169
737278
892077
281597
154315
263715
417066
564836
581836
304430
434303
677381
137315
775274
172471
549197
532025
449454
259545
291051
778443
159020
738983
565669
741822
353335
435488
643925
174359
371855
708613
94276
15938
62507
606105
645282
812688
61057
287489
81215
216734
259924
526827
644008
889424
770747
179563
392097
359772
697418
615551
478267
423587
898111
300116
571603
426906
211884
884835
703623
8391
357244
464435
261813
763048
677699
330722
396018
54540
132774
455902
230244
827429
324900
632877
802269
767189
796288
709836
223604
791269
151308
226805
146146
183125
73043
80409
470805
579789
602147
803693
761780
838642
378486
818754
218064
129941
829244
788652
380355
297285
104134
850148
431049
255205
448529
443913
626967
466647
299884
120129
340060
323864
449000
167549
409170
286597
123036
400570
72033
436379
890546
560772
392625
233661
27922
70069
744713
224046
249544
791483
167497
441502
856468
785720
522080
310081
145614
211107
811179
397403
218388
322315
117611
631704
704050
380796
613922
411096
148365
451898
36777
840871
49868
729386
724529
395403
385187
409808
441428
632438
553341
179411
191479
323388
77093
895101
262463
570878
299281
134783
585484
805797
662252
518673
874646
439306
464575
33718
829059
713265
754267
410206
369123
585335
818501
286693
895688
248864
177342
118169
300037
730643
698062
256664
827873
696354
374477
408888
416568
577760
137678
57953
305615
466455
579272
108117
233106
53874
866817
674223
757099
848789
100186
754185
206913
525261
2705
884151
563595
823841
354327
299857
375535
394055
695311
359407
370748
771028
571551
148748
732832
391787
604503
218349
644679
785943
402683
88795
460113
752916
151022
89035
613582
119303
327005
566527
879960
734925
545509
736710
242829
363089
503330
205342
630344
328023
553685
102970
325915
157366
380624
621214
154859
148835
287201
190087
399080
689256
692730
47912
710376
346963
871993
662959
666399
357738
124217
239494
369564
142493
173235
66869
456387
838964
496722
624708
781058
67847
105426
525086
835251
710445
836308
5074
310413
493099
626401
285715
735495
100174
15416
680607
716202
781236
504662
255997
671442
208389
458721
65119
851425
68447
510545
249223
786400
218479
677020
283366
112787
181083
531708
44928
821079
596603
548414
843371
14458
225097
711946
876821
433303
357294
514730
179717
560045
212411
462585
281658
835707
727161
358026
593393
690811
196600
203922
695426
605688
763876
577299
644969
565165
339766
786214
348962
610683
465159
460035
241581
186566
711007
794768
595154
519021
205675
603812
821886
696548
138796
709559
468523
562256
178444
140616
527901
819230
646540
246378
637737
588576
234457
344044
116176
638789
443998
802884
561801
678996
585746
741943
239581
96837
222865
136295
385004
63484
507817
16889
340909
653346
793035
518754
357586
837090
382977
582479
471210
899837
78655
279789
787584
773611
358514
444507
174976
800367
566389
187498
109274
673301
629602
394061
873439
258890
125637
706403
701512
701848
846604
163807
613783
219741
600795
774032
501109
316135
64221
698098
607706
854222
235188
798448
558122
767182
404625
329331
64381
879359
515167
785868
415543
856114
547290
181370
874518
187851
158653
467961
729419
201878
347577
812615
317631
528583
854817
320660
644406
35890
80322
541253
238065
47107
611985
893765
812749
370108
572124
110505
415337
696041
416258
527070
243398
544544
406718
595122
878535
168922
833118
295451
543959
804105
711411
405576
315689
573206
620353
221730
874555
358776
134454
3934
231060
681490
151800
36674
293964
43241
882806
629169
249483
864704
432256
374101
103177
787955
762195
846600
604629
674605
889388
61951
645041
477574
280190
405108
297818
439580
623263
849518
692294
325804
588988
416815
314406
333453
517357
550234
529131
477802
410052
71454
107333
842746
349438
645796
535686
672926
832828
671729
9797
894390
237611
176536
17214
747456
464831
191392
782774
602446
634911
100780
26941
274754
759929
515149
895532
501193
751382
118049
314702
392146
738120
757829
145627
273130
436256
586431
65631
399221
162909
133633
546042
878506
407198
724634
877376
536363
422649
720735
393248
422208
690660
292273
392738
502159
495056
291755
474218
757242
234613
721259
728281
780438
695336
696826
572690
858275
600682
200922
278106
619532
457050
352395
262073
94141
14251
240569
666525
381308
663376
368294
690781
722150
890707
251280
75643
72551
785157
95294
368803
898548
314447
538380
870096
836809
382856
63217
87534
288954
22815
188649
749242
848344
431896
516420
373125
579363
170516
768586
545591
827878
639912
33449
234385
815476
745200
817180
723179
587868
291676
750234
765083
1643
146024
493849
197719
582367
328266
373277
758866
224740
549861
563008
450850
99981
491642
822879
275331
42224
243006
270527
151668
149118
329158
596827
866334
198205
491006
539915
450261
706020
389210
407634
813367
273779
224068
404004
506546
587821
118420
417202
653122
196755
750014
133108
40056
614014
671076
695985
93622
692152
457036
823886
109270
829047
86893
389041
836139
804471
718179
603952
231743
15827
159010
413851
31867
692800
756102
668003
689061
676934
487913
104966
289828
309148
614254
636600
324799
560799
784187
87182
527011
565582
480740
797322
200099
552645
223553
458239
820858
133333
180641
451040
327276
232188
64632
646537
409194
110278
630196
525353
203380
894783
239629
22155
362329
348403
664219
138431
881626
48837
474882
469514
558221
332936
687592
869383
389726
123997
235815
304088
865359
783274
538589
661165
741951
762099
894944
17615
227657
127032
873136
142026
573411
724139
619045
213717
267623
324076
760807
729791
165711
779555
740573
562968
644345
385369
718653
73753
212778
327379
311905
175985
653519
225515
599579
697709
153854
507245
820095
174370
536603
730028
17599
895898
780055
881118
355188
475801
668850
850075
582391
156492
253025
522157
606928
188589
757387
551924
702694
685812
178573
834745
190837
117565
348414
521485
673086
330930
761036
504733
669560
238582
730213
787188
363524
156174
584018
511789
855358
313867
232285
875603
472943
384024
829460
450360
257248
800732
620294
812814
696169
204909
340906
217797
629959
446514
828863
309922
43884
887282
209869
853464
752079
458238
475338
52645
644709
629432
41561
66156
15560
870527
17133
887466
359763
824760
261164
433783
65840
102811
25582
59451
395528
110646
366277
810219
91834
195138
98742
103551
855111
548128
744709
47825
99561
246351
643791
378963
509732
301550
464432
473101
601045
72488
554278
447571
4647
569121
458989
891231
602372
337403
134984
266960
585736
647589
868161
190846
506737
753537
605224
675512
295699
756049
855288
611484
187465
799645
527383
25331
471622
378947
127452
227302
460809
714523
592298
469089
463022
726054
509691
447683
403745
759859
278040
633567
130317
600333
608900
515122
154483
273541
715321
669825
248438
286903
712714
771214
426323
806235
357415
170838
422798
838283
567455
58859
744904
858764
419872
707689
305453
320315
568538
571415
388009
122741
713473
377757
495707
531586
96561
803964
289153
873343
785004
717965
73203
262183
317663
383642
347980
563998
608803
274675
587938
348442
764478
282191
288407
874798
869898
211552
665352
315412
484078
363888
699330
507286
240456
20541
249845
210617
567660
593487
264929
490342
84742
897714
69069
761718
71771
165557
113910
255226
455822
74109
456580
880836
512414
411302
65497
811446
600012
584568
716354
126053
500667
695170
845936
800297
505360
211029
213312
635524
217689
711327
439414
214540
719498
596227
587945
443959
130402
295378
267319
750210
630732
245736
384473
806462
524737
621605
26546
240151
22123
591974
92257
205314
544101
877663
452757
434403
343934
251576
552000
266009
364668
699361
778052
770150
437853
400915
608843
764734
23896
103717
205427
430635
201314
390056
796677
821530
344173
727167
688966
380999
641035
213758
652967
239552
768656
269021
356119
141048
733429
298937
318553
15370
425913
773705
768752
830600
200994
492664
334742
770879
429377
45795
164716
212969
849396
410128
606572
119598
271076
586281
543770
536823
660335
205908
625721
634386
268992
493232
398650
199547
596506
250542
822766
800173
64308
869481
437597
828901
577310
501444
279024
259630
229281
52255
377320
636943
253829
197205
834737
577805
446700
658934
350481
138878
544539
142139
126907
424780
88057
827371
497056
31585
849680
255817
399813
554805
780497
204632
309359
19666
109428
846028
858139
545600
116668
559950
36586
790514
405273
763276
514809
58795
187879
141658
296815
835182
850388
147113
775504
359842
873503
590178
377423
711902
203548
278048
438240
381686
672692
144839
816267
334594
359689
805284
210332
93511
523735
319235
486615
832613
210965
709511
395432
739325
860251
152394
279417
459612
281694
230257
403485
193480
728215
243466
217962
851461
191201
715877
293220
202853
509697
805740
22643
893386
411712
20736
851414
609465
613460
899474
120977
701437
331293
127163
582018
358325
735595
410969
416658
607195
78748
89062
590535
18962
78531
13590
357397
586123
462884
860877
488500
763540
208028
685178
510381
104350
813918
748948
72943
714313
741624
38352
36222
222414
637172
336252
721771
438825
755002
320539
600734
41089
614931
698526
797615
142037
18344
343995
529045
884964
294377
425452
307382
600665
616585
705702
347581
36786
850215
296116
479337
306379
351144
689392
681986
781580
501119
320222
763110
380267
225230
326405
596290
73055
476934
655595
406620
79715
219947
98636
127821
247747
345267
496118
637804
618023
476493
132387
438149
5081
565214
633300
332809
793715
738662
793159
894815
569706
227361
865685
176600
842929
239114
392139
78336
442924
37722
673282
691568
681266
889934
196477
682817
556637
794470
587935
537275
424498
572138
186438
16203
651623
385799
512104
437235
862870
198743
168680
465083
371709
795519
667317
764741
98958
461874
887680
618590
118714
145810
213431
881425
476757
608214
433347
215637
313286
896711
273370
390279
877102
819013
99522
859794
694258
662631
260995
897130
68134
758560
875720
587609
895992
745212
201362
251505
30231
523241
343800
809216
64926
221747
321982
287169
380512
159240
82033
38894
335825
212474
281501
147155
688911
564770
863883
843775
823500
858946
133019
748276
824601
110307
711737
457949
896240
457885
431583
491551
489054
844661
620423
136872
466091
721856
382763
318596
403879
48230
345147
636687
170163
860802
218810
575589
309130
408838
376022
417652
495114
542939
346722
147091
536162
430342
585362
541708
18681
795909
869362
12020
207576
537721
4834
724988
212822
696606
675666
216320
222911
744214
873654
670780
263072
812868
29511
158975
182513
767955
672374
369751
741631
258263
767789
764364
880149
596043
818884
85737
892742
620665
629757
274004
302746
786713
609277
160927
783379
743281
736999
626327
691835
773466
419926
452410
898635
222851
359222
72806
733754
725679
509504
314476
360992
450937
212817
239619
425030
642232
547397
402360
543405
220733
745493
13763
662679
571609
265739
693270
333013
822460
405981
618670
358606
637880
536334
272492
680137
117828
609117
244413
394744
764284
370887
771541
824129
190726
793792
370651
155689
395183
112361
113726
699775
500820
289486
289157
748707
722333
583648
744803
613425
872579
524362
350601
42606
354802
263090
497462
293550
457674
875182
854250
275039
695103
18207
611704
310613
479745
455791
49241
13523
466326
168163
585533
141715
629858
389885
389469
689522
82633
508528
95628
185531
664395
105824
292076
216302
18030
727030
772572
647277
704922
363486
738767
93443
738557
34653
165528
712305
824719
17010
446497
13303
187055
852295
202652
626331
135372
357428
264912
762072
236065
707088
65621
274918
108248
191221
759226
881762
280271
395055
27299
328091
497335
255969
251185
816312
418968
580021
515002
332361
396467
536605
846263
56616
121472
830154
235996
85228
671478
848712
139650
348202
143465
422452
119840
457095
768525
573595
730329
467487
727832
238513
717134
766027
779494
352235
123860
126163
692726
454169
495360
703184
134802
470403
260863
387484
222124
441823
367651
616089
302339
480140
240727
825210
493477
237583
2227
267186
129038
27271
465963
401847
103823
703183
471265
417363
138986
161871
372188
562407
458522
739583
616240
63259
858895
3482
411260
31974
325302
537947
889011
499735
206424
294134
828754
83102
477145
176149
28721
874010
314656
270253
564501
626976
178295
741149
891105
487364
16072
72771
432812
508744
215399
568635
591150
638462
21167
85076
340500
25275
160420
833937
626355
175034
630808
755897
313689
310345
779337
844283
23134
811316
898439
599873
489082
621965
332307
579088
322001
89365
219843
837274
327017
887274
855715
169952
437212
216844
184885
791303
889673
791949
464345
671509
786596
422933
768167
71624
433998
289967
794233
893428
263391
522452
366918
678103
542495
744498
687049
666683
426741
76312
868800
350663
609367
748321
104017
372194
332288
626010
845286
877637
409055
797298
742521
262076
616012
442941
463691
588217
791989
127685
321165
391380
756055
480429
634402
206467
884617
289347
550652
845106
646705
724994
666851
363840
788698
801569
458132
805174
44253
420316
823462
469891
248124
633660
269640
24889
862798
718598
46565
879838
599700
159549
737354
430768
617450
21428
750014
199673
712218
428820
555344
761034
750346
494630
807503
421047
70837
824671
376178
356495
132119
137957
705656
130486
162498
696065
718857
637856
183406
897411
358684
814092
182829
842572
583698
462075
701309
700861
37407
499788
614038
333594
383369
668022
751075
652602
797128
266369
6381
262221
398478
260129
19315
35178
535200
216048
568950
441876
497858
283110
503665
723305
489682
425176
444294
404743
443818
696810
116659
733947
243560
207378
692003
413863
581355
40715
414368
341839
869940
442578
858311
822337
49996
607809
558932
574015
835396
755590
682748
323434
864406
223487
592858
232588
460139
632052
202177
614497
352502
686160
826832
322371
103902
633053
184739
38993
361562
825468
132390
131708
758516
873214
376548
229006
594031
539522
332766
285271
537861
656492
217528
470101
630505
520925
539757
720671
794764
45365
5538
325934
281051
688034
634936
765449
281925
867875
746555
242891
662650
571101
404184
28787
870510
504313
525067
886504
680893
709657
62454
801383
85225
47413
22221
12490
531583
505911
741614
639607
325496
588559
706383
807010
519323
738515
821520
810208
494304
876054
575887
342473
226255
828771
568922
236553
239142
831255
415934
866883
735257
181305
754398
619234
77652
547127
776736
188798
580508
503294
680642
680839
302836
354901
158538
98194
467388
815479
348571
265853
774035
368139
131906
441855
218621
115618
477424
58609
228927
816076
712259
729652
51079
179863
120317
743550
510057
423109
875637
140484
74052
292808
544268
41605
604388
698845
892824
117616
840224
673923
633949
542675
171907
402166
353434
382338
486280
431180
14847
283520
598846
524492
621724
828045
427083
140198
102644
713068
451277
590514
805168
842896
65947
542313
267472
223715
431499
626810
33597
829394
765677
167786
826746
337111
161395
828811
745881
329060
234772
137591
12586
845898
504390
4330
477261
612900
395337
131354
55432
792835
113923
17268
806389
8886
790502
577619
853491
350581
206893
440543
573341
62219
430053
267392
32951
526781
480009
297214
539684
168859
30725
308887
613237
189218
355164
647196
404540
310540
52037
891176
297406
76309
100784
189661
782599
109130
23879
506813
563768
518512
593103
612610
492411
3694
564142
43258
778519
193433
112422
706691
365823
795738
357791
709503
690180
852061
615139
262612
13067
161785
101507
652931
173338
710199
676503
596642
692875
898145
357571
162904
188163
727880
159061
349045
516700
297778
862410
876332
271806
621278
171696
886414
619181
774837
344998
11075
351036
305135
454688
347975
306815
234975
786055
736575
83806
159932
728381
9207
740837
493485
78718
621114
484408
437873
820322
133197
122340
832424
726271
689320
568817
359713
556875
100850
506292
608480
583551
771128
99520
380907
230807
372873
151164
520242
827157
210001
890576
712314
372582
729424
396697
656868
664508
232599
263228
64638
227451
671198
561975
632229
322287
302565
739699
459541
77850
368709
248214
266256
381452
231825
862932
803079
784522
10159
526662
259431
187089
318701
759539
738946
298517
885505
834666
681305
396002
349154
477298
717476
426147
856988
303481
623038
280800
543700
654408
40879
487426
544121
598616
215287
110354
447907
845341
257716
601088
479499
304512
193745
790944
267173
661035
894955
174990
476382
134462
796512
755218
498959
123166
184086
283774
867899
839309
219782
745973
514571
751381
549027
480646
787427
137117
716427
817269
152929
844510
882473
336411
588625
561711
614339
436388
885104
24093
429415
178166
296923
249111
376557
658001
51411
177829
382793
420338
365327
428408
486289
113425
697470
427260
362149
235915
220216
741355
204287
534170
869151
429115
162872
622623
719767
397783
677811
298402
230815
797100
896491
597649
316428
436857
306037
37444
802177
666506
514769
5857
675020
239582
198195
68346
834975
91395
452328
88788
386314
368900
745767
683267
490322
297945
164917
541777
48368
725756
410165
285278
575720
531580
61930
64386
399396
743018
359178
577549
78157
532369
134178
662191
439750
60131
632544
431315
12645
375982
796545
349446
578798
819789
253495
829238
291757
313850
638293
409493
556048
882978
124731
475133
313471
88753
12153
291277
897817
45932
423010
99346
480908
286526
267375
514913
400656
42410
874956
702720
619073
343679
493859
318244
40248
88778
610467
679957
795077
119684
643308
244974
592202
265228
246810
387329
97270
98128
456812
666423
603965
700037
417104
464533
333617
343606
217325
16922
101920
744600
786188
247589
25161
134524
479683
643059
610779
116446
247711
564998
678477
347227
479246
834625
880788
378783
332135
483471
201892
546428
499350
844612
289189
332343
122792
195099
97361
86652
266127
852927
291400
313169
388146
846310
436977
893960
150037
311190
153101
197326
16800
748171
741657
673505
185518
880145
892096
152255
479477
686956
517626
45593
188460
224151
505094
346726
178142
881545
311039
403156
481002
184851
342717
508601
23764
853062
271595
454632
79116
583058
156161
637823
484569
97706
430750
102812
164353
842115
125123
646256
284248
881146
895982
282060
701058
670997
219762
534456
429574
736002
682352
797570
500146
394459
473300
538228
787269
469195
357486
719422
697789
107627
830282
716434
886206
810597
87087
332591
323451
251706
407761
510261
353540
644351
149332
683480
371564
497409
349086
743471
516533
719497
16918
644139
256634
415963
553055
715973
746553
591608
52203
312720
450940
97860
19262
299438
635139
794594
339617
608543
691119
881403
571102
819
64045
63421
551359
842817
591069
751424
357726
501072
281982
116004
185864
332562
280311
849494
841715
480145
666757
343377
606648
649282
46556
855201
367471
489686
125884
100579
1031
79950
133138
787625
659806
246959
561287
14970
736739
463659
898089
395445
487877
797247
344884
893205
362359
317500
257853
480912
29380
272732
376891
842906
79337
305910
50962
170440
503923
396269
808157
516366
294965
831650
245879
826825
567525
213418
338215
845336
692820
281147
841094
613893
741321
137760
69581
379234
863930
248331
499744
533423
144102
122026
388625
559095
144401
110738
326738
6298
864988
890136
304891
310886
450432
626911
298324
410782
590151
256363
53215
748989
28520
734932
765318
40787
5629
208822
260668
9774
612770
84517
701907
409172
495372
557822
39865
254093
451492
868025
749487
656413
1375
127739
385161
852367
129211
432615
532091
586317
653176
47988
827493
80267
67920
466810
705949
267332
682708
558694
805718
89245
120069
307565
714250
744421
13580
146302
408745
893822
379414
749615
732702
736981
458352
329817
81018
715276
420475
818880
297792
834074
493355
875370
751052
863560
141218
439570
738305
887676
630692
860052
112685
73298
788342
434952
551035
403750
198328
4652
550516
680687
292605
307449
784307
520197
285507
426328
675588
92067
199187
373677
614808
30087
796246
739025
147912
683991
149425
680510
899780
639134
89919
623876
673143
583635
801290
314297
628280
75258
640710
371852
890383
270404
354858
434490
234817
634962
690828
374746
335067
542743
490103
362963
563607
189947
286155
62189
151822
549499
508178
260644
287034
596942
4026
572089
491270
625891
537332
221380
657461
119270
490920
622724
421004
78305
749683
181302
450013
342079
307966
575332
528337
502060
889884
565556
339857
708440
8448
534402
141200
876826
98008
216808
57656
883601
128906
183737
371376
621606
197705
285581
840
16141
516180
274614
72289
851531
505067
351858
113339
176721
20399
379897
457787
22662
163989
326486
590137
383683
278727
627443
833636
585367
48439
709453
123410
228971
216641
898022
169288
579744
196604
602809
764835
585812
451164
570056
638688
516228
759463
675121
492814
481739
635249
111999
661390
41257
203575
99549
205668
820383
93557
465701
357853
849526
757476
788758
249852
95903
421908
90885
436867
880405
296705
361386
173274
208350
244405
815579
307711
88753
499482
119383
663211
708242
481306
129688
507741
184505
804341
422795
568709
15696
720638
103484
716047
887867
810323
14666
478345
625809
617943
357497
564979
249033
355789
20839
811394
179760
240595
883926
349713
712823
653273
367912
808965
425257
403868
719817
864252
77818
672676
587014
555089
824219
803350
585691
211118
481833
622806
68874
554446
878695
233085
819240
666765
675520
173459
369041
166063
887022
862634
670524
823370
593368
424790
821001
169778
678421
834732
814774
323711
428464
221046
367953
605756
374756
730289
151912
325902
747622
596611
267932
582463
896898
764188
554836
461254
356510
176008
550510
87701
252987
580526
146064
444319
239993
581864
88253
430468
674106
795487
408067
120346
746175
774338
384240
589049
164334
278915
758469
220131
566549
880974
204771
164367
612360
543303
152194
13617
217191
405151
256705
697479
645787
810834
548887
200290
825375
303392
580232
488111
379867
404871
828819
657089
334283
563545
306472
97405
536702
331743
556471
697634
539642
249962
122147
585011
75709
866769
837238
8482
423583
428556
385582
883514
14707
186636
753333
14953
116780
478453
586574
514376
584924
170393
344043
67625
773080
399602
737276
718428
56311
295579
391586
187486
884377
751627
251009
165342
65349
192048
90739
49069
888778
568708
515994
175042
135847
592622
365326
58247
24422
166424
253460
576899
107778
120488
805359
777061
120874
483614
828080
107689
615838
576937
823337
48235
368214
338150
560640
741797
398242
31542
289311
718310
853324
139098
147560
654642
151546
770702
24741
485296
839279
325375
49437
372212
782097
200810
874435
495497
641861
11699
634153
384954
506486
696991
418962
651485
88053
686094
875620
552060
106235
128632
668988
85922
261449
829571
291868
619519
688784
205214
167711
127480
222349
199581
677773
319598
757036
511058
523690
293865
382509
703652
169865
566720
170884
140687
432191
321256
500954
695768
588210
592279
148658
850826
114863
842867
127782
735474
729146
442460
534862
415123
281248
708307
881474
409895
80937
82854
390296
126068
717610
879961
11239
589734
124246
287602
837004
516462
522004
121888
202665
533527
852012
582537
853995
579584
604124
432719
430725
883131
463431
349151
626648
556642
783212
593206
499604
188784
55124
400143
473848
404611
869317
238509
622965
888588
638388
158018
849137
550128
60087
199834
139175
834943
258488
72967
348779
233614
775142
392169
281867
850067
728742
682585
764401
751069
894598
886131
501574
314445
307858
896478
786993
331508
875872
673306
837756
777867
445029
412612
681783
218281
672587
823048
649718
249029
572730
252452
566485
423432
551858
823029
372988
832493
477403
29121
122814
288473
37172
223616
106907
607825
576584
33223
861958
616636
614366
595154
582592
337750
620943
758510
250595
37901
492595
227104
593755
679804
823156
619989
10958
172098
310564
489735
311677
823902
552075
184457
784738
207529
790712
262800
201017
846960
404792
374814
678716
643597
584037
713771
1830
638113
266901
334418
637049
809936
761396
89717
423866
717977
132236
273102
881594
50864
532800
613748
556560
506329
738040
546662
839426
834851
808311
472567
277955
807743
448328
712630
557878
157052
638103
606296
865232
214945
567740
816740
746652
466246
289490
862939
246392
851727
517477
840675
85756
330053
353482
813582
853723
752723
370280
81835
821697
498586
858580
333129
387101
874833
204636
267715
628089
183357
49049
124365
739300
390409
278119
71130
13584
76194
633680
233767
7863
236786
517092
803911
431192
530391
27845
354315
7328
462110
633375
269645
113732
503393
340373
885882
45739
544411
788534
885243
662568
275396
330927
428734
372516
849454
675802
734694
769690
385530
535827
509707
885532
327383
234987
106990
723924
185784
409974
228254
586020
700209
516192
468672
555087
312398
844540
44543
626640
846128
132828
711600
537320
537893
207676
778816
76598
125475
287801
259996
396382
649504
575776
798173
891116
715537
746912
257742
291409
293981
531905
394139
877996
27549
297774
645272
517221
57811
286318
358443
44242
826084
248017
641207
325788
227860
224006
747877
823548
575228
214857
138769
889951
116522
184056
161775
658505
867701
171207
652601
431317
76794
147146
233046
300090
482105
698704
791432
415178
207590
568399
198737
732180
230764
877914
466083
700713
570116
171471
160451
785884
617518
85388
438361
424258
885898
890786
783799
493752
265974
488130
773348
652868
644548
40180
526339
888244
480246
81895
402373
503907
209817
163683
116903
501178
333755
547065
427849
168659
129707
318748
875533
212792
671820
402121
268840
463306
752629
679617
91336
680094
699496
705559
408130
7297
202797
749445
152215
725629
841386
22649
712322
379027
195009
228717
726145
706536
183558
100308
70589
397277
50331
877232
453623
829334
713515
520065
77297
103900
842623
312472
176023
308765
660416
438665
511560
180081
516106
458175
520645
635800
263656
473417
690036
76703
358034
156946
769553
330562
559584
237903
716274
442539
615082
205425
38741
489816
729054
735418
307401
66299
849404
277580
835958
13915
137201
405149
456394
172279
728558
780487
59616
511627
323269
765115
774255
743371
824992
91574
147660
321772
629118
475500
804573
617762
807786
459329
775228
688804
887737
634743
253444
633196
563168
855457
747930
218842
714416
148917
655099
341752
390383
182624
625310
578425
657620
206932
221734
142938
538079
496477
496263
567274
385426
283345
673458
328006
80304
887301
186686
724413
197073
444380
61397
236690
784959
761018
679064
586336
288080
381207
525840
84440
326848
615792
176146
225573
490314
651607
124142
879121
476354
754026
258229
738272
748467
813825
36900
731802
85840
538209
426193
135591
421913
169070
475409
175346
131308
369053
596067
296688
585605
164615
761053
710106
196916
235097
258193
286805
470746
244744
57659
373491
872479
304610
240170
236050
697682
644736
487016
300963
601854
441080
603112
160869
741894
98095
498603
15728
558589
564876
195663
576973
50372
200103
438549
639906
508641
711840
236205
292748
557496
23244
401440
276901
336425
27529
544858
776485
103877
294547
776946
356772
86286
336432
248471
285565
268875
586181
397432
820239
845125
463884
616272
229085
765472
789629
653453
382069
173369
233801
517788
784718
350873
44933
737842
232842
675155
198179
788505
225979
222112
335133
644533
406146
72436
530027
356946
843154
804572
565428
254924
879571
258423
70752
5467
358083
93038
816204
543609
80342
22353
680631
559664
620894
765488
705689
803269
712551
182802
339444
212027
692281
820150
9218
849446
817696
215396
559950
267405
808872
839950
584831
685723
402273
247464
258478
483138
844578
769089
587000
233932
122314
440157
487247
781535
892802
637521
433036
889964
647327
412347
360063
407989
17667
682395
98119
218393
550595
358897
557180
554653
476419
363988
646250
712600
592573
685516
654360
545979
824992
544782
357414
590587
871445
544114
300566
894748
548637
322961
701824
465724
134487
852384
592873
427066
625118
483972
874063
854721
423342
537361
68539
839604
645127
745027
433369
608536
403562
374488
894883
416728
293824
868712
750873
14233
142618
500706
373293
275036
28787
63236
811931
473481
242418
848918
316246
549245
134156
291236
304702
686931
33446
798358
54893
365384
75768
205134
657232
665678
111340
346974
854835
683791
230150
850211
281621
539324
183166
867873
600123
213585
626440
172637
135200
436230
669141
650481
344586
234549
731570
814191
527736
250754
300654
111222
886327
671724
403994
419882
223700
11631
346280
462547
478028
803859
851798
343572
865695
5173
633892
259781
474626
446768
391200
596912
358996
141832
569155
132869
137
573075
542613
101690
555714
75556
246635
579715
728925
67988
322417
423721
104904
456399
263490
370922
465905
711257
69844
682446
889593
606043
242737
502913
808680
180558
157791
891761
66298
863971
666497
310726
121142
78092
491671
539481
54719
687946
779969
737074
812163
291924
505857
509954
563441
48289
254045
236665
851399
239347
241859
135173
201738
689088
423848
298281
266927
844542
68713
305205
677814
613930
185139
99815
869558
314933
196125
491038
153235
587019
582995
632535
371564
697857
819694
468998
496913
198842
844478
892403
96082
183255
809129
92046
239603
816857
91310
791312
632956
573332
172930
665392
63340
146770
632892
95070
405933
289280
600620
824895
757602
751257
238565
583878
837373
612365
589628
704908
55342
696590
569736
675595
25398
756407
112489
8093
150714
465082
816262
66091
526994
715684
832974
519445
318912
445486
153600
217566
231134
85731
60870
501104
695761
502601
