727
212523
608427
816448
88758
146384
683419
883861
360415
467501
879057
817310
474368
280879
819725
879876
444782
60044
279645
94763
680539
456944
63240
357364
209045
533775
656023
688604
272699
352378
657408
198050
290653
671724
187473
799014
805935
244292
804822
72365
865225
258029
417127
870689
645598
625720
354864
193717
22519
417163
854782
489062
610764
294675
186339
181117
209534
772725
223399
24114
359188
681699
854603
726570
223791
314698
609018
331680
307020
202887
648175
6978
190262
261402
164989
700914
668678
307026
882559
700557
697976
360072
231517
161065
134699
410920
49207
652407
476820
364874
727377
631752
310111
660415
890396
270283
658948
886503
478524
329012
72610
243071
489563
333689
451643
491191
780265
311446
536523
557826
324814
2896
344421
20135
55086
867382
595596
556948
691320
352228
378828
506770
401675
454209
92691
559475
607110
887945
795823
238760
86314
318661
33252
545423
85101
673749
402698
688522
833886
180271
384769
68715
115472
140353
109234
448427
188870
55667
210884
50810
462905
240040
729304
388944
765801
648899
255649
334498
607677
481767
544323
418832
683736
184278
582855
233532
254235
555323
745624
368501
872657
48899
476733
138289
200250
572773
517619
564761
574808
761219
787783
183934
396880
295464
93325
305449
569629
508433
674207
70032
105591
482825
78069
516037
874298
491533
877566
822952
32055
515150
708121
811965
102996
233684
658674
479384
746592
19743
651292
285589
512407
148809
415431
764260
869774
815368
681535
294081
559004
878128
303585
697698
8422
343668
819322
804809
586757
642828
745597
112217
881525
728403
116161
589638
221341
479304
815861
899045
808950
710932
735169
370722
841561
864811
557114
423281
206058
224523
391297
398172
599163
668322
602330
509915
687422
667372
215396
246785
697771
764185
220889
355827
469066
286541
748099
295123
651262
350913
213401
667003
83759
709192
97141
181638
111249
10636
647924
875976
206038
429078
820233
855293
251885
525356
147806
445631
82581
658260
630152
706193
189346
18935
302181
411992
636522
407137
732085
495850
194541
370341
307059
555998
738079
9885
483022
573059
453940
883087
561704
273581
535398
479820
841130
745898
459526
35730
372450
377298
328349
358129
641434
107805
217469
222762
352278
874254
603785
609938
761290
625549
785181
254487
620597
37907
878875
698522
850238
383550
309396
348602
168970
114916
269136
331090
100183
316037
17370
436088
190297
215129
545642
656966
306414
157256
335664
318261
824607
859608
831322
186533
652437
11041
661154
450586
311350
688189
675831
833665
845627
341147
474311
469936
109391
15954
666310
842187
362150
609074
332733
40034
529815
196247
372754
303640
281944
136631
562447
232606
328084
580507
547954
107326
502028
175146
439089
606388
316775
707776
395879
53558
345623
798813
183103
183093
408074
617818
280956
521595
475049
491607
428995
5364
520529
443952
378886
674730
743627
531598
103694
847560
802922
157017
307716
469280
556929
504715
386556
269896
891134
6112
438430
477214
417031
39658
696306
741165
557360
505856
136520
401128
734614
219190
363425
683539
507962
675400
616605
510625
480029
248273
767970
83415
85685
780152
159141
850159
429833
614921
633785
689434
539503
503522
733265
660029
320063
373604
322003
61244
289588
618089
671036
734644
700991
345333
708170
42273
533063
748580
556905
460704
285601
312579
87709
729871
601639
880763
227273
452593
629080
809480
515674
847053
807309
523657
171828
645750
33843
674896
795799
670950
349962
446488
164076
175747
680601
639478
481522
523203
741835
39463
679551
275660
124970
92041
749717
723540
611766
216903
759044
318151
502530
886188
602293
139431
369100
856217
801178
722030
289591
541873
741008
90735
129575
576689
130670
363706
678488
648253
854925
36190
230523
358454
46035
429032
532429
334663
898813
572394
121654
368639
563145
536919
526619
742169
677917
190219
854593
31766
769592
305032
193567
546637
5619
613915
260158
138777
831572
157532
881232
329232
612143
74228
480746
747955
362392
718585
733727
195649
583497
845077
228698
363911
500684
406949
109463
455250
639367
499197
257599
242917
783874
280457
143231
710758
414069
77198
289124
512850
86994
239918
112244
380785
251468
246762
133964
151940
290051
95011
82930
13915
272877
105273
763894
97379
97379
705556
157386
846812
795717
884513
49531
697737
532779
869844
262090
701697
442953
376108
750924
680258
19261
424052
632090
760805
121849
284549
257782
233932
579239
439657
323483
629272
486686
10938
371935
365848
377600
161449
171848
191835
169069
629019
859431
886823
625928
671533
213302
537026
313443
801721
780330
525837
500809
779345
194837
617872
420296
162919
345915
432400
601370
833103
531630
496573
111022
225884
34952
776553
70904
505991
507908
306643
413041
337935
640346
764353
380588
645146
433845
162188
107639
644313
476755
305941
196522
107209
118616
660342
121327
329302
581071
615507
554926
627482
84031
475118
390707
98115
620101
739322
134750
408947
815924
851144
301511
333313
636806
210109
454764
668829
394621
352421
117977
98192
192250
867488
280595
621281
