3534
646071
444736
478410
23400
74877
716596
243055
971087
261927
238381
669673
931459
469444
664819
777429
889640
987083
735127
553384
331988
959237
722480
943203
133466
768775
814832
668325
591540
12893
681442
996826
423564
695683
378242
205138
751079
335565
825272
139628
867439
242662
382707
705265
96027
453749
679199
505469
245693
768091
37762
346327
689128
460569
679928
576290
218875
130063
738761
960237
321551
964255
548
196773
721593
263920
850747
103338
692860
821902
872250
174526
414990
91055
299108
681626
517893
255313
555597
940827
248094
581054
931758
155609
953706
339569
250728
910680
867798
635987
132312
620056
588437
509150
939283
952711
503212
321379
646142
825815
177753
825062
892493
15594
495649
683495
86422
928232
935221
778428
920977
757875
434240
658777
165230
213106
335824
784306
173971
587658
324382
608759
987441
156587
366267
543742
921666
249030
835418
533887
229281
885404
524596
698744
444357
385842
494875
516145
430555
426977
735007
730778
219520
134538
41239
41424
300440
910054
40589
325054
350798
701627
962120
981536
916136
188522
133046
300771
364741
785637
910390
912873
165814
251711
796352
948136
22519
105500
329266
609522
77321
510471
531575
391951
162413
851362
917270
653126
332990
124024
20629
360251
35436
937711
464967
556082
943953
927193
565305
932850
798897
743145
489909
204612
19923
712962
179057
432091
524534
113451
762263
38349
476786
81055
285362
446975
179629
452610
610930
694048
725238
953005
348060
503052
205505
559658
200209
142160
796927
50939
225656
97101
959194
775317
718795
720565
118922
548586
138555
518451
800279
987876
11457
17831
118955
157741
605698
724815
360787
178475
249566
89729
13970
278281
111254
980884
16930
800561
590295
607903
267080
458198
305255
315673
654930
930989
278123
422943
475632
385147
620114
483413
189613
609801
193058
740
910152
623733
691997
649057
816243
573795
46543
419405
642983
414288
865655
986425
52578
136583
774544
811906
38590
863148
293819
821242
61167
188789
423818
582183
381401
526521
123947
413093
659276
482464
443503
814566
273437
171067
909878
946394
723490
737069
81145
836202
755465
423750
740212
434397
688213
865392
982382
577118
76215
106562
220902
727445
272133
568498
299612
395313
255001
271207
307257
87495
26121
4269
976347
391252
904190
994882
423937
649054
597555
278669
838224
433593
80460
101550
548800
702502
154064
182064
902118
899286
507077
989083
341086
135244
923751
724391
233492
503264
743940
351051
913135
595615
648759
783090
718172
471568
86207
135759
530866
322322
279419
501127
955079
669153
426308
558477
393743
229111
197351
494284
826667
778959
999293
336061
939478
596932
947241
213336
694055
789208
401774
357095
807747
514705
754603
355125
494243
385726
761075
120742
630974
553304
279245
223200
564563
587395
817221
22759
52309
324020
603949
685959
991026
320748
313843
937642
933954
967010
359136
761225
812105
559486
715947
123327
729897
428226
235320
559545
760487
455811
674416
317834
318295
279253
674109
793307
139751
328838
138722
790528
175430
25280
190198
750949
457775
325330
607995
785831
277590
610696
280479
556991
45805
136374
227982
744729
246995
400404
77682
670531
270746
310915
693640
876609
43699
279022
491360
746749
254968
307340
811761
779611
753046
816257
137494
760747
743381
279524
75497
768568
510662
162844
25147
159421
345672
186275
487853
102263
939766
691372
295534
832278
970225
824097
235281
578509
994693
471365
515657
815816
299322
91897
720965
297661
71546
3226
346082
267676
90650
773703
272913
46304
727302
415552
770183
980615
77582
74218
551642
375006
146183
781743
431743
702326
209759
543810
961949
273267
31873
23552
679757
871106
302817
669298
589809
864554
708900
724271
197038
42044
416559
284574
815431
401957
109963
821594
327959
251426
380210
372014
895147
91922
130361
284927
626682
816103
702617
812553
392641
577846
325723
136001
395327
313839
518752
665946
962762
379942
636362
749540
653581
597647
873547
516110
791519
855113
911240
741004
212928
112593
280489
941780
805362
785239
130816
103490
674930
774253
834835
667419
946193
743260
82759
669934
885748
366673
667755
146774
830564
246965
906911
396445
417747
312858
667936
7739
416236
184209
3505
721724
999509
769624
243494
173119
704260
503600
964496
538650
230267
602125
652672
107739
898081
882023
390266
451050
975295
397294
134328
373322
280724
743002
868503
236222
8149
209248
877346
784328
50564
196608
359546
457996
621739
675259
447647
762964
532213
606691
477469
545709
515242
350282
301717
595566
90501
650908
732135
932568
462068
558729
465273
393625
209388
26458
480423
948139
49702
194981
172423
757081
844921
455708
133719
364578
611221
742975
141509
165430
383833
805170
2331
524381
564562
612457
44998
857847
752017
457855
623297
83358
332840
397030
598627
885607
221952
808825
670785
416008
360538
645614
406721
813395
395872
206887
157756
861409
949799
751591
529679
100682
817924
514785
662271
738704
38472
22892
314502
19547
70489
640532
333502
471903
143406
520970
394473
217817
496934
662779
280795
874233
87366
482366
143620
526810
830798
374950
4382
175980
89462
617399
322031
217459
1610
488502
296315
239144
602655
187481
276298
522109
712049
521886
278737
771582
208154
461112
150976
698259
354929
577315
533800
74146
88957
358873
149510
6865
3861
564189
981936
954281
619669
922804
877466
298262
397759
599283
584069
930635
845419
855924
429062
791106
158764
535458
600111
330977
955137
721716
651228
622328
274485
952695
221915
238247
466196
574339
693177
81629
767114
260751
827621
258619
905689
345185
396548
683606
286582
711582
406096
142811
761409
233343
847021
238286
90464
744036
246858
714539
123063
87427
711664
508845
613061
456889
672171
100140
307550
480705
360529
423905
574913
103042
37427
537542
537877
244162
323104
108120
412293
441849
338384
378878
772596
180096
227380
594564
36191
911720
730456
308288
58382
475623
581425
586133
323959
969006
175497
379541
32047
132566
642820
493762
261581
158200
221710
884525
719261
796251
696611
919232
914878
40456
866106
50327
799449
485626
778383
413896
4414
387570
677195
346819
919709
108966
941395
15253
861981
187993
31722
114055
529436
980166
171012
620963
348612
946486
835816
752406
431366
157105
262592
125937
837878
260753
313216
775818
869379
128626
330097
71615
415569
189829
692121
619802
916917
782660
819593
297872
503308
295616
606467
556836
865144
674325
592837
289257
747129
889984
616246
505636
21988
654791
501100
764751
601154
800470
393240
411194
422535
29482
802191
802829
529708
287270
668597
952616
588396
386499
942728
3051
952217
448229
102150
963729
233368
627016
63292
978807
120703
476505
326445
911931
603913
690529
478619
193856
853428
279324
574005
414733
344184
723624
861724
784341
176483
81113
507348
13649
400405
554345
200324
678665
878358
257421
628329
848179
56719
520354
508637
308594
192492
429574
626368
471743
908299
506948
36288
737125
806177
592743
514507
525286
439722
723375
486990
354747
561994
182178
117608
764921
548101
52025
381488
950927
642776
66747
215071
641964
268594
505832
954780
769661
549202
560907
447907
719828
948990
663795
383313
125540
594461
579771
799374
324713
218034
637188
205015
49125
149045
290500
409510
755716
627727
743608
638721
423009
954483
282741
929436
438177
807508
613596
563756
143869
585606
628972
781514
266526
977973
995634
444927
321185
504636
419931
196402
15098
241379
10090
718763
33524
294136
435588
568579
739414
281544
459624
126251
794466
846586
371197
98517
492855
679689
655748
316354
127958
298716
847341
583145
425601
997060
146181
648257
269439
261713
795212
375211
727421
627025
470565
207999
157838
539622
770086
321458
388051
910147
763791
881761
230710
484867
71256
53820
874256
880806
790627
919186
610411
320616
431825
92404
32737
913536
682737
560841
419299
634546
879122
83566
816086
17297
82297
536199
990231
884629
207726
901991
460895
808468
687089
13464
338818
295905
176650
949511
387154
820542
293694
678031
539168
702846
313757
787360
817890
735676
303609
738124
590128
649714
607217
621294
913833
185015
420587
680183
469938
940055
712800
204758
554398
336464
876688
999747
73258
444007
51095
651049
95711
540901
793176
857262
89306
488498
342997
587040
33704
26700
945761
136189
319115
672292
643884
935391
874394
74645
951742
418626
541636
29634
335807
926387
724405
62538
712242
261463
247953
594987
776258
697686
703133
502768
810421
842018
937917
617624
689789
468584
56024
300485
214381
700753
424343
480861
728713
78133
959181
995201
169846
374109
891825
593320
482384
410675
435014
908951
353370
461256
265691
610495
870352
917122
399086
715251
248665
786464
191788
456836
769049
586796
403988
224763
98210
906940
499513
242098
784522
122852
395366
346959
356631
314043
634075
536734
797591
743112
52662
720906
172749
10122
166445
12856
802821
852385
694712
818817
153801
162908
971340
793033
298092
939168
954241
635264
974083
24369
271445
610421
208756
475424
792457
336402
294950
223377
194409
530104
414296
222184
863081
935736
185805
366416
376683
282346
46949
618856
725405
125678
972616
149834
294528
902269
360443
984248
869059
168042
995348
947493
274765
47355
90058
257886
315802
872158
56294
185235
563773
573386
333270
694534
117123
159411
349664
927631
614072
924969
412212
508105
828611
999502
599386
600669
904428
82738
733898
805481
555071
892045
187738
620428
905736
782296
91858
407888
234941
834696
62043
549685
267003
609000
487510
881366
534057
326802
924106
780026
623993
601609
783733
374714
400077
774134
272771
687946
527606
746558
93852
810149
819543
108924
478168
576089
342312
640160
163022
530156
777942
141475
513098
845034
698888
949798
134492
437900
480893
671142
87309
73735
136849
798750
886765
417070
828895
560698
940936
193604
43455
492019
997239
777570
671728
316619
365586
488065
810641
445031
497283
882021
295178
22340
413366
75367
693064
525719
834540
4061
831205
375365
162671
223015
493669
527868
843808
773849
194652
364780
411564
540096
51630
316390
807133
220371
190959
725711
139213
483960
717800
676224
868789
12847
343547
253886
961635
662495
941662
723665
789834
53627
794307
647107
584051
699281
74264
311671
142290
834607
206890
353635
421043
853170
448549
612971
365267
833388
686966
455899
157067
438769
614609
765761
52903
282815
916622
120421
86357
355911
196846
431590
704121
250972
293116
730291
602910
198327
393679
970082
558406
13220
226796
400752
619362
798157
271176
537622
88861
870113
279786
703492
606482
349857
541039
844477
270303
773959
726056
72270
316113
721747
708638
159468
133886
24499
279669
471209
537650
883982
1198
274835
458817
235437
145670
35177
728892
546054
615292
479675
782654
188519
870000
268893
972070
437244
750759
802503
199967
244093
596203
921356
374746
116086
542735
782709
713053
98612
148368
853882
313909
5961
80343
403804
25799
274813
829276
929826
429573
865937
853732
451373
6076
93616
463146
407930
985673
194677
720156
445556
851948
440275
328252
603316
465012
753637
618279
75030
483610
987667
119603
540857
677866
77789
687921
296658
311196
933575
320850
761837
189057
445282
896421
712514
508441
816690
917182
559536
54849
682369
601907
612761
819721
840703
324736
895129
924068
326164
658314
249315
550713
703172
139328
383290
569686
461630
439326
777546
828292
6465
224459
481121
368309
271212
201315
601037
768346
503840
658575
44434
918609
254163
479375
612296
130684
534132
585433
346447
953005
552758
245723
640752
261949
972028
298077
871058
202684
996831
734786
30038
907074
89503
396077
499983
402980
305059
441601
180577
699202
644974
43456
894901
748990
591777
149
298454
927175
167975
463661
650091
816339
861632
857279
175953
456363
831534
249581
232021
302624
486326
784706
453579
38363
655379
618779
905421
64018
734205
792995
224787
262743
528464
399991
786348
832714
624413
326760
982871
105391
295562
826654
546368
50138
618214
584921
337178
459655
990157
148819
856853
52742
390260
372162
192317
112147
555538
683770
461679
859460
837356
426350
338744
895835
750715
748502
714443
345851
722747
531949
856351
457784
275731
943634
395491
591047
804892
704334
396191
247252
179535
204149
274920
231603
632208
349093
307071
579374
207121
69996
635464
646269
721444
751174
482530
361619
685985
6595
577831
643157
876400
762055
310273
773349
342644
392427
702055
626525
345173
479810
110515
968024
886695
970870
619234
540330
259772
353296
907111
377135
173891
382422
542252
219841
893979
668238
148262
315843
429368
68257
539091
673114
14960
812251
350355
153980
38627
432143
693153
71648
846789
881815
852844
988693
397642
36857
158806
540911
283180
775462
925064
555292
562844
421596
784432
146260
837827
89451
906584
297519
347187
302548
454820
842256
926959
51660
328232
190591
621011
205089
44771
512405
989217
410036
588380
364304
253866
867876
607512
914694
753814
914316
531509
888503
782096
495522
210535
670331
3216
630336
188364
532890
551494
311807
371373
103290
322400
629503
183635
740851
348344
724868
563716
128383
362845
443579
187225
763981
667389
397786
212925
782900
20716
447205
480132
385924
434579
911884
148069
186489
573240
955314
305046
163721
851173
240264
220546
910749
395128
194648
651562
730204
838727
177374
436053
631010
468909
631248
846325
953551
603445
40063
556248
281916
743394
507029
256071
171849
801945
777982
73791
981714
391852
779236
285961
125376
856068
374866
64568
916795
561450
830778
430975
972733
209394
138770
561900
762946
40260
358040
101189
151708
534280
215287
583166
782370
148014
656386
89428
813064
398871
784797
561352
475914
469155
587131
503355
63683
394200
198401
959267
632666
280363
890505
318503
531675
772079
975556
940381
100452
686423
702647
45277
328566
860585
914406
411202
362987
458114
435342
706557
566215
535808
396875
960725
119846
263631
395738
950847
516053
147411
734841
530069
601341
951919
757675
303670
583418
156784
743383
591867
129483
245018
503888
688209
155746
742413
810672
335288
346458
634130
741021
560983
359304
566600
189869
126073
921321
574373
429478
505832
902459
18347
928734
453604
797481
962602
312385
14656
337502
860523
202545
530394
559355
39232
434504
390837
637219
408422
727481
577141
671859
222036
395284
769398
536591
981027
266856
391753
596248
530393
641986
198155
878777
813971
669652
332004
924129
808847
971377
870873
525515
675411
946677
273359
361080
808958
53058
86301
6143
260137
367461
330956
812731
994426
995158
945518
43298
927493
567582
792984
315253
902494
217491
979069
147155
693119
595967
440104
322217
753106
300319
357141
815172
737949
968263
466797
592327
998920
92131
963485
851512
356427
332056
3858
531700
413304
369608
386194
439107
384418
740148
789370
689606
865065
532221
692688
334413
734371
831107
218180
973061
721577
815918
651848
793294
810491
984523
982537
881643
269521
77454
1864
347283
856511
787894
138202
599012
525571
482574
24568
31351
729071
291151
912964
640142
629485
899427
187993
556394
13236
982788
317453
48250
603654
359939
794950
586541
151203
200101
647285
797417
364686
150631
452404
874836
228729
70819
241208
478415
458191
327883
735475
59010
216734
363665
755657
701714
625568
388905
927660
984943
87076
270950
358422
519819
440222
499521
660898
338469
296071
248377
443592
392451
784178
771860
653491
231550
450541
354947
132929
460599
313360
786787
604118
708968
562981
760992
44637
112533
809332
462836
155677
68128
120169
271501
627507
219708
333796
662925
700338
324346
716829
569579
826388
437055
100338
724343
309275
69207
39695
808442
266952
600482
532537
961019
736311
117676
599799
761758
24469
855387
747741
71656
561791
851201
449206
788765
617337
253841
345613
301578
225096
569455
521752
549279
576813
474912
726466
835188
70334
82017
913108
814316
85794
298259
791295
50231
777256
590611
2120
853745
247365
581864
280720
148008
922984
787286
592703
925499
472636
571151
663629
238493
560057
7049
548717
544633
673511
730987
362326
547056
158513
489889
240430
63485
283618
135247
264917
639546
422846
36065
539148
102460
931711
292225
894721
44376
823531
779618
929784
216201
697998
985337
659351
461226
287386
656140
370318
187357
282967
933410
309537
820750
712328
976986
608979
392722
136348
222680
522929
949737
508685
2266
461496
209506
597977
512745
673572
917854
417499
680810
142998
892588
869382
416980
215584
748372
775869
273532
822064
509039
734609
798092
13144
725043
176535
219858
52534
364045
804517
517876
728965
275495
255146
281666
445822
820169
723815
777764
58988
927771
139022
540018
461323
957640
542069
39330
557468
191551
417079
705564
377224
924947
98599
460010
374958
422851
26738
772747
5963
105363
89040
522534
953221
510233
541094
347484
544468
971732
258300
27446
90253
994933
971350
758078
183565
97474
776817
128105
739966
485520
532188
1521
110153
72878
781104
756545
972952
877345
341933
960714
123718
474313
192434
850291
855654
153314
268248
808365
274349
758310
704428
826596
486269
373712
761800
990545
740303
565308
698957
233196
671355
695530
952895
324863
891815
863330
689533
817238
372554
470769
391963
228051
475100
417937
547422
470750
965404
822055
303251
80825
710845
816293
348172
564593
272174
654928
30072
540464
879621
903260
741086
865072
342215
276467
952886
240586
722838
999188
480676
276652
442103
212376
491154
461801
119743
139216
3816
561131
749210
82635
59435
145220
237304
699252
284719
829217
52117
777815
207994
433631
227875
54468
533175
594296
492309
536524
722580
55126
945930
674024
764345
826376
309269
989882
866852
803282
576229
943083
82789
132510
890518
80115
74547
584913
299539
400503
558570
892409
88229
341964
699682
467234
941533
411161
763693
378312
64730
319963
194412
212262
817848
256259
488014
4589
576341
377338
859559
402000
154561
20100
752937
714620
292161
807490
744513
643557
685120
150673
420944
820860
378579
444689
46084
522749
315815
154944
335315
915812
65226
814276
927764
676159
673298
635591
793338
677599
503534
970172
425389
108520
698119
262465
593862
913352
289746
108445
602215
500164
3893
748456
413621
280302
992275
818378
942644
205043
869942
631131
40701
483088
757848
831146
860766
435813
899342
587994
922830
889762
320338
792998
846219
175134
640427
115780
30610
928710
170363
482663
686907
242162
111525
264479
439278
317459
18008
558684
106629
909257
618109
433552
336640
412433
651321
858994
638111
382172
952671
704862
729248
241850
857717
652825
415125
444533
536801
881395
119137
10875
738481
592133
524047
860019
636164
343770
690958
384752
704343
570922
768653
664835
555440
556098
736367
568874
952545
589311
773035
404775
252793
955192
169732
834028
439181
728572
845855
899122
427166
87216
559238
844009
834343
439195
646712
554314
160710
299581
633450
440776
278852
90969
79263
341925
395075
287444
947423
952608
229059
149174
868951
861067
536336
779213
435340
606459
739852
524208
984637
861850
26581
374497
69205
319126
866834
892748
760138
580732
828319
773100
745685
195423
377234
571533
623374
667634
716458
74412
882403
332470
538644
872954
191604
101708
701721
782335
98063
760876
126439
960092
788163
459566
426809
838633
955235
881862
749798
788093
866073
309389
87172
766283
864100
463482
151286
995753
431535
604655
103129
775660
546063
906992
316935
198448
882649
179246
984134
993268
696990
128834
63313
926050
930949
156149
527488
984043
780931
589435
369174
505745
677433
920193
54695
658814
287017
597468
634020
556178
484566
670560
306181
785914
860728
61906
248529
233019
876569
802101
751693
657039
119951
39168
130303
554406
613462
809777
11037
67661
591305
906043
2647
960364
894653
730779
857534
696297
479995
159753
5647
891883
747735
357833
462624
452409
622769
220640
281638
280640
524424
151780
501089
755699
326198
746605
975781
274893
836108
87400
14469
89202
458890
76618
270109
617715
706939
709536
107324
429873
25835
92165
927404
43800
312774
174446
208608
139853
659023
144095
724346
202467
986361
396352
605238
351366
701030
745098
816054
203962
651961
821596
344938
653694
166106
304426
905819
568906
384134
170260
868565
496248
142863
608533
96367
33599
905911
785170
912952
875033
597925
454226
935360
58439
232834
518093
645952
787755
464051
740445
66279
832338
591027
535313
523010
29844
405963
990689
741254
371028
799153
521083
827709
578083
62331
617404
319051
709825
569150
740730
321884
574531
578952
508798
194477
294992
879989
451855
80371
230405
127602
893161
419563
399801
808524
712781
108031
466202
759284
327090
862482
690358
753617
809497
372585
24918
908674
835006
34933
668549
191215
242282
840449
146414
354762
114405
520372
533923
117416
439497
427012
934586
492470
851443
443128
764434
306585
623826
596503
317619
386470
335841
109042
581139
234043
739889
873035
719861
340792
10143
613473
343148
309853
591846
577945
364350
200834
976205
249866
972772
888301
727745
334629
48109
726483
956285
335232
893697
265518
672357
504445
945859
110263
393459
649243
534224
758657
36232
904601
606821
376050
290276
199170
848477
665694
645361
742618
779223
799553
502266
597219
935414
292761
998457
236108
912898
464030
269389
584695
719147
644703
585674
506406
266990
500475
653035
380609
324817
883704
342690
706118
979848
844483
601424
362829
896058
478404
435345
218615
952221
317341
926382
876787
903357
727232
76918
107180
97692
472106
805926
725778
711092
827648
160645
274820
203736
447812
819405
53911
433848
284020
822211
965894
916675
574783
816424
300854
463655
88869
828872
845028
980148
554346
203759
287469
409822
116214
954299
686265
380449
369996
491981
642821
980415
954917
497881
376012
850021
256041
568093
26130
399276
280521
842095
5325
408955
210491
904302
258992
601289
807315
773402
589781
636544
738107
839616
360518
152893
43599
120846
602919
298356
915479
457669
453892
322353
882978
629260
415603
376953
125115
702688
416870
191951
687243
422953
643919
767506
725259
835304
569520
828099
545699
708749
876542
674213
389796
745381
420081
200381
329183
500657
869291
941881
795616
22226
715266
369197
314570
600736
691500
167352
316176
857881
762886
586821
523533
774646
527169
109806
182785
434329
912873
410938
721449
985123
224723
645447
416186
773091
158051
250243
151929
442473
992759
54804
16762
367608
499252
364824
38643
144729
514539
371590
60348
39052
592423
427891
464037
497498
652181
187889
999603
55430
160017
521234
10873
414626
526153
563530
77968
310077
450576
80818
520307
213946
353473
992745
864569
67580
727438
753813
923567
193341
200228
528455
214801
707518
79420
470269
219237
870489
774401
782145
66997
721074
471961
822638
144999
894220
282003
983826
478138
708471
27243
56623
773023
35559
654012
536732
365106
338017
664707
137673
340051
366670
662731
90975
662630
284082
101179
665030
719203
950
142904
951872
441178
984353
463672
100466
849415
678501
410981
958851
632397
651094
447337
725853
41299
618037
732060
434449
766904
946475
479368
496599
468148
596305
130901
631731
427276
969324
761430
406706
129777
832310
502318
269972
827190
321367
141472
543940
597613
109491
436019
347522
190429
155933
608638
604257
61665
723049
830741
410988
720352
39198
702416
65764
615716
913226
15604
887717
563481
178416
414977
838055
122916
111453
972376
12511
532958
762905
839430
266437
606444
676088
307633
580145
837308
98768
268957
436255
179230
841860
879132
809169
863548
496575
400080
320531
224760
501693
866398
484698
762785
776323
674097
535686
724753
214127
161384
783367
347877
572650
60061
511259
677786
850681
89427
744885
149569
792627
845499
740538
505246
315533
99619
313828
40099
271441
245500
903625
954628
15661
61254
17462
735543
247656
883802
252981
123466
897263
771796
159151
891552
517518
666843
382826
700553
288122
378382
97266
294909
118091
677900
767510
846901
958598
207200
723914
988775
288536
689223
79466
583900
546720
938464
260510
758447
444899
546160
76568
734756
491107
759822
154746
821666
864393
79153
943253
31630
965375
456468
505613
539398
357594
856515
224856
791415
836853
353862
808549
214172
679641
192359
424793
825619
272792
308768
832756
31261
624121
729830
738194
678066
403789
536204
741838
995647
936288
819030
318017
504446
36363
627995
156008
729135
220839
874133
996708
529656
934172
730313
243610
812886
259735
911373
784826
26623
438234
860603
443613
780822
444589
494065
78536
445002
647474
917249
835214
589580
231382
929532
552529
996331
78435
549910
807656
63053
482995
32246
81885
932172
457087
978205
632269
866218
757078
994608
982066
780211
981993
880163
11326
10734
935747
232516
411677
658367
644245
888097
619485
654556
846767
457496
157674
812842
184843
453497
275058
225715
617796
834265
976679
201222
93796
30774
606051
370156
702554
879490
52261
390210
333642
446350
9849
129144
