7744
770100
242030
661460
745330
180517
332636
391536
329687
56500
884599
475369
604856
274486
71428
132732
382191
587680
804661
100302
841884
777251
640769
592922
479241
382757
124659
355992
756424
551165
429405
890091
459865
537835
334893
175655
387976
125842
836152
244988
243475
822834
856467
141764
294473
520326
895201
53989
74893
246743
48935
355172
548954
194491
581947
519975
418433
510094
726874
472868
13101
218315
681688
723115
312456
758087
138995
156972
831126
506058
600000
411143
211039
279722
502503
57935
473002
567814
878379
462937
640933
346973
392577
692039
755906
601160
761474
312427
358523
634394
392699
252090
481941
320243
559746
597488
41922
232731
620099
117497
367648
850849
619096
833219
245504
101936
651607
60574
816449
585163
462021
242284
425211
50693
259304
477291
282807
797151
549019
809340
478363
871423
368986
158191
564292
851337
470269
555757
476620
792573
887074
573889
702315
890189
863171
464836
554969
827320
91910
263781
292241
12712
399507
100177
244945
768325
479744
71140
263679
40116
658504
541932
431206
613711
743227
361525
507710
327554
862287
845719
786665
751615
147188
333849
138681
230879
22212
277344
395023
517078
459129
384696
493310
300433
352121
56157
1998
511151
336173
476838
523901
233849
411823
424399
576799
812576
168002
62786
361190
640753
676987
24098
669982
546295
341148
521843
769903
383117
109442
429641
263045
518558
487284
789451
229804
476507
693980
323491
692564
649016
723314
173030
656372
221252
645460
565562
538763
313412
675314
704969
458946
2443
859557
256449
517326
841751
499712
607941
370033
617258
308926
13395
25184
750339
801979
319506
758623
470554
766239
85688
115816
604085
401621
98102
63402
829353
454681
357633
87566
267856
816976
638526
894677
289187
291218
453225
852830
557652
612738
296033
193027
336011
348030
629940
719715
186043
776049
401826
135995
680512
571462
820336
845325
636952
35800
668620
562754
282427
146052
83928
299723
715576
572864
873973
406147
8237
299621
871245
4465
422690
819815
196925
486698
342243
167333
571485
242131
527736
129660
706734
405987
628771
319158
588191
784967
250582
289344
335291
863200
848942
791033
152754
387879
679408
339941
802147
884848
805086
605794
867683
846252
188885
547923
826220
863432
156807
577015
54149
73907
447248
839934
440554
813949
329239
62418
678392
802075
752003
273488
218295
700456
393079
673434
635780
645477
393643
638213
605690
181504
200041
102285
333917
92402
36193
87017
490850
105987
782921
63545
69758
660296
782485
629628
18634
506828
325423
598302
642832
679661
250067
768526
232980
860861
58185
623501
232578
393130
662015
544610
1712
500183
105090
831371
434735
875784
304218
794414
396628
809917
67744
535662
756765
611670
699772
683577
440450
340181
524991
712158
15578
194944
660025
663068
813159
432741
140344
574773
354111
323225
852607
631233
410264
671897
753438
761759
241871
29266
118004
871686
544436
295675
646973
180410
359126
124960
645785
507707
659559
421114
803452
854871
623339
635193
529707
404031
520994
494563
290105
276758
385232
97174
135038
362342
104934
18698
70961
167245
458414
53267
118914
654005
585816
191938
252055
447778
465916
777706
283744
652292
692107
43456
571609
758380
448279
388923
19676
695386
572731
363483
440800
732277
829640
739015
556466
812053
136430
79022
582350
634682
735683
600655
426074
771999
426931
468468
63935
627144
159044
605721
100965
741305
418308
140619
195786
887905
410801
372523
537695
589395
520197
615281
665023
101301
186685
899886
110797
709969
474756
823530
557289
175785
480960
415147
735598
491463
746649
62231
136971
483155
208993
706193
700668
802493
438821
699871
314532
448794
128590
119660
681897
495788
577076
882921
21229
18778
276032
702511
477540
654687
289788
466784
707671
350014
143226
136107
401331
792883
144766
331021
794542
570820
176776
175349
281497
834358
109634
506880
559035
695484
757250
169635
883535
565194
353788
388136
564955
644361
626888
21967
504811
6179
799499
569429
608491
93181
485989
360626
235134
679749
304342
469532
365885
773568
80269
18729
119535
659398
479023
453554
251777
546026
72608
518516
527619
892401
720786
555408
533823
873284
833319
662801
614806
564289
74820
483373
267897
322539
76468
49989
437729
508449
667829
587527
129227
371468
617700
63315
536148
128722
153952
279930
161740
31432
556637
722050
738554
191973
678568
144518
211628
464689
723186
857978
615065
540572
793915
373004
691990
313003
390812
280839
603825
765197
143664
246673
490477
350636
357408
111444
786554
763870
337738
471802
650416
68827
704909
541233
543656
877353
307060
525230
398903
131092
309532
278638
185032
799897
554980
464951
662293
537281
135664
722493
3074
413579
110298
346912
557526
839042
297334
543763
799638
68238
893375
898071
727200
232934
719427
857894
103553
179619
438057
476204
166355
761647
422874
149328
637591
97276
36563
502800
189739
522418
324133
308010
751656
589152
616103
869591
148218
803636
827257
780305
705789
671941
345429
20182
297488
71501
694068
883877
167641
18773
557979
142404
778293
606568
425952
59588
566586
282569
434652
515900
452395
323073
829743
300595
81719
581008
680491
568250
108398
241157
242526
78037
666913
717352
427711
888441
830837
784469
648916
705649
98307
883875
633694
880251
149872
762626
858434
828175
324036
584068
496340
244064
573225
360274
494786
923
279426
311327
268890
70892
249157
675545
311481
415456
441655
208891
233041
295973
576546
45184
424502
38862
471157
861939
583110
446803
674328
834274
149619
547285
781451
143600
579310
23518
48890
376905
771377
186279
39103
752848
821768
358835
826868
320117
145309
97305
89267
868898
141504
584959
882956
538196
524943
518337
540226
777543
570727
109393
216738
697738
740967
132249
371777
514162
28030
265244
802225
44203
611249
803194
304224
673256
759402
658930
177006
711739
366879
350114
723144
377889
352670
445097
576742
420853
371923
367182
132029
415812
98902
233882
663297
791680
296756
398400
564507
858126
571992
259964
485763
46619
141077
195673
755323
755851
236914
628717
788871
809778
122259
1375
772204
235355
363617
97065
84292
536069
772981
848504
506491
605166
38534
258768
517002
725288
89964
208813
537774
642568
591600
473636
792579
505117
755730
119623
653922
112541
393302
238600
734100
348795
352845
282261
371794
888597
649019
768193
625659
79722
200650
596260
208337
214249
22763
480632
485328
347524
674404
338532
220076
100579
324346
589718
467238
129781
540444
656393
464202
236642
568969
514247
421608
325212
161120
99495
131629
665747
536098
302199
152478
604743
287782
597877
705489
96056
747385
460023
796072
766522
352207
269419
23338
173349
471339
456408
540415
372488
865638
283587
399879
551773
148063
72238
169848
54072
838912
447130
665971
458585
352713
746670
725762
363489
780892
719536
717936
377057
566980
787727
454244
462829
142018
888899
300316
720112
525877
380653
332802
30905
712549
141208
879629
82323
420269
405249
358327
506931
520099
752882
749878
529674
399237
40009
268474
335866
778881
185112
731714
360806
199648
340678
679963
289282
491601
852051
193333
888745
736974
161720
597156
232429
498541
875213
325968
870952
434693
724004
496441
639986
848635
848018
674188
265516
111816
825198
194458
261144
627880
648722
305243
211148
723682
478111
52798
28251
827631
878397
519947
872467
362217
569663
45976
204038
204305
223557
690916
732128
889565
146875
684147
234135
650908
355455
271847
790497
684007
13952
510263
390111
452423
851745
809839
646134
535677
311005
535235
800926
80721
601349
837361
196372
371930
465221
419218
889386
218982
279652
154045
854590
46728
748138
711961
78120
408956
519644
279452
774029
743319
312290
726020
210097
410031
508042
878929
182601
251524
815558
137182
623279
131275
361168
209178
802638
224437
864621
668455
566268
297856
385743
600142
290792
632890
623061
716317
710761
205293
1837
337439
833078
257195
843674
524758
651988
847543
273649
242391
605930
897773
732508
728770
357456
665168
656225
649020
867462
892623
125693
517547
131457
692690
814378
803853
607840
331079
224224
541557
138973
117667
484440
305348
729758
822839
419083
589824
673867
497201
144665
769587
174107
751532
661445
506787
213639
382965
70493
786601
867616
683610
368184
737872
449436
327345
450872
208396
563787
793443
849263
740917
620551
867188
526270
119519
727850
372015
855609
721558
592059
560018
323270
179291
530624
416019
593796
311286
96375
733422
739208
625142
693183
534892
809730
32781
452145
746033
261982
760321
25292
160610
785383
316848
715182
301905
441382
413027
411678
710631
254568
183149
354214
110669
595581
560193
849791
830199
702428
497710
401380
887950
778181
121240
595464
825592
472511
503891
571812
54021
849215
542110
712521
502393
434218
118586
354931
201073
96081
463590
449438
704116
580956
150201
163570
571416
441154
307354
394650
597709
257363
504479
356819
53834
133048
756065
862816
380530
489203
77560
122906
751106
472000
91640
467172
397755
864541
593512
266620
794726
362214
252762
417006
183113
220664
38540
274178
794980
709048
785594
70838
315272
530796
130814
80455
342869
173926
279974
182600
552942
208546
629551
415285
441180
822789
268547
631394
552475
127076
863053
893548
307717
857831
418517
549841
776729
2562
853980
206491
296328
856355
427061
693047
171356
659051
224478
285060
568069
446483
432091
496487
803777
224112
684333
454844
579846
86480
542035
502662
541615
662564
754269
105575
617186
423992
437353
371724
700698
665629
369373
566624
627990
202344
186559
267553
860669
213972
412468
844975
539180
199234
47763
327392
574109
313377
400005
887920
503797
386376
127484
128470
155083
406527
221389
623026
499888
607198
350731
518883
789439
60141
723618
685973
420643
897899
783884
881687
468895
362059
510803
547402
806398
667256
659236
397878
105080
301881
840428
449559
561757
399983
508018
578868
533409
303643
70193
698128
496740
596188
51856
791897
464797
506486
166207
15454
267234
574095
818384
815038
722327
283988
757136
686619
637488
201304
184193
420206
100005
672284
2165
759316
259889
122985
255817
293413
173926
186106
510715
308389
830738
376951
233130
399220
217862
608157
489129
887264
706952
58905
254175
737466
876919
365523
258942
361158
88374
200519
91165
328780
334008
29326
144980
84427
212550
325083
405684
438669
229039
94306
427265
507510
225741
364115
599630
350486
76528
655076
886067
818686
467209
187500
863116
612495
303061
565164
229937
595661
12804
792424
150926
700595
224069
262515
407966
766881
636432
801161
244713
187280
573007
594197
274871
455525
545930
879475
268399
654020
651533
728272
68145
646940
823704
515277
318317
556704
577060
718595
607486
898422
661709
598272
301222
752680
795648
779183
351238
887033
551938
263382
472442
629617
744474
604281
145872
122841
887068
325147
539427
898722
502835
65957
106968
406079
318506
624479
30932
400723
486584
121756
327416
331013
21638
896626
877370
740112
426077
602566
777601
240183
246193
281446
22397
784981
657508
204816
144704
673491
586552
822097
517853
307443
500821
810823
848668
171401
577971
382599
253846
359050
673637
34363
377939
475228
412066
455939
641726
402093
733585
340252
848962
847807
90448
294591
692484
549152
55681
434624
600124
56888
203506
488566
173265
23804
342439
104282
157135
242144
206918
94377
12296
66890
626079
460164
45572
81313
3542
81719
379014
741315
695919
819542
100958
599990
253716
857282
685828
639606
16422
575787
85623
260557
199422
256848
268466
621441
576638
627331
844615
660872
33593
107464
334076
693110
157627
747643
838271
697143
611062
532688
523238
847608
161771
673046
248551
834399
538097
238421
607633
560731
267589
505815
560934
436758
707087
177123
223445
528454
384716
70116
764184
636547
827101
228040
272103
752916
834507
285700
502455
44098
408278
649653
499506
293230
277337
825793
377268
475390
775739
886940
841663
34002
668788
704999
652540
810229
549113
88562
885295
327119
722823
302850
305941
737015
853065
35374
663037
647590
692485
487075
117248
57543
300585
740776
615678
570570
203789
418108
821622
613432
782085
103738
582754
80864
472198
716766
491757
141584
128402
136002
713202
581375
750178
855298
756978
421639
699855
762942
176369
485713
182300
462973
780718
392233
304580
759437
436222
632304
817179
677161
114723
542767
54404
459892
430702
286921
115439
475810
426414
120874
135500
548214
887635
243356
770385
313958
746820
39576
408451
292955
648633
833337
421828
472852
458870
690444
315322
556745
585765
494083
701144
642541
876015
806697
522827
590381
25718
553425
626659
276630
449842
784103
758716
361747
401894
36744
823880
27827
656638
637389
460314
413673
60904
11041
745842
447181
708396
747732
549152
75680
573225
237801
734615
756845
1005
652042
401391
501386
459728
579131
245303
73374
11022
410860
414901
742845
643263
433639
895355
619278
781237
530410
30504
595789
97649
452655
744248
299821
313123
294246
408906
719893
423612
211972
510700
592043
472785
587444
91588
482031
12878
878508
753213
621982
405557
426651
530156
851158
123826
777439
288671
197849
171164
168979
835297
495115
385354
747333
363340
419030
426927
755429
688203
49677
234195
232697
212203
693709
861072
856525
212958
317119
567782
650440
576139
269978
96859
553659
192149
205317
668179
31922
814854
531994
27591
399245
61400
757990
845189
155880
413760
475149
313988
893685
618264
567051
754690
861612
554792
26421
792093
494745
361040
287966
798026
512211
840852
704917
236405
117133
536003
37452
465269
476357
649478
691027
577323
688026
338722
36643
207223
195963
492426
59735
262807
247675
33669
860724
238974
690080
505047
69737
704108
882874
353998
737745
432527
869521
337260
166837
163254
149271
467211
684175
313614
92220
835826
759498
867867
307649
45683
207269
607861
868868
158333
759606
79324
303514
482533
191115
440953
12954
476845
831691
808370
255254
490254
494108
63337
2725
254375
370301
4531
765084
3649
499219
561456
14171
8382
158242
540748
866595
323486
598065
312337
653253
640558
225872
672038
194422
822925
504437
280072
508574
308284
247457
321251
784528
631266
638082
329292
870868
103033
472209
602335
319392
669080
869820
691249
588997
276574
450430
777713
203910
41176
419978
473280
558691
234735
130695
797993
366867
680049
99413
785566
779408
666010
313774
465329
739404
807903
264839
139340
615586
712470
834741
892558
886760
89413
154765
399075
882464
847078
807140
172350
209293
102356
23765
663381
811618
613494
866209
102650
775158
504132
608592
473873
625972
26298
619221
625298
35247
504792
374384
277373
566451
464595
783118
395669
704310
509628
675243
534747
524942
273675
8855
343784
292476
851752
543413
260486
52005
358069
816704
586028
93474
7323
881353
392212
385165
754608
534172
574714
590396
850018
801281
793907
578890
485763
89310
290215
388432
526032
461945
387789
692371
343776
170010
573890
592759
241670
733167
223142
829746
638466
205674
46387
654459
170474
832453
160730
336481
610960
309158
106620
693559
501041
794429
326434
875437
690714
372586
347353
614362
842966
420379
632205
456821
361688
234067
219297
423363
147362
39975
818569
826219
898448
516130
233828
256198
657860
292264
144345
217906
51887
598327
151372
524101
317720
317641
528637
883070
618604
787638
35518
69655
675650
354327
753615
121430
81129
526213
401624
72291
591345
502240
410274
693813
870835
469419
12242
495749
403678
287957
712451
713476
525503
429682
147391
719880
98860
583912
142746
759425
706733
347782
216939
3242
412071
738318
147751
677788
672839
425652
15899
119772
253095
818590
894310
153332
383168
408139
69554
254718
241068
560976
806317
717821
248694
529341
435592
230694
756801
392255
711563
333340
885297
604926
579698
215674
153722
66502
754153
662152
821316
879172
288287
763153
334872
377542
380714
327595
408137
892261
883479
311381
17377
164510
61644
884927
108231
110811
886620
866435
586346
467409
237413
212241
446317
293539
696234
744936
831727
817827
844872
268705
840309
348760
701048
709317
312919
669756
539936
131039
271684
846524
599093
786604
221138
366435
593522
441327
744006
567344
637294
267329
424572
734819
678876
742246
68180
335159
835620
142522
238297
512073
479194
727050
870255
120630
432216
239967
895736
481315
43517
695508
773156
135510
183937
401865
775155
210242
114548
514321
525383
347552
25266
568902
770379
596600
778085
267805
825050
388671
500407
30611
27917
67738
582545
554982
523397
13697
748053
77120
102321
420543
555285
670286
846780
161046
60335
836464
510487
470751
349925
75561
240479
334095
200189
236181
260330
95605
109458
391226
724851
26528
317236
96663
537631
599837
756835
73626
730987
498525
708323
674318
629236
703829
31260
772785
784259
536352
478769
464131
524787
247679
254907
366970
662208
636449
433090
294515
357070
543997
808055
233635
413875
309564
668369
771019
444354
168596
531330
516074
236277
699374
375285
887916
584822
697001
537382
866304
715018
878744
421309
137896
750458
70342
176393
791081
129152
623226
469558
698819
259434
409109
70314
563098
257134
402232
829825
25554
106699
253603
579555
765689
191479
190360
600927
526911
52490
297470
675943
553857
582182
750146
246087
321634
92706
694935
67811
583706
534002
415742
79244
510121
139604
647457
218046
356900
138169
153721
230297
786160
158285
60623
176730
535085
31333
525663
354390
880969
482789
853689
248082
546230
441612
697922
810882
704469
11996
670807
631804
867377
77769
73969
300120
265257
587486
43204
849287
112741
701894
670433
467628
702762
205694
553852
86747
609352
885236
329256
256557
126992
763611
410909
388509
533539
791247
376220
770466
309030
709119
125097
399849
305362
249820
725495
580943
786567
251324
580322
305240
314209
745835
452470
215247
131267
877903
4493
160762
215503
851511
667733
891320
234007
873887
676015
238170
363726
356226
718580
22236
668088
169117
428946
721439
869152
139068
519572
214692
166504
696227
851904
573126
241403
176411
488762
264149
573055
643895
415718
230731
854278
239170
68203
124012
773635
311655
543251
307391
6297
37019
156462
740067
160463
793355
496534
808432
404640
618174
875117
273996
43183
562695
654114
470534
788664
328074
101747
427794
228290
83624
462060
278081
456272
157353
802926
643677
167255
756548
20779
556830
772073
64270
874574
805516
17200
241405
853111
521681
230006
64567
353796
335642
883553
626716
566347
700266
825564
94668
830563
178779
602992
110807
372483
401106
320563
857792
298882
416285
771447
890317
869086
354444
754658
700301
510232
231018
817821
473638
233980
580118
201478
17978
627070
688834
26689
692565
430496
619399
683243
829302
16624
797475
601006
783671
129774
790192
243057
437531
866924
541666
114599
35412
707502
350269
444264
229102
273168
211249
275100
374715
370695
277523
188787
889275
68319
419961
63634
668935
538436
180721
733065
569018
758525
556223
100544
12798
28082
183537
43694
263855
306798
541504
57324
84301
32575
492613
408542
176611
142074
180950
744497
843183
169852
805404
571331
27822
255276
228274
197499
196005
798492
684604
539673
795278
454861
646305
748328
662589
679474
714343
732432
775822
727981
398218
785800
779566
319030
296664
186025
388674
434427
790220
483742
76439
819360
285445
562264
185415
830247
783490
389149
6789
308235
739740
242848
886533
216390
373184
623852
346059
731475
207687
792314
240718
715566
824916
296226
253897
883511
821802
424557
670110
583861
596968
726409
190983
267159
38881
451414
224282
488885
518076
350462
186584
577334
34309
609986
606611
45963
80046
102991
664186
82680
497798
201327
254402
813843
71763
730427
600754
267397
613903
434222
381451
439885
496957
587381
354386
658244
32742
525187
805308
643099
808628
670337
752245
554848
346827
753859
268844
26176
121375
42677
624127
140166
682422
304052
696574
183873
412474
215161
474111
778628
262010
136208
96797
427975
803711
227591
667021
266155
581255
807169
734784
477915
126527
692043
762254
204686
720257
884518
501413
21961
448487
30339
63629
260512
495723
454797
446295
864285
283582
7295
567906
452601
334465
607926
4873
213768
164131
890913
759276
497234
738583
741142
127865
82491
894033
888734
897560
238339
90269
779312
755728
723593
828731
172635
376313
567211
234619
745117
634175
840649
185586
73489
875535
541256
625622
442309
852961
894930
811388
663849
202051
152858
748619
280324
677726
395197
391420
337472
471334
244836
794993
587045
534275
22886
693007
647076
257623
366155
421881
602825
425900
348907
557002
641172
510811
170292
754991
750529
148507
695242
647871
21827
16389
535529
767863
166191
559648
717191
606038
29780
693133
10677
471634
113769
325009
462499
767894
878463
117050
70211
786201
106198
554992
523845
141115
471435
276250
789986
340478
682670
174666
506485
454719
502065
449222
178339
296304
180829
840820
427483
646867
444223
163873
53337
867284
379200
524398
402084
150564
559986
296567
374711
317390
224389
370561
610557
809272
183098
27424
828725
22168
838991
694338
379701
276688
877529
393532
816395
265032
439792
623182
233791
998
288228
790613
613940
54828
452877
716078
757549
170190
215488
169794
107436
867470
101981
770770
224726
695126
331397
899104
872850
363985
317385
684503
380624
635495
292030
629337
301766
829971
9453
28451
70165
890211
552871
281214
94315
328460
830133
705445
606210
92135
675565
716558
560326
210539
720673
380216
92243
65288
225265
45711
849212
287645
500480
59038
514600
787671
445477
756273
172951
775175
595672
581606
485123
518527
506092
144336
618626
237001
434972
758920
348711
257699
358366
359952
666760
535962
141588
416805
784826
439298
479105
876257
52280
82608
511640
123721
411907
137941
256624
763354
20707
136695
524245
75
174668
587149
611448
500127
877756
98710
79110
899145
706016
833943
798805
411484
858678
394672
170011
667950
771438
791289
170457
670889
372073
535742
163445
168782
217155
819124
626917
894086
124750
186967
594567
36102
605812
631201
503534
14494
494493
570249
635350
639454
2097
799062
584376
680613
616437
382559
204506
54376
147474
186496
683102
891932
582996
149563
122234
308096
757326
743912
49128
226761
703162
5178
623187
457515
484990
878576
707186
245953
504171
695253
363345
223322
718174
219605
868299
841440
469577
460636
206580
107014
163404
366764
137811
590989
551741
682074
732428
476051
561063
653990
631547
602937
98094
160982
744221
410607
267920
694094
376872
110398
641639
392589
616988
586737
581708
167015
543985
712833
55733
841211
420143
76796
331167
769008
828668
663377
22439
309777
107855
585531
109425
91969
801572
689320
143340
598653
683305
676132
428813
727533
683637
513159
592759
38695
238776
807319
294237
338592
694958
246651
212222
683791
582573
795902
162735
294561
341373
198620
686294
408498
448263
527212
468722
170670
475782
851370
882680
632708
355706
205536
456569
101700
602108
333584
186815
575125
617580
596481
859382
136021
653254
480355
309415
85934
449107
235424
788320
658641
615483
874498
713999
395762
457432
848219
656685
267104
507525
294901
753751
49631
803382
750294
610328
800580
563297
87599
100611
626540
667962
258209
533339
482906
255293
179469
35029
783819
123300
179895
804853
645431
270393
452822
87094
436262
402821
802906
190726
28268
702886
686682
208205
815395
156191
873370
216462
315779
725705
897494
121733
25665
672903
876429
44721
414337
153400
811724
752907
833305
422822
703893
104116
755844
857019
431341
359406
78048
142227
201247
265760
534341
444972
326704
877277
574625
333946
399072
294110
807509
624791
256057
309036
683270
213495
818040
698522
474656
790202
827413
429070
517070
331195
408912
233024
644558
558758
746426
1083
502773
226566
429341
338017
475583
523067
179305
10124
192048
170730
83388
169326
411276
577231
596046
592154
30544
712974
146294
136859
783467
830567
238716
397666
13980
617576
515131
364381
502569
834492
153906
790947
802873
469665
749288
749100
653935
600920
77978
572029
178019
829109
420835
488833
389951
214486
504934
651891
392019
435024
804571
867481
697269
389124
637940
147018
361848
229905
731690
201679
608872
825347
489609
854951
760224
526890
91317
588741
45480
840837
468919
499028
480238
607677
4488
851323
396927
467374
795960
59772
863586
878176
855771
312566
4754
533556
214738
743690
117014
217722
530930
127066
96863
56319
408050
720269
666205
808067
321494
738064
605854
485160
293651
897943
190372
867431
222526
656609
186562
816445
738902
394680
35539
391779
210347
259895
232183
447003
14121
442055
38122
113894
280997
434306
22563
350706
702722
451961
526886
82897
852641
311281
287462
155173
32419
749991
114971
535127
109851
223253
403004
642407
649045
418668
371641
339005
577246
52545
51607
200830
673326
102949
619560
547898
204441
484780
729319
237538
4525
868782
160558
118776
150952
328844
681396
247646
280986
827115
697765
678288
634323
205820
230751
824110
119529
700924
53351
30482
536199
830006
364583
139328
750421
443111
198148
181530
325984
819546
750815
375571
659911
425233
794856
62043
329217
243749
338458
894105
841038
830117
337080
106264
770776
798842
25506
540376
226341
46187
525363
521317
300220
205948
390617
371013
202834
762897
456658
278058
277104
276209
790432
466503
5411
23686
125417
153535
592351
360928
831246
717722
576688
4921
272870
122801
162495
873107
555798
599240
727646
805918
124527
213339
197552
466582
710980
639153
268312
53832
338950
642861
130044
143605
8094
570308
821877
792751
239526
252969
865750
395329
546276
689411
651895
880652
701572
826688
184925
247723
757617
254691
753991
28504
144688
535192
596664
256615
37370
800776
897692
651728
125459
748457
630136
223178
481579
858829
383219
544787
734001
812090
659611
888492
66223
545082
266677
202177
844230
243784
880485
94503
868999
236363
625558
124925
166666
580480
532454
80149
317711
366671
659281
769644
869359
896416
814169
777237
228158
873382
504975
801524
783615
225849
350656
449349
682211
803970
23295
335421
791488
390767
711979
30953
457482
648486
840156
455219
842385
672822
391856
413058
648567
617162
725868
41825
513196
798263
490577
402136
680552
800500
667261
778710
218212
115977
316187
751633
263509
697183
260424
18084
520102
472151
788995
692758
47665
414487
10288
183227
25913
519776
517000
759252
779399
546171
282401
833010
562432
893265
105686
584568
357823
137210
39443
159006
717652
107053
601887
239154
173624
880982
131749
812057
351724
588901
360065
294866
488781
25443
185412
533916
774998
13792
120612
234766
17779
760936
452772
540484
543229
583316
8251
321146
310710
592700
411875
272944
699107
471466
640064
254989
209217
260266
87146
706912
383205
51389
397945
773954
606036
517837
470445
884375
685052
754747
282487
832212
346573
15668
212680
361498
380664
606594
659796
100960
870690
708446
196673
317199
222180
463076
756370
443942
189187
213151
12747
621310
710119
51107
146880
301256
795738
20569
100542
493875
293631
299380
790902
11177
442092
413443
152417
469785
544837
695616
252693
367791
815638
469445
784611
415519
319085
521662
672233
48098
179154
560345
793723
190071
454500
769434
381225
609482
698514
763979
361165
431121
562642
337969
687123
850739
685953
825690
380453
542980
237528
537586
182834
449068
733543
397428
454683
764133
77233
667965
381306
155523
166115
550077
301358
316462
369458
897991
44295
710218
52816
94600
727947
109752
236715
210484
714595
664405
877922
381787
605862
680896
108389
539259
582879
777049
870120
2479
241693
858181
579587
133030
805271
894894
439561
106062
233658
557319
397059
575918
80336
570702
261097
199091
821039
635498
844700
666338
9595
275283
528003
307085
263449
789168
248159
75873
695633
427708
494605
51227
769086
98850
862840
545434
105430
232328
335353
858320
765777
111752
404972
458867
730360
368504
848848
201200
681131
396171
24506
351039
494670
753681
431255
383857
335953
708473
95068
526342
485979
253719
478379
342491
259922
30593
84293
54720
824586
146835
636998
635144
88584
404306
523553
103033
119217
120046
591033
751556
372532
414272
109306
214414
846256
449523
187282
542445
698819
756287
65423
663599
582257
184208
860949
881267
362157
130117
224796
494459
586599
175285
6980
672505
406098
889964
830870
413606
810320
119730
543961
639537
126173
373229
306254
184117
383317
585309
455272
591684
898531
712325
701163
76479
736071
800361
561472
631239
468418
521683
182162
81518
638817
135984
224552
382727
717284
890071
638175
510140
49706
705738
630084
434462
395195
491797
767403
224214
128273
845779
568174
495866
367972
638543
821478
848636
211537
228744
93983
294556
184678
295118
133339
389566
337709
372714
471813
695318
178738
679034
221424
603520
243154
116313
828236
745068
630338
853852
216645
691766
225433
326233
233368
192884
609947
604451
893266
670888
543907
312368
462758
137429
256941
301083
154347
638639
895613
440901
8016
735051
684431
752887
687837
628213
673596
692834
500455
391969
353445
453639
443696
714969
727936
763091
192473
607956
517724
216162
172964
306824
411282
564869
226794
795830
616010
565405
276278
648260
701511
818023
126748
706793
38928
850514
721210
596801
786172
636907
755049
834879
499833
498298
713855
34690
60441
221221
584005
190304
361850
399826
30736
544672
641105
649610
360766
425124
814866
695129
199055
651907
886558
837906
415806
188660
484137
840400
713210
329926
13574
183415
48133
843629
109714
289368
112104
814742
617626
198099
797873
681884
1418
656087
500746
2419
597043
729317
503351
795202
598584
240115
23020
356782
349174
131020
369128
708017
54125
272596
6131
92169
65263
842058
606959
40300
321187
312518
224989
419321
422070
66497
401904
456235
6880
368916
859078
482727
535246
106041
867432
247796
564977
329998
407455
556138
355715
725144
868721
731458
79697
883651
872567
750510
344393
573095
536988
470690
677697
773543
416596
526479
583362
852243
640086
856689
376495
650894
480568
119454
155446
680714
854022
433886
696145
411982
461406
95706
400697
31897
763914
735757
606569
483105
270075
442488
894026
198868
454527
10418
140832
309888
746079
219452
532944
34158
388376
606578
615276
112040
123284
835613
505085
37627
313603
876805
111564
135064
294139
227268
711789
64725
875338
692790
681544
321873
220179
646828
354693
329396
450285
20480
611923
48436
430228
703331
227478
493524
133161
749618
254731
395911
373677
96711
863832
713906
442006
617324
322901
584144
585323
421994
96113
888015
145282
100832
848515
366103
60467
432942
383950
711179
547673
819217
464655
367752
411109
781353
446182
103978
868926
780534
253343
406542
853977
240930
279228
177554
207344
368087
814145
593273
494722
547025
13083
899563
594536
831726
297997
330904
770095
594658
252697
555485
492023
750888
633640
430495
86983
189234
638454
54581
426122
638561
756093
302658
22954
535504
382716
841439
364327
782731
739811
843383
440660
172893
157726
13356
176559
175367
161084
235896
104859
713772
707258
620654
398076
127273
379409
781918
199246
721826
747225
29655
228930
23896
614584
419206
322581
864662
424108
785853
844911
250699
379280
319024
789077
225938
186894
320984
570828
96268
787746
524410
350955
456879
688102
161314
664859
792920
229503
785833
531694
85117
519075
87221
168761
478909
151750
350495
418063
74584
368192
331472
523739
590395
43804
4293
389337
871571
470431
840786
842706
240291
20499
469923
524787
352977
781616
195133
614249
181658
226790
695842
647579
242438
655497
612436
391299
125014
538105
829841
67402
48026
813548
790076
825343
651679
790586
152253
375348
360773
5350
609150
706006
853455
668772
626006
793350
420692
30411
820131
896921
251474
853881
260272
859112
282242
216317
869622
681045
311462
259749
474591
17051
39743
69732
898373
487888
433052
705888
524345
760602
238252
534837
212384
452075
732660
580521
150936
802298
159932
607501
286008
456575
635812
583021
266133
81931
283861
866165
443777
144930
607218
483455
771053
859798
739692
91261
394991
237857
391829
676959
125312
665822
315724
232162
442492
768997
106743
329014
59468
10113
642223
134538
444960
192368
246197
267477
680309
556598
735650
822148
117143
207902
870173
146203
461280
853327
878789
569962
882463
819398
301710
751246
537043
591478
655913
789408
126230
588953
98491
696862
10903
133745
598159
194740
392991
48799
756680
642055
431670
287775
351119
60926
800670
644062
157547
590861
638940
402906
149870
479
646839
301908
586987
584415
417113
537364
688966
554755
747250
643930
644
193462
646332
643740
190978
626368
572474
669217
603137
365108
257689
534072
822974
228887
665944
448694
515520
595496
859620
315434
51083
789680
115132
125919
504145
857414
210708
103533
588648
489055
70452
653372
300151
118737
843936
74615
316169
341699
381555
842185
302756
669683
871876
450166
640564
575235
399307
598680
410049
279649
894813
206933
77183
702737
601202
610873
851043
367897
78184
885462
450131
356488
365088
547220
147222
660292
272518
452022
587211
210192
613999
598891
68246
823446
783131
543118
826997
873718
774681
37467
718672
720587
867626
728557
120687
220406
440413
282969
405253
139722
772506
385153
472842
701811
859003
8310
760071
120515
212147
833261
234763
536347
453042
83292
474938
595858
466721
166482
157892
283621
164936
497456
49044
850299
83120
797000
168095
167572
696386
299472
406332
172237
642989
732835
283283
441555
793511
166516
805262
309794
609515
515536
204556
163384
530273
55055
842740
419675
221787
563223
18055
583043
300891
779661
483854
507749
687538
192472
638674
36637
805571
9460
3723
193176
276358
175536
393712
345595
125769
494021
811853
669684
465809
106611
570643
760923
538526
570905
818153
208740
613164
460880
686944
674148
309110
121733
517892
791996
540405
112018
520206
814887
779461
478328
461174
733085
229513
841659
749862
730785
513541
154202
564938
47726
173769
81449
47332
851064
858862
860397
822076
537410
32441
480947
145716
609756
609916
190541
325273
85046
584700
823114
61749
553861
357197
530481
430562
103376
601497
172442
534649
461305
618527
266121
132968
682083
656440
633960
298242
418468
143446
749279
130385
823432
577925
287923
114950
177439
410547
528536
164081
226500
7884
705300
467148
113771
570525
441330
778449
465095
877050
764000
22540
395669
170076
324518
719756
623368
855106
396482
580531
762610
345208
159044
371244
227179
170197
283395
46652
286721
893118
808315
498609
592541
353832
679524
674487
582637
689979
429232
334889
279284
311250
841664
695589
689514
286
851747
421336
882641
517034
639917
598809
12021
817882
572304
606130
34207
437516
623449
545048
64727
365025
790025
889820
506579
794805
1614
805465
866688
848809
894846
462254
221035
720322
695856
106342
828685
374090
854295
607506
765649
34293
157947
14361
351779
281054
890709
256518
737815
565743
846503
559903
187635
85920
639798
603414
541659
534198
832774
733432
810199
800973
33392
107938
38658
311664
215650
51476
801745
586949
45811
155390
335133
98726
613665
429463
678384
141130
73161
603596
374120
323778
26371
94165
769643
508063
332791
288003
601704
218384
155968
88630
50117
589577
605019
450059
840043
720032
202123
847026
335498
394001
856493
725918
457481
438818
288531
176054
215054
524480
486688
446216
702406
335272
486687
578461
673266
93250
631712
703592
661807
850407
851087
498456
516480
531139
410770
257836
331706
750229
12096
710566
253580
488596
243577
875992
161096
360140
10085
97755
760082
450150
268429
148223
760005
705733
320432
398301
209852
324876
386435
134632
338308
876286
717897
663041
438683
410301
150570
259434
163012
144212
363411
228626
98059
730512
355465
480847
97359
565801
747403
85290
389937
614750
402180
115092
209624
766974
856362
437175
343198
716707
809110
406215
866970
505881
657760
718679
642826
626845
346550
860967
488477
834560
523449
565659
657755
688971
60500
522920
111410
145884
387193
556199
131902
751502
136858
188876
526611
275063
397825
503184
217962
896651
566573
617546
427302
459197
33961
85628
805858
649382
515690
354729
606329
724254
240933
123653
541329
217095
200427
360101
382820
414186
93987
402422
124173
501465
588706
839753
615148
825619
522953
140747
107542
221830
86618
525715
393212
245358
327288
103765
319029
6875
195227
62228
880555
503762
560973
745172
293567
812234
655684
825900
527034
83126
349084
635002
729138
406082
599889
377777
646133
371671
59125
142190
488629
868665
345108
268777
178863
599727
219266
718022
557209
752258
480892
317386
170024
210782
299748
814219
787259
520311
335379
141697
697512
49477
775482
394776
899521
48399
550009
10279
156707
411686
886107
93467
864154
772488
66924
468045
792628
806533
268761
569906
873857
282110
468866
99025
610275
790825
569726
369711
723672
844273
762731
13734
668769
669211
441551
711124
115951
899235
789425
252176
687817
43684
493326
303415
216700
89335
509656
553349
439071
243155
501777
871519
836449
510195
8672
689036
618738
171509
548174
233124
379691
163870
236160
273025
418234
710459
799761
543058
193742
640962
239947
849231
170844
491415
635009
18086
893932
290922
142892
103988
294435
377214
310976
252943
185677
280709
79915
861600
234374
135814
396201
130510
110726
457633
669479
832693
803463
244649
20498
233782
824628
734608
604763
154216
162960
12960
457705
416716
520735
601925
593883
192510
279221
38153
268377
90247
786041
53623
710773
199983
582646
90817
319204
79632
265694
221725
654899
790118
860187
66698
362823
616771
260660
379024
176565
883327
268024
97766
305531
878316
47146
633965
521529
62439
22505
686905
262256
826987
502106
860559
287637
475199
123956
504554
79729
771472
776008
523704
890680
430169
241003
386082
222084
117086
178338
29736
705838
339961
508105
162442
483337
344363
221087
843652
525915
443412
539698
898417
551000
656190
495074
567344
506492
270484
578357
438372
135397
184144
209463
351253
498891
604049
576779
714260
198109
104203
468562
560795
749114
120632
258518
102291
379368
637645
47860
709359
549684
129192
867461
571190
188327
412197
132455
774398
115456
434928
48204
561876
194644
640244
108831
114072
873216
529362
445998
655684
872966
307374
341400
600781
528331
455555
422805
592547
164076
58966
439836
760979
884152
615112
246645
502507
332751
712292
399804
140157
850005
481049
818958
430653
464818
480258
799124
342629
333225
878369
213993
11511
794835
264266
889385
750178
239352
113115
183800
257918
399369
74601
203852
862994
398076
796502
578743
723381
512069
516991
325557
707729
590158
746098
192527
848483
799859
846685
114154
503583
243292
723936
667535
686897
802264
668612
716568
699934
684146
655366
761939
532105
436595
628780
169750
550545
673044
690072
763071
897304
839389
727546
107943
172830
279551
80959
311331
890444
27755
15048
587989
128428
787021
840982
866486
647477
705480
14656
142456
718821
470383
475655
651548
61704
794141
550689
703791
202453
161522
154641
809345
649783
616875
453048
520388
504008
682813
768197
135037
345081
22861
239400
183946
78927
755375
427236
674448
41064
842681
140610
669823
458331
285635
303618
146116
838462
576605
735565
16044
750880
384237
314694
845456
372374
589155
261918
290081
704147
786587
218631
589777
731953
727183
742816
823068
391180
594102
52463
57425
770413
556893
223630
761985
389893
704384
857724
208866
506735
318854
532883
1696
858776
350198
150586
251585
679514
871865
321232
849363
858852
857101
613417
388277
707413
163
271446
450143
36359
277431
706876
110542
84041
835242
617191
69488
181637
204253
599768
314056
82944
38955
716185
758111
272319
65123
144401
773159
854311
542433
204082
729453
624221
590440
741008
20571
113068
31903
611788
346375
563844
859301
894351
203707
14336
248658
392818
197089
169120
864075
853274
302763
235765
119777
519745
772285
119131
382631
486799
174616
112544
126127
533832
696195
503395
119360
797854
350232
757752
521365
269639
165128
211975
767221
226730
204396
535604
788586
77043
169193
518426
520256
56550
874815
274545
728381
126064
331214
799727
56407
561529
210373
241162
658806
163701
622473
744250
214695
414809
46591
645949
114234
16043
281622
713781
608250
644691
870324
302124
55078
521646
721115
615927
557808
214241
811543
202232
567857
422090
53607
528510
102438
589041
281893
820392
893996
425950
508308
325862
90484
332805
473413
825280
9538
207484
614758
739504
583016
890637
884648
822474
290938
438310
756107
232188
223182
348942
851048
789104
446834
337074
530042
29646
149641
362238
11946
487646
23139
583687
501142
368012
138264
485988
831806
407460
24033
240381
861002
150461
677268
308156
328347
464818
83610
531968
75373
765355
40974
518609
296165
765722
216020
449166
78813
117058
762195
412385
292393
517746
821936
435924
480165
827566
465097
101436
572157
63054
174411
432659
4184
789696
116177
875269
229730
165769
45818
165857
741141
807753
417828
201327
673059
116573
124299
91872
683171
531197
868504
79744
461749
463173
226216
823368
293652
152497
279002
757264
264087
889698
702804
137730
419107
251261
455923
249771
849233
101011
100429
792554
416503
373723
266566
276682
489814
660218
189034
729261
658720
241701
847405
734494
507203
757822
866589
340296
523863
153594
341632
490021
317184
683043
1872
567310
681887
500761
778287
64722
541339
377747
91241
598498
183592
434307
152101
210984
896594
548376
238759
361848
882088
157757
784517
482239
149255
415358
550884
328920
472258
521227
302958
91294
776107
670485
883186
664891
361537
160054
584153
150494
237333
139853
97984
16363
822171
166023
539351
555437
709322
682329
733589
437703
155407
753417
304085
821704
230677
560268
654417
428892
292393
674282
756025
641023
201069
627486
763440
240876
49083
94169
775556
492500
886931
192966
644552
649034
253987
369993
481167
628028
73299
401089
8967
592348
595594
300620
121904
370652
820800
249738
892632
776599
721120
484953
551700
211788
771737
605727
659356
52710
35235
407655
803940
899127
618857
442274
78739
828739
211062
523407
890018
544856
251968
650421
249970
410236
24844
868108
737258
627647
262492
597404
632396
828783
593948
506782
820915
458858
441925
63998
549484
83149
525579
130562
270477
536171
347722
535780
196150
306010
486088
515803
651587
486120
375750
127384
52459
651499
873352
26156
166072
183797
396095
769703
671203
483110
226000
743963
656907
764859
588771
890783
462930
581765
420681
264815
730965
89717
414314
552977
580901
88275
857707
788755
503878
607757
697785
518319
382084
261900
663124
404624
345773
803043
544283
484079
671376
355777
757008
222006
301167
804806
107047
566053
702275
217169
584656
500083
798061
613752
670303
546156
812500
859217
414260
672953
825536
656941
26092
148830
71090
151845
71300
102108
777598
172556
59429
365335
327590
357955
800272
17905
27764
63852
434438
894645
7891
612599
760405
273680
699051
4344
867419
712666
787639
147769
637944
612339
806021
651467
415476
892616
611081
874936
109162
382996
629918
352500
77168
201955
207642
212914
400932
708018
43949
60947
140180
431666
474678
373977
742506
469164
234722
56665
54578
838046
306274
510575
216362
805763
357703
824619
197477
625009
252765
190058
262427
378460
324289
112256
687185
293272
591937
888336
183744
575452
107374
239678
173605
595841
175616
168635
743941
291657
439047
619648
695834
684573
392745
765974
667326
115567
479005
372306
673842
504542
583426
659486
565452
787928
384412
600594
408316
131194
320813
16482
777465
835154
828780
499601
245228
372998
155973
812867
704120
663629
690925
880656
514501
299739
511999
355924
425640
644634
457560
280131
498992
311795
778668
94042
702128
820972
186051
302321
646276
674668
589651
33324
526850
2170
318330
262065
153278
709380
767033
542835
610873
97403
530504
431437
109063
306618
220858
426731
790300
629416
557134
201794
838579
452755
397294
385216
591643
372381
815144
210622
357598
569395
484519
154578
283150
510295
490381
723680
71694
676863
503183
761617
392667
290006
89197
515036
242422
628641
732620
205024
417327
137916
644562
170260
686222
370403
168702
753525
366337
84813
81601
587775
196190
416882
834781
485175
580339
57549
26360
148068
801810
397180
629469
420542
426674
427460
242511
135743
419268
12594
849419
159831
374899
714460
469625
191067
674582
649734
523406
447357
201718
699361
139394
323319
864215
235918
769769
702112
175365
434752
94192
759713
138331
301566
194261
342081
318963
876808
245763
784604
258821
787921
656969
523411
444126
729419
134006
419357
206239
818433
230548
508988
40462
106269
145982
898826
396542
704202
310654
468849
872246
850099
178663
408794
711584
785898
201580
844317
645808
422181
723420
627959
733679
589667
738011
318330
561987
59373
393054
600798
335516
506391
815010
674741
48446
169093
460745
182844
718694
81707
668274
723086
210203
616716
766452
840019
45939
797476
366647
705077
705503
837665
624975
11539
104020
34060
148149
492334
897334
388582
550404
534592
180802
382637
512333
575021
483001
616318
799096
481490
350949
608532
405079
647034
21161
87150
76680
565136
194505
353775
363784
247790
111154
106079
434447
509363
789000
392335
459435
757588
183531
42778
852700
576489
824293
820294
721481
337672
95091
718986
778430
286511
236877
620970
206819
743770
382099
3677
827898
488501
657301
443792
877684
514156
495871
405379
413712
741022
846080
682609
884593
474191
218742
226029
657051
169532
376824
88007
760810
720138
223584
508750
699631
529944
154514
223824
316456
612435
38669
708125
19771
603623
724748
39338
775951
425842
258937
324625
515815
846325
71184
876341
285339
836165
20972
871683
449524
329278
508112
818452
789188
614134
808980
176271
387712
585295
215497
131883
361468
129510
621771
353042
765665
526409
70050
94593
70541
685830
204245
884045
815751
650366
794220
775679
224861
134424
168992
632864
723804
305810
415041
870608
564907
881010
299235
662863
653540
340730
397766
651294
528913
414490
402689
506976
756287
350336
436075
386427
235073
312170
376325
348187
660292
898524
273415
652565
210058
473165
481669
719752
337926
20348
518878
820063
300563
139488
807746
548852
596464
222556
415293
695502
279164
332433
610371
757323
576106
650894
3834
475673
641857
768003
799327
226815
135283
232819
703254
7768
823224
446888
348593
423583
834950
823936
549596
92134
306671
735045
879779
435168
60727
886938
739617
708383
478481
462673
199846
643767
350837
801273
388163
311074
789376
589397
299125
152541
21159
721864
857708
79119
445369
254476
499096
23913
509009
267202
744655
472073
449493
779908
794716
670713
883726
129207
358407
305588
768356
593724
168317
321993
278517
582596
831356
35927
282193
122019
295677
597145
529461
215806
659647
200475
852642
455679
473516
531658
798810
659495
783946
643627
679351
456451
394976
523905
698056
114231
751234
806738
270056
311382
89692
290691
709884
272692
523991
671999
603209
459411
43914
680983
494864
454873
571072
191651
418856
815587
400162
580806
312054
2610
855554
386448
305866
858500
597923
683646
9049
836958
218727
16636
244179
416805
262199
832490
397889
616844
241961
887900
369149
873735
46769
619195
266445
851966
325894
219209
878525
75165
588975
159682
360952
899432
624970
301853
645571
896044
385401
569874
507862
324145
330826
184758
583512
719531
490786
434530
325430
671408
76101
462962
729343
662596
496612
97481
470815
96143
332579
702673
775894
791536
281830
717920
577716
288108
251479
82966
765492
803263
761783
124483
61938
280722
28415
177286
479146
544141
484497
641199
155055
865892
245312
400998
82340
555629
59896
531845
38010
613810
221228
758912
674471
724450
603195
202309
641151
814658
291645
142142
115474
46432
736815
11828
206434
561000
107577
178349
434367
362799
719449
782742
256896
254253
116750
174139
150272
520808
553730
159795
437619
883499
374996
40985
870788
888725
785666
899157
99564
16654
615376
86554
640113
15028
527927
815944
496665
570036
610061
503825
371913
72245
102316
558041
607614
701006
245986
449270
889287
248759
265653
864567
157533
508348
773232
433409
403264
320174
292079
254581
788432
328980
427331
634701
479429
380000
805570
396421
296107
353372
580014
427990
303485
216802
315776
405853
34877
840203
489649
726299
290445
600319
301829
463510
792941
27723
871796
341884
894225
327633
448982
486855
897214
249721
84555
644604
649153
339013
137892
810158
339885
851523
208689
39071
107087
3003
78920
897511
98255
318280
887087
762797
283973
866692
291014
182322
447126
364507
856724
770253
823498
503746
25740
674801
25259
844480
566619
533866
777051
39562
847633
457190
117458
410125
678122
307665
672275
478468
442456
336313
817546
444362
832751
490353
350341
362025
335180
273328
689676
568145
271555
244761
620702
307396
790404
856469
406985
45422
262120
831548
284262
776466
802942
690515
199983
187551
196556
700400
282173
484161
564292
776505
53858
557140
766662
368234
249152
57524
185100
270548
595684
322287
236246
374595
848867
23132
480401
785624
644399
803205
522150
299894
239029
699936
716637
768216
701335
585468
794477
657407
379745
323734
836257
401769
352586
615562
188296
479708
793225
300807
58808
657987
889521
831835
801376
259727
196043
155758
815401
233119
637806
753771
597417
175290
775582
830745
832228
571481
16510
25928
532510
164098
290963
802470
91201
519535
308342
657041
406792
798380
869429
293159
819622
238239
87848
511065
281366
300451
225547
620158
874048
78765
194941
385187
776932
360847
714323
118657
267430
163034
262873
51399
153590
586750
830342
187094
663130
316685
591771
828524
98235
29886
604697
35671
731625
481614
265436
563723
522988
588800
77591
417231
112872
531749
718157
2994
122923
587255
365417
326203
228087
309567
545947
422270
192263
604278
45136
98698
474879
265673
45484
168735
811828
207253
149863
831389
156469
510162
634689
382455
883701
370861
502499
286823
352854
790605
4628
230203
312980
578102
819220
604781
146891
513772
129945
620944
784869
316399
143779
744774
429764
890149
894718
463278
572457
463510
737620
490939
378590
694929
664332
809376
363526
485291
43427
614056
686143
17255
861093
787554
374641
746993
183624
263385
456022
228613
483782
667873
16742
886349
513941
18957
149021
364647
510756
18206
112011
137828
374644
196054
220793
739053
262736
628555
230387
425569
467019
345366
852310
148729
107701
610315
478167
433708
791897
711428
522957
826478
844406
578774
768380
472563
188344
736100
745919
241074
452594
271858
295217
895396
178907
646450
873784
786668
102306
521530
797103
114928
659919
325239
254895
772006
436663
494395
138105
523114
693915
796081
165474
870699
126686
452017
2427
680454
736673
322479
592828
109257
30557
776110
96237
578938
14685
299186
395953
323312
537429
672979
595631
366655
422274
44526
425470
105713
190816
193461
240332
652176
681410
230054
682667
241952
848721
411673
531385
303145
187012
321202
28746
217010
115449
799543
798708
473961
754509
242332
612631
332959
599965
251994
315527
458960
281818
254750
197175
728608
178755
200093
461540
799713
12961
495653
632443
665137
336420
615311
475176
796768
706069
256529
357884
56944
533176
414480
364794
474837
777185
361106
420190
861020
590191
881873
306954
862503
699273
165068
144015
694774
46356
574167
12308
80610
576782
757523
670310
209378
645386
615577
301340
864849
694472
576911
172358
265639
441392
209725
494962
360835
370731
3737
653146
305034
372319
181758
251693
466153
328933
3323
693144
613847
48392
206216
825457
90070
214875
168020
307616
53912
592888
272058
636843
224413
871665
756945
867836
469434
224309
550690
571249
191222
307873
7093
107039
891215
803839
180420
227620
337146
890688
692465
21160
470791
78418
411667
547855
135970
156062
832203
759998
78037
876320
100566
813447
664843
677764
847227
861266
211759
216698
197924
293130
195859
310101
138377
360802
829614
53093
171079
843074
263133
360751
727536
23378
606921
582406
43709
597633
286665
773897
778046
133522
667902
867161
703537
533764
673980
314068
381233
423581
76137
317139
311398
331474
748382
580508
114842
667477
357034
230533
336492
264700
614166
706534
362365
701706
791427
312409
253384
90268
408784
338993
791919
184690
694519
140468
256080
554519
187799
467831
813750
614479
156140
344916
7532
771325
369466
230858
686732
828078
571145
577394
698710
780581
566442
276697
253436
805380
272376
714911
350074
728180
867642
745290
673763
583537
577797
365416
889494
692372
141918
224735
816336
777470
290204
867923
503867
858302
29036
306355
867427
453920
872462
633472
520873
409683
682461
882524
758737
410420
899980
126506
796630
112028
870476
428840
421054
752483
370858
880422
781384
594127
363029
765634
504321
140765
825149
859745
251061
552075
329495
439243
459523
142911
164829
364196
170154
661048
367410
601763
528383
417359
512995
402385
466529
13641
21353
15263
836227
155452
63083
511076
375944
696795
278529
803826
488142
594784
728211
578708
452544
746965
404256
267398
193519
426079
76346
848561
565435
888360
581966
142978
584812
785800
364673
170373
72157
537934
784310
372291
146552
699216
888973
41845
25308
237581
184293
151876
605274
808219
727778
439615
169600
66931
895402
447160
297036
115477
426217
608123
566019
463448
551444
710348
725562
458322
677258
685084
671472
664705
427351
58280
345567
866772
86546
695982
164839
100889
77830
449100
760139
520707
202638
858391
663159
247799
232185
16693
443934
418547
291918
700631
797891
710556
276649
818295
535757
417443
586978
171146
329438
775636
54543
810401
128732
62938
245216
652866
674894
349842
451464
351294
711907
423114
732635
893199
93995
622806
472307
784400
332073
123055
426061
369177
606560
259560
159312
870069
803051
499215
868525
53953
321353
697659
606402
477860
438069
8344
88729
738950
474644
878477
1838
879246
568391
367270
383373
685500
768416
546339
625786
218815
8273
64828
620746
639635
192735
59951
714766
700635
227798
239880
564496
726680
678391
464235
879189
629379
766412
312929
245699
474381
236957
264797
197564
833264
331610
426826
848553
185008
713432
841107
274322
865428
423801
278638
472553
106332
792804
13766
697318
256478
384755
615651
412557
204800
691371
109336
94252
371124
683239
181481
187904
27819
437229
611799
546840
546359
694722
538506
30129
41890
664729
61498
509728
61220
200582
590393
578670
633285
78641
120224
461917
817680
747302
460821
659337
169711
18378
379350
873706
