8997
585710
460040
131417
676086
887125
317770
109263
607553
376711
790018
634802
505640
513212
837340
588856
250658
578582
289162
370417
431733
893031
364420
48184
370152
624336
514432
587877
729509
256068
159114
153439
610634
439340
457120
29135
897037
322723
580493
209808
532714
266145
203136
275010
563402
347029
426888
802781
629361
120364
608302
690467
799044
101006
705551
114894
780662
361223
600852
690025
29678
626755
125680
704955
250070
227763
840822
894237
749186
251788
225877
30541
29850
33326
45457
713531
822950
91458
585566
48353
94934
408957
311611
575567
81227
293186
777545
507620
483365
47299
714695
153849
746954
190887
318220
404439
681520
574343
272319
92521
295463
835315
448886
367660
618150
273650
237642
303618
402448
357510
145555
658854
610851
638670
134341
839034
887389
797669
334695
714525
326506
817095
97420
808952
730735
868308
146959
188983
714957
312269
621488
91797
475410
898652
815141
620944
759393
223728
850303
115131
41116
359909
23771
867826
189996
109858
807040
735816
620622
237628
733436
772477
140281
249848
393078
43883
354223
209486
631087
885184
202496
190377
499067
762950
871126
742507
450549
48221
852769
561517
341828
40778
127583
443971
672104
577000
511462
141182
777952
119261
4114
319243
412988
840648
228902
464538
501498
422294
86240
228057
475808
26516
430078
527294
711989
493279
287175
632579
670107
433815
350520
349964
680300
788466
772299
359268
427761
717069
113445
862725
678553
435805
241181
556599
533244
293603
834276
467728
649997
519645
872341
185657
154997
794842
707099
413585
354769
312454
18969
473162
422282
754307
348826
471665
280653
667000
94774
123788
687271
30531
893373
466396
67135
748459
403875
784162
717392
584497
282312
90366
800289
111588
270851
350738
855746
229107
236074
678565
575013
483581
704289
244899
854327
374628
748572
307042
440378
727072
751091
465695
280608
181968
351425
304487
79046
614572
304569
69746
702730
638454
853670
861033
612299
82894
334684
27912
775676
756293
743776
305119
774980
337705
775857
495698
160469
143358
211474
234336
72230
175470
45430
371937
770864
23096
175878
809033
553089
545220
394225
65993
761633
54422
382417
551797
421151
69825
678902
428575
284022
26034
808753
774594
687265
158957
782591
206491
585624
800118
649616
742322
41159
646470
881875
450934
619433
152541
886304
579462
153894
151574
612833
31533
97990
468022
682910
358629
274833
743166
343107
159227
835492
531009
54096
279827
202898
160303
228254
632162
375509
98511
528585
646586
257967
348331
481982
765635
527714
879461
385890
272803
746535
403720
97340
121472
146511
239225
553632
772669
383156
371884
725113
385665
482491
649235
730931
13525
657193
295473
362434
615435
435103
824813
385778
102172
348275
563202
277228
398890
575116
16467
757153
327588
721850
561980
278230
847560
49391
151971
523724
353346
778334
276494
774859
249459
52687
72142
621867
512205
17084
761496
388927
157690
98923
117749
364190
270749
361863
807663
348975
887312
370077
674508
779344
810444
757649
287991
148067
509575
615707
805913
463894
857752
503202
83175
710542
76662
545074
803605
100591
740894
11741
219176
24553
882867
493292
296585
710434
82240
202591
46678
496157
523929
395497
572594
142085
476256
143201
426397
235032
643555
311014
869150
3538
788226
176467
549372
527700
636910
558683
462988
9521
64205
279137
522405
811861
338171
861366
759503
504594
136522
688015
717242
648585
127434
318115
14891
264337
252899
76094
49937
799367
628671
546021
355798
728595
214437
505735
355537
563218
462048
785051
791864
779141
529246
855900
81778
596726
789748
827326
108523
756194
581343
442155
323681
289735
161989
208671
299003
358667
204954
556956
609753
718470
39870
128171
431846
238446
795428
222832
719306
870525
684334
473608
762844
298113
314772
452290
602453
594431
155171
59799
757279
228229
897602
236199
640749
279883
427407
24113
509860
482597
440232
385487
698135
327592
728358
645004
480432
165302
143460
870691
626762
431464
148637
271509
328572
141399
594067
433991
90896
618758
863596
839861
301841
231088
44503
713303
72034
383050
247053
471663
275628
671732
644338
841771
616496
532833
196890
445021
444474
318048
455112
861588
618838
13959
409618
238263
703644
732827
696768
674558
303175
34143
852723
410029
339780
826294
626531
508494
685350
281718
577057
231146
678390
174443
41691
183363
339431
396101
337502
533969
659528
823168
433237
301399
125618
848110
39375
153057
572225
282019
782527
47389
860256
140028
777085
898899
419581
516492
191370
770914
183291
544421
795024
126488
159558
135615
233640
178605
84002
557769
96757
115805
35068
624713
743470
672640
361442
249969
118202
62280
26702
572097
368339
886454
855773
872626
469484
404762
271007
363494
678575
683045
685383
111914
213823
139116
678177
416548
613980
672060
407811
2367
134245
469204
391420
779472
694296
47043
329546
247397
501205
419743
264744
656361
496641
441279
714467
26294
415653
607702
749454
856087
101078
429452
247276
558233
554736
188763
533130
660142
261564
618883
663247
23613
763313
834154
124971
594825
268022
173268
187501
533468
339110
165210
404817
22096
208012
95018
743094
459611
394637
291611
461262
526036
828389
478860
355054
864678
462057
621592
870949
346960
510316
336855
413226
67062
415869
750452
432814
194504
177197
679686
776912
507500
636559
233998
421743
45098
756536
780556
581050
817301
452518
141854
186659
311953
249789
319511
91187
454213
331756
396535
888343
711039
663631
307212
354039
624926
387533
455333
49319
196224
804641
568655
342839
629160
201078
150158
237189
113227
27883
692410
94418
473336
841878
672979
116370
671361
843013
771394
644765
775275
124991
650029
858691
728334
498761
878679
130524
39337
143333
51250
722012
198981
132437
807617
184774
407364
494941
218031
346552
622438
267334
462054
437028
338936
758111
277357
218558
526169
802782
100801
638673
789386
650405
140718
698541
217746
455839
738538
743867
806827
620105
500078
152209
263981
809261
878994
715584
851316
194058
501156
547946
76432
443248
896357
318450
875401
645255
342240
639564
552557
893071
115527
837523
530200
447617
887020
476313
280191
245813
766778
837273
560441
203901
18285
91304
890762
237487
361492
68362
792813
218944
461185
645953
126077
622347
414027
642785
304544
264080
85857
212958
706160
126522
642282
656167
199048
452089
137501
395596
699304
208430
608218
484953
234821
189637
420
750887
419664
347676
101020
609352
119745
85282
302395
137345
443264
211259
10571
503444
573007
727808
409091
673466
626263
300291
886621
847088
279086
450480
299509
251465
749378
125614
229600
762753
27173
530213
859911
301201
264085
496634
165854
584318
711686
330358
129029
353324
885486
528133
52091
146832
34316
751034
520922
293668
407990
740815
58739
772019
722430
597257
51559
348820
879393
868539
243711
440339
255660
420705
847240
336266
348939
447181
573166
620048
723151
173535
306356
622120
464026
591436
221486
126618
415626
402753
126619
676510
151616
774177
361666
387028
486701
436266
295751
555377
520632
47254
500234
51252
164622
453790
587325
709111
348102
744440
516160
592001
801648
436257
765371
467960
150041
651413
2295
394196
733021
768827
773337
270606
214474
338110
767324
662775
246445
889206
293930
418565
788636
310374
478231
70056
894527
359294
276026
564475
462652
135488
613512
232630
535165
147039
380399
163104
516959
360740
618732
896098
48122
402187
158473
539447
490920
785002
334870
263519
703028
212593
396707
304499
692385
552972
330872
167347
831444
533222
712210
712698
861598
787400
59418
236659
785386
771391
292226
136389
624544
84060
731583
56650
800275
449780
246366
673533
143949
477480
165957
748722
636693
436095
503399
776959
519578
466991
509794
337272
772191
783610
107193
648249
265315
83253
61353
241628
101292
777668
816715
263754
551855
781313
184645
334862
300190
36444
247757
603589
48526
307708
773339
184338
373444
107716
447529
569518
529148
221872
763722
570204
799830
333150
778788
844027
307805
514634
629387
821748
283893
862450
435419
735411
357409
164536
163634
866579
631854
221734
38408
7634
851967
178443
431693
321988
75861
765636
717021
666851
205403
553110
731170
32515
527660
836759
822726
255716
125313
19404
471442
557025
547707
873485
218856
837701
71881
741029
836442
131805
897655
13686
809670
135496
647923
804025
76367
742539
685213
553379
747128
220706
815626
828195
305535
24209
869909
692391
252339
420152
156483
165022
852692
799333
435249
714169
368262
609699
283420
335659
618449
338096
440973
410256
41848
245420
700127
407721
455412
498381
1966
410693
813453
17199
533086
324251
798037
290825
328101
446676
215616
745500
501558
280901
64675
30116
559083
61946
55400
183697
888206
695759
75787
165615
26436
792023
474933
605281
628791
24544
54706
136460
417598
589518
701489
458639
796203
99427
703863
200625
840592
162976
62272
646387
245967
647013
607604
665988
249725
164468
328034
431251
370098
375156
484476
259071
99536
662705
467534
524139
181358
414881
700252
105549
586688
849442
323415
127493
712996
290430
533467
57803
47787
516976
841032
405441
239169
86241
264155
203111
629212
535211
286409
894990
592701
551743
791031
115908
18374
606337
173305
750286
114969
132657
664389
26036
697480
690821
878707
752309
356414
369233
614356
730044
384040
836457
95979
592362
223426
645693
239276
396915
488634
594147
701488
176933
169571
126067
383666
605026
517593
408619
220041
795855
181515
524435
96355
476644
368266
818331
196602
888484
184812
182528
256149
63047
838077
805069
607582
480467
652420
445278
771355
676810
897005
58816
526219
708796
85208
216981
495776
728924
91613
413171
404371
229808
704281
497516
695112
578275
891290
895016
636831
397205
771556
393742
120724
209394
872797
73826
218324
818879
556027
19016
894940
449072
459368
325735
681263
447991
239471
471016
620020
538392
260998
440061
327498
715736
711895
500735
670057
229363
269773
641232
623159
126668
710711
526048
241155
378975
680892
154826
103009
202195
31420
5374
325763
683787
206239
456922
462672
173851
875484
623537
356579
468600
843656
557486
110051
297896
627385
710737
478586
399993
535157
322199
137077
775117
211740
593465
891031
316339
330671
706347
423674
379441
245723
546693
411779
304413
868774
373118
762400
305771
685685
153491
751873
464225
321751
64776
578801
801254
363602
896357
649647
834136
573832
267874
624173
201437
274053
898365
106340
103378
333224
632872
427282
409567
132300
53984
90162
232491
116081
348343
476182
574412
115820
322643
291586
591382
549928
44912
454504
530709
528471
453888
169692
123222
668665
661299
713492
88639
832327
582482
106782
872575
534397
525540
13566
7168
414946
850004
161250
163897
345557
49514
205987
831168
510613
142997
682266
622237
359245
779306
442429
713241
230939
56934
203669
136885
399068
295759
331325
171255
530741
644313
784121
109120
73376
519429
94705
85689
474769
573924
119400
487659
151716
639033
384445
441517
461158
714236
338173
290072
849596
32090
473059
210327
67827
589722
445710
579770
323173
80283
795293
413738
637157
497465
644681
316407
771751
307598
825151
205324
346863
133461
413369
348900
366292
226217
226551
720406
844913
267340
105759
66092
497960
345732
412783
771378
791251
764192
302971
167145
283945
532185
786503
401819
749736
607955
496866
884873
685413
453731
423293
752991
541422
285898
485607
623529
474936
481695
354278
49632
412714
716586
377044
408573
302309
273453
475700
808398
709774
455133
494703
379398
764698
354446
400112
823246
45397
137870
296600
226105
170574
712487
214206
310646
212899
430088
337319
587998
521540
364157
848477
702669
88519
815834
707920
780910
59592
106615
438118
360719
386490
815317
484480
451700
554094
659871
445034
6759
555294
122700
454142
826637
498167
715744
846007
853779
500769
280178
7021
129735
274701
611976
420849
20676
683450
488607
641702
678501
513955
204327
354170
546362
483400
877867
74816
91608
56760
169390
132748
734091
662008
169489
695050
832423
896818
282897
394587
142044
754813
883021
858508
841960
114501
181765
367925
894054
218807
698942
170316
488036
135276
3554
890467
723602
810287
22276
538724
66422
347980
871617
19015
263037
292950
270434
220878
420300
178805
129758
9246
585332
581067
417308
680442
604452
646850
249910
541341
462488
234452
557658
500724
692112
237109
745898
578230
269979
495969
276707
160833
200242
610494
156538
885649
670721
751821
155522
322143
351072
709043
485163
228469
822112
486750
450852
33706
66944
270838
244705
351070
338783
236962
726008
544531
320716
475892
784901
469990
206106
116882
167597
366377
808079
776994
861407
571422
377116
129937
244278
505490
574982
128128
22524
440371
89570
516939
867017
319183
169408
326487
708745
386827
431038
149528
832731
892701
780734
387676
762837
377287
667730
217240
670949
210705
325203
607565
821586
95841
3216
853718
136546
860537
269764
614640
233685
107629
502240
819142
896462
533567
514024
828216
891921
386905
390522
319848
6728
582630
36104
306114
447903
398478
859079
615429
512816
222061
853408
623761
102777
532078
293123
630287
489
453513
296476
417847
783130
373558
479038
534210
601687
376396
139451
242222
223743
525179
459766
362471
674082
283042
78575
719864
626440
327534
254461
120238
871473
821232
86171
524804
338199
821818
221721
29232
817871
746102
222515
82506
471791
1858
773118
351636
617833
643244
799614
437003
83541
29189
277174
708201
819758
636645
667351
174771
4595
83772
210073
318854
810541
612720
421799
45945
712559
321016
666260
746127
828441
59316
629708
593115
713912
91846
435686
336464
860744
257553
693845
441317
784601
601932
598206
706177
731887
573443
226627
551944
681379
742699
313374
189154
648391
869120
333450
648004
450983
507709
163546
283966
460523
158806
53101
492032
223513
698421
882617
373417
378711
468496
748708
293518
719694
121891
524018
249380
723306
828976
677433
174250
49406
769551
355248
749173
56612
385139
561734
732729
822018
369788
145487
150961
362600
619794
574008
384332
815798
492932
878684
215348
567707
371133
554959
416572
473368
314079
848567
799973
274050
567807
778299
883053
16070
703005
807028
634645
598536
375775
684320
605677
145604
185641
564021
492606
573941
833562
278354
702067
881683
510534
106353
97957
530295
261772
221593
180674
11994
450259
360336
560089
81916
111942
767534
367269
517825
676169
589484
793588
109398
496950
504348
232210
98769
470297
390642
56439
59733
887908
732799
869737
730100
807632
370430
895311
569104
313745
801383
426132
422330
101940
62530
638676
50332
123543
161494
409831
873138
4101
359263
694502
285746
306541
732189
357374
191692
230783
141769
276624
734317
460226
844387
310915
417886
222164
338214
803271
818313
537439
566205
443047
695131
375380
117071
529194
351589
529064
574582
366341
644893
575911
407406
700673
716481
680569
489800
667940
192443
705231
844126
103807
1760
582666
421633
143507
865683
807497
244430
834785
662535
246284
4799
376653
375521
762890
521533
438094
311035
775659
209715
134101
492421
27843
140735
207127
703015
475436
555585
836568
705729
856478
107734
123958
468179
552622
500894
897935
328728
256576
570041
292144
744653
188746
137616
852988
189232
776135
893520
20373
199331
16437
654161
682249
63792
273772
108021
812892
810375
472379
564556
73550
649378
504128
691732
206153
783977
435427
376062
254762
266225
197807
367595
298281
591872
188175
135862
117638
204780
334114
555274
784146
29313
511642
531380
90519
63265
898454
543604
86725
885413
871737
85485
62555
252130
443815
292284
139342
245255
890365
560837
409016
787619
430250
591272
25152
483555
412173
773971
827521
869625
392876
760337
884058
528216
389486
119872
230866
375356
708182
321216
770022
442438
167548
749575
167473
865509
117514
541554
663447
306897
592656
550550
217485
244624
699716
877237
813864
800795
451705
6412
102912
514971
550043
733000
385601
528973
339269
550040
626895
62181
678783
608894
254963
414062
339255
241664
376102
564303
243994
661467
205816
871178
878767
653047
341886
600158
345009
575861
522710
636012
815272
657796
868984
421974
9314
453587
801914
73347
667922
49826
172512
553888
891845
519633
250783
320416
258334
110234
680333
710180
761965
93946
864838
206294
369456
419114
773117
743023
419654
36140
203421
686169
810796
170017
723003
350926
899638
772887
765019
164959
736011
215520
408251
143185
270173
875709
241631
821825
226500
605369
176826
203912
635255
604179
178773
671226
416134
640084
69632
246793
83766
491038
754387
885894
348250
750117
123743
19271
239914
603223
389653
468740
206211
518774
476946
191196
368763
637927
667143
435124
547071
168227
620545
386271
170666
594955
10937
488762
43204
814168
309593
325390
55062
176784
516553
209752
893509
822357
392086
42597
207411
207863
369663
609335
640429
202314
20731
251877
14065
883122
758122
771806
742369
283034
782422
223757
781533
406597
152805
492153
562784
410780
487966
80036
811769
291461
133718
863475
757411
895476
481014
537036
19011
332476
34283
566875
474815
697374
371849
344240
780534
442818
631421
121570
442655
496964
659885
363127
880289
664453
441582
185339
250796
438178
649411
512077
89267
198242
235372
244346
292647
590760
91378
355713
799825
736808
120621
422645
577995
695255
184785
641249
384635
261212
656275
288517
64493
602530
91515
652511
582156
895631
215816
676805
348285
625455
495034
708943
679577
604393
83936
559730
87493
228691
740702
35654
646383
680994
404155
81992
550726
740601
831397
771932
516150
210530
559713
76523
648063
438811
24563
629450
339730
675048
216294
861595
538567
758791
59544
414220
822686
568576
31973
292734
883728
461946
745071
544160
395441
799499
265543
899961
794308
813384
168186
160293
850458
376666
9083
876311
134857
702354
552009
464828
205030
57075
24989
58720
516895
164749
513202
3562
217078
182026
172721
248034
111517
270753
335799
335635
152779
211464
478982
524
322297
379783
84805
573664
318236
787720
295284
597933
316895
162442
722609
166170
871516
254740
83872
447673
35958
762310
232283
126476
258582
363564
100597
675652
844705
80684
689196
326116
562194
418686
820523
165828
488153
786491
122809
727985
588847
861870
229602
310610
179157
353352
82111
491558
27209
737232
884484
743977
292963
516663
412582
239477
894642
626600
452456
207589
209550
897534
92993
543669
318138
839985
467115
782565
688888
769192
228490
533341
192904
145330
655702
275146
897183
36368
542183
573861
722368
174953
437373
55605
296313
257953
635082
154187
559741
510916
138684
125260
762937
882877
707626
29196
365717
233219
746425
778484
570186
39058
690412
263718
758522
171511
809831
81816
409648
571493
394974
249916
795445
668294
612287
680320
268204
85451
856408
560433
408011
786436
838694
435994
738486
108331
680539
782283
597177
470042
44683
365077
591170
336253
327379
701617
139577
430402
847111
235552
797054
660813
355383
689325
633725
293128
141885
383887
779663
722200
551461
829707
659696
54474
153561
233174
898617
70636
789928
871927
452090
249241
148947
768523
405110
874028
630292
154051
504826
169846
863211
459175
651739
683306
598022
142686
323051
379093
828907
866373
507032
85899
366374
879165
281281
288284
373994
498146
636278
585446
125158
675957
763083
79172
331045
86939
350712
186308
117953
563518
786320
710807
618598
762161
254012
168609
507423
87537
899540
351760
333215
78503
500761
795817
338093
65035
542994
822013
3565
51170
49921
589083
227431
336263
254336
380544
731351
615752
193950
863977
883248
172135
739632
827241
488973
294753
6901
362229
390230
213868
808619
378653
380523
77049
210248
443094
142544
451032
460918
526130
164565
829691
833549
22800
819969
757203
589390
162064
118811
284919
227642
161951
184084
262499
645133
238064
836532
98428
375131
829708
62271
438161
129573
77280
651012
761086
20983
268149
807522
826314
449185
465853
477367
330097
790960
623113
796551
507228
400648
643480
418117
796971
541697
678601
692001
188180
690267
767505
807406
145477
419200
335880
819631
107942
592948
192414
136797
398234
696795
579467
688759
331140
493255
449828
236871
11399
99644
260042
866861
492613
170083
659036
109354
693257
349223
438668
720139
244480
389103
297423
280752
589409
764504
261198
350008
467566
30767
753626
797515
764466
438184
450557
278020
179242
862206
605195
846104
129697
362407
266966
94791
536308
277170
169953
316798
788308
632352
683116
723335
614345
403005
755311
615086
318931
581913
696930
175248
149100
201351
569369
704898
110378
840082
672749
772475
357088
376695
630324
465151
781732
45123
102035
540713
630763
626953
57322
566421
581457
878528
493293
430407
138197
714935
479795
258843
244768
488918
857288
654282
789862
863315
548477
579797
453605
585837
186175
528946
887147
103368
473957
382640
282996
283973
564707
249544
857520
414525
144155
199842
171171
287451
791219
612097
138790
201107
768993
711020
102636
844003
354083
82650
442335
442404
194700
320089
165000
7916
601177
475643
15213
148324
157409
86206
802100
611521
245738
224535
286438
453282
677721
26170
828399
666596
323233
650376
324706
278277
824605
627797
239993
896179
790200
1492
627098
780208
126761
673858
168374
899301
179645
61612
414571
348096
206829
371870
864297
886859
385134
730506
256145
323242
742918
191920
41816
464689
370716
576112
712396
111904
578857
195593
602606
842204
115595
788653
361789
475722
555097
534275
144691
426187
175984
280024
363273
192399
244875
636036
343958
595543
557873
866453
564948
846667
617705
610842
585603
728340
607688
206221
294151
316312
666251
284701
853933
573552
49280
822775
65771
241479
718718
761521
520901
489489
366934
578228
452715
677093
410689
522755
760800
84409
255032
549356
63093
754809
828739
458985
77364
627459
189257
802003
8281
517602
712742
252997
330810
116612
465723
349640
875432
452538
725919
213824
428621
575084
12082
308946
773109
637975
521042
671856
463178
66181
209031
387491
537239
545479
879898
229684
293166
89360
452355
792375
738853
573969
651486
828340
577242
824268
232767
68659
84248
495576
775229
169059
212882
800017
435946
200936
612012
16664
176131
769503
749721
546382
594146
595758
30878
531753
331953
321069
803541
667056
729081
234635
133998
75129
41560
575647
450961
682717
775601
507148
726175
274356
394685
139119
412598
461906
253312
521736
811506
307325
624791
717859
661680
198026
476813
82274
487790
701619
706060
467145
17551
350840
774224
240133
319194
117391
727703
142650
191746
249545
896021
112871
685697
500834
461348
44024
456509
22692
754521
892584
56684
549945
207058
341777
579028
411435
253771
80754
267915
714043
236527
766811
33341
763098
805388
588408
698284
239590
470335
823032
93330
90692
617743
518009
682017
475351
173718
791377
465452
542747
899417
646363
373727
739041
388856
812701
870920
310087
756353
1330
317081
826098
498335
541976
792997
29131
622704
887992
247592
585619
234837
516494
538948
517860
201474
474228
632741
534214
886165
686639
468198
898379
651107
168533
490093
297160
874030
842298
684497
670512
611795
296342
609148
821934
818527
824436
262123
165790
757506
427577
365074
860521
149212
269711
156828
4668
420627
288110
73457
206500
81799
128614
441872
235240
656764
666635
706203
678274
159447
578845
704402
377403
3396
475378
445784
354562
460468
171843
866546
62473
104356
422896
196206
829533
853720
218000
655680
172448
874086
96858
205863
369060
538159
419401
298638
737829
515401
757359
129230
335972
634743
356985
630512
568316
553114
451643
290289
260547
459264
767160
731743
279935
376379
203023
196672
163522
655373
38693
298353
203843
208671
460716
603692
43450
798641
896045
613315
83960
425387
545719
416488
790721
455954
746467
499343
393447
70295
741347
677291
432804
379113
523303
199509
474163
847723
710636
473676
205356
21568
23458
251734
358746
511362
562968
79876
309307
689586
391110
115507
498964
288137
805430
666479
458157
847437
258031
618002
381360
439200
490656
709322
68186
874642
493286
598297
872667
735671
141690
164054
37392
329524
509498
578576
819930
696754
108402
227859
494234
388372
29415
704419
796748
705989
504224
452229
412925
281451
313681
778302
56267
890905
90245
76434
124119
504992
483655
187022
290281
535300
646221
256418
853537
54861
233474
670982
55477
762388
147598
356861
476364
73662
390181
60887
500469
787205
795785
134992
362597
298609
506812
532470
126667
563045
68358
244456
615442
151894
157087
289017
666579
444727
239641
250100
259475
432335
642413
42170
712800
522956
797793
186822
348964
577585
172627
467634
302884
628811
387429
320242
89847
256929
561317
465374
223654
258409
385943
688302
371229
392376
770977
499454
775499
359249
673267
58128
568667
873951
776401
859888
294863
463326
275102
635411
483254
665363
6854
392153
771723
439259
10888
812273
21066
623649
513247
279291
79758
11498
195820
239209
778988
322634
872482
462783
454694
556089
578861
183482
539085
406400
410143
38125
84342
252205
305081
246470
231255
338887
337362
394159
512991
404347
550599
741904
816047
491860
56863
73297
590169
835689
620282
111613
727219
156657
896854
162019
159928
97074
594429
651958
771132
251414
799022
337748
419177
525566
579238
216196
81562
14897
35499
879320
10100
896717
709685
411026
180348
478271
382425
88035
528953
394733
207187
762191
15207
23184
236688
374252
302709
358399
127542
751017
101020
558150
16720
141802
528636
865302
238937
771442
320564
327125
282660
28506
337278
792150
766150
61213
816965
558372
176481
443222
284131
305784
457325
492065
10236
88363
450949
821662
433105
690917
616268
14549
549665
894835
46394
272435
291842
378454
587014
514930
677400
753976
182418
422358
54480
294842
48526
757268
635260
833673
581194
156877
347755
815824
12027
501304
24868
560390
192073
141598
403903
693032
280467
140671
105408
543393
634495
449778
236689
122629
865154
873545
429083
670173
279880
206803
352672
758781
187265
227547
880984
103634
799816
91885
253765
893271
146641
468345
758005
152550
40143
82960
312661
97771
666911
808267
425773
418740
776116
443404
195803
282917
53312
77052
118287
689353
740795
90355
468033
710562
118291
739350
207178
571553
526609
349690
725573
260273
222372
247110
170467
79182
457036
638007
876037
605171
853956
110206
573050
542001
399469
745604
221142
827707
504084
610957
716843
214270
635999
345882
195590
357615
378649
294600
115240
100444
724791
125911
787775
372900
760326
41893
358945
42754
313043
551416
531077
745189
666391
816122
854462
771099
347293
191966
302804
432363
184658
779682
801888
614434
256679
813357
604484
394086
54310
527895
40646
272038
94351
29448
600167
623762
428653
547096
648131
570215
631578
882998
188903
702274
382539
6596
545194
601622
757401
450944
64714
681785
631694
727517
743141
656633
349449
221519
821840
710379
403725
143078
503158
215908
604236
396210
343313
63616
129867
182981
781214
124096
491891
678486
676992
756017
618836
298529
797780
361543
209333
826123
780876
524489
184860
522724
4715
597477
363990
812421
114492
285892
233540
866649
840079
801464
865347
182680
410064
625266
352214
396270
312197
530193
368114
759387
319397
746965
172070
276499
701648
870545
282725
282214
335790
672862
233297
644697
872520
181676
756997
333939
57565
712435
399102
257940
734786
438440
451560
372351
77562
148204
157697
689465
394701
629054
222540
393866
274728
127697
108277
319104
349137
264280
500028
145362
238148
787645
69663
372642
481743
133137
206792
784220
70087
57469
559024
217883
493733
172952
559662
511051
121665
760273
214017
249609
390825
860396
702517
246438
657374
839082
556469
860202
129675
899584
166478
212726
744098
623050
862780
440834
551669
335448
400596
44228
217326
405190
52652
323730
889804
539210
735562
404191
813754
7239
681416
169281
560142
256862
262657
677876
502011
768004
483611
828791
499603
71790
808881
370963
853916
610824
185019
811740
104237
688838
667068
640209
163814
86482
198888
60477
499402
526948
290352
112096
805242
206672
443435
838119
301454
185176
17699
776759
64178
368642
74426
76618
198396
733125
860695
103856
65414
168477
723696
35862
740876
121918
97845
848964
745923
255909
168855
27296
642387
737193
178867
754417
581875
47856
841631
73726
507392
412991
291760
235572
309433
430634
43397
415238
404058
854025
782420
12623
333459
595499
232751
91059
784837
832740
796115
631171
691352
888386
245325
277151
113852
700926
22824
514518
736570
668845
539735
739466
90005
792310
147291
680462
656803
223358
517010
426353
720450
420127
491806
639828
555417
146583
252077
312375
349100
366396
383369
456562
561947
657486
539646
562239
553336
238917
243619
285653
312035
279529
355303
54478
700963
899425
624890
825418
712707
809123
280885
561453
203783
572170
531238
689636
179050
725541
714300
568645
188022
203691
682252
577268
274238
884365
62718
412610
538587
300804
805111
17103
865697
625386
706339
886800
473694
226020
182942
581996
657295
214236
431744
151232
519166
246990
128611
818947
67163
770680
572050
542179
172662
804596
488400
771022
76023
15490
735233
555213
233114
394398
104441
34827
831466
866418
25407
740595
376473
177732
462590
626167
472185
299791
294280
371597
887258
679663
126183
190292
386592
179126
345378
740756
382560
164668
624040
887235
269848
40179
721148
649764
409224
161528
750813
31242
709457
764069
586832
612027
403816
303748
736172
769775
18742
759518
693794
313784
330159
772146
688455
730203
588525
840833
371424
114588
606729
322469
323977
377400
374294
4226
214882
563148
241210
160469
694198
142099
499721
514153
837865
351820
697056
853992
797341
591002
343290
317358
122657
202276
436338
8602
612631
716637
809398
124126
576128
220063
493797
614549
858055
512016
66757
543220
319046
827943
106723
494905
660249
528968
513000
405984
690109
731050
834036
216405
69252
334841
432857
352099
500921
62103
793975
484395
147018
802686
234191
42000
280887
504801
225831
617903
67765
349136
694841
681133
310494
674074
541944
616776
33241
432461
180192
727535
598562
50105
782584
398157
654422
472594
179623
568897
430750
866644
594288
365417
115797
603937
543820
851709
347607
557734
145091
34328
355688
454844
71142
499536
493118
560938
72235
408359
379820
127303
449542
764090
602795
779805
274049
19671
533479
715017
679544
717995
55684
736703
250451
630265
51724
40363
443169
749575
42358
262258
235277
433330
640019
709943
687584
551970
611928
713465
562003
303641
351587
170137
519022
241028
837517
280282
573314
187156
291115
551777
525216
576678
486688
254684
688372
124510
715074
556319
254977
300979
737415
132649
104762
420579
276396
133989
643963
869063
464577
578796
241922
176354
864981
410824
123724
760115
121626
488500
566992
494314
74581
459039
212786
892886
182084
360847
204006
779580
324300
462370
628962
867461
397310
118959
644446
326543
548581
464715
297930
790563
259694
252296
137132
596230
592692
732952
240212
867337
285832
428815
584574
284315
12090
237126
261348
310303
190502
30076
23357
180216
238333
306167
851382
632512
323407
562472
34764
109976
22674
851021
294595
104474
807250
605935
705509
402858
330485
574188
513178
324939
374985
345007
768577
693774
429165
528891
831913
204165
67833
636391
229006
178293
332362
146915
417011
824490
695054
719640
427320
294180
739368
654190
435800
280399
504801
738855
762434
16945
710156
490312
331762
86077
774515
271704
479532
655108
543139
253697
438740
35019
857201
575956
160396
469687
894439
244425
619787
725637
687503
169284
561206
219990
567835
311730
310782
877288
737519
410163
848343
316352
855180
802866
646416
255426
246169
76335
831731
797251
555600
822109
827546
823894
773762
345127
358636
388579
431912
747982
154931
556214
655591
739214
352059
566131
499551
744030
850154
127143
392336
64982
280886
551417
847914
386699
184487
701472
335023
742358
247467
822990
172039
866195
898895
651082
421696
764420
486945
379259
62208
403573
325279
113920
355817
265179
583099
131581
636455
803510
775854
676784
271417
255318
868117
490466
806777
159385
4461
491225
320394
153842
27559
766409
854045
115942
294695
558090
465088
251855
281151
550789
233572
644579
157187
473961
405257
620175
85257
840026
800808
570365
839839
207465
681372
139701
57224
537310
509582
577824
752692
521906
688956
272263
869307
394265
480454
425882
799062
736732
563700
813293
788411
143749
262855
246108
53363
273331
93339
376079
535641
371726
241269
723512
258737
43348
758287
526713
142402
531762
23069
236707
222322
829774
417179
400186
755452
122049
824693
731476
134992
108802
180882
880256
556104
714429
668670
133859
440803
873987
314099
250109
896032
782875
77027
621642
37240
856086
52133
764581
691927
520256
166009
488647
400217
426739
725018
749741
870430
53861
826623
270167
591753
341953
154477
130157
690715
729235
472541
305692
353766
730365
402245
236446
620657
586983
170854
14200
622055
74611
696050
258301
168956
691246
43928
218991
897854
395875
209997
301765
789523
75338
211384
252329
148085
321565
90809
341432
450535
9226
895415
356780
179154
897413
487814
439031
583872
856437
791154
258693
710004
607375
867722
447300
404228
600832
215499
75008
70229
785795
263240
784199
460722
415666
435443
276747
875176
375161
372619
860006
724704
837703
422178
384759
87865
161214
391113
120330
846306
186089
84698
418870
286674
486157
137506
881696
44260
577624
167049
513277
120594
262039
86015
608437
145004
248195
867077
814243
22869
322011
471829
418905
829723
583341
259631
747520
577617
179309
165186
555069
75498
244328
356595
487471
402868
456915
106764
637076
520623
617852
749540
823467
240393
253538
522823
408597
180151
611073
122978
854069
396338
306085
892621
287446
743243
200832
533557
86540
83500
307126
65989
428850
784877
269813
93648
138899
65264
341251
254
64356
743769
643343
840017
699246
704205
761769
823922
820489
419334
679054
341181
781956
170705
288796
455814
504386
486149
583556
224518
868254
120127
152349
684550
629167
445470
586516
194950
671878
664856
577633
483307
845460
383351
384342
220259
587465
148948
895793
895478
350935
329710
195600
661067
755541
510599
608740
709779
809823
378396
875517
44630
821787
689630
648101
57785
179414
450546
233610
362217
116621
68673
486067
863879
314888
474972
39667
239631
251776
124433
719035
393606
13825
231202
783178
86847
313323
644008
532032
533611
124595
139364
18960
554971
433094
270301
337716
506707
247053
785691
13658
131948
448331
716575
457787
521286
872644
662493
79948
82569
28984
777239
391150
438742
478541
642455
164801
210959
828171
526600
757077
335999
581248
33042
344896
587463
731684
805680
894668
104230
549494
433584
388360
281796
283461
181318
155838
103452
895756
150413
28197
322148
801717
58779
685133
226746
334174
819808
751191
220940
528952
274811
540743
26244
202508
21241
564722
325647
451992
341579
88689
588616
612119
102435
690712
380645
562175
484650
557024
232605
322916
440865
46976
238037
363834
832082
485051
740198
262327
405330
68114
662445
634007
323989
77082
133807
827545
228942
390280
755334
420039
312610
601513
702732
560499
538184
321199
396547
233692
274783
184613
879486
839600
498923
643171
11728
432971
217230
242685
341967
747742
394911
634870
824100
850859
553418
635826
447154
875053
568612
185832
594273
596500
791113
574327
599078
130158
794963
109456
479185
742305
610841
769840
882482
119956
484290
555441
98728
343246
21060
363831
168968
361014
55678
615653
609318
440601
240174
849650
753987
864810
191119
66710
371572
450724
274899
319326
817802
328779
22009
741727
153027
516273
75979
218631
396909
50932
129527
712111
559794
799556
556456
635276
6308
95491
8736
887493
844423
579333
392436
577567
482517
263478
783044
497172
135186
134555
831734
348515
650605
30416
841549
222976
415823
893873
379243
574412
160291
264116
33728
657279
623842
842867
560366
85218
298105
594504
779483
101177
495738
751570
46226
853565
276828
705236
503158
33064
331184
88987
766276
832009
224801
56736
210436
1016
516967
64900
155275
418852
485896
815224
868145
127239
806123
731807
385066
564219
102203
849131
647843
89573
319220
208004
278074
842192
693421
516519
116250
47317
289057
487115
282130
557238
5980
641215
772753
747306
90271
500271
216289
719634
170385
824133
284669
546058
276322
400651
6383
377852
616156
502639
896875
650702
635400
571584
675458
779387
426170
219381
100707
885791
213403
157069
611636
17644
691889
143889
612521
312346
781069
482613
120127
516156
235376
109725
797912
222413
298266
297148
870579
723528
314417
841816
146855
365623
638763
175242
277884
371204
23545
804353
220742
820427
885424
490310
757118
884048
2900
20121
797375
237741
731491
423067
392474
150372
426523
468933
655671
600179
701321
182262
674537
128069
889487
394986
253132
354596
748785
578757
290205
645069
717885
381935
852246
498140
614196
582745
403652
876582
600185
785213
740583
712038
574549
562724
461382
488399
566629
552482
684877
371904
894465
895291
335556
140405
304265
100553
473101
735354
760813
337397
550233
673402
375866
619939
326119
809046
403420
375658
590458
864562
584117
820448
617558
148649
235448
127573
131479
101728
400866
682934
656750
268056
590038
377138
210809
323133
332019
716825
496958
521532
389557
364159
719524
868017
132100
843104
492526
244766
466044
31358
4756
585175
667546
156742
369887
56602
710880
866193
454145
390141
592262
54982
11087
523616
423005
528125
490045
752033
56609
133182
831220
354030
363354
562023
126578
497813
776623
683980
349790
577943
768840
506745
650598
541051
82142
297843
280215
300670
88257
193789
770072
898824
262117
257911
867044
20443
81770
538432
236066
345253
427623
273468
178722
572532
658227
13328
135094
124425
721743
232554
279755
582789
312275
361598
621923
365696
808660
773963
583697
156216
257390
817085
380496
422470
746100
698539
176703
623341
312497
738624
534941
669644
510362
818967
238685
172787
851890
159295
246406
646706
528441
867966
396842
609548
671154
84914
205313
751466
456624
400371
33953
533292
263996
65556
241756
43835
97157
282824
846902
842842
89701
688193
392098
156635
856140
389011
386904
334862
652140
820311
745205
712211
808352
805324
670863
850929
3257
333944
132242
212703
667942
17357
789244
148287
690239
287174
288530
637259
418574
543216
889373
8039
674811
18790
87205
848086
765555
239284
90472
737161
872244
567997
879446
888466
50711
742840
396236
709623
820635
595061
811980
309505
653578
516926
887733
546580
56970
268728
129444
841241
209250
226569
304551
264247
759238
297235
727769
235329
892194
137886
55456
43304
371903
360052
47071
633937
97845
122182
585911
626978
45261
506380
683169
557621
121456
467210
139201
656399
305842
751470
205960
797866
61141
578741
59112
535439
609884
559565
608692
191711
388365
108149
874516
289232
457793
559585
104322
877845
789003
892922
709796
596406
258146
702210
25926
668159
502829
576437
176915
528276
452170
787691
672688
208450
214203
687866
949
473137
501038
834040
705129
202102
605736
880030
407481
561412
164141
213448
446292
68866
870990
635480
492486
385112
720239
751963
794511
218691
18932
136387
889471
487464
301320
280052
740977
292517
830793
509850
213153
388323
865075
633303
754955
382120
741767
244731
445506
624329
749496
367884
656233
479836
529971
806405
408337
144331
1256
471834
712400
190660
817177
787161
431034
388302
101245
374412
662175
126519
762162
734299
341921
55336
560349
35503
58192
514458
586335
383313
722659
306369
216918
77777
781813
132294
771820
594979
811930
426003
378400
863651
865917
472776
592912
146969
527895
99786
860448
219064
888622
4123
185353
181728
647112
678661
163553
150915
713194
523983
801570
863941
849457
734994
670490
284028
410956
146214
238127
398391
789780
35125
546797
242843
798634
425041
215309
528648
879787
93089
267491
681243
190674
159894
644772
861325
273898
184540
889970
546712
540878
68045
150950
749593
688160
95711
295257
635473
356386
871198
423567
242821
294612
361492
481568
311814
553386
849028
191652
655787
741161
142038
75931
224378
55231
130892
402518
807173
699900
424531
40069
620753
209232
883798
559710
21586
653794
825869
120647
411635
459883
381234
877984
57681
515341
641460
493392
787847
94931
647716
181034
414628
313574
825549
592699
880984
820168
514369
673267
624078
585169
169294
94126
884467
862212
67087
710046
129909
205998
846719
345687
657318
152410
881736
109846
777536
684339
535577
253935
125474
802231
458871
699282
871001
568981
295850
60824
233466
573923
47032
51568
699275
214014
432559
143873
512993
19998
842940
733051
446788
431989
332185
42046
36271
135845
861890
58054
180820
216635
668936
533010
762556
303020
579871
107888
326796
414954
212178
651270
774211
358274
814998
743807
319968
625206
1692
510545
518880
276082
182080
835431
692357
5901
281311
22640
876562
269630
830373
546882
356242
153688
818212
301836
75289
365412
529601
241336
754051
494586
640264
261689
208184
687227
183423
586934
558641
215789
514776
898066
827636
273268
460001
724856
498138
702762
343765
88064
771506
295387
92597
845760
507871
540991
99793
817202
424220
262612
372864
202078
54112
59128
704720
91588
432925
434496
24119
659272
462306
182328
27944
347098
360480
256376
12993
149952
44521
8958
818208
318467
819476
533742
329558
108403
551421
292003
833524
655384
743786
578320
710786
446742
827113
391672
452495
744540
13876
537094
862850
310793
629655
570346
461934
78939
417064
201969
118501
8117
201460
320064
32643
781612
255739
186412
134571
436911
200178
834968
425776
574129
588262
836172
184681
419861
633824
821807
452871
566548
644
251169
242851
334541
155667
744856
273488
103818
34577
112213
39728
486218
226817
798657
668707
348017
837644
592265
684314
788744
427648
398899
428137
579122
602997
118940
582394
513421
400523
56720
263262
468065
605871
23941
538847
24808
880476
369077
587730
268090
528575
316566
561864
63444
682387
272343
166051
326052
154538
772281
253285
477843
650669
413255
350019
247439
255834
762708
437977
775828
448941
337872
409528
663927
194234
685190
287290
492815
609462
702357
155382
235008
210197
672201
741615
336357
244045
226358
787015
569529
194810
397680
9744
718626
256539
181385
526755
506427
491930
389864
335722
493853
854761
379522
133975
360457
832168
736600
638168
152788
733827
691821
191106
304400
168759
3074
699306
802322
345941
565296
161395
154309
882943
92226
622369
444011
768848
800364
478092
422411
279576
600715
705648
91292
378373
300123
876129
96972
345821
362543
766428
798253
289704
415920
381945
496733
481674
757845
156989
217968
433262
324156
675147
761980
626526
345122
17562
337377
553551
138245
273122
8339
317785
403923
41584
718853
393348
735566
602938
567156
127166
420479
576044
616013
670569
138067
527840
161628
855154
804566
884523
830482
316347
44715
573780
65266
565979
458086
178305
636664
167515
824998
379946
8550
614753
340146
261646
426157
585289
277999
737156
327540
495503
220091
630986
824936
190762
244873
656025
99808
274002
9625
328154
33004
18914
603123
624145
504154
701529
248288
610007
517828
414618
866278
794727
586137
644435
575326
854830
792262
883002
847443
20709
869505
441715
265689
107770
865010
871503
812711
280074
876799
620559
524530
261516
380274
9382
353768
841863
863753
853724
591142
449795
835961
622287
870870
686301
22016
426835
121769
22836
552774
392730
588973
327168
762031
626031
187339
178690
198624
578012
7936
67414
866411
31660
551285
319142
624600
308075
822461
177144
459218
888617
817066
575496
262124
780317
702861
669232
898350
733574
263464
473411
689248
681069
751761
121785
674321
627718
484326
832964
278468
644534
299080
118786
135032
208398
819382
168747
381267
563061
732262
100842
606058
189060
495265
356169
241360
132842
461948
610661
826392
135408
340015
776224
429640
346487
93684
790773
85532
13693
357342
10342
758484
85055
651764
321585
57596
365784
857736
735201
277782
69160
796856
663361
613861
827152
58912
638827
268440
197977
306713
463711
327858
91380
203986
202959
776466
868444
169674
534487
458020
775416
105831
7210
455075
540988
553815
517031
423401
467919
192704
710442
285396
786408
864806
453791
65399
480913
899097
142098
897370
724270
587799
254818
891535
328983
185925
746292
682483
499840
92806
460675
181340
419289
242997
560564
671493
681842
404869
272040
39027
835767
161171
382379
85411
568985
842052
584746
370099
752108
532897
116897
835913
242125
258635
126546
801668
318780
679964
374034
1245
567879
148316
794461
563417
323463
612444
355434
3310
191907
487123
117753
806639
156786
562291
267976
695734
862783
138247
459173
484653
497477
656555
885118
559418
17433
430664
454452
857924
501671
10059
562158
254374
550965
29408
372042
474223
833668
722480
761102
5170
179124
235156
258173
648433
352711
628085
12485
888834
176958
222146
410036
342587
690047
791021
576139
73183
669368
535043
617547
416197
316286
143845
646636
620865
184142
840455
463693
320273
239924
878277
556197
307814
466186
566781
808984
706477
96344
463501
380293
82521
642362
782602
893052
83663
864927
312602
874061
179662
621197
883567
710107
871928
375234
723616
301328
261346
785846
444005
367914
740820
459580
721006
564339
598269
272999
798497
363086
321398
21097
756271
657197
354833
93015
86034
284992
859550
42344
57733
813704
426905
547964
766880
358025
447924
792442
212206
471166
782621
49681
153165
767590
65675
254048
177409
115132
779242
197745
840213
231588
886465
597791
339887
797121
886460
436345
368431
663972
121083
118815
612868
705567
645494
760969
251915
790968
673739
393927
803173
815033
784326
457507
853331
155396
894732
197155
349040
632067
58979
472938
487148
376925
33345
884062
126369
214853
88912
144580
9364
200973
850971
821095
596713
640376
799416
236280
885795
20972
736850
410480
331415
167462
445873
755664
652939
339464
390056
513673
448433
858349
142331
185496
578426
727102
722187
593865
790265
884861
478464
167612
807829
64157
292562
142725
627594
38933
825427
280045
95196
674954
741756
722967
631737
395561
15635
487101
612618
434646
573334
602168
640342
631646
112039
871806
18260
210985
616211
88645
207978
659084
54080
454438
470919
132539
891347
659709
564921
885339
670012
837837
377707
237428
857215
171296
763263
842054
136639
521228
888900
666739
33992
177073
595316
211226
831353
45983
776397
191076
860621
88597
199274
519735
486533
374052
308093
493512
334419
230674
635787
34445
482117
59034
655940
59728
705996
550608
47197
245312
176393
335906
352556
647842
11859
796986
682943
452133
53223
866657
858714
153810
860492
372894
236683
418370
660545
397755
1803
562313
664294
590632
21204
355505
668900
5241
687161
463074
524538
585578
557863
861852
193221
484580
790678
893607
639563
159351
426475
435522
734467
371527
218702
728152
615813
314467
393570
719152
413674
899152
383718
887235
47295
182052
625576
631817
725484
126318
674049
144620
199707
728435
590608
851358
404839
246356
350679
882695
257571
385131
182668
342262
889219
485044
855453
29016
420907
223881
343748
391911
742675
311781
89186
44058
561587
861290
122171
131162
774897
186109
159885
75476
724516
698607
99342
62282
880867
879479
233442
274469
41807
217051
230166
484581
896410
524686
889020
28984
753715
91283
797859
494921
57552
722687
866353
747056
690710
140445
751008
832232
185799
835659
392179
650749
14600
415265
396468
379972
99214
39506
210155
730533
402021
56875
717692
682867
466653
465880
885790
205788
429457
622982
258612
138299
4981
809155
798122
185707
5947
590113
88973
818070
31202
219770
590855
882508
478236
536910
20565
177263
862875
68167
208423
218411
243671
836381
171732
845795
757502
670934
163128
150790
846040
274213
31019
624545
35638
774899
742270
859726
883127
779451
376116
833066
741335
516591
762843
744772
461588
659257
417415
742064
596957
748828
371113
80700
767866
176440
578481
366682
521075
760267
27677
567708
791966
311125
31356
249566
242791
447669
819011
721565
744734
406063
45003
166694
583032
506767
408678
328713
314787
91238
505116
674699
455179
177907
215302
86363
581985
443294
78118
188572
728974
514941
823745
819745
45972
887193
422202
713560
646685
125355
404141
321021
152803
148736
206244
69999
698683
63036
175481
98943
767838
99995
236201
629540
124822
424914
449489
385868
768481
529427
396872
149069
696869
486895
535481
497786
257425
210486
242427
863441
630059
318107
80302
769873
694427
828243
473556
266120
737107
465627
281834
660010
292761
88697
327490
610047
222931
839259
290911
491859
678830
515292
676939
415921
6507
391429
29944
237001
867495
547376
565137
141358
721349
638951
563037
812413
614266
138155
306640
858967
729524
290929
674573
191279
493800
225127
668699
889855
856374
394740
790179
683797
252956
186429
560548
882219
405364
891043
770323
505460
76490
280618
66930
248402
279967
772181
403179
79525
227091
467373
764650
788766
590162
458656
426644
224721
731038
284838
466088
154569
844212
782687
557905
772725
431102
216985
304581
403296
756564
210573
106525
39263
270224
505768
441456
481699
209133
673896
627566
66894
577339
561852
391959
263746
776418
101358
144886
91093
373967
297917
183101
304193
451104
124546
345822
537176
756584
474036
583939
42292
568320
360039
615786
369804
743467
47375
58881
788579
125507
735843
557978
496763
891269
727101
681803
9767
195670
608766
206276
127261
690353
592077
465102
690730
681134
618656
280829
219200
638288
171955
205329
275659
153515
423381
255247
328385
345967
429859
400471
441303
452598
595884
86625
520176
514502
766099
21273
896080
547748
180019
853172
899087
343030
39357
726510
501962
786450
820924
406370
828019
504040
631226
248165
240040
452456
438555
582783
808353
45682
502759
591911
745219
121913
528102
142458
786418
438386
530947
248791
609859
419711
716147
231482
154639
44018
648207
540275
229443
101728
708764
889314
485556
731972
70956
46706
504497
405901
841630
353327
341073
261734
120672
358917
603946
516127
432372
383190
851043
729981
871569
60216
41442
714395
302176
42537
25663
398331
562951
438799
315386
291565
84579
636049
375816
368986
571246
813771
536936
187469
885888
652626
678483
416479
92017
834405
116114
101758
483452
80043
673130
585466
667328
441903
418354
563980
749632
515893
657509
135907
170282
200856
767411
809227
554965
157729
392754
680028
852899
476774
575761
604573
661414
555548
154893
122707
235327
853371
378173
620202
781409
206189
759912
483390
472052
719698
584631
579206
541238
399603
256484
237022
65948
484544
735825
84688
220534
61096
604566
551774
12528
551541
15858
258735
834964
721826
571714
140884
653421
581082
204304
619221
45223
156271
622659
199708
756434
669459
476084
247134
239781
253174
382017
242049
763072
460700
460666
556719
543337
21146
683768
557942
722168
648589
263309
323481
359502
383640
814263
638838
696864
649112
250511
793748
173138
2341
547230
535241
818558
359879
826414
801030
897299
690706
221662
809408
289594
843296
42896
366972
568308
13962
570044
197238
884288
497059
22696
550797
422265
136048
789615
101358
98139
504551
455805
330652
113478
877092
23037
4921
853435
71298
69257
104212
277475
95900
443617
886799
182063
303936
40088
32715
327962
796812
249831
276594
636843
652041
787716
91393
775063
421152
29230
896944
474979
868957
73119
582944
185863
29983
386692
94176
127149
834232
385545
687771
831193
285352
635853
314273
766659
883344
351669
783440
433823
348405
35965
581504
513726
23348
244264
363656
439597
562268
396280
258000
191835
10476
415417
146068
129241
461610
691352
622385
508122
523773
166930
173327
416121
509128
651687
178955
818329
486948
761357
86816
281927
858296
27584
179058
535132
231064
480599
701814
695008
544663
275986
601825
370376
425705
458831
863628
316672
78138
510876
806177
221219
222757
355335
794948
169447
236114
460210
544993
509046
342864
418210
793230
63286
207274
173878
837020
373450
837256
8084
867264
322194
562661
719711
617880
92718
649193
59109
818844
547872
258562
680373
768163
75342
530116
631277
489743
210183
574746
72338
371638
717821
45863
460409
787918
404784
715134
816194
161139
281772
588122
170788
126520
414025
676827
37475
673833
220976
192798
712510
390040
606621
492983
275333
625388
562911
165037
414792
93282
543677
727571
400651
541151
62547
112799
261302
156019
16921
328488
233992
448491
712389
61217
785771
723156
542311
308588
762466
226247
574962
894461
158943
22677
865115
315468
276210
588624
883769
318198
745948
163443
177453
217681
364034
221999
559003
307658
147100
658996
600918
761501
518221
59064
101689
777840
753997
883655
743506
692109
396673
48167
660793
278586
666028
600006
634942
242518
687935
461506
122753
184338
10669
178261
790203
628841
660698
527419
452634
559837
58865
307618
50089
589232
401363
419725
492205
802269
334637
799013
722796
863601
12163
626748
790345
329608
837161
364863
165002
420584
430417
297687
288155
189076
633566
296796
763051
203022
898583
441975
846675
121229
416951
444434
26935
897686
580321
444543
353765
704250
122704
776738
146107
60716
149837
646971
367973
722461
367802
238196
636995
15670
312907
59715
767369
415313
826772
10364
880321
635285
65213
357943
48331
216524
646099
241049
830724
386466
559480
893154
494628
377532
642906
899410
503329
671955
424769
876216
419026
369996
842114
372377
22318
361045
783121
435929
461682
89277
527795
738538
57985
405937
653041
34414
747781
161263
70280
335690
111860
622472
408638
688873
520783
654359
761295
53641
421092
265337
159845
704103
83731
276360
326886
35842
456653
245144
625639
22606
254584
784396
556895
82808
376207
413814
406006
378801
331590
362410
235484
289369
225804
471997
237334
160393
599689
25055
145842
2076
332295
283442
862460
314011
554764
872742
309578
97924
823141
692179
502354
235190
391935
617522
14427
175964
172271
814137
7120
634707
78002
650193
100369
180442
764590
643605
585924
846997
741367
820872
481289
371070
678829
217715
227627
595401
698435
10011
344338
577713
287835
166587
891253
515588
330252
95683
732300
405480
372197
635469
354564
479625
437580
741527
440396
748577
146143
276706
31180
88994
800284
685574
729142
250595
889308
349136
667796
85924
497529
817369
164161
562303
543729
253828
116308
368557
613187
838835
212566
298034
829910
823270
793269
439687
544792
387538
136177
15490
883076
144698
594163
599908
443645
877581
811134
211711
702551
433564
620029
872577
865205
417909
448188
870817
421548
697728
295827
296037
497895
820438
138365
445326
757924
811609
351367
118017
265883
899829
671523
218610
823743
18257
128028
507535
656829
740721
70532
681542
235266
422635
527050
388052
480537
608291
422439
653227
112881
79590
678135
456799
811484
400384
106597
843854
781940
134042
768606
872842
743097
813683
588680
86916
505494
257658
524460
678646
317121
360261
305966
23244
113728
876497
783069
517072
276873
231799
582982
20498
209122
23015
464899
378768
757351
208452
214705
353991
485066
551964
244095
92854
860725
360834
833122
400779
414763
118089
450981
508781
186348
418367
401342
506182
162231
513987
267964
797930
870090
746341
285244
125864
265349
556857
554491
792876
182412
736472
569190
709486
526891
518355
425069
471387
538324
330100
453654
839261
293955
618579
139597
613930
171811
167537
760985
711910
875658
5589
11626
499414
670463
853121
121167
759203
885660
616464
771108
721478
481646
17486
648232
448150
670425
309939
33228
77835
531289
88542
512200
231534
285987
1899
40904
307423
824362
305360
73571
15906
497885
832762
832204
594823
203629
238494
82625
227125
813325
375998
617697
539251
143410
26203
169691
321907
165658
227442
433985
295195
373065
455892
714299
277520
692910
747397
60344
138465
51940
116305
897632
388749
200660
28422
704516
609491
564216
623666
859863
762516
493338
515290
810870
17575
799355
701043
147810
29913
6384
631553
837615
771198
192007
339498
244
554424
557735
321974
361827
637891
306741
163878
145043
54811
117363
181901
649528
32683
62211
396751
675253
187091
639785
450453
825159
896117
317006
573002
369762
67516
280129
132534
481690
53801
606360
106196
636792
214491
156564
265745
869836
558266
669602
484420
400545
837697
295486
674116
725068
504902
51058
450795
106782
636102
242908
468229
651961
754258
311406
379636
11839
508976
605807
326212
345414
69200
739167
681990
89640
12044
450391
752331
706199
552026
873423
165855
655598
497777
771289
660863
666530
200374
366730
338744
41207
585122
46393
773150
535119
389585
217664
455045
891837
760746
80832
623872
857816
606214
129537
388660
231083
241887
879926
465591
407113
880438
60287
424298
280158
54593
326696
720913
465312
684943
746639
318027
353412
840857
148003
336530
170253
298120
215271
435793
695680
330269
1494
90173
874323
741312
249377
589937
39107
408872
1844
34634
558469
291427
508438
85755
555956
684996
688495
701294
29929
254695
294116
410200
150025
866753
705022
694776
297080
447144
278728
612012
289291
230748
358199
27791
747195
66226
247300
325555
837334
670459
369941
885271
196975
795509
609306
447429
567829
557101
640594
727371
648386
64432
306382
535731
351818
721677
844813
131265
322771
829640
481831
27145
753763
21565
485734
635499
113397
345519
648941
822156
175462
446925
455836
115154
693100
361535
850860
827771
221957
56339
496821
293755
6189
755134
397136
845616
576842
784337
847478
489315
640194
78618
211911
304638
273068
613588
373926
129316
676324
7564
384449
708434
114071
39152
567407
438192
1694
510550
830899
879795
385672
647303
170429
185426
99952
736678
682639
428131
162350
623489
733628
872498
224361
283187
752204
174205
397898
846611
816989
138991
355916
96284
454148
856183
402767
628538
370289
99812
661739
511214
611248
542175
859842
176766
551308
616165
208526
604124
862414
397952
101914
655761
407907
523201
556461
593446
892411
475996
23680
564399
770414
298367
281681
627381
292441
260176
829968
733534
108998
896099
127287
424282
552842
620917
518102
147085
49095
209767
143372
774676
465330
23930
623218
312790
623983
121252
429873
794409
491032
764333
564852
894557
683036
596617
286808
536137
415173
476657
229567
633840
631122
747424
267652
815951
740770
443399
280553
514406
94930
51405
340109
25505
804766
524775
497401
230562
837988
246320
830937
888877
813062
236517
476008
142352
2061
270527
630724
378764
465227
33358
744768
802180
225593
692303
747864
269313
355615
141098
405247
220799
639922
481770
445653
752248
815511
752441
89077
717259
18022
144024
52650
812873
657833
97688
634721
640316
318660
396024
804505
629108
379951
683675
167031
99950
518751
852101
527414
448323
171235
653746
761308
89547
279561
492179
711944
728365
417984
543430
486952
623172
391161
102992
432166
660015
774791
183450
556770
746389
488421
531430
881083
657810
453046
263180
61127
349635
395176
665013
171971
43530
896946
365939
23620
466943
774844
515291
587147
668819
464190
792384
242422
756417
813825
53869
88532
640340
385761
200319
303857
226767
825076
880093
366543
276029
332740
90292
834485
854742
147384
627379
436225
686666
544273
412352
445370
578189
668528
282198
762497
660031
143701
624412
139717
102615
196002
313858
302453
146187
382589
393114
276560
58366
336373
555697
810680
894311
869148
873065
410885
845562
599347
100500
341462
679702
592803
231759
521347
498986
394311
75129
783918
379684
536776
226190
90359
23064
114240
834980
492527
487113
327487
593697
463300
232343
480396
195863
287835
496965
230627
205406
213851
788805
173341
328556
22374
211011
109549
575187
345443
70155
248455
646519
433750
113624
813051
755658
606354
504058
314975
463270
20933
348226
579690
433127
860081
706157
351453
300450
135098
497003
781884
587654
334267
341291
534394
801902
305075
184101
885651
844639
657021
280771
141746
150052
381022
413548
661011
114276
101464
888463
837443
205469
593691
150249
192131
300575
446234
62356
333580
130727
860795
839276
351212
722134
729704
798334
341582
15118
419779
435343
693880
118665
117975
128934
608238
307253
449001
437335
575604
177744
120269
507501
710576
521116
504853
451251
667118
347423
596356
79424
218205
35129
95873
453373
559478
96579
357031
271731
444221
641505
461017
313334
430785
294019
9459
430920
130813
147678
583996
142731
882305
323873
660727
592903
402186
320247
797272
313620
416621
739993
15539
725701
305780
86829
395441
669169
270943
760767
98364
813375
303148
329370
98874
279949
343153
795938
126614
826205
107173
323025
528857
283805
64606
471757
891800
458449
694966
639331
296231
616479
796039
41122
410795
750903
320629
160470
119693
733085
538539
707391
793259
630101
122301
769485
405064
640329
741004
804506
209316
632762
230761
625669
126662
526176
680785
528774
680949
425408
229238
290099
759654
698761
477150
156718
85776
798827
744356
526376
130395
703349
803677
897079
62359
817129
87157
82447
213673
561854
815032
249632
189152
810801
213996
630155
463686
346762
184091
54562
2226
188422
754287
666491
837658
178534
12790
641969
322629
668595
329765
96504
348511
129613
394297
685755
500806
511663
100888
693555
13089
271104
749366
640357
488784
147864
424564
842905
744446
688780
28451
612691
766803
305177
433861
410032
379494
674057
36948
325375
1616
646149
847805
671513
614811
176984
739076
198046
650522
683323
458187
694894
372594
107106
346349
393600
217398
799522
365892
738403
736848
699389
283242
824846
421531
110156
323773
300614
184430
730023
676700
159724
642451
18868
333262
592416
873269
487242
300002
417494
273079
195681
631280
611283
281922
868921
26494
231812
189623
851427
319743
652635
267650
455279
813463
810824
800751
70419
54617
287472
881783
398356
314033
205356
185298
225844
512541
756864
444848
615289
853814
91990
603331
735446
164685
288022
29236
35864
622224
65605
805942
422511
749355
415864
520728
89143
485323
481971
562483
230882
386591
696514
289475
175139
645047
373074
522419
42234
448430
374605
705841
619127
589924
5073
652672
98285
780260
780620
204653
898420
668805
839638
738329
420346
531979
42635
585652
487752
739117
271396
281643
568909
369425
810544
785400
321033
770804
468532
440536
882904
348710
587580
871067
594265
210033
127868
507540
725945
189114
217256
511375
63681
716097
352781
795618
772249
801027
91946
392732
370775
552927
448430
421979
787464
641717
160431
422714
41594
34601
563556
744678
205572
591751
780128
570930
576114
742337
138764
299553
363536
550292
795935
751424
387827
824937
321404
410454
475839
186807
86537
782003
528632
524549
839047
536102
803112
833485
203635
43467
483785
209148
397880
109089
349584
701494
284654
809434
537751
41079
505491
81579
604582
118068
272612
802627
379357
584320
551545
122329
307103
146731
767738
540446
506494
626020
679586
176945
819744
826367
215566
165105
141451
397457
676994
262445
659730
635640
562937
370775
672028
67992
69542
62872
256237
519680
382124
153853
384083
393099
754198
282190
147919
228707
411348
807743
396382
210943
425490
33536
548100
51629
851959
887311
711572
32683
804183
247310
294749
159695
