100
266252
509081
188242
288829
750056
802085
1376
422803
883502
283390
19518
522943
139391
470807
623013
730385
574788
418304
574533
635176
29802
454352
442793
483317
258429
158782
315426
25944
523872
407440
399730
367398
186502
130826
170904
776556
295953
585832
213011
868109
207397
652583
294100
618759
305319
867581
821413
324692
795351
250729
849775
281645
846055
837509
474381
202600
639159
137656
703595
838498
237295
786088
6554
367319
10584
63500
392371
221774
363991
271520
619077
151122
262919
59057
20189
704827
852850
299993
773553
860876
729004
688901
341833
101365
763276
270545
794410
472056
303399
692117
214688
198440
446954
713368
764552
372142
465716
130467
693175
428678
