6366
643279
121966
632491
239967
523822
12856
643575
197858
475786
60822
592020
749759
770850
654726
281046
12061
221496
324794
788995
261824
616125
567125
115244
416406
263626
576514
147511
433152
706602
279728
797335
350779
458005
684494
439101
800970
824375
232607
525672
48034
182320
36826
560279
810898
40884
727298
99263
571116
866802
196348
457849
402004
155986
104530
258387
87781
348024
143715
17990
417850
833509
250180
600199
716192
616796
661943
744375
253685
263426
190279
404021
895164
122398
471229
565524
155969
433185
394498
60039
114723
765983
540626
576984
454371
810939
309529
598072
33224
761121
818125
793072
348524
871724
146343
220694
27206
109896
830239
27644
566260
369841
751683
316547
851877
629371
768051
179437
799009
819627
603581
755055
95222
185698
474896
9029
153728
245850
660671
118463
616211
685033
690228
570169
75144
332515
714542
106665
664226
655548
879160
232721
32348
704618
774855
33429
310961
832073
322768
851814
592263
177464
865348
653821
244952
234176
544298
124355
822335
396725
768503
843341
400092
282869
802700
358181
792900
328782
132075
782563
747624
144380
284279
89082
434559
752400
19112
663663
267411
573804
153704
246309
838693
582346
317549
438420
210398
568829
497267
576600
895764
446895
483221
296901
635029
469417
673928
419895
265810
281489
349045
123464
432651
78413
590192
713659
230131
752391
515993
323798
249440
802889
444015
243180
769393
81863
833100
381176
256220
581979
324929
398886
127411
284588
357134
495755
657522
179048
584798
119605
335208
341040
585533
657372
732576
675443
438071
867768
780491
399794
645807
886764
798379
235139
483256
499937
695006
400210
538228
392589
579109
275713
83014
360690
187696
314511
810678
591939
213513
89015
435969
334113
487609
83663
168121
774116
167835
696977
20864
349364
801147
421239
423229
672760
408489
260863
3193
697221
667328
294446
824505
710296
507886
449425
612344
327168
23680
301758
84063
312530
41228
511033
386660
285311
107450
557331
890941
148067
59759
596268
166463
73140
757367
869785
806743
605755
615662
201761
611300
377183
698572
309185
3504
340060
248011
505423
7241
495475
568086
367836
645312
486747
210319
150835
198524
850613
623805
49854
528636
851101
386801
888007
801352
114876
294643
493916
68082
79355
313326
728716
371343
581554
529172
677198
371692
8862
294095
171008
86286
186384
337670
537261
151210
200482
6280
86952
257246
682373
372792
824757
43050
661143
414260
70823
552910
532944
800484
444356
301858
553691
100892
600548
747052
131265
514894
507768
221729
149888
770479
638600
805339
660059
464644
552629
95475
372908
803849
768413
503004
585045
739485
662972
643708
228243
539342
706031
503271
133939
184636
285685
342361
578015
422925
727182
540048
758609
513421
335429
458340
866920
8991
120458
360324
819832
721220
772952
893487
109564
752998
631669
453131
784967
264578
354072
121893
154488
809713
398244
332773
882763
619569
564019
891629
846219
111924
486478
263823
580934
141189
389144
764360
530618
883698
605099
164989
727563
206138
75066
107056
795766
366485
169141
817279
827071
763258
95211
73113
211303
239153
183178
227550
189530
272342
379490
785490
92516
87238
401959
273597
6755
797002
505525
555010
205144
852029
195598
532890
519575
409851
720063
485644
497310
525640
731456
155724
444099
361657
872314
860461
107078
247651
831780
345892
875525
509311
531142
468987
621933
237463
486782
332238
503534
454000
429792
11269
323048
71123
500536
521775
268770
258041
657387
49495
370681
169491
554267
895590
289205
74452
798026
831765
257591
149531
298038
565100
350575
775872
599331
815452
495435
830042
468726
235830
895977
118411
777117
290790
72237
400426
821292
894767
165550
566506
643010
738276
145962
614699
862154
259392
439194
20157
31901
712227
590401
596845
515813
654410
547454
367278
784189
700234
519040
202469
830484
704232
360601
376784
698064
281432
333099
648691
777518
778544
75743
76257
762568
587175
219253
264484
866288
96784
561142
10282
342905
550861
1093
723628
19221
393810
540660
872603
318072
718072
336626
580681
812731
851418
667170
338930
537117
214095
327719
372645
27076
640196
651931
63506
235873
681077
185087
511890
641073
16040
67885
890638
403200
691463
645385
43533
348521
35288
85750
62621
761112
757018
724836
446365
518032
86206
130855
671236
231784
38304
100996
820050
124144
8256
472708
466354
608145
323618
860107
232040
890770
335102
167714
543933
104120
530084
764848
348323
330501
646448
892103
14343
658177
450597
244507
264147
626582
507242
665998
360285
717365
555198
648454
609967
540982
297945
533472
484467
689916
349728
150525
337915
715223
430468
272122
273451
309091
333528
364830
512580
42478
109133
585421
546765
897175
499085
375962
74047
478194
666736
712217
413998
590536
213277
708657
69999
9627
496929
516080
30059
283655
200229
805177
170399
763683
689295
463161
300844
724967
824216
260600
677249
499848
135013
269066
195171
174047
589156
845413
543831
651655
22789
298605
162284
780485
145202
369610
330856
608994
802477
693691
733613
410004
710981
499780
790215
787739
444884
118851
245012
410311
760663
559329
594129
29142
605355
442435
329342
446523
297120
233344
155789
226682
264253
645677
327916
42384
450993
523412
277899
406512
373841
847172
517260
620744
245842
190433
502248
49634
646181
798204
562264
189510
718922
359357
798246
680989
491282
848988
24784
109040
692405
524944
416949
574063
224172
772703
895008
760301
871341
449364
672591
230697
232257
316686
593983
74887
542307
261844
212565
396989
61623
51591
154987
630890
600452
799760
871989
528576
100111
652377
147055
756418
740982
742520
171013
248521
329286
259141
367870
88801
241914
98156
352934
778128
694416
715806
112439
137974
751881
230338
221603
807375
884285
123433
488769
150774
493785
849215
640913
422372
483927
554813
554509
705174
772567
254556
717359
324236
741887
644164
774617
487630
86828
818978
650981
853257
604500
446200
862217
195447
313274
76174
299110
584829
169485
380230
561678
150733
809790
757741
241167
628460
657884
429070
548736
430638
369773
481216
450023
833085
101259
65824
561157
844153
609464
489593
172991
91673
163200
225791
461194
201807
214666
275932
677009
158922
342874
130914
265638
842421
872614
215038
187779
577853
17235
692718
125180
851024
517259
327433
701859
47424
159357
18172
282774
39814
340690
171094
329353
199844
8135
166553
815884
147619
425260
469872
24026
384827
622743
556192
501853
107473
467878
738999
712672
95642
825712
410465
871443
676350
340134
896090
208661
480056
550667
700862
16897
569754
449837
832923
578103
463853
207615
16712
416741
611349
383220
325583
658354
847827
229178
181157
51848
730533
161009
70811
705436
141128
539110
309805
318618
542
69649
161495
862129
712394
85223
303048
406169
808343
196733
718926
336444
503544
738490
852593
588200
459883
467351
103900
487376
332343
192949
487701
253497
114517
658363
700238
5576
862379
400235
286388
152870
111218
230848
857541
450093
92633
795943
377887
591889
576930
479190
218259
151150
99435
642765
683928
240969
70343
894344
573947
305542
899179
731134
172084
467270
236293
854841
330196
397531
480005
667154
608251
198282
877248
275752
875207
369210
607401
760061
269574
259519
422912
488845
742732
75326
279495
321132
676096
162717
800591
30587
392081
184713
292690
508007
191366
196514
419193
722398
406098
726343
381597
14702
811654
712794
884810
702012
872865
555759
859904
287454
665571
541846
386547
180694
141727
402179
829651
287019
702190
709110
311846
113189
133728
88076
703344
64549
656878
348897
27701
686943
582603
345024
663605
302005
810233
682
885814
220881
66999
492670
888832
670494
681240
766922
328161
247204
458127
652303
215088
190270
613894
220682
841871
705690
105486
312996
563978
311212
563729
666360
597213
697071
706083
470012
753073
129593
93879
358254
743878
325114
215598
747228
140941
247953
71562
196368
392140
726251
605473
707286
423397
852281
638412
885324
479344
275564
708223
737317
650500
311312
752883
314457
367733
261058
36383
682765
22103
229840
562950
734202
592672
887947
481961
705149
653580
548683
709853
693978
498618
295392
402487
742126
718516
103472
63396
695792
339724
806417
682325
731074
898049
174853
458328
291162
36289
561229
447810
790407
320520
96044
881128
757763
95591
816729
594956
100724
21696
749344
342612
633758
641133
583606
810583
520297
418401
234102
615217
869194
225958
835741
520310
635184
156197
459326
686819
393166
347877
754819
87664
365216
297514
144834
30913
314235
77535
350199
584028
825110
562222
726371
325845
120015
757259
285729
563332
375067
483505
227297
674296
428782
437860
674531
476038
891075
243254
317425
450009
868937
837829
99385
830349
126794
641473
370054
89655
421016
163691
477722
730780
767158
708217
876714
6690
481473
441687
594358
49859
716986
525191
525539
149181
596784
270089
552471
245063
120942
5013
147953
394559
512927
794469
397410
872670
19449
312560
575244
689964
885581
172177
171349
62608
763210
569574
27144
104768
112040
32276
119976
439255
694904
296040
344786
289572
514949
356921
228622
588767
173414
390857
377297
686518
513828
158729
220179
392006
199555
73372
717736
151621
813038
611796
452412
44668
230371
774425
32464
233171
200056
136680
857484
807972
783177
765496
385568
490801
828960
638327
611323
496913
721727
16051
598823
224517
558444
760405
63423
843785
434458
779624
131341
395974
164816
821080
74724
513893
341464
156981
194999
708478
755142
417462
144725
659182
755106
91866
15618
753607
65973
623785
794547
61281
576364
275994
537157
676398
375148
773134
98586
305484
444082
52569
356881
384659
861253
106785
407713
727694
634395
580798
340274
447590
307173
899554
449175
779706
284439
899794
625580
402667
759672
677394
201577
353140
668450
46655
804992
61015
565655
556950
525049
396401
788672
895090
173318
687984
373699
562035
534277
356603
463201
353753
328435
618991
135560
3503
646631
636075
249468
335845
609074
325825
499261
368022
561489
680973
143829
84137
21260
384289
525440
86866
650671
223839
31928
773176
600258
846816
160509
32978
501414
840657
748925
31274
623759
68253
637957
501059
146297
177349
261412
744023
868680
424909
29752
38873
496736
199216
866264
65146
785341
822323
570717
736327
238704
21399
299342
239183
301047
413192
188775
244961
834616
704178
23108
411284
450842
559604
261967
663841
771391
793421
117412
606827
189666
232530
608894
676671
472457
580897
678496
241046
563591
793360
3106
259255
566673
750175
446517
706009
140890
215244
220085
764647
870446
338085
22058
799164
421447
379159
159931
681517
722640
759941
492272
853414
279891
495189
395265
783916
524193
377765
54177
547298
431902
423963
197217
748999
237157
290169
489986
79421
280160
539215
431067
587045
887484
238699
488195
599013
402764
119627
690363
844139
195389
344403
418331
767883
490033
220474
729495
216164
685691
73247
395086
579297
530581
40537
276879
859388
496769
643660
262473
104797
688123
499319
447021
440256
522743
279498
89474
274932
287132
824788
775173
657503
314204
646011
344346
13727
483631
739621
730291
791563
287563
559379
482748
456312
607970
551278
263329
19032
743512
530681
832541
477693
73632
39142
493984
533372
484562
224900
464123
71308
670474
751926
803531
606317
786496
627519
309536
158405
289344
168762
465353
345285
227110
355622
42622
102763
378264
822654
662986
260577
340447
545510
630451
797762
390946
126561
482119
173021
885569
126048
16164
635826
781260
108501
709763
768633
773630
835589
431234
634210
601145
767292
704398
7159
676287
233403
80938
381117
217130
131852
443550
390361
203273
5270
240286
170128
658743
160076
789301
337543
4825
409567
317999
354313
420052
806772
28704
759847
866601
60272
378772
291705
711663
666000
112468
527971
191659
302678
664914
444019
102349
273501
115089
707622
857738
394125
663699
819306
436018
266762
808736
836158
720974
111847
798385
868182
364056
210904
492374
211611
326358
399365
388010
880655
126164
419354
578193
674254
580733
235035
477514
558160
712374
182613
101335
713163
856503
312176
266278
581397
500486
182720
33244
613190
274578
310075
637469
638300
167786
434725
556954
663961
430584
698375
298583
803399
27933
247678
480440
55388
319337
865167
31943
39832
886263
426264
448677
502155
16771
409250
13771
878004
61865
723251
232507
215268
615932
131487
730856
876992
310495
664671
383646
143301
866883
656986
884624
277478
638750
738079
171676
690258
527268
179829
26077
535185
256005
358665
325357
713708
213603
870567
756341
513708
428589
517284
36178
223706
867581
639256
93446
322694
672427
198793
486328
268067
34316
49506
467944
390832
398059
766082
170804
784210
291201
836113
258528
310268
458452
99694
323781
744433
130474
683523
368089
328224
645896
333434
111830
866221
723275
18601
432298
268273
761602
731080
347547
807544
824038
575332
563060
297064
288183
676012
585265
682049
400597
765320
466403
834848
719640
556681
471264
38909
332812
380251
138378
35637
467212
702999
561338
691938
174201
784822
659273
399301
331064
117248
684955
153894
822758
290690
671976
254226
245528
400318
526280
214980
178035
140733
342939
126942
851428
420607
143890
176854
729598
722930
365597
581838
864206
185537
497650
611259
626364
860740
556343
700455
615840
749365
138924
829106
531775
88643
290680
187315
48641
304959
824430
19805
755247
263700
242235
274781
504174
456499
805167
702591
6995
783116
451782
278352
504738
829498
807282
364446
608775
192405
847975
806459
894960
766667
6818
435969
257893
40232
467287
326991
559557
469937
816341
174097
145470
562673
729272
652191
431721
749995
413196
334876
655711
63822
652504
368830
234876
126374
324014
438701
72783
234223
140654
523044
403995
838725
49394
598677
536269
771319
788249
721065
127545
266969
399027
83493
77844
297977
304454
309512
96072
182697
70875
353617
64728
497371
709384
19101
430704
394507
441147
746669
369639
805046
638655
305031
658196
335752
229390
678291
623242
498675
667156
142342
827890
119483
193691
834011
44483
557519
136952
896317
800737
480050
711922
348705
394287
806135
556106
509072
285010
554507
518603
838979
429891
362732
576016
539015
589680
238552
136716
226880
541233
367168
59706
630857
695778
127035
887873
883929
891361
743767
170692
572225
580102
704362
309796
163986
831610
786214
586930
82780
114709
750699
473876
541714
90200
869815
490163
321545
215332
417369
13119
302046
126325
464451
483168
254487
378878
223005
539898
667841
58338
437205
479387
233177
101132
736693
293509
85095
693164
653997
595
198405
621391
100655
738889
97117
542105
24794
397276
150704
802402
552270
196155
585555
707786
620382
711065
149235
54202
629412
61656
456633
842873
147278
3028
160393
321095
122134
200809
22436
858714
17551
43201
301838
736114
237915
484350
310986
606203
851834
574720
700609
275519
571484
697236
845985
377701
549368
537754
614370
508938
77717
280049
96932
83962
92645
888129
633844
608555
818418
220004
474509
835575
409008
304466
336699
704756
748210
473543
737883
613809
305145
445203
778495
545295
63975
15327
654542
223353
528370
138359
436295
889346
710388
625816
357413
231386
150687
58486
419358
467564
242509
5642
248006
789239
409077
833080
359665
702887
20890
101849
238454
481327
317309
84361
491759
576454
809971
782830
430428
318907
517842
362115
232679
613622
366692
451969
503650
504364
703614
538761
120236
28894
255115
715536
562035
335023
67137
570855
524948
294976
888181
383942
158206
641162
394986
248309
268660
122839
122212
434551
321137
527006
300091
755667
694501
465401
780075
765152
96158
337412
70184
526796
284258
691637
206703
852457
90872
14322
27928
538677
141383
539475
748840
457540
647574
283573
122082
839084
672627
774904
534077
137773
894063
143318
446097
885179
662822
524193
710699
780937
51580
795479
284960
565940
209795
366436
290622
161769
241786
515541
304766
577716
865967
618100
63286
34822
148740
318597
832331
275585
268335
553948
565731
880004
217756
403832
532472
57582
338062
187136
91465
730416
225186
694521
212235
604468
590964
401793
490428
53860
387739
79627
477592
571384
702703
898423
649476
706880
476555
885389
69192
84170
414093
386134
475514
654320
416123
665912
384981
6049
389408
447820
872713
56138
525683
256765
189260
65697
394584
811998
499725
593198
133280
32040
584713
559031
70604
102416
582967
492070
833519
547042
264222
411096
507889
41500
832742
47653
314159
152104
392331
805416
565920
250071
482286
708394
665811
391543
658855
425327
25236
573681
572693
499612
388141
733921
90325
579426
895241
373715
414065
422924
851572
749174
155599
523810
410686
365312
544938
763160
193118
651358
577343
273846
487635
478678
67934
347204
494310
741627
443904
250417
374955
352908
626999
748896
590374
259690
98561
55056
251211
736371
191062
860615
416990
431296
425121
364890
335960
729143
159308
427291
696939
884878
371091
398784
440253
496157
353179
230188
469328
53246
627579
92764
375490
588324
779288
867408
535312
677493
588591
24435
511797
168678
433260
11497
254801
318289
322519
794837
820260
388757
747566
549188
388378
160203
513613
420217
100769
496320
93770
138838
56597
564436
895581
11204
649660
602957
614812
227871
70413
521496
832742
415232
884140
15646
357237
442280
132784
797375
659190
805766
725414
294414
466901
446534
768974
889929
6641
685399
699395
422131
231246
770550
287289
568015
731274
250204
305534
104763
726119
788225
716066
517959
68359
730827
867955
569393
240342
111735
839457
77086
509377
623938
470817
226230
455236
640085
383309
284189
91009
779115
843240
451306
747085
640129
11712
140070
523780
596441
856748
835970
349405
515338
150388
3157
369048
26727
463279
106417
535539
799146
14343
897121
575100
214013
366554
463713
868033
334789
70746
289530
345283
325420
296404
809720
326537
28809
207022
443050
161681
757070
585641
272790
53569
684462
634437
127798
769659
404201
56484
254419
372527
253077
437766
818332
529611
8619
640116
182243
682094
331211
650521
317908
825402
512076
519946
472691
463303
342756
33607
663569
657908
566929
70905
626763
296120
430850
337915
871519
874295
124580
237077
252491
763056
167693
620099
251012
806355
221407
749492
781840
826448
776377
388910
623968
407306
875776
86511
92174
402827
619077
45487
873871
225649
401076
754273
247412
595302
509816
887032
658339
218061
622542
372646
491789
788728
13988
403360
677772
166455
501773
222557
459227
112939
430469
597853
235954
437880
369820
669286
211836
42776
639424
498442
309750
250861
432619
271717
724647
721902
43558
680162
749495
560899
460185
252956
580397
229484
231280
227682
229192
244411
140363
415540
199610
124706
883618
152138
71388
339815
179987
872916
526290
641332
478538
512156
274045
335914
346827
707336
159766
854454
760063
825659
139117
837052
61849
806651
890559
156336
671716
759181
425133
723267
499883
848732
489727
706266
210564
483321
439092
157499
273818
407933
875364
297121
423893
31977
71029
687023
831336
780942
168919
656000
347703
447465
41756
667420
338787
603462
179158
232071
743412
284581
766927
22580
545762
228570
303455
497015
73535
97870
273134
289528
294308
270659
351719
255204
197591
259157
453812
40093
791830
770908
540700
14257
207586
594638
850038
64040
896459
512674
290568
192567
835540
149006
226048
828433
85763
461425
308686
646205
212040
33677
756893
564131
172550
17581
676205
250112
516643
664357
731566
281306
592872
872598
406074
252397
836053
636912
584175
560963
546149
296146
883687
3362
858392
195117
271095
790975
44035
304710
728513
238640
750065
493627
360821
248383
584788
694237
319275
425883
20908
120571
124342
536937
856915
444895
498917
54167
386690
166066
378907
88209
517444
510426
739465
94957
336469
27172
872997
560224
42230
527933
743818
720083
702768
317530
235723
853169
679362
462359
424724
393143
524969
668380
479616
761678
673994
886652
877937
775989
515327
395895
494991
8598
325980
90592
478144
42555
745470
678328
163008
442234
215055
658233
211805
798796
155288
461935
872562
202747
378883
445056
810302
844953
668459
686157
218176
594317
265826
337712
53682
655145
168063
602597
751775
708343
89219
226821
722401
589938
87846
884622
589051
558928
185731
788702
246064
514077
755516
605726
264959
518307
370539
884700
339836
195237
24935
405168
441740
10027
631663
611744
647996
141432
356054
216575
233373
872535
415723
175536
686560
434132
261315
313128
390251
177351
539398
120241
63510
846346
544403
476171
123749
817068
455280
757230
55873
557727
127442
449770
51669
492843
512069
533519
71138
855717
620504
601833
683232
761562
77065
808546
813585
121510
365929
13163
151587
228130
472779
713366
772739
563417
767502
453595
408696
39835
483236
864570
847363
82090
465182
122496
851441
553810
67159
858946
582298
539254
833466
703142
674169
423365
484048
33250
668968
537388
689642
821660
662264
891461
12871
395568
280202
371820
576898
94608
614157
777746
651804
379685
130676
595979
333377
143156
70899
685666
594778
434140
787894
864493
276270
82684
646686
106619
12853
52722
316985
825289
628667
707933
303261
655956
24462
507556
474273
557160
345188
768559
339191
578423
602539
489875
165674
871558
572462
756748
659792
46849
206529
86306
433964
667471
400938
73518
291939
758816
471980
491190
721144
46882
588209
872628
754950
763251
235731
439637
23354
194929
551591
79837
40555
134958
15302
843655
315927
697951
487513
89706
421339
782035
529281
370008
240110
827232
285569
706176
168379
110808
197096
763187
825113
8060
287167
655235
701192
556295
891051
308872
770122
148459
865663
534204
43100
603353
303105
292102
629520
394521
97271
391316
45896
304698
635598
96193
313073
532227
523655
1142
79418
609768
290462
342669
627023
523800
604856
590128
469846
515283
267145
222592
723461
624761
705024
592882
194686
619166
751375
270259
498601
748314
326906
80076
470188
383516
808443
82017
112553
211998
540080
85396
637588
358739
188258
239335
516016
181885
784531
444126
886117
864572
85635
586466
228287
48321
786910
870657
247686
860832
27109
605715
268438
255844
12152
416728
467451
841724
607773
85309
533130
670291
342928
542142
585950
300829
386951
742213
134862
114574
413505
631504
796904
563461
237994
464337
718604
109125
104685
654447
717703
693956
630551
165353
561707
490939
34596
220603
599623
558430
785864
625241
840328
385351
600092
866360
758828
813771
232162
788684
306718
167246
674551
96076
89747
322674
423253
813426
197504
512298
700066
565886
617942
645932
884056
498458
386875
278821
564562
628984
347622
182887
886287
102104
737239
377054
768038
869894
430609
547232
250215
800768
218773
607714
557546
270709
650075
668231
516342
391432
765807
236563
807472
128020
107270
79774
14429
483402
141692
759749
369750
181557
221900
219898
62696
841663
717995
773915
296324
145196
889409
368608
358537
10372
473797
501678
358732
334734
213043
765608
880002
139000
779533
676070
481514
826963
391916
678141
254202
187035
135361
158910
533348
366101
567436
242651
342884
769425
686391
718019
584265
125774
415153
173583
818749
871933
227523
59669
893075
368925
437328
474938
276525
130309
605069
492933
725542
792129
62875
897646
770978
813204
91357
366005
317776
87388
598074
593039
114554
456658
294065
896858
280649
223536
480628
32210
701303
680366
214051
152029
74098
622821
757157
780960
755754
686452
203173
433013
870616
538721
785063
880532
713834
176535
616101
333645
807087
31917
27179
143992
625532
651048
494763
433220
733720
728247
677086
687180
243754
407228
506136
60776
674109
265162
638055
190495
557390
55049
661607
856185
777554
14326
569348
52979
240614
569128
331918
321932
694996
790446
425746
232956
885566
26260
601819
252933
618795
34821
175396
203969
71531
344074
543384
415867
737449
808304
461768
53721
226028
668999
571081
878903
830921
722246
434696
115375
678633
117932
61386
559956
249683
223522
846020
722783
266230
683453
225235
874176
716148
683679
197273
187638
441262
698621
151926
286585
804936
55995
98559
600148
89561
606066
619005
278417
496338
781620
182116
802861
427912
784071
123150
686186
458816
135757
185140
517411
155222
789925
248456
394778
733833
708809
756658
553389
484966
594328
111877
190024
425936
186766
859613
518516
297481
576656
75608
580364
300544
233476
378862
54192
838071
354748
764654
93202
702287
345939
134422
272270
855954
349584
501102
548247
295229
202664
441986
347437
176808
242912
179803
71050
765268
227983
700344
584091
844559
779714
263278
704236
889255
832634
68889
848988
858569
575216
39038
245648
103284
894808
301375
224867
659775
179747
636793
525083
573412
54174
786846
119735
711400
536632
446378
81124
579495
69281
756644
511663
199713
268590
420147
645045
546139
116346
609914
455190
742483
340614
868018
722663
274372
83264
50050
638343
461585
519745
657885
432009
273906
352656
746937
781617
277625
477029
650951
283322
422656
128296
548372
525107
554832
521496
463259
278282
402160
762567
338628
179488
445640
862466
248925
268125
460145
752015
530484
148860
417276
129519
61646
429063
678715
215779
516359
498941
342128
227211
341990
666896
388656
457672
246620
548875
731635
701795
311386
215536
89690
474023
427916
375136
842814
793162
16917
43348
354769
253289
344712
389480
742675
483537
66048
273783
475220
799769
33853
419202
610080
765996
530907
442761
348524
338950
62929
619836
837404
241140
791075
105419
772526
82717
23173
820026
706566
792383
65804
876912
819863
49522
632690
270703
205259
574826
207942
110558
526224
650040
528366
668737
581151
563727
226362
662986
673385
17732
863910
386441
564288
647022
704236
514079
86079
782125
185091
354032
186807
269768
273112
164119
242679
804110
863975
137491
724664
581630
71798
181535
810402
52290
252686
14720
164510
496406
260055
637559
888762
456551
777007
142710
488434
547638
293415
451023
418881
30779
648027
568392
785699
765735
36587
512619
809094
731841
198362
648378
813133
373106
121634
400928
354848
738493
790994
133730
756340
863270
611238
60692
29074
163603
723553
487912
194439
761167
135914
43713
40744
883531
299296
570693
467871
63264
529402
539569
286070
810576
17696
814695
293951
430474
463520
483587
34237
527947
123662
694155
792723
824450
502587
397924
888871
273772
20944
215393
299635
571550
302887
573815
252104
90433
290406
469196
231391
285016
66810
31309
835293
297885
263116
661887
243457
725449
698690
20621
365870
339570
243956
176000
366928
678542
282217
51949
861677
489174
450478
779944
570985
10439
179987
76694
214613
443426
654754
683712
246742
170450
144317
419971
552621
112717
188754
852836
460105
528596
303453
92930
204037
739253
170363
208292
51006
825680
509766
405585
155446
468214
876082
496190
476414
860108
352994
786209
372100
592528
122664
473925
842104
291123
883544
324503
71420
771076
559239
696796
822504
424014
748773
646245
393784
309399
57972
658363
52851
452265
192132
725237
28343
110638
810445
360808
392262
349972
654984
379230
481703
487824
891946
896159
340283
211391
284190
474028
242653
170375
427166
487627
760053
439483
317710
324220
411417
151646
521845
855081
777568
519455
176121
676092
755845
142051
601237
358603
347060
255809
529433
445327
688212
343782
814047
8403
3569
236345
569221
577383
227909
809560
105324
113171
645250
299297
542412
728425
195230
646349
563217
82195
585948
340598
207095
48748
796147
757946
330141
694283
656029
174359
536617
241721
808574
263958
17464
372964
52271
756101
399680
613356
503782
92508
435236
110298
880356
690658
22611
850865
781210
661607
85661
521980
879257
576881
328179
677447
856085
85429
397370
604330
322709
151579
210540
787872
441369
86149
848651
540086
7528
128264
962
828734
628246
301784
66811
687299
874926
205602
365558
202583
145314
886354
134220
50760
762892
658421
843585
524466
489951
855417
504543
712814
365903
420849
408213
796263
571994
55221
482892
294605
71313
287558
91425
191651
851079
735534
336195
846675
783093
161894
554635
131137
346952
445681
524499
335676
334472
552486
406133
652337
562341
525227
239393
350938
330112
343900
544058
262964
582675
649099
734413
369102
48958
595522
724335
270973
871823
451236
452851
289740
264429
97553
675876
899569
19297
89288
260133
617915
603618
95527
705379
280455
462140
558797
424243
136882
55868
678049
714765
354121
629274
867020
154725
34556
292515
401024
295682
203697
56257
105276
284828
187028
171850
829896
687639
888844
673378
64059
656567
895305
1582
768572
427102
145882
531478
579333
666313
586683
431670
378851
194820
757899
386433
736346
713829
41147
270291
222598
534508
353794
534993
481148
653268
450638
614047
71854
531830
394486
630750
792462
787803
125962
771615
703722
146108
415820
229481
775797
140984
250808
322179
14599
487889
281405
626814
732602
202371
254800
873570
276181
608162
659062
709652
448070
26991
603199
543073
29160
39222
597618
90089
767781
55816
713059
500138
170484
341328
353346
256264
714531
856755
32717
681782
198000
814281
125637
686916
834417
514771
676574
331270
157396
642776
489551
75740
42816
91712
581482
351043
585626
658091
328326
604119
771524
282927
579831
79587
671199
213421
634815
451975
543090
87759
482174
806053
246051
141696
378373
630504
824385
124360
423209
830961
369220
511490
122930
502175
261837
268411
154867
675642
638471
362473
38004
390460
409551
443206
840170
810173
387375
488200
638761
317722
358949
524447
539728
72354
291683
213674
881314
51452
475792
535734
592405
480535
671500
315892
633315
576560
629424
122677
580350
112858
656339
598212
214977
420109
719434
482241
326753
184269
519
304310
417282
229782
441506
802519
852166
400097
589013
490523
547872
674198
817952
696401
820071
623406
108558
257217
164326
827235
843471
726977
583088
691350
767236
526864
39920
521597
394649
579699
482047
376999
845644
576041
108111
210285
883532
504748
208324
281911
21308
889831
657091
340776
138359
571182
391490
649064
158638
66175
797374
107308
9837
226484
579148
617571
654683
356449
153735
631967
632832
396496
372264
601214
524801
834742
10932
438357
747558
339153
229519
772824
718909
752033
381870
631944
461560
672129
328106
120697
728753
502401
773360
322751
476333
308768
72854
118997
300158
886411
579688
310601
482627
399340
849728
786919
653290
514545
637076
70561
158198
757371
794794
644696
179868
874751
207782
140297
266726
138621
24451
14519
820410
99962
722176
458960
884245
262588
325266
272575
399153
124961
894488
385390
165542
553533
534412
574134
345773
183982
492661
167205
621279
249373
706329
484202
49595
872180
788079
226527
298311
254742
280818
245332
475342
31551
16690
647604
370408
36762
321157
531286
609047
584153
766203
894467
129101
360436
398607
546558
306123
169089
616857
344309
807845
743788
538720
874307
372417
419603
605645
613215
680798
280353
237018
301924
673873
200485
249002
282878
274250
891918
834162
370510
3317
732869
626645
825690
373117
177671
317933
347860
338955
858877
386309
347781
234156
502810
661124
101046
749296
155665
352899
325275
744782
57809
347168
585053
180582
185982
296587
379938
106079
883148
826909
365210
4718
811194
345193
304521
529272
785865
123595
567692
13934
151352
325629
438794
624791
422718
877864
176504
802061
169763
571478
439017
455261
897786
92038
73488
577201
499903
581786
548148
605867
53769
882027
437871
879527
317164
884252
143170
591811
805423
342987
546809
851771
12709
516740
799478
500684
110729
558256
38045
678395
198139
24331
206780
804078
369681
434322
741716
624567
94876
31867
771912
832465
41753
349887
468065
41571
205840
376274
572731
852482
690668
221428
286512
381236
464503
48895
566175
886734
585713
50304
580089
843198
272398
11235
892071
719045
376778
740392
38395
862748
420361
703506
757266
606839
880910
165597
374659
180839
779000
27695
538471
706714
492244
330343
706117
234205
465763
83890
550296
728001
104298
469149
64031
214491
691184
667685
698529
786278
868695
381450
434714
638339
560922
440546
87943
103968
83935
891529
26954
593079
268920
48214
574330
76621
596892
844010
741227
858907
37534
92769
354037
474537
210823
751146
440579
200150
727924
256243
89243
892981
100238
33886
566213
722769
722434
145232
594361
47824
516413
253000
93866
93718
645478
6989
693417
374433
819128
635455
73687
725905
867898
176912
73706
523850
181884
199052
784827
297426
847280
757619
752746
246966
765891
40775
242607
639529
735095
464480
866686
855020
689182
195709
105686
483720
470165
328630
57702
380856
419354
37133
444
215812
143084
495202
312364
799304
356350
260133
680217
640468
455767
756103
308419
316620
746121
690825
738509
515120
437067
677046
348105
16118
205174
752685
719299
270834
269657
450710
810887
182103
890233
275477
201391
748792
126344
622748
500205
188040
347392
597275
93234
379807
228380
673779
458553
582205
194740
625769
764722
191753
809524
642902
553934
41971
161079
104058
516100
120760
858181
821072
545183
105507
355014
417405
364356
432272
791842
264738
87779
45644
572695
589233
300761
644440
785749
29917
812543
74893
207257
514250
738676
792697
672196
286211
654594
729479
452568
222442
666895
551133
364974
656650
443842
744607
48599
157992
388943
83152
377389
423864
181537
694937
215733
209420
157219
281154
463636
769255
108683
308894
793803
668624
453668
702211
450448
276994
669943
526966
365130
500448
613141
451653
139465
191142
257604
535662
777855
120090
234947
348094
592191
84514
454107
840563
305233
452079
447076
863874
734863
815478
459025
334037
751295
766623
694425
549068
602860
142615
325603
469924
839555
229216
233421
383509
298024
169737
60665
305398
831955
146072
547733
385723
739659
717827
642181
861342
442044
898622
479023
545660
803448
140750
71715
234262
607464
361212
469701
302775
883853
214438
518744
347190
102903
89903
791657
404945
297504
747159
604085
137465
637382
250565
626296
812333
449956
23648
708435
687615
580685
53373
45401
613427
854948
262323
549238
577381
13178
280842
74845
873385
419652
418770
800588
555726
141401
732656
837854
605052
599397
416403
548717
342845
197549
130725
872065
758552
391136
254973
485402
385272
436277
668529
843414
570859
277127
55208
215071
745350
257578
485198
587764
524006
335656
621216
180946
120433
740733
850311
372351
703963
213611
75394
81108
65317
409787
373980
676612
424095
873649
817661
787149
577614
617226
551101
159705
420265
685877
40978
279761
248509
645963
25802
592959
788785
311596
180724
751359
549732
266360
355929
66370
855601
712742
573385
656094
10996
850596
570479
893877
841607
568044
32518
319263
6598
315999
162853
300375
325457
739714
794517
153664
636687
836977
180356
242738
401710
491876
124338
146629
874409
43933
438697
291352
302371
160554
895273
656959
407280
621917
524897
98471
807763
797797
888986
420166
48258
221865
202221
718948
524518
343169
408661
282752
96158
140657
775583
893665
530882
170883
115294
157658
489541
116224
58267
373784
748756
480139
709321
284171
489628
563769
822006
12142
672520
714512
864990
555445
736711
881051
511930
887891
152524
71464
58550
514725
574287
641183
165568
296543
74545
766175
574523
100912
861437
463670
599219
693396
554153
132508
852780
792502
250460
846157
673363
634560
177385
895425
118262
556097
353018
356842
333999
351737
352520
231242
794939
86308
891910
16974
433193
230816
295294
19466
746446
437309
888595
68722
831254
486721
844614
402163
80917
189429
32244
261932
621531
356719
137371
606924
860165
160732
795581
857225
790448
691050
310910
331898
400745
110031
248808
367250
130720
190618
666990
699961
432635
315028
44045
794761
845863
146866
874638
445922
135721
485690
833639
297034
307186
115152
704674
726853
821137
5468
546230
827884
798818
669881
511921
705549
209252
713020
484215
268640
825225
647935
774308
153729
55302
212681
89933
359758
715082
44988
11653
779550
798124
336059
890651
667100
257276
641334
274145
312703
796732
295764
199591
429096
824072
55707
171206
603000
138384
277150
814073
138251
701414
320260
477829
153524
872307
306417
69721
171669
528612
562451
85008
194940
623425
717803
756371
551573
807134
172022
74268
628592
865163
276887
24630
661616
252742
577571
486624
593069
317456
131209
239664
495975
651069
462524
146228
796551
320101
400894
692755
709523
783831
381163
208594
131438
511182
184894
323027
692298
209051
136548
463448
54603
825697
408347
671238
492825
636160
738471
582628
266849
348233
42545
449346
662185
621745
714460
304950
868078
108193
271622
280097
651772
156073
882711
466096
845033
776533
105193
889791
222318
172919
505043
211801
285731
402884
545748
74394
733750
86747
198649
24661
830856
491168
646251
757073
525732
101159
255896
702926
85693
294379
420220
82598
713858
487198
371083
288110
364385
135867
791614
658427
10101
295223
664568
590146
629549
657174
448628
137976
496219
114458
796781
243512
556054
234998
588297
105091
445453
477185
417475
659297
462247
858662
771860
762117
202236
405368
807965
793775
712009
897699
520051
674699
817620
820094
254279
828151
495357
12316
628433
301667
421021
645217
209368
76848
161054
193426
626337
648698
36439
482597
815666
648306
47554
790648
705762
646884
475707
579485
186079
736856
712311
831411
386555
346676
606559
505072
714035
326846
280167
552666
436925
616446
517008
215989
80718
475426
191446
234198
289734
7068
844534
735542
459545
413254
586880
279395
607738
764454
641461
786577
596869
434572
313822
177677
602217
59736
723784
517041
157457
507576
315359
41043
596622
388719
689446
49945
491139
606354
611281
35271
784684
647083
601823
528281
107
767681
461975
647564
108624
765167
891133
617622
470821
702768
749233
883926
596500
799292
706021
669350
825717
186411
806393
653677
753431
451257
128373
875569
63018
253731
741634
206089
123975
629453
872229
28017
14877
858309
147001
837079
628409
74146
186024
892562
564945
439239
742342
365138
354477
341284
290826
705458
614834
444731
502377
170282
424140
333600
369841
276801
70520
103769
196863
686880
132651
544453
208925
313410
706115
600761
712412
890023
735176
650149
304361
131976
319133
578806
587375
826148
433609
830260
301482
852697
700061
763627
460579
781231
680578
42920
184461
201582
456352
856217
733338
696720
633037
120631
889274
33872
63248
293375
380210
850242
15409
174843
115701
5244
110623
480192
873345
70930
494301
325233
838201
11872
770250
70848
702426
433504
710379
29876
187901
286971
732023
889447
661288
292316
734591
557734
576049
75616
491737
485564
307024
89098
155336
245160
235615
17139
93673
621130
164433
111742
26331
253245
688524
647785
606476
564126
268228
308192
701853
344810
262325
442668
487057
684550
320061
524617
823255
885432
403349
183189
322513
7923
171402
821124
384577
181616
543995
689136
206543
237847
761873
28781
392857
159645
49686
579131
552408
769063
879731
256916
819914
531757
232491
114630
532642
235802
702029
57083
102792
109776
478106
720467
569614
807816
770676
511123
449072
606999
361630
877271
594503
707372
467158
78755
782858
684309
368299
342263
583649
269634
815869
533312
436936
680097
154672
359915
368701
854728
268844
532725
570214
187346
818869
468895
502978
146720
189345
401981
709834
657377
594171
653900
249187
859756
295924
308675
817635
887402
355520
699619
781405
307825
349172
252616
527627
326602
9306
487170
554583
860532
236462
51869
745094
868898
259225
67067
536737
152095
409735
254052
874753
861586
350727
607764
835063
63932
893150
247507
729270
746366
274249
756609
7006
441432
577133
660784
229509
84300
137276
251724
733987
394945
685223
798677
794586
205284
159578
440397
798080
481960
210521
101485
85163
238574
427957
240658
110232
276192
499050
386677
845976
387991
99928
790456
648056
281692
314236
882651
836619
807275
450987
738351
30806
792628
220459
843810
634360
422876
747085
197273
460659
809408
76714
589308
406523
779577
619737
233354
454458
415131
432619
91277
449406
660887
51491
601961
263552
762017
778933
132462
526098
878508
703546
898638
884740
643280
376397
597736
823346
226670
212997
90145
62350
421706
828336
260148
204677
162615
794216
459073
691537
248273
258580
398241
167771
4676
332382
317594
16970
168330
157644
379533
181516
535537
830846
772237
21344
789178
70595
74762
265214
258430
607351
290283
800132
21099
760541
338075
93534
55596
443605
464314
717008
519623
722939
461556
13891
863360
39836
525198
844810
480379
400181
383836
471119
635519
739177
215568
631039
885493
850719
636654
491087
529680
374710
374618
278506
556550
420678
496659
401016
15261
201365
364537
554796
741729
788274
600809
38922
528113
767889
212841
694867
562073
753828
233887
835374
358106
229266
881692
213365
375910
475510
183446
763449
711624
218071
497331
200435
510016
894911
638625
490089
192972
52251
41794
100953
94082
721294
565957
712772
587769
378642
592240
263482
877256
430732
101721
278494
231366
416779
338452
383029
198321
155388
191142
577649
750858
20173
355289
444532
9885
500956
210664
83587
185406
556923
55322
600106
318735
829187
52587
874918
514398
634546
7078
424530
872747
634083
38543
340337
77288
872904
572380
106612
324057
43590
43780
351881
889178
364044
719984
604897
300832
437553
348078
289404
392087
434826
205028
405236
607787
366469
168001
624482
20099
415302
125903
120912
435879
62875
685573
768508
500450
877757
132761
499174
392610
36006
365203
765719
460124
323529
397916
413422
391789
341938
352693
767847
19708
698107
707940
570154
35259
588744
115081
231662
828747
661185
603567
180488
717407
659113
421791
405428
8857
810207
390382
355294
30833
688848
343318
685230
358804
836695
424770
592046
258441
104051
684258
179225
607759
560163
776607
245441
415426
295200
374152
157597
242876
635575
212779
330989
132696
804674
332544
361132
679826
785122
40223
436241
782090
863258
621362
454882
19271
685707
820741
473014
658424
170504
368761
57252
235541
691445
646936
337901
23781
667073
640994
340867
870777
848509
322182
486549
193685
540472
613165
262680
59919
725144
118833
144403
372720
385847
181643
657799
514231
404856
79657
779897
333757
590820
752925
199166
764947
404614
820563
155234
658919
62143
308123
612564
365094
62950
150212
465905
449947
284352
524266
325772
506165
630839
29158
253847
602919
168891
679940
361041
215145
615186
384658
894860
458684
333309
828468
161529
468395
868712
423956
701651
167053
470605
169526
712580
125414
531271
729002
569656
329709
373166
602171
855804
30505
87251
165604
540722
793172
731993
272386
729237
656418
270926
194149
219395
843930
281573
264160
456395
823363
599858
336768
122228
525690
12513
556089
263400
773983
763507
895003
485404
73616
403574
551844
498173
334573
397759
297487
475448
355099
548807
858410
337701
543620
28735
801477
321297
17179
264177
411430
455047
408413
286613
80314
465499
322643
361997
88806
81587
415540
42174
189659
202898
217512
464331
796840
38145
115015
574479
618121
110972
481375
811575
650749
290391
782164
399834
264886
458763
476322
163062
417770
157505
851359
835272
395430
713018
743260
778470
866465
412184
704873
54397
484910
408013
482424
681763
528108
219166
326425
539608
834072
600115
182085
371678
412482
284510
517303
23058
96733
23429
655412
809830
544495
553262
591499
471836
731400
541638
620280
533793
771120
835405
860130
815875
473465
784834
351940
40368
540628
737767
345641
297773
705567
345457
169072
614352
400988
481838
259983
2555
55677
11474
310548
757014
361498
731424
399655
29319
771429
587346
10155
860880
204245
445286
320323
366885
145535
349413
836657
736744
621732
162576
295545
270275
678019
889001
437669
174817
366350
459419
42274
202890
528954
362727
634823
622746
211760
196557
124853
887964
322016
423571
262810
500168
795414
433333
734128
376470
515876
506089
475075
570269
94559
128045
486575
49389
595526
521808
881959
257765
471165
366969
807698
772306
803160
11480
546032
275813
252850
737704
82459
173744
36990
512125
17865
165629
123412
162383
38157
847594
737293
235491
558045
703589
260362
783091
235982
134687
305486
584345
421883
363664
513837
879997
182085
59880
592412
423544
701556
894125
68199
317573
554492
755062
254497
195651
230779
294179
324342
794505
203006
834262
280797
388743
571427
643506
430537
869172
817370
185646
814367
533977
147524
516534
742465
43290
61085
691647
804073
41244
651415
114501
773585
580312
594907
832323
688783
101082
688980
745453
781343
692758
517831
210541
720472
531592
895002
806137
273856
733158
775414
172622
365403
637764
391591
867723
721279
693764
478208
507916
194563
251128
54971
888576
556918
183221
199902
209354
516683
731766
408858
335921
201298
658762
691756
398724
