3938
184686
775792
242675
181332
349258
142787
542277
287253
130030
681145
80818
866288
180319
140630
810580
773365
356783
129450
914843
692314
919544
752518
633112
897719
52662
237579
47528
325034
8766
572830
779643
230175
958839
852224
321945
493524
912025
907631
510499
11170
65628
854066
66947
211860
933862
11569
278357
796241
871032
533049
787558
192279
862500
474184
447287
35286
813469
94519
733153
364139
223719
618500
186706
808695
943725
624123
960181
654876
68721
730753
247280
244116
494877
558589
151047
621357
57017
65379
701022
499493
659254
333342
279003
593501
993191
539098
623850
398141
702607
674411
336474
567973
322261
55069
825700
210443
20308
507417
839116
590966
299855
111152
665633
618582
618178
853767
247966
4861
470995
279903
799923
300094
611175
975936
625949
784993
109202
521026
126322
98368
199782
548920
580537
851777
402924
359225
245173
981488
265073
226380
128771
405559
346551
306735
420249
317501
945549
28228
437294
86105
999097
309977
915320
257586
483473
496403
574289
649653
259753
333174
557043
426993
806630
643603
711970
216018
494705
193486
678377
253688
336839
364554
23100
281395
111918
383924
210748
441501
62146
338793
246106
206100
263406
256261
80275
888147
799926
700297
952089
307629
30768
937384
709202
908325
60947
593262
179193
938796
103143
106381
443363
537016
51356
378054
529372
185789
441911
565553
684656
624010
442535
259752
839493
511811
213302
730390
395557
728567
373979
808919
19034
74205
286188
963468
815154
487920
549360
35903
211746
40036
884306
248557
622791
330563
476594
985652
937031
192681
229846
782554
433814
289496
548158
547831
907797
840441
413077
79169
449813
655216
608451
836402
588281
323290
260447
828376
497464
358502
747074
946105
418178
377613
236215
511264
430970
810415
68558
324616
675170
32140
128528
472484
949973
453275
524684
119369
894253
237386
758160
385721
617988
19987
92212
283341
505944
547384
972880
64318
746248
74459
590029
880464
980795
666300
836953
371227
9952
590927
196980
744951
398543
452537
873448
614531
928526
582695
953621
743186
657712
718859
434090
47923
725145
992180
170224
561756
164636
552073
960576
532274
566533
787938
972245
197048
868978
743108
812796
59793
396508
275446
129768
689523
298676
293828
926178
945962
825768
647056
949085
29318
672004
119119
16679
2979
268405
266407
745148
671187
211114
716195
751413
975274
717331
740817
713950
121509
296523
624633
754916
405751
336402
80442
505453
179890
192563
726338
212482
931407
84421
614441
727079
782490
529548
182379
102348
692796
389823
845632
954204
122470
353380
837466
688242
522456
538968
525435
200171
950731
968619
941616
366102
682305
433063
536493
813448
518823
934577
880518
631565
978979
129033
104584
970873
135104
596076
870130
112348
610100
407385
386451
175699
79946
878256
723649
107707
885744
388469
372275
6465
939615
703668
583740
988757
29602
12735
491621
296893
49478
475155
93157
110982
343837
611417
135807
701589
12270
453256
200568
274331
101692
678695
70452
459879
914865
137584
303788
804821
507304
777680
369934
933476
390804
459212
205298
730213
266959
356733
609716
797904
582211
308092
930098
465393
729519
811480
929891
43007
441751
779844
950610
130637
687051
441038
357943
158618
781009
424778
805104
688643
14065
857805
228385
224856
460254
954709
39205
534731
509564
166534
654959
156228
878034
597327
472578
448146
256590
869867
778313
779005
97839
929540
373651
707575
732179
16818
463983
979441
183261
238240
646176
501705
73986
417359
327358
226720
133041
410996
924713
721994
978653
846909
238634
935839
479592
594226
281959
894126
383789
143286
613571
452369
304618
71276
198160
825884
89736
995382
684082
401903
601097
418776
461201
83371
559373
63035
471546
648705
882305
853902
290643
152166
714277
152711
450041
319395
337143
832455
209848
604488
941761
489756
445670
870720
691388
157024
256476
6784
545376
296574
409490
452890
974217
673876
578902
147886
530183
332212
832809
266559
14786
952773
803254
210275
997896
490183
917104
716181
363829
64308
821190
453477
923070
447617
634502
794062
823834
582852
845388
68264
361165
177967
443108
131700
988370
975994
312388
671765
622500
184607
82847
709982
830313
4927
871527
417158
63100
614626
136610
603320
949461
974620
695464
73607
515607
540682
994678
872831
3702
448572
167858
702487
494403
123821
586748
972034
445334
445805
252717
861284
322391
327456
294639
757410
722601
422303
980601
506898
646963
629756
430373
113170
723723
636130
824495
893748
310529
26203
736268
218519
44230
641452
506533
325201
978936
194075
529007
737416
596619
462289
177192
147552
932373
403481
517999
166990
806581
396744
300864
483659
280481
736247
7500
723173
794252
775148
822961
657455
269936
474647
303387
963161
697725
518520
674614
455322
949150
804126
939087
24585
110372
806857
608518
696268
586769
946993
25778
563559
356227
969376
27089
177718
354236
249274
685290
855414
299530
745949
948097
261501
483543
602979
336118
745738
575247
929284
936891
817463
375529
350169
926640
163851
740373
132411
472349
108588
959680
948042
881355
829105
834311
893065
705791
878998
570294
528743
363412
447817
953019
282777
219508
819937
939819
357986
791923
122030
202096
222580
757192
876523
410191
847088
609448
60112
955282
302922
405697
505860
407382
923080
78672
451120
281715
382633
161823
757231
522179
531362
444127
16801
771281
607748
380893
237663
315040
605945
59556
803272
81749
724653
695856
775098
927618
928265
694282
298141
590095
639706
614661
903577
417799
142736
938131
119719
69756
592739
864132
104901
726488
857168
554845
626179
924162
87425
543633
656699
227753
719499
716127
850974
411952
619601
486471
572136
191734
759814
100202
90421
908801
619983
383037
322030
978054
595014
853033
21020
888151
983515
537923
752349
266217
417877
380259
445619
252609
408822
123235
477370
347643
254525
825718
216882
194807
850117
229922
400762
234528
447563
496923
71006
369114
351309
228350
382407
150984
745869
932134
510097
219895
28341
601519
174842
951146
985236
149637
633589
359490
336774
941287
55966
747786
7858
364798
369929
195229
387885
382164
541811
393716
711293
16435
997338
667600
531000
94299
992425
700544
780490
738014
545611
280720
194900
333276
549792
991822
41074
168279
228109
335354
310869
234738
206254
431433
615951
221899
39399
678934
556974
277553
769368
914790
731583
363332
683630
454166
665076
256040
517398
860771
641952
856165
824141
929110
268382
510367
342419
223306
376530
167660
139966
704347
270919
85399
762987
4077
599800
709617
594127
900694
177834
478606
612011
359273
616758
32995
391262
941408
419365
712826
237076
120933
387059
978127
323357
811965
595126
646795
808856
391570
992984
183386
310350
357915
805632
502059
367515
781674
950800
814403
217798
84689
313351
177663
565938
561010
9733
928484
385326
150626
33903
391588
960871
735994
503081
44272
930429
422330
439488
670580
27698
440601
882986
604660
265279
708653
497124
890113
929857
429683
613819
311511
589456
24316
802791
326870
60273
839605
543889
732443
111713
536337
451254
674363
157777
704213
476259
57244
159154
418559
391968
363695
12518
829460
465705
882381
154581
544517
72279
461229
894625
423805
543902
748544
294705
723146
397807
499945
825194
761893
209918
481500
442236
149343
57182
932882
310104
953706
772168
733030
788800
149890
988666
594000
254710
948150
935100
343355
187670
808855
266302
808516
921792
139643
143837
679697
291181
557230
268100
835084
724835
709623
88047
444731
893123
858178
971723
739838
520256
61551
165945
273636
9898
927094
669426
858985
151080
530740
295300
277584
717380
695255
558523
709145
600225
378531
791707
317664
235527
93022
945609
676946
829471
929758
703817
368140
173178
43693
730593
570962
988491
83734
968029
846568
335157
754255
529068
654224
737855
520130
374120
451809
491685
831738
489587
772353
27016
776999
265660
468927
733829
393933
285537
496015
468834
456399
3951
826979
607204
737556
771716
863650
874559
983059
468950
349447
722981
681729
21772
571865
15104
191700
360266
510594
782394
518130
498058
184079
288761
364987
225957
821315
904489
498864
800498
827160
590129
966270
504837
944083
274631
430123
312089
886531
285023
749660
475848
783318
433406
325888
811382
838295
708398
565085
900430
836359
485514
699957
240292
264279
553913
909588
561530
96704
962679
323961
44190
34624
31759
54879
257328
379570
637861
158694
291394
514632
258927
890531
420888
911079
841924
108161
640270
967390
104525
525778
850905
166148
713048
511862
880678
800750
321803
374822
408286
908810
149941
285406
786443
645276
101760
897189
206164
621138
951235
814202
862564
848197
911860
324253
626793
557327
371258
177206
311417
401987
709985
365670
294734
798157
356455
910377
545010
32103
864499
748709
417462
682357
103589
345425
401308
893823
653704
779909
529236
382216
447140
826394
694371
286159
545649
612029
144288
709666
250214
50389
238105
336345
728814
517070
475026
973238
559804
588802
129773
956311
956150
470020
728421
146517
505868
746632
850292
999805
434604
730866
855125
529641
531662
903929
755556
730682
851050
430392
713953
745075
586698
905681
525075
879669
617913
607550
928393
427923
262683
366966
692796
804753
115286
705976
740560
889726
401838
784054
976761
558443
283119
758369
944122
537415
626563
734733
296521
991640
239587
125505
299983
359640
137002
592862
264459
47786
592517
740970
436438
475255
38343
281335
846977
358186
716377
164212
491546
70532
84431
69264
9934
565148
795989
351174
247528
437303
439048
257610
25144
740416
104865
280206
297423
335908
454668
360561
199654
481420
176471
746501
791838
420664
165126
248123
702689
879157
581635
402861
965480
124410
680946
446664
602071
782821
877475
72084
865027
262797
721249
894114
316627
532803
245735
42513
794948
366442
317362
171772
636678
90736
218994
424899
833412
440232
345946
492149
747841
369990
23830
27735
941982
626614
921180
467284
820536
128345
979036
248640
511150
88029
999633
318986
166528
126519
349753
917822
478418
100544
755361
931445
403344
844713
407194
893594
328492
244956
210120
483289
858371
28977
722200
485733
644382
667338
25233
416614
607637
303756
418244
51774
814413
560058
88478
158135
628769
671599
893212
642699
73630
57848
103325
622670
761577
35852
761427
445372
26172
756457
463251
991515
631949
515788
696525
712653
190479
899276
740245
383604
97233
28371
486047
991681
109189
378938
89610
839644
643996
228096
912147
849386
11596
536167
686378
871293
596467
689708
240865
924126
655957
634081
819457
394799
15618
833320
597943
344512
162515
581134
529516
465457
46290
162753
437042
670847
527545
951024
947290
757868
254803
738429
895586
582991
567615
902561
300555
549941
460372
384349
135689
679603
646366
649945
679764
491146
609477
600539
418076
365045
463374
777189
975961
464529
25083
688363
817152
764969
230990
408303
267345
655966
47788
228923
680589
93039
255580
493115
40134
228715
893742
345460
216654
522864
141752
46181
814865
14430
813372
392696
776511
218590
939173
585509
239841
688328
755056
709860
223373
548470
229608
768268
462517
805155
309513
80461
83993
641214
663366
216070
788509
116241
182759
271492
122229
228041
288138
772825
121084
268833
231369
505236
463076
908207
189948
489506
279880
372427
205333
280384
400926
164248
537322
8860
743816
853360
762128
913864
823369
969008
59810
476249
88661
429149
295585
114338
954049
616561
399029
478984
733529
852614
272082
817794
558480
624606
114038
254512
612306
42957
804174
765844
739766
536131
300089
767601
536207
117754
365732
60734
756449
265208
991828
155655
324337
186497
288130
8289
240758
573213
808480
195336
630699
598593
588538
467415
391494
196765
640568
464034
865986
83777
990848
581235
559449
894765
776568
988512
125838
834099
896617
263494
442470
891403
5951
915364
437430
530739
372076
572758
979352
677377
604141
57323
210743
22215
746597
236326
41802
753249
359141
84686
293726
308637
784333
786098
924171
77000
840779
611453
182536
497169
43202
797361
571035
509212
72583
200771
832169
342822
1477
43155
110315
445968
112960
752391
908225
51722
667510
716227
613985
558045
657762
670791
177768
509076
274202
280932
180753
856968
788184
823708
161027
157959
245141
919637
65732
998241
971153
306490
135628
965582
621616
677423
521204
897215
717822
622382
619021
233215
266323
121731
122573
638854
307026
532256
707813
850715
62923
248286
445038
534306
663744
255889
61057
746569
599173
289990
637029
324811
927040
922587
46947
770336
854672
376251
549430
856962
394123
810102
714783
701467
60639
462073
697300
138960
552537
189294
557016
918244
146692
678451
458406
103114
893418
289135
353671
384588
410038
554519
42627
619665
176697
609660
788148
151886
413067
807885
46198
683916
609994
675505
61754
691025
746302
878329
784954
781678
202653
724998
159431
321381
296746
139831
778238
710772
19383
273932
44377
723138
873548
547996
215329
271845
399008
206191
931073
562958
965956
132153
227062
639314
528223
772404
302115
231317
259796
757144
253185
254613
191744
326650
103668
367760
846495
699327
854840
632083
124238
892923
804346
754081
535531
78122
229187
682492
976728
262857
956751
395283
667999
163666
312572
126471
473711
94803
884958
382043
520133
526314
941871
608376
40678
823007
678948
231387
913736
87390
89498
984220
358929
918991
624047
646876
104951
877012
969646
67529
575110
794654
609122
351056
706688
232364
955531
189217
120862
203874
778031
783384
10293
292290
600071
26061
989044
443017
602778
900601
159497
882280
517352
604163
323172
633693
149372
640358
690068
167406
223717
436609
165069
772546
13886
242812
962890
999580
745768
298449
208143
853492
380057
615678
423688
577780
885006
770694
410125
988748
351964
843614
400199
553458
667620
601531
353388
640954
89253
313014
519590
748941
539564
522840
330833
187657
591718
767304
239011
840629
632342
397582
710951
12767
277345
873923
862754
966676
164871
372631
348566
746108
224300
682495
723748
556879
532308
459449
212172
275704
174958
38973
857937
346308
309895
52290
505784
953095
769311
191465
51310
797388
70425
366922
639753
576438
4747
117146
4455
332727
867318
445878
438899
875180
938191
486606
40710
740372
97788
490672
332457
505900
256282
724400
503609
928424
402747
349810
460067
476431
903021
979668
473487
130099
307637
34362
394650
315660
716315
532599
817915
426481
82719
940564
397703
956594
544713
9089
590351
670100
599326
292694
717927
880426
465774
311364
30722
773132
819851
702876
781817
389943
65748
333052
642538
792001
558575
219474
581693
385847
925717
376718
281666
627733
392966
344488
412982
17504
361246
706315
430821
12388
305792
910941
627049
454022
938094
45739
482832
535621
836987
323382
577436
533265
79127
284628
734115
84936
286090
905669
967383
493129
607292
378067
71264
958135
824240
386212
623525
295372
603089
602272
786090
189463
994597
229881
233491
274451
244574
414491
489799
480614
400847
838514
649136
224627
729084
157394
665566
303196
403466
798600
862219
265047
883221
902587
860985
357419
476256
236285
430072
965000
200167
386868
958788
90561
538577
425055
200970
395751
284802
977799
706123
365443
426124
412293
407898
555567
4677
931050
104959
976593
550643
78030
707838
149045
5924
80824
497778
187078
922651
46503
929170
472553
697252
940923
648853
638711
535945
126659
718130
839253
344349
321508
123265
905137
701941
10658
296381
39642
807735
586190
887658
69052
676874
986892
576851
162359
541037
828288
338349
932252
189732
732565
760600
963652
888332
611433
158211
733004
699344
807576
800686
244208
158580
420772
932363
306627
312974
650046
430910
448136
718485
487924
771588
390897
24466
744630
745455
489841
231155
631558
7567
229184
539070
898556
946669
351147
83555
815411
648433
308181
287978
137684
249827
753614
240715
542268
482958
966733
768028
920333
171648
352589
813733
518030
854767
868546
510159
683264
891318
580343
641915
940094
672828
58182
730352
70223
726838
829811
430444
975756
317122
606181
586267
791528
296116
785857
634214
139361
988334
853732
479778
425858
9960
756221
959273
861010
76816
60614
285574
158685
684363
541981
456138
127580
903257
713091
284283
553731
384214
645167
96620
818408
463772
532304
236264
640523
350598
492510
798600
834886
810512
340124
17380
984466
867610
177452
252966
505971
284619
531406
178938
397249
584594
970551
33953
608021
914056
485322
127653
152268
452914
309237
859623
321659
605154
772395
904020
267695
539516
971129
632182
717023
262934
784391
677543
260977
196793
207854
778528
951461
800197
503536
636015
855970
98224
240344
170055
717595
461102
124399
107633
475422
113517
488664
590945
739321
480184
92745
316067
612233
248123
876774
562804
402656
868902
178428
926573
191378
8362
907734
608090
142492
232608
818880
189481
681522
560969
548246
84222
456932
702448
13063
84452
557356
322220
856108
179869
694294
522561
302911
760666
224012
546214
43257
710086
381117
392418
929484
62780
292394
635472
356026
729946
930637
693953
662288
460205
715558
26816
969283
92619
646307
997488
86181
344256
165867
193490
228484
802464
796935
255587
303136
795644
262381
40994
281094
697455
961899
259376
224141
717144
310828
523535
972396
61538
478890
743053
208119
556158
918961
134906
879924
996018
6668
836564
464222
524939
322126
567364
603061
663086
366526
187457
990912
2765
137632
611667
505313
404853
248028
529138
559507
254211
725582
690189
960962
322231
124201
700518
349638
68640
989576
147290
294718
312311
6419
224574
444997
862152
642122
313893
833236
531979
710257
661439
186740
14097
700504
636764
458205
600154
582598
962126
307376
815043
556738
211563
42574
252956
668413
822321
31123
47896
431583
317637
21619
480670
248492
547860
497391
562748
208915
469402
431091
918907
538003
559361
804559
937741
303306
103201
539920
798691
955548
834022
994683
842139
641788
443983
857765
983063
545114
230291
48370
896169
654825
45278
828776
8106
8716
58617
325935
400298
913756
946375
427879
781249
771096
607147
688550
604612
794602
659015
488716
550547
14418
813280
616901
246416
88113
206557
11099
293098
62068
250158
484597
854615
623899
843850
880945
234848
445285
744464
290201
888982
778970
140559
263172
31650
617717
984609
694604
345402
418219
449714
267175
570416
35356
487134
635044
88868
225301
215545
47812
122906
519552
506536
163827
473062
602601
611628
736417
329540
443181
266495
960450
843076
716993
111703
379102
645538
624028
504583
758293
425076
580418
676293
798067
615356
850927
983622
5612
355229
315484
930565
810228
746731
208048
360035
576125
26459
833670
167401
31822
452313
966167
511401
577149
416697
336580
112450
261513
888325
730307
678081
403734
523893
586787
707940
357125
368636
868989
889275
894127
245311
730809
267048
340927
971617
478074
232133
532905
946873
313895
88036
276491
278501
723607
950449
966878
463736
668824
305332
669849
240590
48093
701619
206242
490433
345409
883701
429937
973364
564732
615648
519748
522636
758113
204164
714745
355647
140305
108657
261387
816644
118976
844290
851051
43050
312161
710653
107386
476165
842225
729810
412065
475651
93277
494081
565070
43036
778129
646809
578571
572200
383903
963419
970876
25930
34248
62781
254005
384074
872425
578186
483830
795329
274692
238310
599236
978285
123242
485488
469157
358884
808387
941056
210167
853350
93050
623056
77101
743243
361607
524598
837735
111323
380826
945999
380781
593724
575905
940536
901513
312454
54390
16374
713918
26035
14312
172085
74856
337778
725348
190510
522481
201178
533121
996897
78061
15291
428645
666242
638867
499409
474582
702704
153369
954258
104097
65440
976107
601767
858337
718808
296903
902263
94060
690712
537912
573662
876640
70419
996460
748156
528517
295002
602804
917418
525599
567450
437209
29000
21139
44092
731285
727858
195059
314026
834421
923473
668008
364210
903625
724237
586683
128707
10756
274464
17728
625683
818615
956998
961375
831075
226341
630673
505408
62042
908866
917080
61842
811150
679181
35407
16569
836578
334599
625971
936402
321993
14350
635484
686116
27369
27995
398964
967140
3418
161941
753670
779940
388365
727503
434736
123226
331338
538981
48819
998281
464593
859118
578601
746254
536994
367902
110678
701513
5784
509691
553750
115110
183985
125818
649270
939591
211561
89526
745375
670736
622275
480140
281198
772814
118057
503445
565215
806981
396331
881153
43943
295188
297443
515532
850656
505863
518713
535968
731359
848825
53571
289479
625441
624804
560004
934155
522660
227847
424405
604013
768211
780594
594018
333374
786009
440177
378251
588636
520087
755923
454570
486861
396912
161238
775860
914737
42817
216944
62456
522535
970222
842876
215877
40447
311512
276480
866921
584023
165675
52055
98003
318804
719635
980864
446234
266111
124558
705665
448855
556537
671708
557433
73516
869468
426836
688129
133864
531952
776337
633534
857219
421639
746377
522375
510340
232374
668925
110381
230786
590384
552780
513643
261894
345536
74147
245483
754000
920611
592975
956595
760881
704447
836339
251242
247765
701380
601365
582411
643811
135902
222418
915621
13373
137492
806066
580684
320546
612800
327062
739552
964595
489835
248462
496631
410131
783684
432967
121450
876583
985213
942754
423545
353148
248771
340127
69212
501832
250776
896632
255655
413577
580302
402506
622744
802186
468449
823150
3840
349956
920498
454759
885132
313313
370844
840755
97648
467804
217013
139332
675439
364164
42211
288905
501257
987806
955992
839013
106944
680170
862507
288897
935113
827070
215252
227005
45644
230607
863364
197569
549720
47055
840159
384882
41447
789744
547991
89985
758024
402630
373798
306909
34927
423562
442664
848648
981589
673402
376338
863303
94221
297054
806739
479475
412773
860454
718853
759533
232245
251632
108496
391727
363015
112741
561500
383549
430946
228611
180528
632633
290741
935989
19692
42774
945501
923166
499039
376357
809555
75700
742086
83467
679029
312073
524578
947604
560175
139814
934260
88800
769926
711824
784920
579323
631361
184620
677691
109579
409076
45950
387771
753250
445930
513485
818138
148916
20782
685795
417373
363618
718710
590768
141511
849652
195949
79950
790509
491302
703644
129248
676022
942361
713076
130643
172849
348458
795514
283398
491987
473312
257103
85894
54091
776895
502043
244146
358020
854777
524886
222654
801975
164484
324210
887571
586410
34183
660712
242322
173704
776046
445150
387449
25502
489757
848690
53407
795632
70016
317030
952537
343542
480001
973928
123711
869110
45971
330172
131848
345087
773611
847496
108050
997759
173263
160636
694591
871618
533319
20188
244793
579655
822383
859947
725781
177344
207662
590901
301461
57831
451137
549050
61896
792376
727281
808690
185164
188303
452195
484033
340788
829790
144590
929721
89540
103242
509255
693830
23257
99171
6584
693946
377702
508926
435951
492662
885784
676913
712402
697201
345051
424875
204913
197288
820982
209069
534388
923170
391314
226921
651059
279455
687768
631605
462244
964317
577208
624940
819439
695750
20933
739746
504286
502073
762301
781761
125488
377331
379815
274181
392845
31834
442581
696784
905171
236966
554313
321706
274510
729580
521524
329049
766023
383177
135833
767065
424371
530343
966481
515001
457292
691439
875175
260626
201789
655627
573219
208740
545015
757782
622180
619534
625121
798051
678
921578
506540
550759
588260
814723
560900
390852
232727
733491
742498
489266
645532
656030
972926
969484
889139
654021
844962
187253
347555
741895
891162
878629
657276
47419
809544
897364
772469
576034
820436
784833
217011
304652
918784
22687
867307
41610
512217
963613
29598
963852
806025
792272
896707
233558
13130
745856
232451
815203
727925
3916
326046
673622
357561
396474
741419
503129
818599
7263
451132
471701
923881
468007
845791
306892
442643
189506
878017
51158
60945
769068
243822
584630
439424
711510
916980
905432
611098
982070
602853
139113
96649
907176
457914
94099
767708
121279
135124
950356
551383
878637
585502
321082
975268
740298
860495
189693
580072
126020
40780
727544
537265
308452
829674
581510
45899
477497
97105
409269
189810
76899
74108
958954
33441
826942
931996
72593
590281
318120
120028
714622
304349
600625
644416
19557
826634
979422
624807
297778
804100
142618
572783
47750
197884
439098
783159
722127
98414
256939
563967
970243
497942
401083
347308
169145
644546
857664
210665
951396
528387
755624
252263
607660
965821
851359
3268
703147
150686
712407
607946
788929
670379
814839
851470
649044
997622
742242
730297
541031
524076
754338
522211
427798
315403
74737
679003
526187
433776
912612
976579
383328
304078
468277
704856
539442
651259
922027
246736
303071
56868
134312
444700
68796
372001
341518
569357
932021
985827
373455
622611
76193
542090
417553
371744
558848
29843
470074
319274
911061
375855
544925
545488
677594
683887
486720
751764
752677
891930
797577
503814
847573
900257
223173
88898
156280
766826
169557
36496
990077
265672
817398
732585
40400
605900
472811
375641
986456
146101
115849
168896
40265
333186
4319
879346
973798
741928
728832
259262
297687
733280
454126
818636
122018
796183
676644
442399
852105
70089
45376
823355
41728
61928
543435
174560
580682
93238
727206
456756
252271
274162
392532
848318
171100
139630
493278
294414
207959
396735
760679
639099
97053
353999
147596
69957
363673
327693
26615
946713
256195
797507
267585
871474
238419
547847
114625
758300
374497
355083
37110
224595
892699
795344
629196
632907
157474
576759
44431
991689
357633
636600
718249
488878
570762
594795
951769
213844
445583
442372
510131
68369
55546
824604
300941
493593
458826
584298
197581
335296
124650
577936
642189
32796
809648
137810
572904
250952
179823
82529
695524
962182
544441
51350
197180
112444
661812
524218
418376
820319
513367
927554
601931
975853
742658
983960
722329
521428
929592
316116
927587
928688
63930
521353
230753
750514
514176
854204
612634
417116
662038
254320
318291
714536
350290
85341
754194
825608
160686
848766
806733
416841
660166
787465
401396
979473
88111
523962
44376
179399
930673
680713
723638
552145
956579
101498
609060
662520
246498
119315
957463
6633
411565
568039
548687
279381
507360
47825
860191
945655
979339
974525
468124
445877
570863
584288
517602
548320
994644
523719
642174
524246
745354
192141
40507
583431
305722
268199
461708
468756
485223
931737
85651
219667
462855
989707
50892
617775
899896
360886
465049
762413
887585
331321
897834
127433
139046
66696
488648
933567
154439
653124
335615
806821
178518
219173
21670
892341
763283
277075
421644
445289
751205
735572
115265
419135
176695
254048
431742
724636
841645
48401
465010
160397
519106
381110
392873
517416
151360
56647
117339
976401
604250
340018
911311
334360
966761
55188
23850
170496
425729
804227
362072
770139
898736
680712
929366
671249
912083
35562
743641
267071
566996
560677
494366
542651
905283
307130
795599
372854
813776
329312
726671
685819
436579
896984
816482
189524
76888
933022
624188
819275
815962
808827
547045
428750
86875
917624
255429
116140
601133
237549
866834
303228
743040
643895
874450
667292
729593
550791
457487
729303
959723
365719
593303
131872
670324
22520
857837
482619
928950
249864
917264
137723
652913
401791
775013
833382
368954
498024
15683
302836
380186
755372
931099
568758
64518
225097
919618
105876
240630
382178
772445
285103
34723
229361
588264
428901
48546
131032
523363
526002
671192
449684
909209
552243
921753
364242
224462
22150
315042
760988
566276
837966
509486
906732
485994
360147
804280
792929
564066
196230
754895
350991
348525
