7373
235821
623263
359383
337145
387083
694104
704824
457706
213960
284856
170091
450484
978846
798143
580081
572129
300288
176073
146626
695362
347778
710961
880459
883489
971048
820112
652805
541080
586761
438563
541299
966655
325855
43210
843640
529984
677678
974125
795218
788936
552911
494521
479735
517462
34201
47752
525194
124533
136874
83103
129082
72966
523863
640400
946168
239223
628462
21184
135122
855888
242404
162883
793073
696876
381280
137315
646123
207876
506658
784960
217158
973671
960850
912145
912330
843014
710689
302345
294978
393451
223774
270740
382287
515594
608599
368064
748776
942704
959081
907129
914673
500888
825255
176365
620983
706717
506595
144270
887174
201993
923356
13173
919080
218635
772228
445284
798970
944071
31084
726692
472812
119624
871246
656845
778900
843537
137527
594788
640624
819473
949711
719582
660982
416372
924038
461827
307098
197014
918045
955886
912540
724946
168974
341745
540746
150201
183449
364693
129689
53278
275437
908862
953052
987918
671407
309293
945375
839134
772649
130720
783139
55132
864466
641556
7605
293991
435190
546859
590765
782299
947522
712552
420992
738340
436014
162774
316227
215028
227911
558473
102397
829071
482072
628028
478119
842307
790772
884185
619906
826486
541987
726936
957013
336984
757159
304831
714370
233079
243625
280903
70724
926128
480901
232223
393415
310915
118063
214409
288676
965440
101120
375331
10296
910046
681633
592640
952096
482667
666258
350261
329938
178077
891352
149360
809819
718598
80769
437250
195633
693926
703701
420925
221940
756826
572635
785848
48838
512883
906244
141679
415235
938658
715449
478663
170015
120847
122364
759984
370779
196552
330109
381604
228
195798
453692
465740
995464
432812
135829
293633
705429
326329
851501
702063
448848
561436
592887
222678
249103
948023
957796
814250
336564
420765
637669
806107
541062
424229
228446
560687
626349
356448
589224
585610
135178
402535
310531
58576
234737
591181
354263
644833
437700
546035
835557
102403
335085
758203
165391
23774
414135
76693
427648
19040
101897
869941
92601
925440
516801
40997
196729
802720
26601
13622
735304
850188
709721
757202
938273
720288
914857
701037
618362
484998
799760
535514
144305
788955
478686
965498
343509
607283
722322
307407
941325
426099
558745
93614
127529
659485
210532
832467
130307
898601
492580
681358
109393
9870
20005
182236
999435
605152
995652
552657
964275
911443
437326
607088
601029
159645
458359
163741
322301
110970
83124
526505
45312
929353
665397
732045
613800
74644
658370
399858
326831
255725
52529
860077
942519
180211
144514
243464
14963
263476
323927
603899
124406
140972
112659
826874
57430
501100
836173
822952
905148
393814
682225
69353
566027
326021
951731
495829
474603
91273
386417
380808
848945
88015
563301
268182
240045
894752
593923
331740
783375
950784
65141
22385
68790
247862
334257
484732
371031
291500
938483
737759
695686
31212
331612
907601
978980
207370
935
997258
782630
555809
312964
430103
987837
325301
179027
585869
40231
393912
891518
193178
615570
84648
281651
355959
385384
38293
676157
53946
244732
733696
58814
762631
985807
12895
555723
663526
621118
351678
14116
15473
567564
32831
727566
561060
41608
944002
498191
715351
880027
716447
309638
510215
479984
460176
210020
795280
175680
64684
528651
735287
55865
802574
438977
705507
558282
48916
220880
840428
429709
295811
330430
453580
493458
993480
892580
458547
601220
362842
72430
292406
889787
491899
216558
602343
799901
580444
783004
581055
691121
907296
375086
621624
776322
973625
253904
252472
701804
414831
129729
912807
589830
310911
128202
467937
696876
527584
885083
767111
634919
841633
528323
328816
258747
437485
964939
373886
324622
327345
170736
617867
615664
13972
179964
479617
849483
178341
276608
501768
336872
372243
60848
83547
126619
171157
114267
936564
593037
230122
963141
899814
949412
461434
534563
687881
264017
137756
874354
348751
5621
132913
697396
970997
23729
774445
139592
504790
543752
695542
612260
430745
674227
939236
257010
482635
922498
777577
263493
165127
260970
578698
139767
207698
514927
911563
414816
912835
186671
561385
820789
435871
462920
589185
744378
798787
435239
767246
158501
857210
426414
433040
596049
135663
16833
360071
874971
967484
744558
25886
62877
252192
313014
256421
477445
251728
297852
603255
573265
797156
307721
246267
854825
716210
587258
42181
963544
135288
611463
110364
623017
105138
634224
628887
276506
840908
643462
153696
400255
815730
147859
209242
2038
888259
859687
194719
361411
337251
826432
492066
631240
915311
209429
254452
975842
25868
568959
526306
640482
10328
480644
598971
384230
867522
944194
361199
29908
295542
319477
312466
56178
699504
323493
403392
306661
617842
991598
12507
42565
830801
198637
645168
311129
91625
836356
409848
418548
77104
193419
330042
171627
517992
739028
397837
685297
11630
543000
510268
727442
422896
856514
530626
563400
839612
437016
550260
565501
666163
774978
109886
322654
26844
921209
615493
547736
411349
149197
658604
611891
891812
14226
353011
822215
640747
65320
939065
552862
500474
531174
594658
131560
292094
364771
615699
508181
55640
878944
105690
83987
777929
829653
190891
829220
444041
321687
560773
830554
940919
636450
777652
101234
125738
662089
479855
81739
571045
592311
570721
329025
180905
289441
59589
812395
989797
456074
445994
61165
61385
972914
123990
98682
940856
387932
957127
981865
155100
497275
685780
871603
637587
484280
205939
691975
868678
325730
425363
202122
853979
410163
214569
118382
385024
965371
210377
227950
35880
204972
143722
690403
459987
79553
135564
267398
735749
419595
230453
613699
964376
483865
265942
373366
968237
473411
707469
556420
819070
106963
981956
980569
347535
359569
872822
375609
890499
338538
957906
873413
542731
93308
663416
290317
147897
739777
879584
922060
120371
819541
762906
604228
684483
125413
223088
605943
168522
148662
706087
496703
320085
613135
222053
627019
167432
921989
111276
342710
694198
387745
980228
143301
205907
614703
210423
403005
869505
148390
346102
211679
192710
596143
377561
945409
711583
320083
635396
313226
727533
101062
386661
236362
351886
521866
233625
908980
933191
236226
456878
692217
661085
556884
179843
615553
489347
993337
558348
175624
180589
150756
124146
8084
2498
605900
411095
139279
379569
261080
315831
715717
94555
169766
435306
933370
934446
735993
196166
348265
351633
924669
673569
536405
986427
886391
687924
277390
903583
915469
712922
573635
595138
184239
91960
570942
374828
321505
970936
446976
769532
439783
455597
260601
382422
625740
225883
9252
904760
674318
957134
276861
297835
333289
17960
126112
533269
326974
66105
911487
667819
440672
860358
199296
526531
579196
994988
557297
102151
662562
879646
181929
141510
545460
74443
795516
587300
758889
965659
395866
39218
472703
79639
846596
651737
744827
856936
817452
917807
337182
669687
103785
177580
540262
309300
398740
542902
419197
686131
404866
828248
310659
146480
239965
658001
388915
281267
711585
125193
126836
770894
581937
779294
451774
325188
381587
534109
423975
716036
408015
633549
695945
12178
411615
790820
553810
651847
621459
867805
244456
933615
281860
267873
119799
413584
640882
115298
461080
308874
575549
335815
76319
414170
913724
73473
978625
509560
397054
945341
635744
820577
642843
759858
180725
938415
989941
870554
50841
369123
290384
678717
765424
760325
188555
20264
527538
511138
405051
809981
130007
679157
312931
15780
377183
805408
375313
953311
13371
506329
699288
836284
593947
936738
959077
258339
362517
799024
123200
276751
963439
303085
218721
199898
517705
416153
559980
300080
61482
52556
859723
86182
956453
305942
298535
722915
678055
660999
590339
643964
664160
976330
250101
320286
153932
770796
243777
919012
684701
884411
953619
918537
542279
860297
792089
527671
330920
947216
791419
811262
748369
524143
280376
599776
680565
728274
965278
724361
205421
521073
237925
957915
328933
695727
177833
95272
246119
86562
470659
247161
469442
409138
311363
435531
361558
278170
828235
766425
511
685516
75723
858452
200284
29297
576212
394160
810811
248654
934811
101336
55458
307714
141005
288578
911036
773548
454729
392540
275807
511785
997183
196198
880886
657723
708451
423129
369360
41413
267469
962437
126340
48050
98032
797560
668862
396342
147189
45786
818603
587244
150131
628502
892797
911199
481421
690867
621595
369700
302633
619265
976360
513700
387720
710382
914031
262584
787335
74360
19624
295533
795377
766653
605161
707303
297022
691182
711212
555361
334253
170338
549625
669970
366457
260934
692976
88235
40251
757875
241269
753405
199644
593112
65144
481784
602740
564502
987551
192463
162180
176363
194835
90423
557900
895301
420708
489421
277898
106936
725722
762327
171921
515019
110041
736354
356674
813933
375472
617163
434089
519109
681342
992922
647798
888807
901889
77769
910294
176930
849724
225826
34925
843574
981380
875718
710579
450275
473192
676490
693800
415004
263099
510459
119605
411482
67520
195714
344225
864910
996784
117987
219948
69422
258922
920287
509003
842225
47928
143802
647169
137878
251833
265559
269463
572829
653873
87871
994744
324761
255466
101888
729899
483293
76484
837938
480813
265812
159840
254037
699626
331757
317733
129366
185432
350323
500397
112880
167408
633722
180688
394223
636938
645621
771147
556880
756949
649637
322828
792773
696944
148524
634012
682453
572263
2624
593961
904607
30029
958202
703855
223806
380786
724238
28931
530312
605633
498453
11836
927985
227321
545351
72574
665485
6726
723332
564900
779251
206523
810961
46025
420093
700718
253024
378483
998443
28465
725895
515677
317863
778408
828755
28384
317091
538828
522806
121533
891807
332475
993627
393993
776198
488505
780954
663478
982392
209927
892935
241146
655971
292574
291877
184989
782090
339848
627128
763364
22888
583900
722808
767957
341997
750932
409441
221927
408999
998540
943016
694152
16508
556441
374024
773322
29588
6084
492857
8363
117075
284130
564162
529791
627076
63889
63334
225148
922513
376657
23482
598050
480494
126204
646678
778245
274966
131300
873002
257144
800750
838919
49384
708824
695813
113329
5663
861234
848573
976879
306024
671314
447939
929451
847929
717673
334265
905577
35543
743002
315381
749085
375592
165537
127011
170790
467750
492576
257670
869227
260720
77320
83931
848337
483770
764896
204062
496086
295141
113013
800166
63181
630570
863839
925803
887478
117615
334763
169128
697465
419772
98602
541019
959167
12743
73173
723562
558253
734955
713883
316064
8318
296311
412425
971668
563452
412387
305621
42794
280859
244062
414983
721971
222834
922690
807621
790960
493463
576425
88057
339060
943509
55769
980705
115751
779340
636571
142834
513190
430886
853225
633770
639560
156210
76805
655281
551100
248158
87334
293611
905806
258133
315917
420381
214024
362291
701239
645305
299317
143585
23595
562952
323521
163090
864883
258994
347900
18393
128167
729517
425085
419428
791140
332288
772131
609881
316828
467315
764407
841803
757575
966165
377901
43481
455352
282665
376393
463267
127178
92078
297567
870058
463161
172298
717171
802371
785165
852498
27326
219704
18736
334073
68434
305148
353185
340370
490645
590536
469889
313603
663977
978262
998219
863240
821740
426105
256353
233761
756379
179543
240577
733402
389201
798597
656854
356597
397934
858493
930283
225205
846931
222910
823482
356937
682889
277696
431395
719316
563201
715411
886712
505493
379766
974291
101813
582456
612846
647946
184717
396216
377952
743842
244127
965423
720624
360901
454152
64571
212758
958419
66897
414223
370268
886783
235273
244115
747846
151943
690798
686585
227403
448334
399621
845470
442562
659799
175369
257688
948248
871520
662016
22050
209725
992025
25960
97889
37983
742335
419281
935826
857487
732378
897604
783251
698431
28367
338145
930762
31980
893154
914119
307702
581337
368973
427627
943120
237681
471733
462924
215645
68686
127375
40317
383763
584343
82895
696289
681509
815043
150024
398901
345645
888893
641957
695047
210486
101280
523330
458565
422307
14177
257768
133104
669054
563660
518947
958512
231457
879975
742722
308416
486843
54451
966635
471113
255551
474640
335320
814285
866991
135424
799794
870394
53761
381764
619144
741599
67243
896994
269740
938426
222224
934024
971434
419119
116807
460874
886758
600662
974468
251976
286033
827755
814693
420331
593159
312169
850459
433806
408137
694192
86643
743993
690834
165410
747968
201800
61912
956686
598311
845034
116832
931332
217479
893573
539006
140232
42114
36407
485928
962849
458669
299832
109878
737553
682512
931355
217145
134238
962202
196083
401141
950735
251300
140050
713660
924979
224416
923565
706152
558618
576670
205659
755316
898599
992378
105020
526391
132285
699750
572406
251839
234583
921168
139547
42502
442100
289583
217639
724820
43695
46575
6885
946032
894828
237111
3184
414980
626095
11795
913303
886860
815943
908995
312858
89018
866919
116447
124241
408938
983636
56677
631468
884605
930874
465505
937365
904852
211610
930680
479218
831211
506910
991184
711558
669391
946574
403999
693623
161277
176346
435983
540458
642969
284247
999179
977354
535368
199
377065
262952
440746
233873
641332
600253
477943
353935
615892
436938
77685
618694
4508
604448
385491
908785
373809
410044
998438
767734
403986
470794
442941
96378
324807
423242
695074
230608
546282
141392
807216
449420
404364
437669
704972
620790
553670
632907
192193
899162
637214
973214
263420
98813
327506
829334
610337
260202
343684
1001
214919
862441
570241
335438
60759
319441
120559
97243
234108
863605
67795
10768
688903
353146
273597
262700
570595
306761
312401
278269
196975
881823
846258
969590
413501
252609
592908
261368
722791
25165
958718
677363
975689
995500
497891
589926
518366
62436
18172
940098
230074
594378
406395
987692
613793
443093
114222
30882
264771
22541
477446
925109
108949
240737
139652
470836
530381
337624
618815
107817
711162
96864
243732
925821
663165
46211
238250
989430
231656
797687
158304
519201
871857
710804
27414
15499
948626
506016
16597
487401
498817
968454
560540
160087
248263
860774
29384
708349
53248
854725
708831
637710
173294
24229
770041
412330
398713
647088
266571
709412
944135
296206
198929
489821
592500
795286
168983
658767
497582
967008
527141
458662
177072
822329
711045
682120
324697
674224
58546
119414
151080
971085
481567
299210
278167
772961
661728
338848
206033
774457
514169
805841
508304
869804
72642
105563
323671
588372
782899
693404
164105
41689
473810
757885
28581
119273
238966
776620
556959
962756
495734
980545
115803
390707
583796
250562
756168
187992
933951
849602
837463
738401
559593
975396
807575
939414
122471
410045
721135
948818
491678
948503
897847
846287
830992
494802
517875
869018
815074
829798
607212
823781
540489
396739
113709
774075
421521
850201
12695
637582
127114
130612
266657
346604
14991
422847
658672
580240
776244
40937
70351
906645
689163
560036
733963
43910
463763
80330
31406
832528
122686
951898
981462
935513
291038
519265
36977
958185
970923
207604
819479
260742
724019
336729
524035
761887
653278
446662
174703
295006
697565
649793
842956
649120
108271
25382
182939
579521
362512
249799
924843
166992
121150
993326
277871
486434
674025
570301
713467
78530
861942
144247
547483
428998
993712
564759
871568
886460
501580
615454
239528
116868
540759
548714
802553
795959
793918
702402
229113
852997
691513
683054
780605
246429
244629
284163
900940
370757
751006
481661
831072
400265
607141
182596
75640
778768
487475
654097
65629
923530
322634
211690
991855
169349
567956
874697
245034
476639
216043
43931
614331
529942
40452
192164
558969
203515
728953
282943
74562
482885
823409
85635
89523
691586
684973
977922
208451
490792
575986
582507
926460
629130
29775
749903
740759
425126
935562
529857
919028
664219
500395
342230
664883
274232
842724
22347
24818
294191
971867
817990
837283
375976
77782
723701
550408
338994
251970
261779
154958
172884
507808
656713
381252
963330
6221
278513
570806
954539
293804
606645
917354
474799
283058
692502
632502
85614
865869
138761
937148
532540
857842
917883
885508
117616
865986
407350
345460
299099
127576
261019
196462
375254
607153
879887
944646
144245
325240
207091
247775
340248
604718
588939
379425
43615
551923
368256
382424
624445
712179
175552
579628
370470
665328
103683
300793
666210
656487
43945
419530
948932
924258
595775
833847
839987
574746
917729
91096
617767
940038
949945
330341
163376
273220
103525
615596
948528
275427
611959
595501
108777
97099
436182
602965
425649
69385
786625
804950
287874
169659
83892
828063
387246
64724
169315
574589
317679
633613
470371
581006
750237
676393
611496
745885
557688
431202
865705
460703
791909
887413
674016
448201
682230
203207
490605
142924
221538
530547
709338
153966
879572
889841
265529
389382
216094
297252
504170
813844
52814
621376
112057
195067
633049
711381
971620
859675
351604
149181
207994
729423
682754
173726
267038
224896
870568
942813
725611
250148
779452
393504
361714
190551
267355
604797
814046
956884
707993
679876
168249
224400
32532
731237
52999
4147
963041
51072
447376
589939
376360
121096
802939
769999
877196
916818
399254
891686
992706
99904
720947
111985
386243
404740
54764
166307
476252
707475
705414
595100
486051
62697
483699
822468
707908
166770
885361
785738
616569
650908
34577
532665
263896
989239
969042
603444
966406
458437
492396
151566
209481
60580
415080
135176
312124
809173
936428
460904
942555
877992
867989
277554
975230
489990
423869
58694
994979
608922
735068
753942
266660
280349
62218
615937
443591
527870
687138
775569
190196
602090
9538
879374
526849
292029
547696
238781
926121
480197
116311
185336
312220
207790
481839
619307
530096
133136
891130
519592
428149
498706
979498
403304
210213
30201
861344
796703
112378
917905
716239
180026
101786
851830
654847
652536
273326
475391
88046
975266
892496
596040
830480
313001
952739
154971
764791
474
202876
692411
502927
203264
946173
132108
207488
920918
238275
433378
24758
738023
887349
494756
772669
143236
554493
990812
312197
628897
277139
387167
325573
574413
961013
800467
551676
465933
763699
941794
758099
789844
286118
747834
307743
372832
732417
21630
392386
6707
199999
293772
868593
12396
13500
38187
521232
996675
104992
61585
973945
873182
870454
369103
880987
553746
511130
524250
852159
876025
119057
685239
566118
410412
979315
62530
591055
16861
432963
684506
242004
131156
93343
644909
935668
867332
155858
502619
47916
427401
960519
104393
826814
292161
142361
644741
928659
931652
304517
176529
597500
485057
591745
682318
791828
119478
182950
933254
29442
854795
298184
148502
761627
652172
914854
965750
929636
641
844861
838503
981108
668780
538871
329912
426040
338591
953537
159028
502993
392567
155002
45995
311256
154297
842694
715868
262849
48903
161795
977084
967389
498430
120404
851685
542969
16560
519832
879134
494692
283513
407999
737795
454094
698368
121395
115409
477580
774796
781425
780944
270841
636608
643323
39261
1398
111028
96851
953297
861810
655758
350806
525891
60298
774890
325179
684436
140754
627130
656407
942425
140478
71069
888739
872669
112472
955263
337225
290334
917596
810735
61901
936942
648562
716622
710811
673979
890184
824867
308905
261544
865675
892684
537288
866457
48899
458831
139085
535438
523337
30543
400918
471399
811749
676506
416379
138502
524232
63199
43027
221969
263010
789053
259040
795286
151329
947190
548376
177738
127368
603970
225873
967466
192807
630464
499144
770563
612733
500935
794893
457548
471398
242267
227023
719409
723394
375100
956288
259371
220133
920728
42148
827466
625012
709536
12411
717268
462370
126903
33545
834055
781575
141383
578751
578299
273690
2990
399367
309092
103883
385366
848369
991475
25984
539171
830517
710363
354345
516549
175652
800689
758274
455341
704880
66668
752165
226011
287060
351180
83657
971862
637665
848792
176603
346102
381159
223167
541239
428123
787388
958048
539459
444416
815404
589925
681256
343017
989181
330058
145838
95162
927581
338364
890483
298722
843370
116444
294792
895156
387230
791202
178280
326230
782294
58527
602966
769874
185981
583387
944274
319498
639513
706140
251767
183752
537266
560072
475700
938100
905690
196578
391333
328990
172894
138480
328077
877243
637959
339965
413554
85677
817229
908666
649750
280059
480217
942336
542285
20704
333237
306033
44736
409407
577363
608636
18108
178292
648951
284478
655031
686341
644161
314310
168866
695991
731355
354673
929572
402685
194171
344244
640440
910795
181717
669177
885924
335370
973729
935264
648404
406180
349252
453286
87636
810110
326238
365795
477415
829574
670447
586221
707142
932641
696486
867866
802936
299847
669576
550435
764746
955947
275961
547621
864812
82450
383595
628353
844008
617029
275488
523682
769215
293730
533277
467742
40290
653516
933229
412982
862986
46594
553934
758008
707124
505805
289469
185156
819773
12947
34713
673707
888085
150857
473398
548083
186339
403270
508481
413431
898293
452018
968267
158699
143458
217053
630004
591741
120639
600108
610805
904536
571130
788142
337545
931714
812310
844301
723641
938469
497539
47135
355651
807339
217497
858268
128358
870722
245809
311082
326925
383487
610720
607957
841877
951455
285393
117722
591421
933480
360254
344482
405545
209326
594955
495884
339
432049
1983
750307
67343
416612
811807
334319
810104
920904
122409
928487
792764
65079
553642
250500
32258
177405
617020
416368
756275
637409
429984
431069
104428
405377
107380
924723
557758
979931
728657
519777
645856
568744
319939
252245
333426
453282
557734
204038
224622
463783
822809
137518
764973
697974
230882
875030
276052
603989
435678
940745
792793
453333
247715
241834
593333
211117
48308
675554
71784
569988
702368
401521
468644
961931
8887
128294
880407
688134
834794
485353
838616
861482
890110
935414
256813
565410
198828
978148
693943
838060
137753
62051
729659
603424
570861
833157
988109
917521
168786
887219
9883
992460
54795
986816
631123
626173
664046
505690
41522
836913
675520
356636
705066
820534
330027
549249
671471
996191
911966
738548
278111
958692
645185
256195
321996
703526
389396
207217
451175
526031
364579
591786
545866
905944
420072
108241
890721
751204
664125
604662
847414
196170
134908
652387
51481
183792
767285
888213
446632
243794
408715
727048
370944
277090
955371
641771
258944
945290
341994
613683
517111
383757
246778
120588
193258
11083
36041
482473
522883
208611
203255
139900
329560
222451
942065
368898
695767
561594
310447
672502
524812
519007
3590
613221
956303
522955
190442
138017
88781
525873
91140
533455
478321
904813
792492
789084
309550
475018
248516
661772
641515
722526
567600
703155
211660
58640
579829
692348
807898
284410
904109
560550
388942
561769
748132
895311
441151
853185
827539
154665
206693
993790
578871
88457
314441
549461
673932
803806
258635
282296
204267
330622
782607
733561
496573
64988
50950
291398
541083
611286
955412
942034
8388
852907
274211
919189
16890
584586
349252
686377
335545
712133
359613
729493
68501
972132
900403
966375
818415
296726
365685
130170
958227
976771
819874
541208
370481
228733
153017
368312
980342
731412
363899
178856
667655
227144
363391
762758
378522
396633
86994
359656
607281
60923
246408
276700
394035
322342
78372
556233
261224
614409
628319
348468
383888
5534
176280
8671
901025
854553
551001
246155
378524
994874
428610
297695
324811
114818
191125
280929
173721
158722
425053
62240
634637
862158
537019
586420
152165
16849
237262
133022
131275
250938
958590
585865
432502
293908
916646
644274
164576
795444
340060
986275
897311
699979
506462
512154
221027
11355
580762
290761
247435
495175
666649
271223
11876
769219
117770
882820
298174
74730
592615
523017
576813
486574
410182
815070
679129
57129
587070
728949
203714
643603
879988
973539
485077
941773
410113
327679
926563
944345
724737
875875
904260
761517
47995
202448
329031
152284
108456
925422
651732
316852
72162
712432
660385
670183
420074
457238
831949
704097
902742
238540
808028
905080
516629
689968
286864
222210
764192
407601
391648
521920
764800
112658
116248
805687
792630
443470
164556
125855
236426
23958
675770
197685
770931
547190
775611
756459
904607
825301
364902
5247
280673
910299
543042
28201
556981
275437
322277
710126
998192
894931
357357
910610
679304
986299
921178
494378
365245
117975
131591
268240
917028
900513
459587
477935
659214
850558
33232
486909
49881
719232
728055
314697
606355
71494
892998
151466
828486
224830
434728
376471
717860
22923
992223
491413
23184
362370
491488
484683
895750
617805
7115
676721
658345
238898
648005
355943
343720
158318
685300
243874
243979
889275
681302
6721
976160
128561
135422
901438
73788
774153
24941
557311
647856
148668
52361
576140
974986
501066
975420
826268
417285
415510
332972
165640
819470
695790
705554
217889
950771
904489
420537
97373
350698
553001
74965
966508
542844
687552
329534
491880
151693
841327
957704
777643
567368
206282
398143
122108
269291
888631
492484
325217
594604
895445
197887
832856
980487
533689
741183
617824
193509
93779
828662
106738
190506
263983
466314
426061
402203
596760
36441
94895
916970
335831
932748
388511
300640
1369
190998
539815
501606
382510
803018
672992
331824
977965
876887
736421
796807
166582
537185
941929
979377
620816
670460
651557
134078
514160
19463
723562
99186
908059
185891
807636
193802
473954
930767
177503
602349
408717
192034
15315
285937
706387
910051
337051
452294
951492
782536
939636
497923
458249
589578
400705
299723
879876
284129
664571
550235
491601
208481
891525
142452
760430
125745
276573
395359
815735
58147
145391
196002
960329
322549
540035
621309
971529
491875
798359
676065
293885
208167
764424
288750
286103
999887
607273
77927
701267
411832
795766
915509
153718
65516
299235
589332
345717
399766
884621
465950
536440
114014
288850
92722
402099
515685
259068
372609
770036
914078
1496
669493
218044
801159
216869
879038
988484
312964
418216
783290
414689
966294
27485
679999
972225
905084
25863
802760
633045
60966
530408
273083
190793
425170
614733
259283
444590
575238
657729
796847
359801
203112
635298
876086
43301
24445
817296
529829
495731
173500
556737
68854
304658
446542
253425
311214
444505
273253
804215
147780
240880
393142
199347
773033
391631
952404
62308
435704
613278
809259
550230
732796
617596
370389
142456
550296
970908
184540
537099
613527
828361
444941
334839
142289
323722
679221
177848
610550
309408
372987
727861
761914
551404
69850
963313
887965
981293
213753
689754
171286
325607
56360
324863
803355
371296
828729
494239
892688
70853
964153
9308
240073
893481
696138
190543
677054
903405
627294
825845
240458
594874
648978
463494
43103
554283
623460
190374
894923
404872
413715
317685
820895
34798
552210
122113
313985
500234
675688
923099
453456
705476
135783
591175
880367
33848
601350
905869
972977
284575
204189
824748
458847
141068
881341
775726
15272
318291
96938
928407
624486
256068
389431
404215
14409
986005
705084
171167
680226
578205
971125
93360
768142
680765
616378
20622
604861
875161
707991
476340
42654
912836
24519
231202
64169
282362
471506
557105
411464
675974
842176
786182
753059
606660
279160
795301
668166
719105
227962
575709
969521
186494
463414
942369
32765
383508
317447
473783
286694
540465
150415
890185
78073
157120
160239
227482
645851
226855
687907
686930
667315
183338
435641
53754
708597
279660
589484
870147
18636
118422
565217
774464
102947
187792
309885
476084
658321
966253
368929
183686
289183
64675
666051
879185
843062
322231
447850
814424
947306
209207
554822
878934
697501
227169
904105
385716
898897
36898
304934
980116
34574
110968
290309
74
524076
350008
147807
555243
381054
197996
458652
74493
928539
143508
139335
62862
347850
435533
186571
340896
566985
955472
897229
226945
549818
792913
518629
592953
389803
193927
10810
668253
563968
526091
798072
830977
658559
283802
323121
864907
121272
329973
225421
793378
126607
180648
415279
678788
514856
680423
936615
127991
772013
594195
799885
484695
711423
511004
349568
644430
938679
665729
156539
894882
245015
636340
902608
192553
742738
246361
338885
645655
561460
529068
734984
888760
936943
152961
640847
738937
126596
767463
159376
348000
649866
271974
836890
945500
939870
363752
840783
712055
59560
956084
586942
429351
602821
212565
729761
614788
475670
873369
977840
288021
825764
973493
427872
353475
359023
741254
326907
92271
215762
403250
55837
481759
372628
437293
682760
892563
811725
605272
373797
294774
312754
446915
377560
731504
40960
358355
96958
390168
72898
679103
677382
688583
976894
385268
699177
216200
829570
180953
519751
527851
835526
147885
632415
579833
766590
926923
559403
878081
17983
891023
589526
647377
691531
794835
3291
32000
953339
375059
122235
373608
143624
452015
127706
724018
614389
774030
466551
177674
165533
639966
660487
849585
206612
951930
63148
167472
59837
269669
31895
507562
671400
522291
249015
92299
331365
45895
582172
386013
116458
824375
836973
780729
387868
483852
991554
813850
192189
683045
886495
680717
667827
571194
37646
278916
662833
49278
730264
789898
935172
629150
25695
987538
713468
63783
113371
185192
636405
373892
197743
958473
430913
752356
478759
111822
182451
759674
428881
437634
535691
515742
477109
443285
578617
657617
894962
90794
136912
496798
528374
299467
146568
192859
323481
178492
784240
527119
2967
345261
826606
569582
133032
282696
328820
947455
886078
74155
19649
817886
841242
159088
45393
946206
970892
137895
764771
862854
263173
414053
863013
553532
912474
815861
55421
36736
348823
992941
420726
763919
523006
143132
385733
22631
215835
685152
432376
425386
540421
146324
252922
636572
126771
833574
616389
926535
24952
435974
271204
812670
832540
716026
135908
804798
209561
330062
730327
403312
233263
298729
907460
621003
33764
249724
930030
618006
141020
232659
558207
78859
644816
108238
728017
804311
998254
93609
662681
778174
693965
67766
584049
27228
516683
647789
188737
93126
92294
595802
901257
135247
235635
585716
200909
239782
287198
9934
43164
92381
806014
845734
325695
874244
366132
180443
237499
553780
99232
632188
53571
749288
727840
410684
731006
967941
704295
442817
839984
128698
414389
566683
993607
424322
59256
621330
375237
85062
144703
579224
401028
723232
786839
450717
209195
696763
244612
776258
926060
112534
699550
829541
893238
335975
664837
125915
640574
706140
555010
643579
30118
390268
142651
637143
49351
585005
455954
326
174624
732494
59356
717725
411866
994308
598393
781692
677879
971539
87317
667012
323031
80098
868794
981478
859559
4129
265743
127255
305766
86214
48561
963295
774613
352754
650732
494481
728059
372403
629845
134357
701394
672866
319176
245345
728017
659181
226106
672134
746775
704239
610554
858215
489201
860603
385801
485636
584
93368
129042
761716
239402
608678
627143
442929
490291
939903
723994
225677
129624
743032
542421
37635
465423
554918
178775
56297
691230
781182
990892
61761
550015
395701
147975
493294
790829
317958
2142
760131
795919
768786
294307
355063
152125
578785
492954
259701
607219
656454
729883
518928
794961
29153
984678
617812
765580
444991
530014
278263
165941
106012
71012
493103
5156
859784
911441
722973
689857
421158
696399
891174
421038
507601
961173
191139
536468
556826
47997
347182
299209
174317
146563
152669
463003
268498
550556
828363
399740
910735
526448
638161
273417
927082
938998
257876
885241
849803
964715
733048
292127
79424
831471
562163
694747
764443
196540
732220
440931
204790
989059
19746
270953
434711
191653
62968
5674
784046
410123
777134
125075
670715
870690
710907
95631
283532
455478
98486
949233
817124
233578
835908
748283
65592
433490
842540
680521
557075
724653
560583
568349
689433
995906
121171
729160
269736
358293
214758
151857
984602
402310
114623
94085
166183
931655
120056
247291
232744
263608
108375
545602
667638
777825
556932
510794
998513
595787
676374
134508
328860
738107
528390
662391
226982
721804
144901
475736
605315
567656
502377
840293
931769
509155
992898
877382
502519
910260
137803
835840
808351
971216
991293
241568
297573
387108
784637
25408
544527
847855
230709
378489
666268
373499
759615
603877
602497
213750
165886
152271
987342
581617
584775
426874
611376
67828
787901
11274
992719
769595
426171
904083
183575
117202
682921
990909
774357
634888
628274
115217
547127
904083
845516
117602
776758
77184
245814
24154
634639
184085
456640
573856
369068
162693
553796
4515
454946
945934
810610
779270
521492
729907
471881
228072
520052
860241
880482
229326
486121
772577
528486
831856
506509
377481
556000
362909
952525
119326
392045
850315
425780
195451
914896
730559
738049
75895
184290
962965
983860
970949
879719
289453
380584
560749
646075
532210
825754
484451
254827
57416
648839
983681
853408
130129
372852
585766
569333
455325
631111
645226
91242
981932
943059
827965
11954
361888
291761
59867
984615
890116
481545
708462
334110
400243
186352
19712
277844
157734
210987
143706
701319
802142
298450
445438
616993
878954
754896
126206
281039
456021
958215
325880
232369
546800
737616
79854
716138
264312
681696
450630
279894
517027
494022
43611
390491
974732
6929
859389
516120
632056
702542
455628
175099
345796
477102
364908
68335
212077
991302
26469
925682
605500
659953
447706
351492
510220
674640
332068
387899
622713
708018
62027
193780
488103
391182
176736
6244
917996
702445
242554
139980
11611
677925
719755
245003
604526
584255
273502
730253
764175
990138
827759
570977
469251
639337
634214
520425
26803
285239
62706
584618
74905
82699
784191
48516
436611
985350
873171
22011
124743
991209
45706
673651
968964
537620
18092
35642
807056
307433
295976
465472
246723
996559
662192
327970
897375
463955
654000
607203
694875
514664
60012
418811
251019
643215
20469
728906
41965
981650
578183
809509
46418
147178
119874
900881
842726
95552
619715
404494
119198
201488
194207
155594
811134
259434
680699
420983
539973
257747
664459
126966
971637
190472
548709
309682
660418
118370
129793
948234
104919
67413
400528
264486
364863
521490
21557
782123
562551
494989
522468
219721
872333
11033
738262
989425
366132
462638
573286
473636
627432
738701
156299
915623
909176
887034
553266
222675
20789
442792
1848
59848
604533
800691
346689
723138
638276
597191
21048
705668
569640
424414
880483
127728
170384
928806
146593
102456
682392
506240
472515
138287
953659
275109
301061
106489
214742
960931
887080
884129
803925
492741
376045
58121
674940
719569
972783
805436
668180
260766
76192
481520
440599
666900
970503
198875
211676
140949
120036
804256
797636
818536
908826
993396
55039
966732
217136
115524
982695
280473
32993
903575
919646
391413
870352
112928
668819
319855
632857
740579
511972
641915
949827
948545
9885
607946
307153
781666
732575
586758
371832
477629
212700
189095
276906
287879
856127
234485
120977
351478
404840
683674
935063
938224
954005
978403
707234
805333
314652
201427
456669
137189
365780
730340
745009
58448
623956
868571
36180
705177
439123
231878
493624
656038
50543
156501
685987
448230
895881
452691
710814
201567
560845
257663
614151
675923
241615
801739
638850
654542
589393
839856
176972
553551
119201
135980
647023
514384
215583
525785
56530
355700
35613
677995
896616
186381
723679
913350
247049
910855
86081
406522
283613
121716
416760
311068
862132
61364
715568
143298
974515
554624
513557
756826
305002
656403
908334
166248
153729
942775
132515
858970
545743
960680
833311
319561
878797
507430
441808
186830
186719
892316
694731
475775
682642
703592
170125
702917
835108
946759
886109
885083
573820
669342
660429
176165
816186
227815
89246
600170
602409
811126
829571
329776
825937
306599
693310
515379
767337
495335
147367
660161
122474
899995
732236
391925
258943
924976
85169
544270
42905
875904
748024
301419
674078
407966
514396
933
832001
285054
384727
769161
66733
90116
249700
378992
428635
962727
72287
760445
88579
903618
895624
846131
586606
736567
679718
467057
975722
753664
724360
849354
793879
22995
204006
49349
518175
121201
759207
433646
388803
983436
564220
496919
554960
525651
341481
978415
969456
14171
422436
606780
932572
401131
937494
500472
926319
798628
621438
36486
364758
395787
318133
132751
712932
831797
876620
451901
80578
494926
205265
556308
871940
716933
980529
738408
643670
557080
749239
999679
483285
817143
301874
100867
214394
237208
377717
774755
321777
418198
555832
758792
593032
61190
563676
276208
133058
646041
116108
463208
593740
343911
32383
684394
53191
747038
156058
783632
27204
8902
705009
789044
536590
714480
649902
839271
31904
406651
19402
170762
212983
727298
757817
96844
963138
144293
143651
406912
429303
621938
331404
959194
107263
776305
671572
131590
440657
963977
193114
709540
790044
232402
511356
559140
153054
289720
772730
220731
730962
23688
136761
554495
426374
722010
156195
852453
491210
699996
641259
78100
938821
664631
33326
95653
396513
19743
969589
134010
519398
45372
750103
560248
242085
151600
324156
986658
130826
646853
199740
701971
805461
293876
597733
4376
644834
13140
893147
653096
336868
138846
77146
493824
692528
515929
168280
671775
871285
36454
606982
381403
951690
976170
939892
62815
960480
340883
977172
757826
689431
679561
577238
766340
53868
982387
333043
817191
126479
907171
382470
590376
376082
766303
391700
905241
314622
996813
196844
430236
899328
283642
184426
27965
668033
286151
663253
136749
328979
712624
557544
574551
959238
268026
785582
445217
152347
62009
638790
217409
701456
461243
935430
425017
240538
606677
196348
149169
119217
433927
979216
879087
548165
295566
562565
473653
819662
681415
864478
553527
316545
498107
604829
304567
284254
145099
577447
519551
902630
21049
439939
773306
17514
901136
565249
198320
754623
940338
757687
874524
989326
44604
372838
181036
290824
894551
550012
494293
687222
942494
287475
775376
335214
838439
479191
75892
916514
591921
988516
692401
929170
89320
289229
581862
645345
176791
228377
573664
551494
256426
283304
296560
903897
669407
120532
786536
162573
641929
583219
174898
418237
765505
186744
911372
722783
956201
313
351779
7445
802910
752971
121483
18338
705786
745225
546009
883641
717314
728052
100830
472305
369779
120308
318848
730838
430500
483517
912246
783449
114136
885325
773535
851559
157346
957073
983616
788374
166005
91943
178905
441788
629255
40447
759202
554074
616866
198362
518759
907574
774471
185460
144957
177222
404287
575679
19552
184456
737535
164933
665194
831791
287927
714990
257586
425335
486519
685410
212607
130009
851326
697158
768872
582939
377313
517923
634441
333951
889365
945317
925220
100635
227289
591423
221969
55945
5890
198379
538147
81588
637604
978255
914201
579795
652634
865276
319614
368178
571635
817679
129054
416940
731193
862778
252965
762741
599967
994717
458197
677908
266630
162318
447715
828013
262572
892984
613103
800956
938354
199647
424543
729438
192584
322561
486871
167497
693175
932376
680086
6557
262026
453437
221232
378578
223962
996390
384676
650000
975605
228880
72857
950109
890282
806648
992570
262512
180
193218
189674
927461
261505
302333
257830
579402
4317
788222
15734
971478
322112
318056
222544
61049
219568
500750
408777
421711
617300
710767
251960
43310
500183
833056
807082
595486
816117
220871
719995
750120
575973
485955
680471
145351
637539
244777
858253
110715
865305
249322
528205
293757
395049
871120
382910
934925
643546
942567
52030
323495
557276
455352
551735
313684
963129
309041
190682
498204
510043
214304
100923
711769
234932
85470
731145
553958
23566
811848
637992
816567
106287
439337
816493
112706
109672
426100
567477
279003
164026
734380
755107
69086
703398
251494
390452
918661
121872
312614
993344
527770
425615
494375
709903
568390
234771
427575
530133
459911
492211
807934
61516
616256
422163
627999
100396
88746
357295
948278
177866
548840
227334
75010
220874
346809
22885
83932
581506
566215
643854
981669
205101
472476
339590
928063
757513
104052
341496
180145
168078
952365
118345
720622
924618
788059
525625
683311
241118
246520
186994
896061
664655
419960
68273
694219
965065
89851
152782
559551
919671
352028
845289
363793
307959
840359
89203
87820
842494
48615
102742
692338
818504
912028
764930
875389
30457
680971
246421
751103
444181
330096
58727
451307
220697
613647
305263
546156
16884
257256
179285
509811
566821
644681
681044
619726
940210
785853
583819
856500
861634
33058
713057
785949
651992
483225
65811
19342
749676
725142
458332
934194
447976
350999
241727
803492
84860
162545
56820
937866
929694
563333
739629
638427
963745
911506
916803
195456
950001
583844
218306
636888
655721
117163
271438
303702
186065
12454
405744
173957
10231
24958
870017
909228
234088
776559
550961
334541
289227
988705
582836
645383
392667
60821
639307
916507
624319
743291
650475
286539
743496
745760
626187
169310
845958
886084
434575
97793
270471
646217
319372
302408
622253
767176
258039
157586
157867
41918
196143
955593
180252
52260
127076
13960
570752
607068
210082
990232
586579
885063
15870
852819
153100
3187
318171
470186
955503
955762
593178
226306
89935
166406
567324
245880
98020
826168
531060
617606
149829
538824
903406
599165
383362
230782
120951
849650
561952
634911
895911
983158
360625
14779
719282
278205
887696
64355
78694
313247
106999
759801
411297
73533
638781
648479
180307
958140
806958
504337
752556
983597
853640
960783
764002
608525
410704
187507
235680
556647
164688
937377
350734
245656
886253
331867
241977
195307
215528
270836
280544
962530
103345
483548
888730
194518
474659
291802
147623
41782
462241
182233
380241
328043
253195
837593
871998
282460
810460
101062
697621
837069
598946
658982
280523
48034
954715
606251
359241
955138
196393
445352
571964
317207
953650
475872
270072
116209
715223
974651
877449
582730
171343
391250
78488
403300
850719
33769
976439
55631
991992
933116
902921
250951
151981
849906
993425
540921
254671
422766
939797
679910
466599
705221
867374
857248
11343
259082
542255
830130
895661
693956
46832
286429
203725
959553
296502
397308
719514
763396
667776
612297
527161
361305
524273
371384
810499
645001
530645
855553
849564
918762
898257
26299
769460
368782
612460
549988
295834
402075
713332
208957
618232
115259
707086
363218
806127
515177
255966
656216
689488
470764
480655
537518
578419
348193
622655
152710
686584
71088
989066
438621
279192
749793
493362
499110
973159
376519
163560
426693
106216
220570
647033
212726
931852
941987
99032
264462
800393
29648
286212
508186
923667
678375
949205
836324
966586
957271
931049
573715
560928
544491
973669
461618
543637
868632
361002
573513
317777
935989
114390
799911
785805
78922
260340
371778
216254
460352
854465
233269
130799
300536
183324
54119
13050
315192
742217
604812
169186
739585
143137
846725
154384
898748
339802
948387
744105
375762
311279
204169
215112
485211
416940
20015
131549
264302
276824
771907
567265
968983
391102
509738
808373
376422
171482
961443
44182
266980
652701
471117
638335
720225
792221
516159
484124
553513
901725
107989
122470
888853
827636
691979
630495
912573
933340
839809
281324
782603
277593
54622
752074
286059
275523
547025
222958
18910
84466
290227
217789
250286
183686
286408
951077
733436
684176
24869
529878
344437
463713
287659
790433
983715
428141
584881
664555
709663
200154
998208
337293
792101
340715
599479
312780
657536
550660
300175
917680
41636
600345
806009
342019
712282
922999
971300
730216
710421
920623
268058
952085
494244
948250
549322
726574
415873
81678
223712
716991
831558
754460
699408
761494
507903
978242
270579
592763
808282
260212
493064
665741
235387
696322
390363
7547
407084
128742
226754
12059
217650
476140
516
603754
564923
650558
95125
593825
151987
231563
485629
170416
424629
476116
990998
474778
96990
178067
116212
878636
779838
839495
56223
9627
72104
575008
840059
473785
357673
103748
269577
384660
627733
300284
780486
577899
296380
753727
603953
308494
730940
612440
558122
401489
261808
269814
939446
564460
240263
227024
312543
595826
9199
154163
961016
684396
93103
425321
796671
367762
298068
649928
563227
442149
991747
620820
897668
597740
229998
937490
998721
364296
598306
289066
976013
181302
208892
18039
639123
826145
38011
606127
60441
554338
226929
568874
191993
954325
108884
687505
548425
577753
853937
893348
573212
107683
995072
673639
92578
942464
251346
600426
157354
940645
606951
553780
238088
854004
685724
422859
247634
463310
131457
765155
628228
215439
916425
16673
730051
251882
952346
891146
93311
861474
948741
738253
837937
788835
581967
52137
972612
650363
630382
888380
505488
249592
458320
398698
974145
2782
805588
733094
76694
941189
200412
322208
445702
590285
788730
98315
641085
860863
141703
840713
845507
296194
915602
142774
743998
336183
761782
614094
55950
322929
137413
754556
585558
281492
957024
977408
953306
377737
960424
778555
905540
161947
95247
789786
245953
61361
204040
247709
110024
901864
998685
210563
799291
312589
671199
990868
100582
899764
600247
40714
610276
173623
885467
244061
893152
76751
140701
543274
544633
762056
986141
373311
349887
310500
894047
144070
356571
384910
125111
927307
547659
682041
356321
873003
754506
635925
242541
753243
836557
974254
777943
789650
217450
710305
732085
391892
435028
592507
190473
508060
404545
132783
519030
993318
740844
759988
175824
920726
973238
197945
115468
373256
355432
576134
74838
348405
934099
360048
806722
457086
78424
570937
817498
347353
322308
596930
309397
894421
841811
480941
282089
780939
812758
825299
670647
19299
288302
974943
539045
702976
582712
542725
705994
370505
50435
657315
598082
406613
375804
281522
83552
215858
220139
833128
74179
777298
801750
730670
228097
779859
169667
11577
119553
424042
555163
796167
540965
508715
205226
859640
434340
521719
466307
510279
937141
479554
564737
310243
30631
208639
454248
948334
757518
100587
570025
778385
264407
116595
485252
981946
295229
852227
485576
905203
23892
973932
102390
118624
533635
114737
83716
940629
340623
876847
672893
868689
655058
5734
584773
724764
542858
730472
340731
99576
285325
702044
375095
811206
692250
101167
466738
502713
487628
297817
978053
279087
122664
46919
237194
445617
444117
665130
133855
256072
91883
925340
752265
294074
146851
772970
836148
724640
878447
145410
593432
590757
601955
419962
324344
2781
562896
673915
113156
475647
971890
901640
367839
52865
610943
806511
493883
221839
448031
691914
386911
948455
31035
839602
343562
651731
882606
607362
88370
189508
287961
972163
587173
775496
794067
959481
174737
206632
124925
337801
831711
202657
232819
942725
844025
334909
694814
485782
144684
445068
247910
751749
630505
465988
59717
979750
556774
781875
80183
723361
941474
1180
852301
312286
622661
536374
770017
103692
176293
104829
285092
259215
402981
216050
346515
313860
300152
530998
442824
870001
285571
980287
250989
115342
242721
696308
737163
138026
274688
917291
605697
270716
979752
877500
395727
173511
940700
92290
282770
595304
587161
541038
437450
863423
138107
729031
460055
673016
677503
688194
967107
866869
697955
652025
839992
829338
954410
512651
922194
48116
568060
56529
886095
365766
191017
599736
272419
464178
834126
938624
916713
941569
667664
104272
961203
984079
667270
559795
703234
368278
477555
593715
414353
455253
195376
824080
544140
114524
346920
866781
947934
999287
260157
485368
353640
603637
105801
578468
677197
204371
697407
727429
460074
713866
117167
646647
449251
151986
486824
525771
437721
525265
963383
788894
417271
819653
778766
77592
81132
522057
794369
228990
241523
813543
957353
253813
386125
701947
881963
976532
895184
597471
624915
182308
888409
221496
506266
149943
376542
339804
654086
147938
970974
679135
46576
109208
708729
281401
694945
121764
135836
687637
723094
574850
672788
280440
745443
383131
713604
658124
494772
941532
977522
612745
528622
371570
21115
425407
733555
297252
113575
395074
208069
439756
444055
248946
281346
753843
712731
415589
885453
737544
879136
98419
799310
333501
184390
536671
933775
315839
869904
325661
454151
107983
35893
879300
255412
728642
338067
931794
863265
73297
575939
445526
286919
940766
896775
7550
609552
430404
912544
62845
404022
306777
517821
490585
303114
202819
667277
870606
301585
259252
45237
798306
12937
110915
766877
345798
191113
234536
567397
840102
118278
971732
441014
960014
422258
900203
892275
779384
663870
381983
130253
428726
577216
603242
453814
455864
626929
991527
666669
537019
72013
870094
114424
951567
65821
401802
176880
94915
27665
863929
917046
285358
123206
714751
582467
781725
628328
90823
704478
879060
436337
136536
67110
561603
166416
423887
278223
966151
313124
491711
849706
964057
290215
538338
968092
955671
408488
461498
85936
727341
755376
873160
430281
704096
851911
775912
104624
300663
569935
419911
842956
999878
857869
105923
657199
16280
854728
743581
669068
107064
281482
116637
205511
290524
994563
241027
954085
880431
138381
995365
283043
384185
981835
671978
599458
278253
890474
604577
143679
180176
976137
588735
944449
588417
775861
260083
976236
863401
218893
513832
607474
893119
595845
699798
654089
687864
144773
995333
334424
722506
193649
460000
944010
469724
541316
537202
750917
200780
339221
915199
170677
124636
812604
549185
452738
505530
940878
363454
702048
270122
928003
501378
203204
742802
355193
124671
256820
652705
539345
685373
623543
720797
641271
441343
700844
881737
267328
40948
295671
21103
997484
63767
94038
782927
52554
8868
377745
657060
293307
188406
581136
622799
492622
417922
67590
871715
254731
468522
384843
182220
359116
717183
523848
316252
946756
593302
39052
7604
604707
222661
110971
877707
769170
940027
896549
111326
755417
184313
679477
107188
808161
741873
290304
606477
789779
409849
910269
25510
107870
591404
939988
83564
216472
949341
422415
628731
313148
198841
248365
195281
482962
959352
205909
359636
834732
143104
6504
872188
744076
347926
214831
965278
90787
83457
493683
728278
556596
937213
872620
98193
201751
657433
697105
420852
896090
935406
641614
480173
485250
520508
315860
604500
447407
694114
387082
607933
913117
927609
268705
271901
106183
230606
956421
337109
563430
574971
778479
26528
725206
12705
830295
508438
999194
199364
535431
776090
19574
925635
963467
353063
270330
93554
790725
820273
469791
199318
306397
595067
2698
47612
649621
989365
712301
512438
643450
533263
951757
205107
47734
125662
660894
829882
301635
43049
641482
500995
242298
65874
983376
762290
489673
640476
844169
292145
558723
10141
696583
828904
541650
807809
146774
436508
476999
441848
172580
136353
737298
792829
264125
894589
595597
346052
241518
653275
874226
974784
993803
137321
434797
622990
206157
952463
546445
86145
969811
67083
170068
843723
262281
838061
477485
362820
965478
719340
962685
539482
261199
997284
809170
911446
619865
425517
188664
323142
421932
261273
335466
549197
778947
218057
890278
997315
296591
183532
572185
581514
256379
211350
593338
857902
589451
963065
284531
656504
55645
979266
776249
448208
230290
297682
297853
770188
570310
220375
764410
681497
156026
36423
510575
294916
835411
854329
478439
439846
367099
81568
566323
799978
43174
378916
457402
166076
172015
297438
149863
996624
928160
519984
320064
652044
206097
984191
634135
187028
785191
843343
233817
54640
607550
92153
229763
735643
529185
877771
567669
975210
947894
634364
390175
926486
323831
729482
170328
514921
943387
911922
