5757
436055
318597
959270
991037
219769
584737
549678
927412
430011
650255
927064
535831
189891
557998
270251
494877
327472
472359
199011
487232
19863
526218
102208
30250
313961
316870
149819
729280
434992
365701
789076
729733
28984
564002
433158
95533
685066
113672
120156
689151
466900
543144
779229
768229
6180
649046
454755
908371
357907
469185
343178
668754
506110
920909
724035
881960
280560
363599
20552
328038
512732
95780
693802
199438
407493
855662
748614
96414
462720
457773
733206
50301
278417
111413
141731
73473
847027
400593
108056
336795
833204
554357
87283
183200
380988
918360
660372
392756
586030
253878
919672
974933
762598
523360
112767
442625
260131
689406
129385
253061
967614
813283
911391
628452
653784
284491
772910
656800
570899
840372
50446
627880
259127
25685
142880
17053
644468
523647
501559
548034
598727
477903
298894
558721
217589
854477
625239
406484
406324
138661
23539
284374
788521
430656
463549
140583
795468
701181
452160
444533
713448
680849
170313
896046
680831
352184
668952
90879
427979
14806
549040
93639
144798
764015
405198
232413
667819
173951
818486
903418
424413
136824
335400
49989
806885
836758
755506
876602
457233
275872
455647
579381
928920
810877
26637
126049
408818
506479
260316
13176
578148
921201
760386
528245
703705
299945
312508
909790
206316
167370
102431
341991
910979
873482
154957
266629
746389
812090
215811
420561
665291
350215
964942
833812
363204
908939
893021
77685
181683
929169
435250
158524
993188
111460
924147
410562
90460
926802
626397
903735
152221
999106
287704
368208
466120
987823
341029
543563
149853
250368
713267
590304
666270
459526
183121
846854
856979
312273
756158
873630
23846
866927
167901
99264
257518
536578
518917
559649
104777
818685
930676
258910
67425
186299
217955
642599
342738
392252
987444
838731
721506
511484
685832
755611
392878
233714
867437
762622
982374
589346
468404
175761
56431
924319
272737
132536
159847
115297
318588
119110
765061
69630
390661
520581
150621
145225
100164
658466
919875
762372
193918
430200
776456
918466
821188
727607
221792
363870
53093
110512
909732
302801
338435
789889
3122
152884
30019
840728
829618
274643
681822
547109
476596
962410
483861
936160
724789
799039
470977
630516
676545
206235
883464
563015
277554
198758
743404
124775
700182
285150
226301
734290
238702
475764
261551
146401
681875
608643
499782
230931
338676
632750
136749
986610
817274
497492
567207
125604
651148
210738
893725
973713
538670
50902
244629
356651
175684
389628
480195
728478
564469
827207
172090
799318
110379
797661
967931
274728
642550
28639
658606
326046
52112
820484
2734
397922
224827
669265
440895
766277
123975
891959
644315
336173
340976
37193
769321
257049
304739
465880
289103
929554
825825
613612
722334
397745
636605
49762
679724
235463
306751
557661
257600
367596
699051
445354
470885
267687
785243
387956
297825
779383
718921
653344
291328
189564
531177
853766
13577
167493
63667
202765
329682
549943
435326
43298
793007
329942
806536
139413
853382
948211
769938
979536
372350
502898
290728
259636
237974
563831
471743
828689
120594
400045
560566
967234
617807
6258
54527
628452
372152
869347
653207
342961
629201
788095
728433
792060
707185
869434
95921
1163
461645
26145
556691
64012
353966
567588
372972
372662
886533
554373
452233
811773
13141
748956
357940
584497
535374
444932
931605
922420
510650
892710
1588
96854
927056
604831
900060
608655
323622
769489
168091
557528
295364
457219
652711
418214
308564
803446
27867
216388
465525
617477
880030
577420
529006
247
75620
532865
438143
286437
532814
550796
974996
775042
473837
234321
943507
585804
128164
16494
581908
638734
114155
513936
772272
324815
359152
970033
977842
769691
177112
6066
948011
849963
171299
271568
803426
272947
341997
885766
189223
116489
644240
938815
843976
253357
622887
640631
814557
473337
407790
826285
173310
787366
817605
246023
314645
956792
940051
825282
377038
673224
150919
601363
562347
568940
863866
531807
780147
831236
172976
461716
455818
987556
550334
722658
10076
877081
142533
45594
983859
945946
419164
103329
693609
697101
54348
972048
201207
434098
706548
403948
121387
212464
624013
248125
262008
742714
930056
78733
725736
910174
785684
777854
480684
213098
38779
533000
215956
5435
509356
569679
940633
648995
655315
913053
19736
59830
520932
115777
536986
142257
796088
982915
960910
552712
300814
106114
585304
700363
670898
760237
805890
301172
342075
286874
653136
624655
389485
506886
490290
192774
826495
476074
800147
87496
518328
455798
4879
87190
81843
438124
148353
264170
872065
837916
650873
847812
320557
886328
359373
835986
482586
601235
498311
693755
684425
162427
196284
92104
769399
269743
404668
89263
741923
223359
83045
541118
805933
594303
462802
545441
559450
195751
46961
86863
583860
890058
63282
631703
705935
208881
637468
624323
851494
855380
485818
195302
549795
171700
457586
826887
644157
907351
344309
147754
150332
887649
115218
553911
3224
286796
601446
388298
743039
231940
498734
929430
914614
533346
986877
985206
753687
906946
317000
532946
639672
931395
484127
123434
325420
998362
413750
595586
562851
342547
436322
747882
453165
656422
430303
380841
611867
151154
516813
16966
776966
94425
14588
368562
773033
803255
717212
23637
534121
763839
474519
311219
82550
99380
549882
976379
603209
430657
328014
134700
443277
54711
106245
871652
602266
789921
374480
845511
186332
810756
234254
490952
513170
52792
364446
568919
571059
857117
884309
94247
947051
163452
963211
208539
109826
810108
159824
126924
504094
803646
556348
24825
295711
367509
775780
450956
668968
236005
197545
998085
407614
658839
940842
627718
46600
77430
290969
780281
849334
279209
4971
327201
304894
977613
112873
987580
378562
794286
966436
308818
219726
339299
407942
700638
963517
530371
57987
881045
778555
549063
313581
824663
511140
306430
52583
307825
280395
816167
501297
652109
601112
566830
370787
961783
472201
595718
306869
383180
629465
36447
808378
277697
709565
806149
383533
502029
622411
335509
322596
238645
21110
109532
629665
502130
6900
743117
570824
283392
190336
950687
874858
133125
996795
88257
562687
477084
499630
609531
145203
388926
206314
234466
684823
617293
778832
429623
788152
795644
460077
77726
111629
51549
178685
549366
364298
606344
917265
436121
306193
773797
569995
616049
145416
122903
388677
770741
784837
432517
396113
607551
419174
505734
480347
748172
762558
981801
664683
285455
787114
202974
696199
566130
376065
903683
977909
510826
711849
833103
856094
207605
875399
884821
122318
232691
119310
257526
716312
998750
955897
178214
846423
173608
155795
850841
405071
648048
699827
803657
134065
427424
869126
317095
521213
315109
693636
493531
191618
160268
316869
286906
462017
115702
983788
880452
286640
238008
367937
930902
544922
471185
5149
791602
34211
478664
120958
450793
910634
24098
421179
502883
89799
367357
589137
525963
55347
532493
274971
77081
233223
453488
12640
635325
771101
499311
29831
408933
575635
361235
38181
64619
282414
817890
409655
400222
508570
11445
777899
852716
526735
74679
987032
580073
524816
871228
979919
4222
775438
123451
918153
847792
51049
672426
565823
994700
427350
124724
642521
901613
680411
830618
104382
917225
767799
880803
616138
148958
607008
33089
671710
559828
361444
873730
136272
858127
631793
172911
47171
517236
733104
7941
686226
184725
129867
295181
103590
66971
832592
496026
246376
958735
987437
574815
254607
740165
136347
532394
442266
69861
791128
137921
334554
399703
595980
983384
472615
993163
744589
856875
933363
655266
985982
35646
180283
903100
177938
522927
546841
975135
166894
652852
304631
71552
347245
258487
185758
538546
154237
93323
42540
694504
767654
342025
133284
298536
146091
646860
3871
617807
886025
805701
844961
265403
689500
116347
986439
274904
437601
205538
660508
447946
799318
295447
524618
618804
869438
410230
16621
613155
601025
156569
304515
921755
940399
88621
154112
275579
126821
892146
128766
400847
212872
267471
903122
215538
950767
13199
136634
633694
812189
424124
175346
285010
20139
233558
126885
264926
453125
999152
691521
625550
350539
690664
358691
275249
516759
585025
349810
137925
222
732319
42055
543040
969071
824478
437642
617725
793945
286030
292376
716738
936618
472271
141280
844074
326929
777094
789069
698036
147429
874873
436509
575206
434174
451277
904273
801823
625025
572761
952893
650168
624570
243942
619903
320086
950626
841542
688012
638288
371391
479309
491366
42295
129706
428785
574250
135750
417644
450618
457285
769639
476354
721573
722503
783392
639104
671899
197648
875992
988114
494665
569574
953482
404765
258459
207209
578117
380612
972250
300573
832733
482502
460128
584359
220466
388292
710900
79891
391386
639456
67846
930386
843310
77378
522632
248257
207342
350516
128294
471204
292562
124461
513380
957937
74030
893291
317203
303433
661888
877625
726576
396290
198233
43984
386393
234911
488486
132250
735341
705313
976731
922577
679039
795382
708603
689926
441205
495696
859270
765246
834883
851345
3647
105335
24960
101346
615384
426952
501026
797539
360892
801638
776283
434620
554681
998659
890447
511250
408521
507664
429040
153238
654843
424548
394744
619383
573123
941237
80578
305080
941210
865794
827462
255900
372755
872019
442095
933373
442172
312280
294619
519675
288173
78831
674542
484498
225072
339201
990995
720901
757196
989963
494865
904119
416816
724923
82437
558104
685241
129264
323970
375356
699168
798436
930689
339783
426115
76710
988806
808901
162190
366847
874514
276566
858822
665463
215231
905862
142578
308784
89659
255675
28582
94255
977955
86152
759853
279483
841403
122782
100370
253918
135880
529633
444043
11720
62859
420057
719171
966931
313818
659455
632451
303586
948124
367159
504956
778146
886304
569118
93427
814770
212186
614008
128905
738463
456252
769612
114918
392136
514029
363660
365314
881825
197609
193260
775503
282706
238005
867475
200327
342719
533629
443759
165581
209379
565516
902115
137538
763157
446502
674460
484583
52013
334277
531777
201066
779072
825967
525448
460111
929990
877232
859046
91452
521053
86073
218782
5345
470886
909077
510139
559042
8270
676036
668057
243810
415719
449526
250717
877390
379316
498021
821700
181827
339204
82895
708697
706300
297781
933263
891840
959708
72474
804887
990128
347893
698551
450316
505278
234739
741609
73854
569044
251049
361762
971587
848832
64117
110802
233199
226217
353169
589090
215217
745372
519801
713882
875021
290372
504821
929955
866290
170424
494594
836326
339319
472303
361697
449426
567799
768334
729083
484477
721925
89378
844399
832482
159950
914473
9210
598409
313674
398603
981122
279620
134686
555046
669887
995221
882834
716999
259014
943981
224234
32372
767412
52879
955811
884838
587123
156115
382027
267924
299564
635847
560765
772906
173449
201392
29752
614744
400613
592558
515292
113095
648275
73725
970560
353511
310856
867096
665266
942180
384678
525944
366860
937783
429925
186618
350639
195417
729120
799390
567135
654226
113146
761707
599227
436911
264619
56432
973335
869201
759339
413670
499960
185122
959161
521778
654699
778403
206408
428934
913410
698273
775751
102631
837292
561159
137931
155081
69296
479244
972316
461142
393926
254988
476569
93710
879314
906933
488328
163975
938494
541656
348670
769558
855922
366431
885991
801798
820339
372638
889267
86981
927701
288450
44382
484319
19998
833958
759194
793825
945657
567620
66138
820767
753684
931784
983357
711122
777942
954304
678933
589465
649856
349808
126420
601440
999199
356867
498706
931230
928875
525467
481086
495096
758016
170569
567198
562243
651894
960536
378116
68007
414047
342020
426127
321567
983452
992264
765659
675932
326172
85717
251910
603401
423475
971998
110112
318570
269778
70928
934958
454237
519977
627872
939035
385027
10134
969660
595964
244088
150408
796451
35198
798205
730357
572112
378799
461559
234612
540497
912869
477393
483959
90167
419855
950972
185641
419942
151638
614230
291424
613516
195247
542568
424959
249519
85376
446218
380523
831262
76332
9569
467624
487561
714173
551113
549711
268461
873645
590797
741038
465063
158609
782547
243068
790762
987491
776213
52215
59532
379562
866570
526236
445050
563528
219107
717954
177228
481952
964273
759380
203380
112737
704035
539369
955151
645684
273389
315074
193630
18558
963909
146911
414286
799890
979847
423870
70259
467510
7929
628529
446676
861584
375528
641883
641311
238510
413233
113991
893245
956847
672476
643748
344832
657744
952162
260385
321721
342294
926863
100513
757159
984277
299138
119643
245706
73948
675922
398417
617813
102462
432843
935211
327553
352893
315414
557232
924414
368404
106166
588512
365956
303009
296559
118896
458440
167661
227905
407266
84683
753818
801490
200001
716108
183208
912745
153270
626206
577955
272854
958346
982164
978541
583344
472825
257688
101155
523574
784303
853915
34735
857175
378402
411238
400106
279822
633419
354384
744235
609956
603842
132616
964657
542233
719925
226770
915369
105181
624260
491919
48284
211193
658109
796980
594487
926923
912431
679773
449976
939310
932269
272698
155955
1528
851617
784487
926590
717853
760841
934618
79103
742512
881491
156598
847952
239242
433489
54780
739660
508163
874265
273249
600889
195357
368444
796282
685906
870209
474017
456787
819119
493345
507773
749472
601747
516732
176561
745163
723922
506304
918463
11244
367965
965193
667434
904087
647276
617480
24362
816270
344966
101759
355977
848855
945712
19368
592605
100137
177648
31989
414498
282112
163068
451315
491763
406864
965508
240392
245605
613654
685593
730971
941889
527689
158328
517458
818907
148015
293111
2230
755731
312013
564811
839540
544296
330167
480436
22141
705396
675973
235013
330828
752648
257510
642836
469447
565476
360590
31162
756351
627283
539019
167495
591058
649505
211957
3461
493936
797882
727364
967015
318650
881441
376252
440911
427398
492361
640259
940025
44991
889556
168275
246791
308970
423717
700938
906921
875331
629284
798942
159784
501637
674509
840815
504848
310025
811701
501877
213432
5062
564635
688472
818799
220023
64295
334879
12037
30554
185602
759744
827507
986004
896849
289429
358056
368946
383567
154928
454705
242634
519749
353221
592579
607104
47017
758022
664936
416100
44625
418764
830596
957817
389842
948785
160323
413585
52793
945594
86370
363155
24293
479601
465942
954719
702720
193426
196444
664712
109784
624795
707102
289024
117662
494022
320831
24273
4281
379603
777475
10375
625032
229438
120414
878252
385523
192144
197848
147755
750572
561874
91993
640662
587784
141148
315287
507331
273076
377995
853849
938193
339733
984721
708710
904521
908992
283878
872207
353183
661715
309212
29718
568087
262382
122064
450234
262916
660177
639356
626528
668011
224148
582698
656159
267655
978173
882947
426792
416806
871809
955142
741456
494001
499930
744468
308284
52104
133057
770215
565928
825612
951945
962467
792020
498550
759320
121285
552587
645028
36162
730168
476049
579444
423491
289606
680936
584649
125529
38379
129599
556203
447740
711750
85752
570507
208827
820457
232340
413219
834548
407631
749694
669180
934896
918509
75441
885449
629401
919073
790918
705905
744088
33351
203934
596202
939023
485867
49512
801281
476336
974744
371215
800566
496888
244239
945027
979907
954572
22627
774717
921006
447521
603588
110484
558236
551294
932385
920373
635909
592040
195359
846414
65001
486446
7290
615857
987788
810395
410642
374034
643478
403150
322892
656491
618634
46821
736038
595583
911585
225432
350363
611642
836738
193506
729519
79223
603105
813273
443992
131164
222513
718111
566345
960288
727559
706993
963996
762413
854285
631772
593754
184800
635679
358864
24426
681326
383685
673805
248469
461280
448462
187130
645298
673086
464197
773268
373043
747594
498451
520835
814090
140003
512176
281545
864633
994507
958663
306387
326901
237890
142246
904434
651254
680337
401311
136099
490078
891682
124862
757386
431171
976524
709286
989886
330459
502253
321674
325245
110595
254321
614981
988352
468140
798063
936279
559082
54690
31666
518013
340634
745594
175252
415660
186719
400664
681734
402601
697035
657690
765357
359816
295712
822821
540327
886271
193576
593738
475948
955749
472801
391124
35023
133389
229396
775088
398946
693625
245382
398009
577657
255293
378184
994016
783559
199794
202857
659381
834662
184083
747852
897044
265266
103863
534804
917870
336532
147563
641019
379635
974493
630059
56642
190297
213320
523005
212227
323276
654242
257899
624994
134386
83909
134939
90210
207386
880000
371468
337876
11968
566098
258863
190889
877759
136661
10976
284265
242324
610168
158271
913597
983242
423909
692463
925798
519112
271233
111083
525840
721139
329617
551488
918209
547713
125882
463403
105132
690395
361313
843919
454434
786414
714545
636307
727464
414671
448378
757718
826851
815752
954615
838416
889328
282628
919464
205830
954128
77778
427486
680745
871360
82777
643029
11148
222503
936089
136251
322368
607593
103897
611151
706319
962713
981171
346597
183889
451275
287224
538182
255341
712775
192321
286003
648688
112537
89811
368650
322627
344325
149550
327810
224972
545751
907506
807121
960292
562457
613615
474221
433392
496031
804616
101550
657886
179516
884802
469010
983294
396247
356463
300251
170234
180567
51569
115859
629492
331387
107437
150127
923131
444871
188878
279634
278312
783577
193331
268328
36635
600666
620278
82227
64974
186576
47002
126562
896658
685711
293584
541597
167854
271183
917670
262302
239825
946329
851853
158137
549552
814300
618501
193980
448384
370844
714919
511345
724754
992970
493454
220992
540934
489838
561635
733489
985517
328384
821764
213648
688383
645847
323601
565481
205173
567097
154387
939443
445893
70481
935432
267209
127928
252478
167311
257811
513129
817544
350316
845123
863196
882349
690361
720060
612152
189658
672938
161293
426018
459637
589243
601818
69944
355031
722680
161499
46631
753239
795369
657534
787114
291009
310679
514024
78175
506726
489855
526041
713479
449037
616275
361646
432730
612167
582119
101503
938181
219168
463999
615592
539585
247922
616754
979301
683857
231635
5754
871127
951000
591086
520091
522467
719700
401519
271470
724026
127803
38488
435402
339635
698224
577649
938317
125524
699298
673884
931532
517679
842050
161350
588501
785001
903391
900218
210781
189846
583775
873743
926539
94720
44124
759042
18144
408007
484696
546718
308161
735010
696351
21655
784674
412547
532984
549175
957393
771801
796487
793968
582236
682287
289218
54160
326752
727858
33806
157266
102192
231247
399989
724944
288990
441595
3654
307670
313513
540492
587018
79059
241283
502276
392158
687657
281277
47791
713522
641059
371793
636834
898780
695942
135756
893795
368474
828096
809238
168679
460323
228605
177247
255222
861480
287513
611432
495403
512556
811184
62891
683863
324668
398224
777640
858310
906125
933072
788622
356569
504626
927930
247938
462802
747063
305699
375374
170351
144861
368604
788201
705581
747249
89985
812575
408557
161611
395887
679517
311476
419424
349458
929563
339789
306181
319067
191014
283273
822273
62417
111049
58791
862733
980223
861975
352270
39274
782155
858520
630454
502559
108647
182734
964839
623246
106976
719458
61146
229426
488468
886448
878523
183928
317121
702380
646224
632694
807928
908911
264627
276236
826160
776930
188539
396694
111926
395781
459897
42507
540226
550301
599582
843445
958694
688248
666426
542285
922847
744926
875295
844594
554190
978390
992164
767430
834240
6674
160262
486501
927273
322040
569448
530563
77552
813005
929979
716065
526820
745536
483256
684716
164556
174609
315402
742898
603355
675804
120330
319745
352514
698502
360034
76190
44704
103491
733074
103071
729365
923777
921169
933286
566964
434420
818443
528762
790102
186367
358217
268483
333964
635644
276335
351522
635692
312040
457054
592107
651788
541358
117498
814400
926285
201166
750341
179595
395919
266090
134954
978327
927938
489901
463126
98124
867484
736216
292801
202629
177511
270378
277899
342543
592498
459692
778497
646273
610535
477014
789374
550451
736509
508385
251566
587420
923332
10922
273262
817228
580573
51840
875343
268098
511180
750794
362874
587883
429798
400856
493677
758328
527076
690820
64868
265434
742042
295940
615186
822493
400769
359952
598478
66142
851504
815018
700619
90922
669418
919631
353408
57525
270160
790712
188966
841908
213047
113997
129504
320087
282580
319335
745204
395623
848148
999744
925687
380535
997001
133498
14088
212298
685438
466888
209586
157889
736875
740093
825269
349887
258948
995631
623582
893979
962476
990919
287571
174465
5895
322281
720363
983718
54316
778938
190394
842341
135929
696850
807402
866939
159170
436544
843972
425307
176225
120372
263502
813871
921009
693581
324879
755373
443158
110208
423854
509713
783923
694369
322425
695740
607871
691985
111681
422825
386418
593605
994082
772936
868569
791150
757856
11897
812489
788426
1708
798246
147696
112519
271559
151741
391046
564175
177406
769353
106147
129973
622099
996716
806507
135738
245756
262651
693476
972539
626116
848310
714728
911419
520528
787554
315830
62985
772732
586821
550562
906510
405604
811262
501997
882869
732991
597822
404527
614903
137381
773543
358001
909442
275825
304255
359703
708613
887809
17424
960442
889115
922586
259936
612180
859281
554537
46281
950228
284565
674916
676212
651730
704190
369615
787638
535005
897458
14427
958151
347567
635896
984809
764442
633986
596699
877100
740062
504187
398775
965547
720401
318021
535395
102758
212860
48889
413755
46288
496591
571641
369800
62331
897561
492572
756366
551186
396707
302339
807411
504383
992362
766922
710599
430317
257784
508955
608436
726183
667998
16796
491843
470495
985872
127816
253256
898060
892509
278811
690860
965098
435849
312359
802773
222693
335817
670596
361140
796304
21914
719525
70378
784591
232254
579397
657368
607702
137300
936063
369026
404616
693075
955581
133598
890113
639522
853449
264447
293487
17623
94783
363929
193243
889035
93987
479152
953222
672599
381711
455906
41838
415725
745669
737037
756208
499412
807971
149918
869895
934913
815156
849783
507826
592015
252450
197372
259252
266332
926282
665275
493557
953535
128360
467701
332486
485033
95601
571533
674306
579031
728896
547916
115087
350513
784936
635023
233796
536707
978920
447758
172325
316885
403708
904969
346377
796584
369552
651281
594205
109008
405519
329904
128833
235369
681562
461302
263248
278967
157397
964321
768253
368734
129051
113704
106968
327354
655185
430500
330672
920604
660120
870875
628883
935970
475676
179051
972145
426226
565002
585360
222239
862547
436126
242066
870007
366887
570714
62990
583772
713353
646546
425118
81179
914431
971172
562024
675117
862556
323462
341888
122713
21941
78584
819003
753398
842365
519128
6929
689486
618752
189652
705838
395615
630008
435705
898901
347963
349391
305963
925553
154767
335986
356654
894714
911616
210255
758240
985792
855217
28331
208649
796631
358241
214817
460939
84192
390066
5946
550964
885423
276868
795878
11442
169182
801088
127253
660966
979693
866929
584373
544529
534420
720268
107592
189547
768296
998736
746721
794770
575653
769544
760506
603807
903646
28142
330165
322325
773374
747626
717422
486771
323258
340663
579641
636201
236117
419302
950781
921383
86735
489021
120684
716112
946411
19511
786334
165005
73244
546351
662217
678206
855243
523607
100255
476364
705288
14754
95812
59994
295306
187906
100779
611418
360420
797643
454348
54140
265415
796023
807107
156096
849198
879171
530184
20141
751210
425974
98311
885786
474634
246529
961884
270569
578086
803778
202861
60948
245000
437475
533795
77087
219128
667167
668165
186541
916963
5989
883187
21167
625767
532437
158077
288823
99134
586855
324126
529770
357124
306347
435864
10452
628262
306282
290989
604758
864425
179372
247799
960890
512596
887827
180645
531239
582844
735589
306194
126064
262122
24999
588611
827526
816618
801764
893117
331534
279667
506445
998017
602318
179438
63290
825510
214208
590309
506574
30417
271113
483337
818297
599506
689539
558047
615960
846686
195126
491657
902135
337381
677798
992749
39670
999952
352198
186948
117641
352025
798858
23425
872473
388294
592666
793307
676104
809219
26722
861945
780754
561115
124166
571002
645518
804051
909555
679134
541204
780067
523601
329748
459449
627473
369301
484896
848566
283052
308402
666792
932583
923747
887599
479516
269999
951808
258644
283584
408824
791556
288766
39640
276248
432415
116818
330735
529551
549068
373646
646787
992045
206279
734651
163792
190481
702508
861695
756599
98315
922669
3791
678475
749859
512048
385217
745337
827059
709955
887615
559185
270959
300157
838679
165813
935685
954034
807536
620125
460831
845138
981528
971588
590278
337822
96952
276274
51488
780936
35049
614503
581402
83111
742687
642337
385568
511764
441539
628682
971273
631972
213151
668162
972689
966786
497523
103428
659390
469927
60388
134391
110947
974201
505620
822419
348226
792061
747597
374190
638668
44411
596182
917347
182469
358125
95848
531357
260483
266403
618490
383877
106901
133814
85625
659078
887425
101606
153236
676345
856485
408659
32563
993202
579966
986453
432967
920870
459207
995576
298172
960247
827385
176471
336268
221406
535089
848083
557549
602036
456560
905521
90474
458077
117692
597966
900176
573906
574243
86143
110783
284553
642783
982921
609440
374658
877461
317113
508597
55088
850104
382242
323851
412163
482443
656241
845453
673614
130819
691822
841267
108762
639690
179793
835351
564422
241120
41535
680488
372761
954844
163232
737527
317862
943633
280029
323375
938267
591627
853563
151142
329081
708623
738942
93635
471780
901789
8094
541350
851293
860369
144444
776194
394294
323033
845253
765365
637606
125405
567109
892048
788752
78364
629314
528134
661789
387108
236388
7664
906565
834926
262609
963834
44461
64979
55447
304238
751211
4975
922307
637083
854501
438033
182670
706081
842391
715675
426103
46364
912883
507901
379820
447019
515618
216136
784354
265372
364713
521714
44932
476917
676839
489445
677319
194209
55098
618051
946332
228278
687170
28539
534719
412383
269629
583617
447661
525739
158161
706029
935218
703537
949801
441394
584544
853277
297654
588089
134300
476124
4183
615385
991954
313056
464660
151477
368904
840976
630147
885939
855312
140816
934157
731157
797655
430440
507723
560757
430875
520019
948746
200289
123962
287078
948013
197073
916069
59995
429170
152129
632179
278330
540877
386287
837522
43811
536240
567219
198360
527674
856556
391926
166072
292527
164657
338384
443408
344425
184689
481090
972830
972238
465123
861260
500243
940401
485668
379821
725440
267481
77047
146869
861037
814826
732077
446536
505929
612659
853472
712753
252475
900243
714329
301344
679638
371848
804689
486850
797292
417877
627413
51131
159801
972240
711938
141251
132544
745989
207216
776922
212084
656458
610348
724841
388748
905313
340701
349559
85689
833539
90183
670020
825588
614799
557614
371974
971312
645967
974674
370941
305903
132707
704793
966581
215409
466124
354699
890968
637319
368855
500535
907565
700741
52643
555186
18865
356117
271313
860287
672144
793448
794632
61962
178624
782664
944866
776143
51003
121162
391671
762968
291671
6047
77572
496611
990211
37705
838519
9570
868000
575210
288473
898267
8057
933943
719384
491568
638113
360204
977840
275769
520168
258074
116534
213261
696505
940475
266241
502752
656595
324070
808821
828614
375330
225214
152813
967190
62713
312901
507588
461353
657775
867117
942785
821314
37971
245775
634652
542792
499212
342005
833585
889262
167122
481233
872064
452659
554691
117521
939295
730181
902243
324298
158269
565697
596211
739089
924947
927829
31724
529321
346921
100551
657624
880726
231745
726414
416334
914704
830692
453982
570696
481939
622280
501761
436450
438291
844123
176225
784434
914637
356335
473954
956670
893113
676738
145964
616286
160604
846760
422278
28271
280569
956631
837662
924273
889703
63759
948709
549822
397694
767076
583319
566952
1579
841641
339736
347501
904739
798011
57274
358553
821
451815
697371
264761
869303
970873
377771
798135
753314
176034
531788
526807
919866
146885
301970
84429
588901
359774
981098
705464
514462
701007
613206
973759
973185
77257
239510
570695
472006
738963
540579
686926
744203
443002
446100
485799
955337
671894
639524
616594
574441
629044
439691
823735
438191
114021
484872
559743
276564
805922
997632
642639
290994
672794
141440
990626
133593
563930
576543
466434
141631
151448
70271
42531
348243
419037
163122
160028
945586
281996
629432
661891
427763
379858
144487
846691
791709
534764
569572
887581
379960
390864
846413
589592
655105
488569
959609
353766
509687
349266
517911
998645
821394
641918
505843
757998
718611
774914
213271
525229
873718
601488
608014
655966
113477
696305
268931
931376
838534
869389
885193
970617
98965
979098
122996
979238
725836
154655
244196
141277
244446
30244
470625
813809
236291
726840
919010
287297
900685
363038
104488
61614
428634
347670
456903
511222
716834
405379
419525
798322
339248
713790
883739
644264
621998
218038
811417
13134
20313
538113
918565
328156
652819
771908
336803
612876
839575
827963
415153
586993
829511
136870
918665
88625
773217
517969
263114
820705
448464
642494
419984
111675
984991
876848
823231
499966
780040
579158
652895
50147
705387
897171
927649
872567
445466
284582
513728
754074
556881
27323
401027
329938
35907
897677
406495
704524
344207
715894
268665
972465
588881
750292
447944
623457
38357
310490
539097
281039
756647
536688
271468
725177
381190
23368
716220
133698
731382
534143
184412
501421
14069
611243
877053
405816
148677
598791
390028
745171
825960
417464
763896
211707
631850
43067
947537
481592
1880
444910
692812
665199
399566
109304
256227
474341
262318
868053
70809
657361
188397
57985
803995
700379
278023
145152
659522
417655
516499
203912
698421
601945
719793
135052
378860
843476
786655
302503
92367
672467
768491
343777
854077
70578
973891
859488
516840
241146
956328
362349
197917
456695
528897
399586
458401
1080
884940
468206
143735
301667
495087
135621
960447
993458
54509
874534
802040
219598
842740
877386
508006
980102
61202
133798
994831
783020
967752
837661
915807
105484
705271
976198
649515
595210
35319
697813
837074
410583
930631
865896
964352
394000
755934
794288
511948
629107
757920
267834
929857
578750
393260
390745
963130
661606
642194
999538
202343
852144
437666
951268
272108
609968
61023
634386
968488
199516
972627
427534
692434
687052
30076
351779
294784
882449
554660
118143
545602
375471
522382
351611
443499
572664
388300
756617
385583
220998
843822
707321
418600
465300
890069
344040
223347
525434
219877
18821
246775
872515
619609
164161
266246
186860
724528
356115
912987
443452
242949
730085
408323
281850
945788
439582
718425
63696
948888
836940
363434
186746
450794
825198
915127
802859
669796
585756
361176
732028
627404
318996
887101
19921
46348
597602
268112
815243
823270
490923
971702
329443
354564
642006
173685
75945
231981
190038
841071
288410
190548
120664
356493
216599
289803
504710
663287
436808
917461
970294
192511
55820
373400
212083
662941
28187
608625
151910
402645
913531
741986
591136
51445
321371
484006
611270
845626
2320
3109
995929
827411
645353
242243
748640
72701
558961
268435
311541
87181
465408
1066
656874
472140
835454
726286
807574
563836
388470
639436
174463
350649
570066
128616
61093
368891
804537
92079
342121
353528
778178
187753
694040
916006
463315
144043
273305
907806
939674
121544
265134
646620
871015
516520
723370
779363
862565
490288
461808
69757
155636
439201
312611
298976
31204
583933
235503
817069
487567
783971
51827
596818
728403
700860
825674
742798
746602
652750
731445
582612
190888
541486
829094
769993
646673
795090
259051
80488
503189
214660
982198
530949
386026
848627
41605
408047
568707
251364
725618
95534
179314
350726
398105
379051
554263
519586
249121
361455
515268
246385
804585
876228
370735
499463
175953
682616
949650
979758
853026
404543
225635
382286
988763
944120
877547
87559
732825
475208
316422
821665
263522
286819
561718
381339
25998
358825
412195
583648
74706
276268
671411
200151
5034
73232
174146
48857
886370
3212
736318
543102
24002
504845
923810
581136
83604
481273
921229
470817
971411
855888
46974
472249
498930
941103
216815
638247
155910
890159
462731
673336
762320
935082
747852
697734
851435
957789
736373
770600
889998
366697
325865
504903
78463
764596
999847
884048
406613
447596
806051
513925
832424
678700
597633
319470
195991
25399
67952
487086
889205
363360
860321
530288
763536
391372
928163
628544
939168
939920
342109
184182
873481
200628
412647
411405
942861
55641
725829
884305
351953
279414
884288
595703
53578
285630
589027
707463
546116
577182
558799
475380
875087
951714
147900
988620
6086
786103
269196
871242
778237
990347
847437
800713
413766
44305
72780
145107
424224
645024
11984
4952
638077
69307
357434
108858
68399
966188
825719
9925
397166
542665
279263
678076
145992
825944
510573
767054
341158
835215
809435
263208
297078
994932
687258
174308
94906
21539
703019
45279
961133
283630
872221
176487
669325
811166
106275
905811
805130
949336
956945
752110
853385
966683
231091
93899
26837
356262
695690
983996
800355
555126
330788
121693
211968
335917
79191
79179
833817
954190
888474
113715
672294
375333
812479
108421
702005
878084
823313
494150
607695
656679
950022
409285
53320
269113
703905
194085
663720
233136
981351
104665
11697
255507
457147
287407
29645
703452
649432
136003
705878
465848
849771
858260
59009
33898
301963
896499
622184
350992
672982
396503
824306
213438
176745
296462
736737
356551
758203
234510
430263
477530
7510
225642
98246
410312
537204
465056
431891
355939
418610
694798
946790
373442
688243
959941
972529
482018
363412
805558
371354
227303
57991
710985
354599
704320
828814
200013
858693
434984
122582
556682
149621
566088
106478
242417
62804
123129
700514
857397
326021
741480
725944
3571
36029
487251
210566
159628
104490
789039
148142
937107
238529
185964
207800
483234
93347
752592
77066
780423
737899
10560
443206
233884
677782
314974
430592
903412
942672
339979
377691
194353
695575
502733
800831
764275
793038
633420
649528
582763
454816
885431
532014
458061
767503
912388
226045
213604
750936
811348
847153
487999
56005
722164
365727
640777
204431
362304
259170
263351
999533
41954
830321
88346
665981
391928
50714
876436
234894
830164
349789
120103
126472
981340
441447
263273
275832
594258
443754
45140
505020
745262
600661
282425
423880
296680
354997
433557
13202
540050
841000
408636
261152
446945
726777
268338
370412
118348
800157
149849
446704
908492
513289
279236
712148
196484
971438
715561
727346
133819
747858
315637
610690
124548
503756
28794
929639
852415
543452
2628
443157
164664
128677
680201
93
445932
244103
41982
579670
393388
295261
688582
919146
933787
680720
673861
975098
175890
266326
303187
347183
825378
215499
692365
325470
391161
150314
83013
541079
776157
702824
106905
662475
380694
499437
168353
596951
630121
634032
218242
485105
718782
741037
113248
323885
39203
919814
434800
605549
335209
872436
374827
106723
232940
338088
23710
727428
155441
319746
422878
653388
46503
179116
242265
904999
841360
302421
188744
340611
618041
413190
356225
409072
78053
440610
232553
494512
27208
298750
742407
853025
124591
140890
791987
885636
336829
805884
35117
978921
332303
642152
230154
7609
65409
114430
93512
322784
893066
941488
448579
678421
457154
501085
761921
119367
83717
647247
291496
328997
513775
935566
280719
521674
471174
167711
626225
987460
76664
627612
94782
868991
55033
749105
920203
558163
870606
566640
622378
850535
260392
268114
390165
207168
710952
367819
974660
456746
445953
420105
217886
544833
677180
881736
329356
652188
142036
365844
355560
946775
999809
679773
790932
285052
846866
527984
491816
874638
568819
334168
918915
718769
555151
58896
995778
859257
685966
227683
936079
213581
315263
160098
92689
257591
98514
614466
875265
854156
867516
476367
105692
140851
502397
74641
676980
643091
439358
731130
455394
74397
404563
744008
558102
429811
900385
737725
417039
215219
442393
307897
648806
841957
593762
698545
455172
477565
272213
330446
100595
325004
384994
760676
710546
562058
45008
56077
279203
985528
593825
172194
597694
60533
664211
693909
752552
447903
796675
698926
549247
462372
362861
548768
517644
733028
571406
647687
929979
299012
110186
331969
635686
584786
144937
566438
497485
558288
379165
681317
723234
266527
889695
859068
226817
388746
313751
76051
559485
770411
717849
424118
364822
545214
406700
378990
762246
972992
498151
140474
139962
621955
214069
796271
155486
930257
68215
205353
924561
734138
526472
932461
237560
206845
581340
615901
868206
21327
726529
520278
785689
762186
367240
618282
257112
478325
85885
471413
348760
186668
448337
897630
391878
148332
624729
22764
93919
23037
867567
73858
778915
656572
925174
261113
694056
754372
421820
772504
342794
644665
857272
453426
12160
354672
81586
172253
594250
269246
61058
90314
156486
726876
735472
298438
844066
649076
209083
161612
348844
229771
453045
601988
808966
433930
107339
431900
58229
277738
555107
695682
812504
292091
957022
478203
382133
89938
124413
693475
865135
585613
910175
870081
49044
49540
521128
549894
701715
218126
687678
838434
555914
580013
967021
608708
15870
484951
412650
897260
327460
816546
858869
486062
306012
693771
668951
166277
312573
365922
381771
346833
453707
581334
648057
734446
729605
467289
6941
572147
541275
313711
234183
809412
353021
25177
805051
740116
633487
50328
200120
987451
444345
933856
839382
516848
48346
833819
214152
105507
197980
141078
627329
681978
5346
721740
255028
149029
566046
23373
337075
916896
629760
623051
199289
577925
697289
798849
717251
895883
996542
737664
259928
919263
148983
788824
526058
556317
368855
718111
958293
295979
906838
840225
124420
836146
937913
29412
570931
128890
3939
678678
567438
271265
856837
779733
955577
845368
205362
980059
124457
418427
548237
998277
494255
463338
839075
327934
885397
863048
478421
898380
584609
414639
688622
687095
699319
723470
577619
779921
165530
95745
662040
266215
312659
223563
210863
518978
317738
636083
513531
321434
318673
557752
154307
735512
510817
652209
852610
951111
783611
701382
694235
174294
615056
396037
135081
721740
347709
632482
472244
971081
541582
810318
433857
176948
525220
967346
285953
554758
83761
609288
144809
214898
878303
149974
621921
910320
870928
696008
274710
558053
370561
960426
566506
117233
988744
299903
355851
826388
214268
261056
714721
372925
412403
801524
206305
845809
436006
751016
914751
894805
700529
659596
43008
307800
98487
382186
492333
180223
217571
102404
134371
36750
77769
676936
34504
157584
635690
592946
142936
821700
7318
577790
444061
416612
664940
419849
682557
903634
561597
331140
250477
975586
501327
639123
868484
387390
989053
476680
103786
84602
156092
258934
641711
452341
70456
47285
837368
75496
493404
750194
545747
120526
466481
349744
520172
435120
528158
773087
854681
711052
938382
203991
589136
653409
584111
270065
157112
981146
934742
43266
797340
779732
47615
448501
847804
841678
731890
88580
634110
55148
486082
74323
369602
33832
134576
267689
245203
906390
845164
253579
351544
9234
939771
742711
26539
531848
810740
440506
659169
29215
275876
416367
72840
320131
842513
712788
763279
708237
150812
461834
247582
658833
593791
547113
986663
536005
215222
835837
258772
80969
99707
562274
181792
436247
738473
145399
404546
628937
799810
461762
541443
370817
133068
562080
240625
391544
506454
83431
30316
24615
641176
656858
133981
717387
237112
866184
684807
649625
865513
440833
963381
30334
95470
840630
835731
291089
933629
354220
608473
995160
269374
225309
351010
368180
185074
584491
539739
721066
519217
759233
406230
33486
264972
404616
525374
369358
882577
833987
779877
871384
763692
923592
287226
47017
644458
168540
102422
934387
823001
687337
88309
991338
627980
484766
162370
697260
625275
703844
366346
873483
318918
232888
382227
458040
871002
706025
248710
369357
767340
611952
265863
