2120
312275
379759
986749
580869
180290
793816
241427
426223
998790
904108
834025
799425
925987
555205
914103
403292
890169
559499
508291
699942
493322
379628
722468
602189
693257
174760
231153
732204
85147
682760
889995
198534
326317
622382
316804
33006
200305
411912
472875
414025
958070
300702
861686
652972
934434
259467
119818
30431
343951
780553
631337
746371
176768
554597
231352
616399
602367
728465
548076
982710
125396
505048
420177
855589
127587
562732
227703
73640
361699
708955
813497
367980
558007
875680
837995
596319
39082
411414
90655
571444
949644
799240
295956
45314
386403
642659
4732
315596
772112
416461
508521
717403
907520
957902
450451
657992
16907
872428
158088
737238
745132
44758
604528
421115
852510
693878
412220
268672
685135
17321
121963
897022
368003
78987
80312
161864
688904
201579
549028
261735
958161
894302
866715
499008
636402
151215
361926
629330
458551
232820
533036
255068
887969
796604
851589
536091
35966
449636
811805
30129
189476
115848
520418
685089
941578
540823
292938
438775
877378
993152
95587
248709
383127
331465
390136
369351
633087
600894
441245
150056
407229
400070
809112
594206
498070
855441
706092
465264
927341
157549
8515
544280
980989
888056
945975
688003
43763
406896
60733
282292
508006
975974
796718
532873
716916
418385
415412
458454
551994
700351
996557
389293
725679
451878
429759
598592
88670
812313
429272
719837
918398
747734
939489
718423
4655
893116
381023
862533
454803
416666
361733
364964
941255
219106
118649
41688
555645
345148
526273
207696
279992
835767
553354
346438
245410
121178
563669
983398
923341
256729
613375
420742
513412
961507
623147
645140
129357
916824
697485
947854
55615
197208
31894
945129
949626
471543
748087
236885
330246
657164
350100
432536
546571
756137
839303
622999
369002
442276
589966
316980
78264
183508
16274
609552
365717
700632
558933
836081
817580
429457
851127
808191
646665
38895
134884
848681
797265
940009
852317
824933
1059
311430
992866
130132
764938
456281
914362
451395
701083
320458
497182
437902
298226
609678
136904
375711
291267
480760
243923
908052
315167
878441
608399
158079
84678
825187
404003
920326
49635
951484
212639
285547
731176
380846
592670
28390
231366
27211
704340
35759
900745
28493
610810
343192
322767
619980
306003
90966
295395
534664
38681
77664
455802
819302
482249
666735
544393
884152
498056
653478
724225
660533
547824
665740
927529
540872
511676
978036
875606
921348
516236
822654
980872
77556
489364
511670
71460
753232
132135
296601
772810
954252
280796
657336
632722
914123
651418
928694
40
961394
263942
224235
204033
739479
161861
126507
228025
753303
195696
955297
467659
54278
957012
541652
312556
498690
861602
214860
946500
399073
913978
828686
40906
515080
649550
327170
803387
572061
23286
264502
413622
663764
944017
383867
943031
564326
363474
918573
241966
85216
90414
522065
310203
66648
514016
816086
43721
47738
150487
681214
347268
790272
375166
79766
464568
376128
778277
408161
243143
137247
927377
322259
175623
377315
841117
591865
32502
932583
693578
463606
916378
953959
257963
380327
969145
710011
408038
190824
837298
271777
38311
346032
204087
750707
947175
335063
143208
723703
85140
845881
266444
620629
919710
705458
219822
917667
281182
7496
108434
760476
924514
929896
524819
311088
533785
285961
424410
523637
526232
213869
958205
80763
134918
471046
469233
326333
276651
506741
607533
578034
466063
359021
631646
560963
537938
754487
841472
458392
360584
369102
825440
697612
867214
429866
347499
350463
481966
736666
291569
118921
307562
902282
614460
533515
654377
686180
496327
400738
927931
779155
431389
93045
657035
200291
625936
782574
428960
870789
738642
675461
180367
601070
966067
433592
433793
646622
457527
573527
792733
273982
947347
107579
642706
360034
777924
292439
776514
580847
344269
997478
597454
70422
49547
698692
327738
435006
88566
929433
747453
27392
273270
300528
930600
824908
600287
758566
991728
147753
682123
444157
896666
337433
209619
899088
112002
133018
677417
194465
918791
635657
518613
148750
686870
215650
908810
893090
40786
159074
761381
412360
443229
273037
406337
308507
657862
679755
167801
315736
71567
579118
186299
498805
766361
536527
19397
945675
434094
814102
771456
458030
725739
269079
670197
483549
904392
639449
825072
171541
360518
973043
610352
903616
466676
37136
852743
30347
588509
883473
323092
787669
202705
94929
682459
268227
705870
958532
997438
405616
605452
352632
426074
169794
1442
60990
149441
767704
28632
815522
640975
990879
761994
944597
278187
88004
699509
297516
492060
383747
396705
266689
572485
545630
749867
151479
876927
399786
909358
606684
166353
221379
799629
195751
6862
243872
810528
738336
66956
810561
962297
477151
154940
870725
853074
441580
736875
634328
319956
32646
449940
545417
864710
14719
255711
314489
394001
955396
960634
42287
105644
161595
514643
197833
957416
970629
290543
693517
71258
403106
726186
225438
784864
771380
383499
595466
651410
322652
424131
103232
475015
765569
337283
806687
4289
833391
352183
398761
868598
922715
336738
365974
743035
905797
111767
978949
653071
612982
741713
924365
800770
777129
529648
73074
62400
811270
898769
873268
436158
31177
612488
657153
870784
97986
290876
707146
152132
806389
886496
277042
151119
178017
359690
861411
5329
618654
712305
959163
135095
69215
11016
340132
852430
434455
257201
358850
287183
204537
211808
324741
556491
595799
909453
379614
55412
499564
204501
449742
493701
692853
518382
888409
779023
129785
409349
322586
720929
405482
911158
125936
61332
314020
396583
871766
239920
887058
334273
962065
541759
980272
198412
830530
134956
534250
663271
756379
299990
87396
114336
208366
12023
596371
535670
156385
490091
53128
427496
608894
619488
209613
75257
836967
637529
588776
559619
466214
502494
207164
472117
386275
194692
426639
956331
143151
54677
533031
245033
118780
557595
111629
291187
487983
864910
230835
384523
302990
732631
232369
240328
476884
998016
193259
87951
561316
155899
791887
621489
949594
304140
633723
748961
843580
918867
261243
253968
955855
128826
193840
334503
667142
503927
947596
683232
57109
285246
302969
962433
884005
852807
660057
441463
838048
316279
154153
771787
6123
682413
286143
580355
653748
295916
453874
677656
807137
708768
490456
992270
203047
521231
6826
238902
554492
754205
761412
869372
802020
844283
459017
703213
548904
184558
230436
479178
53670
554488
7209
25857
272641
496933
210841
11214
293304
375731
581124
132462
930324
703966
823433
192699
785019
29128
325177
509737
583075
547202
329242
814043
767776
172602
315399
908387
103773
751233
71093
304149
41257
49335
236560
837766
299753
231124
178243
667238
828140
243990
826775
680567
688860
593347
840499
965673
40591
969882
180994
978132
863037
187290
784754
426961
88268
142190
537176
935990
815240
451571
336368
803180
32494
190440
961666
813933
369511
308273
220065
946271
27282
258568
384398
936264
618490
694720
265273
554158
225831
478903
938983
88204
149328
404568
200111
597298
4974
22538
516830
766586
402923
955513
557178
695330
659129
980671
777572
198987
30976
433710
274902
546061
345263
134716
523916
319861
759284
196940
507520
357724
126214
895189
987661
714341
108063
571121
127861
196306
454600
999748
100862
197763
821964
790023
616119
312141
624974
456880
889112
413491
373495
550656
703687
566404
689223
911593
949687
93968
531981
110105
309739
515400
674866
590759
621209
80305
261103
188185
263785
103429
581918
218703
465756
448550
832174
363664
115466
225792
189489
72624
84675
499002
849104
781274
215255
479896
47518
861824
851826
98864
984457
247452
500959
436294
318701
887713
475181
5639
441858
294851
266863
520990
370550
704608
492701
621239
193750
730249
952215
859470
753829
359537
807690
695923
960719
865842
336299
837020
172599
987830
785057
667110
921197
78856
599551
503466
808891
353783
316399
959544
249438
729444
183850
959539
264338
774889
193571
827849
813126
29606
351427
396620
389295
517993
649423
863282
368633
423609
324135
839846
994584
141056
44584
622792
402876
517906
876080
78408
222882
218206
608705
958426
242951
116208
900158
28118
390327
846816
864595
239408
868228
445403
394034
188751
788371
966283
455864
965899
59025
457062
42094
264520
56387
695248
418538
74474
579898
64238
232470
744180
443428
264200
112776
467136
454271
933594
842513
764381
641513
317240
611410
316224
981972
192923
264583
462121
158165
590156
404967
50644
218203
63403
441252
736023
777660
195484
51917
325470
445099
944847
704724
430913
352838
710955
294505
13055
673676
209751
93444
835034
975660
609124
150850
510030
342456
958490
829927
490287
216313
16286
599874
191966
816027
807677
292206
769959
674889
724759
7220
996091
985812
94314
134798
132805
582348
539514
669319
771178
152049
201499
822974
857890
122947
551835
500489
81710
838710
565070
454197
647285
514818
265974
632492
926527
411414
950287
719408
232013
508396
697269
649155
714130
91576
101299
498729
56530
747770
37097
955077
411094
494195
831321
681184
979785
411572
281038
428553
390899
757585
24105
144726
312207
768245
687497
244808
722506
987151
238038
854733
564443
705642
820203
980766
729913
442971
961245
436617
459262
469203
523692
226313
496726
903316
42438
860817
608803
518529
988722
307944
850225
299982
166367
548717
752529
189718
366794
476924
356244
686667
582278
293609
364838
358599
96683
483497
870660
286914
442525
438865
819995
327965
427896
844342
919039
812826
493653
735218
853316
338351
258236
665224
736957
403503
757158
633695
826126
733160
398573
232939
872624
547404
365970
317545
862721
13767
866411
908680
1158
964143
127975
168869
118718
476762
545023
872367
143139
705801
106875
133610
827904
326081
118622
231823
381866
639162
321328
735056
629340
376049
472230
46136
452787
103448
474351
239345
552194
872750
952861
925791
889171
453993
586222
507370
194171
834254
611767
299162
357529
289059
889004
224411
371755
990909
363854
722911
19276
578035
256433
385506
29134
792051
965353
163913
832880
435698
19921
96484
951356
981695
848183
885651
995392
671345
734759
249604
529574
867455
612179
231386
855986
567470
220956
454121
830168
118757
911487
373214
530680
748316
237471
929852
75895
515123
737579
315649
179195
673055
19947
499879
354242
184127
971948
825926
184480
715469
332806
975062
535187
958511
818439
378131
583236
560301
388350
676025
150429
439870
557029
462127
496705
866107
877036
470720
300332
173365
562846
800324
481641
424802
375858
249053
709546
644402
65713
689693
876999
969152
247678
537349
69526
908387
595655
536808
586211
983205
95687
785391
138892
476299
218677
530357
11836
852819
775180
501522
472770
436348
98488
355189
403597
147647
66778
135403
106310
618203
530616
171836
155146
535246
171076
792052
97667
443167
6855
854911
374370
637656
607722
577198
450682
121810
28705
4118
291132
642664
210229
33879
213835
261134
623532
213370
133755
960314
579542
609972
837355
728256
933495
876615
178556
137979
723340
493768
849837
889959
632956
544059
120213
700620
70556
143066
740604
630613
13343
92597
621461
64191
251993
281459
485788
753645
797486
7926
727048
876440
69211
959453
487918
101539
521440
70371
233778
230860
40329
300324
986282
469887
94808
533440
154385
205317
780049
843544
95716
273113
102946
511222
137436
675419
65004
321929
484297
877790
90226
413901
996616
485020
723357
477513
667425
979017
421225
712690
963007
732868
199216
527917
295116
48106
986449
830258
497193
454917
179005
466764
596423
302370
632542
125372
811045
254784
536035
962494
476262
263588
395884
924259
247694
500106
824143
595293
348249
88757
650949
148121
291896
873128
577845
431687
978217
115373
379610
532149
37553
176402
932499
962457
191929
234740
689031
256365
331394
951347
706098
936373
489031
248581
572561
239900
209710
921574
144998
7228
716778
73325
561832
978237
503920
49402
151115
433429
724819
775692
772135
481197
781054
509231
19400
231524
606094
892178
661329
456940
165450
901494
461325
884626
396607
698115
9428
433820
712188
385269
430614
305099
115111
713267
961415
757760
497467
573056
171879
129467
732895
900106
91308
439102
810851
766880
581903
138128
237529
144257
859184
79837
188750
374096
544679
119867
889956
993507
308968
827463
107917
222330
727890
509294
625894
139468
183252
707528
254894
198909
756156
892830
674849
770221
108382
132876
219573
582250
144093
995586
893872
640773
949401
86948
202788
284034
277493
208017
458760
766377
578371
804737
956277
126137
283855
271816
264122
390652
387077
735159
912540
606966
434624
255585
839917
436919
38831
690875
819463
309584
719334
274781
134758
498786
526143
298725
702239
430418
699946
815611
544705
284504
548632
174702
421127
659255
392640
747581
66806
861639
158285
668787
657177
218094
510308
787369
671831
568813
972053
916655
307182
712150
704925
851782
448974
143771
818774
433220
561556
972354
323260
407834
320673
198326
910364
439219
379799
753527
227675
300978
18544
260272
83168
216734
92602
412521
997023
368538
319667
917779
905027
534925
657789
553601
149239
347168
40317
556150
311762
389157
356950
145753
882589
146709
739581
775429
353409
289138
828409
599229
139282
397067
358586
356988
910898
460382
465363
598635
749539
345047
878292
921388
703533
275319
620552
893331
485992
684432
800456
671925
724135
547564
156794
283096
668929
705422
12906
593802
594237
358288
580034
978317
355737
229931
625705
628591
207607
236501
975094
586489
723557
757829
380368
857021
183687
281106
764068
285522
313955
609273
119425
705053
999113
121213
947411
976133
763613
766441
940602
788488
688899
206001
448518
52140
829605
84727
633617
956301
826147
150889
296825
7829
9176
224967
92409
551115
88326
584642
688612
198530
905437
911616
301373
493105
267757
620733
559989
606947
531685
370379
768834
109829
333767
139193
568536
142301
389418
920530
700550
21786
508203
801597
736944
975430
314289
61890
627813
319959
634652
809644
369564
305253
276554
706633
687120
542647
659269
950286
683829
989238
501516
563095
251925
84163
935485
713933
554124
220708
971228
686881
260316
822873
596418
117108
633838
109069
352292
988953
684070
785768
538495
293042
569953
641025
273693
418487
61838
385329
118023
423701
864358
992451
758024
311794
823881
567879
668697
109263
244407
687110
737262
442887
309287
403599
297116
616692
392199
997040
196069
77041
695057
506048
60770
178937
416775
854489
868939
692270
155083
84644
198054
508278
685597
563533
951050
752064
425073
822165
270287
631461
869548
724997
758101
46505
685819
89472
922221
556768
180240
540658
954535
345965
238330
543653
46904
284966
981024
71282
988040
106771
524058
249620
733462
554453
871981
346008
399113
187556
954848
981104
984916
606897
254847
395944
614660
260842
87468
584240
361641
581212
875036
570775
415455
986418
