3736
977151
547860
943414
859877
53564
83553
958049
499460
752496
160733
759088
859791
383431
522552
427880
942070
428957
133299
923879
389692
845517
58312
911742
829999
269160
168760
873270
830146
570050
424175
557172
222216
451430
464469
573879
904847
912169
342771
593405
92951
533852
279616
919045
599534
450395
195656
515760
310441
421762
619704
410113
496000
426751
96776
291395
228743
574531
958341
550026
488389
609107
900346
830289
525811
171835
917178
884803
901906
730145
785293
527829
873641
402167
82165
741968
245914
952138
428699
912684
139232
74872
259419
660248
909544
8958
912041
635607
209160
580783
325982
643332
892064
313153
450019
188918
320844
515522
767417
733118
374147
481192
960930
97293
30415
608453
22575
489011
292521
263961
594087
186306
931056
688770
424913
412817
399430
794766
30943
544348
178695
326577
722487
605705
249639
596754
845726
527749
830631
569791
291651
807181
769076
1
586406
709385
609180
772747
26083
943570
632429
849548
758431
652244
517740
396068
75022
496271
453743
288435
942558
644728
628056
854604
523715
191868
455918
927816
48416
566372
574617
631223
680847
207571
320826
757490
323149
888941
89765
550860
485381
498450
272892
837415
47863
253320
277353
166690
111045
980599
194807
945904
80730
734541
274510
954948
34231
880066
13833
512936
706075
171510
789494
864941
397775
441462
293865
75837
658187
856861
436413
667788
448776
281367
961640
119789
457251
825665
936698
295041
618219
384492
226738
455690
395079
846273
484285
22109
37255
398846
222412
581750
901765
67870
241296
571494
708855
925207
382741
205031
342549
31101
618424
804880
840033
583876
891783
552227
747032
755170
53939
660036
61427
457875
862772
981125
703258
6070
134138
956828
443430
781013
928715
519030
925585
326594
104893
228324
943037
482268
205906
871924
383709
962737
277355
500827
772
394045
416427
741069
267592
118929
570345
787247
719123
765263
382993
33444
598982
429522
6744
305476
387785
457642
545945
193899
263347
144197
299857
138861
474259
833001
890164
141735
79193
775965
289513
644785
780900
552680
260137
898927
289513
537137
9455
651207
973372
615557
286301
659053
788479
961463
305131
287641
458212
846562
537420
907866
641888
137482
828319
856196
463662
498017
683790
333829
251388
494117
729735
179542
853494
209510
321877
320717
941230
542694
745370
508751
550693
309017
860203
35618
851897
887179
184584
446816
372138
144417
813878
219847
774730
354103
601915
698030
776321
824233
725686
570066
327290
836909
795864
913167
159470
804829
393027
542186
521739
341139
467517
243595
455488
377838
908369
571656
949480
85745
338178
542108
752016
933322
400429
808246
164391
537455
754362
970798
108673
777316
810494
573650
717575
550874
650865
828127
27647
351089
81351
308299
871668
892062
616429
258303
886978
464040
730593
127522
952704
940300
665198
873745
930762
540161
180355
242731
637737
74518
894063
513992
937634
503991
375164
616905
73304
498446
94821
727818
424606
756293
421108
2100
315613
864490
630460
73712
463198
772716
227824
190838
69237
623170
895071
71619
208843
824939
908557
727657
356230
976016
489519
659328
98647
529925
416066
941562
292895
476462
932552
798804
461695
963710
434400
367081
982971
142683
130817
730465
264970
777054
841363
591558
376508
268726
392298
350327
337544
525548
654687
402357
206385
179777
96653
640923
152725
309235
78501
622314
406738
146142
876783
445058
901013
584320
345949
42861
798144
526037
335757
61526
285047
786145
617116
302295
267336
808524
982305
939824
806709
195111
646733
965907
952542
598988
653533
34779
349711
442276
307577
837469
695716
274243
310445
168727
565717
894637
69249
943430
718434
397628
994870
734099
115484
829977
940512
196525
934989
275944
245723
786354
358661
146688
60651
342406
417026
10007
715124
485767
60411
81533
622418
935703
236425
118399
68182
108440
69427
843628
542366
30454
837524
299444
585232
64413
687339
54379
109043
375692
188543
420269
898985
879937
921069
441500
563277
383316
553423
586949
722725
463904
157771
169313
853636
73436
680309
960119
462527
107783
613474
294175
687945
380098
122186
410849
929518
281783
634137
785979
510057
486903
340370
561345
904994
81058
184224
466271
448455
865023
638459
824890
278853
406252
350579
863541
651299
582895
394077
494544
558203
637546
70551
953514
353687
95853
465528
286567
108708
852966
642265
74412
21717
642227
325819
335431
761303
926744
48211
455980
461036
137932
749433
77147
358695
404462
47977
664541
407107
459861
899443
720684
462175
19204
521733
956466
295258
612989
536979
210474
829447
968364
621344
35363
666381
812228
58540
812451
779998
837736
812602
187496
246802
70783
778493
546570
494303
598058
627422
762620
332599
451282
674157
721137
443582
51226
694369
104923
656039
234548
203533
710798
118698
474063
214370
89091
421732
239342
468955
791865
28746
83028
752393
134966
941195
646491
503547
341868
124290
825957
782537
799222
180501
909737
121533
491329
651181
132847
886047
276488
522002
189783
9372
76663
825889
383955
644178
32497
284333
423604
131195
149805
649072
367522
789299
181627
416684
336870
457639
438885
589219
885601
692636
521840
376815
182368
613849
592834
13503
463623
691315
5725
391662
760617
612275
264969
99521
550266
481445
490320
7293
95516
253056
717667
966627
791509
163757
891483
701642
63458
305910
354073
521431
435877
853900
48718
959578
250297
638837
405270
383688
518438
149072
783615
786577
126768
696646
226857
154910
201610
650895
167173
90345
761256
738078
277375
298808
80434
784042
370104
443383
617108
890202
75756
462321
834674
699533
60019
412011
633
340163
169571
219869
951121
954347
947858
293262
115374
974153
944633
885578
835654
326339
544116
378627
267741
963465
702565
816002
859451
281760
521785
189896
16512
879369
772995
997957
744142
848850
402564
687860
69092
357240
629836
641041
838923
861815
807737
712952
701992
79217
633566
445660
815794
809206
376064
44704
292862
793654
503866
903957
910839
587840
575680
133969
292777
185334
278592
449192
866812
694416
849956
294666
995069
575369
15604
436729
355608
670057
392537
126436
63266
101168
39676
61477
838803
485212
19277
597524
600849
244312
101856
547078
57959
567745
393841
643302
343764
206869
800648
112813
31168
618106
661816
922049
332874
11689
557313
1192
138236
12021
885461
99431
86624
11260
935096
879547
237292
928040
723200
209203
26584
316578
634940
409064
835856
530005
113649
867482
632709
617114
924607
762857
146462
996165
232995
226029
657165
709579
342166
672370
893244
177167
779218
286675
758693
660936
193076
945649
55041
81167
137917
715921
290456
161610
815026
770960
886519
55601
539428
516483
54720
847994
843850
899183
735899
898597
672714
642017
426443
834278
834006
28076
852827
158058
586291
660221
298166
256711
478805
285724
70341
818663
354881
574869
702787
834471
199249
75359
569864
352109
232372
418633
602023
978891
837971
306362
995790
957328
288435
355207
129771
21031
586921
699549
343098
303581
685497
232791
340912
748800
183247
847600
512445
462306
659033
349522
719042
169471
463181
718863
617136
747008
325667
708183
145256
320554
649344
773939
914906
513462
62407
675023
358316
466494
792199
401013
627955
605211
188108
798068
104471
427615
67026
618540
108179
604204
540117
869497
225881
223663
384900
37370
77714
953085
147091
227197
175363
127688
174639
310537
816139
885245
712205
968775
403593
929918
245404
746061
566426
121975
685721
850824
552384
889823
3456
662470
103582
430349
364064
113822
760608
795892
416456
839548
778999
441021
751517
711565
187202
212159
528077
5827
411528
439710
29150
346373
567970
373309
474016
809463
58870
221473
620609
565153
249501
905635
897727
243646
33638
264273
673144
237412
946164
924451
964829
48394
863170
302037
912965
2427
241607
222373
274718
292566
444085
437227
723902
692479
174363
816080
525847
760742
479018
943404
682569
377778
458900
633216
225490
46217
866768
285645
217888
543358
14586
181199
648135
117080
375320
429785
501262
762939
97272
642382
513252
269046
608309
82553
842416
969448
147224
635914
846470
682447
82586
711214
620213
583855
88583
218249
946749
196187
97215
759891
98782
231011
38103
552972
527755
889050
625756
251677
385918
64834
838007
839245
777893
441238
115500
597020
943930
623348
428221
970112
832368
31270
784619
158649
252873
879564
424412
770003
593668
311143
168600
163448
622836
653892
410029
376623
385260
197187
46771
664437
409751
646082
793962
596022
67684
741035
58175
90472
333214
674840
604974
779845
848857
167006
949377
482403
939528
864957
929782
857457
644140
984418
280062
659536
732519
453526
311522
389643
465839
721863
703936
628277
853982
287153
589812
715614
196005
719017
413522
236401
441761
302150
200335
646189
101766
716972
156607
840638
795640
150774
304824
652855
217272
576319
506134
600879
552635
154382
520472
285365
233815
686172
203752
965297
325910
276610
617720
495768
620333
529667
460424
393995
975814
108916
691076
712717
359418
812036
620617
761247
367003
327404
514248
209786
87340
923444
331907
382952
215220
347294
944629
318336
176423
228276
288527
620284
105349
158825
153628
823993
657599
123822
672005
402570
82515
236948
285233
712696
495673
321625
912772
497882
469749
21457
140105
257869
437901
740594
50986
938641
580373
39676
496860
512384
521574
807171
860311
772908
979053
342107
767491
176339
212511
586398
152559
822913
217482
360092
748986
371779
46791
894944
271380
75587
69132
461659
186847
295493
97886
587952
931567
1661
104291
241371
988976
820746
454805
56639
143015
26771
82963
668810
605777
72573
375122
328519
451879
498182
743088
457599
90307
797185
7593
615629
18780
702446
840802
99645
244013
101045
805283
530848
892469
978687
54178
299055
491607
954290
479162
705305
822625
639175
101627
296812
673577
180489
949594
359516
956691
430891
64649
821426
873904
176966
92386
233683
827457
223663
156412
511147
3097
993138
665376
652215
783776
139309
517526
753709
392500
710858
561688
657480
809257
89370
540840
444851
217905
196747
15741
962385
724887
12166
497305
71975
229413
563879
235190
207079
413478
719642
915230
162778
230150
640142
956698
551977
406357
447385
111106
593799
502634
325544
455540
911166
879204
622113
939231
194517
110604
958615
323647
383707
315094
18025
219875
276948
39943
420280
201897
804285
693424
950274
218316
844732
92568
4256
746004
535593
972472
128472
98796
31539
180895
452896
874128
636848
102326
547952
505893
861765
136222
750466
622946
476078
91765
539689
475756
111339
987384
731275
794560
852936
303234
943229
725194
321927
327155
932985
850962
691435
239852
911358
660054
609444
153718
588293
808178
773330
116738
133275
278715
72247
926667
939296
988716
322302
976536
680922
860792
55138
483741
944310
651262
262013
515137
108317
212827
396334
958587
303407
481049
435301
799445
38367
985476
895374
706131
153963
727517
686231
58029
148982
159720
955232
833527
772291
598368
295742
740514
607632
760075
762988
237211
960653
285288
92047
229073
717880
522756
991525
179284
330198
938732
747529
905817
433423
170172
958821
247642
122279
827670
761780
917530
74325
118255
943218
865414
954370
825283
200547
291895
978975
486184
373437
57108
338851
556352
333428
165973
658528
259593
295584
263330
426433
253583
844556
944857
122530
417856
919325
602351
74764
292000
194077
169581
926667
42259
239203
79324
969518
397912
266273
340988
50843
50005
990154
744493
713612
28300
363550
651889
999850
524845
344467
387081
326276
621958
157537
993211
295660
879254
341546
255669
478254
467839
642245
598924
844526
404569
373286
4317
567645
908323
706027
191380
389784
567572
168133
417867
844893
628047
563009
218442
121898
205878
598322
254893
596916
616086
778109
498659
137409
964736
735169
292562
913122
188983
81057
560600
34897
126341
426927
166381
158755
320808
678070
359460
612137
332202
506468
211984
366057
223694
996178
728707
470324
980070
605426
115186
994148
682370
982292
601268
880820
774914
188885
710633
838780
430413
521444
472696
800903
575642
346546
933040
725458
378987
261878
320080
668196
555354
278810
58914
260357
667404
447045
286722
223132
710594
110022
261500
272616
88974
999513
444691
15515
456418
370842
653662
540174
76676
473539
545358
253861
893981
473827
73610
708225
398513
935774
629627
413211
256426
170395
325859
840260
979469
937678
672424
3318
655502
182369
309423
676181
482750
728961
226340
169928
642914
565060
823765
931695
669664
730546
422526
556608
941651
34551
770016
376257
121789
970915
593482
978148
788572
20059
371705
684026
644309
987488
658331
117589
68429
341753
474864
562815
928151
119296
335817
893136
403079
910791
330355
91120
557477
895141
994541
531114
571006
524000
499860
236520
925588
294136
408992
459985
546165
701518
156551
427964
145769
551344
753535
390031
579908
734402
79137
62456
620892
659210
486953
365512
273813
4887
234074
232743
251608
193999
123454
117496
485858
403732
729803
379338
443512
947026
722017
58935
275577
42344
802672
64989
934476
51313
378487
358326
519351
722606
153511
483863
83601
433234
101606
107074
702288
929129
141999
861479
988988
649317
604630
811774
945157
243974
768617
796730
639471
333989
273459
371690
149355
300446
914138
131569
183554
636312
918056
646688
854122
77811
237862
689005
938107
837452
203428
614675
187707
255023
366998
235333
116821
505754
361177
922320
569129
726442
914195
317196
426813
582885
959351
196990
829264
227299
174888
786509
41807
117145
721717
283103
847265
617603
664323
667408
741469
795054
14344
447823
282843
473567
589299
205076
649576
301795
103594
256001
473363
994676
21867
317013
25892
858181
366483
497223
874477
655979
541949
392581
191608
416871
47427
29768
619743
413972
780320
241555
398651
213546
962870
374153
229876
337068
311146
813225
132408
39924
753831
956295
962905
523286
178792
416362
106810
852395
454105
622275
257706
200767
440940
740736
441848
919925
788656
431338
412761
394978
325067
573530
327348
107729
832727
586826
273098
68384
688471
774857
288640
745735
876437
161800
423371
997433
493849
626002
756535
35491
519
864857
757780
246481
527446
33387
820925
834608
471209
545924
624390
812078
861003
807356
929217
358845
940620
422881
30637
82295
748466
178399
350589
304924
69854
680732
46784
388406
946429
597921
526897
313181
511847
64050
287325
447447
90007
925950
65325
957591
943175
586481
307535
570022
247528
955687
421637
531871
915451
955260
463754
602964
214415
530495
75100
742863
981143
545797
861099
964659
556199
247129
545500
855552
686027
362129
227130
898229
746884
171260
211130
785807
949920
670711
658665
735664
123573
496287
626228
330907
41210
336736
161940
692892
934017
392492
991572
90116
623509
910664
459904
539474
20844
709952
544172
561646
190665
97851
769054
140366
396017
45609
202585
41659
51463
389208
494534
454190
961990
541030
191105
132052
951899
851985
21758
316593
950813
274154
185367
533665
520170
860777
689139
112761
416927
397273
974932
523979
342259
536820
322364
754376
915313
953417
437885
772992
152464
596953
22300
922054
88112
267842
494625
211503
556595
748243
828670
641529
996342
998270
109017
174599
52459
71915
259640
963402
549908
978985
173128
455676
905310
303295
284810
870470
107608
274657
990363
589506
943822
694526
890014
844890
22150
638390
794248
127311
700566
991145
198407
906646
130592
237419
972432
891293
884780
116819
27332
391851
629728
335795
891326
625829
374494
444578
527803
634156
730234
255348
861351
973668
520983
42763
70016
638608
148893
339591
322729
741913
984153
687577
12173
273326
854320
873525
584750
566212
208257
939685
977225
331518
79191
442235
429416
208425
540231
33311
279044
655966
867372
559046
137364
506058
332093
318083
440950
599115
940168
141687
113081
881968
448525
368293
309509
891107
820602
78624
906024
65379
414078
658597
776957
94057
733323
700677
70075
753964
824749
114939
333719
383360
772546
959516
564503
1690
786517
295596
137269
946030
210267
29196
868972
926393
772041
937553
511457
945819
600016
54897
887025
32412
552823
470423
386963
81551
138835
173846
724906
943827
614116
676729
15978
907702
537551
596281
445412
429941
356724
278536
630063
802335
636715
617610
851317
809687
268064
64291
330327
791672
946952
273899
666046
49683
419711
916350
50879
952723
146432
784689
787818
49090
746304
798431
50736
758820
395047
436769
633326
72513
177004
53595
608090
466241
281291
408371
71945
757231
105958
723933
780826
229280
250358
113426
406659
934189
745964
668128
80950
403227
217704
414746
231791
155740
929813
20719
603997
683695
716767
719576
685162
719714
168274
590699
73769
618999
245584
911373
856283
984933
751790
50948
492254
187765
805741
26283
106931
498637
48784
740350
572714
916298
606622
518933
912876
61638
998198
248110
364325
249209
96330
251491
209804
588411
208762
105146
272080
439399
6669
860443
713120
294364
17742
505564
122071
781725
402433
335609
565955
447256
718273
739807
12817
29380
26679
540711
117590
521635
480697
902368
727420
10791
807548
522117
375431
441841
798071
478670
219971
654196
240151
590690
573388
756152
462040
285801
586873
576059
797511
300480
158310
769522
17681
959110
234333
571117
323462
392723
801185
66328
426992
741193
891030
603229
634762
803074
964880
365671
218079
944744
683126
299010
421441
861668
401427
714014
364898
988271
812985
258355
276050
422532
962066
170494
582229
605494
846980
996073
698272
835933
102016
168968
293360
214828
314600
299263
791239
483038
368026
164162
350725
779983
753246
62325
430751
776999
626216
99058
54974
194161
820810
199016
261558
473802
531193
31776
184097
841204
818617
173467
773656
244362
546792
633176
337677
618766
442085
424946
78792
871006
860571
510693
796412
128966
258221
921713
772805
313326
428736
613783
230081
75060
492319
575552
45448
380053
668687
56253
446921
860932
276912
691881
340802
366429
950157
165291
690267
300723
691392
406296
70048
398917
950661
169333
747418
900560
969049
232346
963785
298558
431054
422577
308287
571132
927022
711646
952219
210857
262346
149113
506337
460714
331486
716086
465203
922842
168674
716582
933614
565599
386863
541910
244516
514520
946508
970773
645553
215922
378005
9620
532988
613914
561671
319462
609740
105484
95530
398630
140036
476106
121243
276983
5565
29417
599861
327142
561598
880966
836572
42797
808858
216469
892966
923217
467431
235225
140901
441066
627542
58800
502485
991107
544564
779846
584223
278423
117948
805482
147016
235516
534
274557
842169
916188
971632
966278
335659
349213
88824
304099
119407
484514
561971
826267
658327
695147
4157
294094
314820
53912
238301
379405
711053
598283
413828
216710
606217
350186
104483
678488
948858
696708
416038
938117
258518
962763
673808
233605
711539
274111
632180
975351
965838
546604
638733
481971
10039
817290
811963
365050
563613
717506
833818
916943
444338
710288
596481
52831
251130
876163
267732
7131
214774
185570
328583
724391
435495
297001
780911
139306
704385
607153
991238
210886
697454
116717
379131
873954
309243
263568
949108
494690
187555
335884
931809
24760
88950
50038
670526
476500
941350
81541
833189
568183
963246
619450
617293
4965
567904
777049
951779
770937
553481
794389
302339
800594
776578
450185
282579
439595
373334
107939
712252
64265
937675
702939
88454
599693
262607
669793
774736
53609
262721
534613
586024
5551
531736
680432
254861
920197
653172
887040
404478
855797
598911
87504
584766
203553
330367
924774
370663
237588
841212
695781
923880
540019
129736
856467
853725
693906
121456
532725
374409
367203
890878
468887
381555
223113
470247
630248
288730
46090
968856
846977
206101
527267
816856
571846
321612
354550
852889
12773
218829
327455
641633
184956
882636
557476
727952
313943
154682
67402
693069
390166
449088
393732
213649
422381
71640
219079
376207
627398
134088
527673
227263
344449
155773
549895
996742
968603
46080
725398
696196
408492
791255
494225
502713
976330
980026
990305
813204
768332
790064
455739
231642
624041
491207
717586
966192
837822
490732
71022
190469
190190
77100
806229
181726
695395
388232
196005
66239
730931
380718
546371
739379
20255
853466
445614
113593
742901
143561
287725
955595
698325
869205
876519
468043
319568
926706
547729
431373
300140
243395
878785
434619
260100
769818
714914
877289
692108
988875
803072
443638
397875
16683
667971
813915
568737
861098
354361
294547
766624
651914
247436
553255
340503
845883
552978
78293
499376
830229
88963
463580
963803
682289
727238
360359
698476
837221
684580
320340
847584
492889
564382
767007
660477
374858
197273
241583
566167
524507
324023
688445
873838
5459
155202
977373
190389
12856
360002
883371
875310
611333
682606
234387
2992
524106
188671
105596
579786
312417
383391
759954
392514
715976
549505
323694
267446
10784
225546
873957
771044
464001
814380
591466
645701
619768
229140
781600
316372
42270
985338
849216
925164
897174
236373
997860
637135
786786
975857
278958
852803
609122
884888
486295
537814
50923
441709
667288
159363
701440
363161
950126
769005
828336
310428
886926
259912
992715
77829
652261
653463
52162
64189
301706
389007
517018
554493
610435
408219
848333
807712
903857
183865
897149
753490
142617
522497
644821
505192
320463
377030
890303
267658
586817
800277
683707
114507
889437
91099
792675
848665
906592
208035
202488
963600
909117
606780
617831
858921
874214
902648
761502
269007
405433
364305
629638
338322
652426
90599
394972
687476
50825
649317
232495
560865
184848
844097
300600
382012
4748
975201
871249
455445
829893
627931
784532
187383
977675
373589
783569
694429
831039
208524
788203
686468
506107
801840
702223
722843
78495
524523
505298
49751
945209
918658
530919
869987
271760
433364
662074
600373
652749
265216
713451
979836
946247
847076
839850
267317
351081
440064
965419
155613
814594
366520
509894
31617
33193
59768
469615
595377
31627
787314
279693
365075
860755
480643
772472
898003
907956
595443
517076
507832
38870
936475
779717
53970
193562
899233
854349
340303
302988
726623
317641
399662
871524
72546
902981
872715
282297
963790
8567
193688
789251
90527
894111
946412
321611
446794
522553
977781
947249
268482
426267
873738
803098
966934
834417
129499
97588
453431
851091
858954
386279
601048
844352
931986
587737
308590
375738
804389
612894
371095
270973
105044
636731
120087
20061
577128
210645
919549
903291
8334
409979
647652
581795
718638
902925
479573
166214
80604
654023
453130
139983
661095
889774
320909
17315
275728
669269
741695
639418
57173
730508
859893
934293
754794
598374
269501
910491
932937
390438
555838
93588
260320
194181
72317
488769
428585
857571
545340
245845
177112
307720
960701
15252
16109
669973
604708
557511
381417
993739
116538
253465
355805
750135
179342
207506
234077
391161
851190
304365
361044
250096
744755
667607
374386
899333
777714
937031
727488
226128
551983
243060
424275
319850
236468
11704
350303
73872
367872
318527
969571
383664
383426
939499
153666
266388
619908
203592
234290
670056
511397
793639
732493
468777
624767
69529
385349
955436
351079
416393
125429
643208
560466
144503
338066
937826
310484
559693
334656
883987
587460
399135
933569
301304
721788
954948
50568
270293
562365
398347
353388
77798
976047
525276
684408
933956
878533
573933
619103
446449
372415
109597
741388
310528
547401
116273
989016
633060
952385
427816
494997
707283
749974
612412
904391
396182
429900
849912
103026
269040
12635
139377
90703
553576
581943
914722
870040
196533
752811
571752
164418
657286
890527
655766
503819
144107
118712
369334
63337
108771
552222
368093
406562
386306
591385
863914
777529
876031
742804
832731
736134
441688
831620
659659
115487
511586
106210
498188
213170
662449
339604
603485
570293
347871
469226
229960
791028
573629
691075
465819
610825
244820
981136
32512
927338
952342
224048
951803
852700
763110
771195
387968
646022
194049
918171
723055
773024
696711
348372
90733
457738
353834
213219
136224
667257
267122
650564
425926
482124
604970
111886
579123
326397
623274
297594
222885
662963
535362
203009
47109
968435
424896
662819
535805
336631
749535
570691
192624
282711
393740
625135
403290
983460
275862
615998
22534
195988
844913
20947
69414
866007
894630
230654
31378
165576
213019
433473
412064
306879
299642
430127
275804
831235
55553
237680
409252
450845
459302
834594
361699
337223
862757
887002
383720
753155
32999
712520
768546
527177
705744
47096
769274
509976
956518
876213
497293
748334
602393
209352
918597
342867
983347
997598
981011
241487
915421
780359
923722
481211
442699
479323
44251
746485
677125
329335
278441
977005
920147
810725
264
541532
745925
645722
850071
953685
282524
948888
903607
776755
685208
395060
999911
590130
653087
869298
439870
481242
488583
535052
764420
111510
685376
575698
591532
31779
222241
592555
640114
621092
263181
553401
739085
313618
614210
523034
604242
944464
242622
689547
445861
142940
633166
132136
115292
528994
389492
436111
907697
762283
463860
96098
982436
421554
49467
572010
537195
64663
580525
907737
252119
953005
816137
756456
261061
341358
305019
182559
925757
916238
866047
194419
849834
148844
419757
172617
74678
18213
56933
138009
84098
672515
52119
632046
359615
951763
323183
519497
685036
205076
93532
994853
450028
964427
891452
603094
928899
128436
991590
153739
648877
977107
336595
139506
266651
867304
597865
774074
775498
891008
422502
633076
840962
297128
643365
521555
996585
820285
633424
796562
988737
353439
859363
226548
778117
830788
416024
484775
476891
214248
618869
117762
915573
304034
885358
136301
379850
516882
661559
763808
374381
295543
6315
196804
954183
690909
381906
790133
571446
896115
766994
47785
96256
632763
874485
609962
591925
862362
916563
263487
883041
171215
219996
992553
666283
300928
528388
395209
629774
625072
177931
710239
726769
463182
666600
864557
64548
188839
499537
475066
788921
959354
51050
523570
915133
952044
529096
99498
93970
328914
848992
82690
596010
49644
894416
496739
159330
941810
972874
987560
231673
721669
405017
394266
418027
253896
497873
379155
576942
35144
599511
725763
81928
950166
625802
569169
260683
134262
394061
80473
