1716
679092
151773
974678
444403
407034
868159
749488
391125
750370
867965
344075
853995
408222
430085
706527
552288
949570
711725
556207
493640
109791
896030
56235
934554
234993
740251
17078
258828
212462
775666
351234
503050
633918
950269
191702
65362
494474
383061
191089
117102
271917
186517
845385
440591
545992
30022
528428
704643
968370
329068
329288
627283
630540
640556
92230
788028
532274
360152
587728
800776
924493
137881
417395
643079
851781
934712
157088
287983
219476
109193
503821
474510
484726
815604
693753
763815
691964
593505
628300
418033
340160
94079
218588
104168
17331
51058
482892
474509
813970
134231
747279
972289
319479
128884
214538
899130
351564
257089
716312
909471
279386
527949
354343
559878
466816
629199
702911
906759
150590
951242
51043
939901
695473
800283
22800
105241
68249
927842
880034
15010
770390
97867
190550
129741
288370
648888
368618
551988
626775
635341
632161
149814
137569
917591
678179
574572
970638
225177
171008
904067
353490
108213
941781
231355
60808
279412
9223
444923
647426
335026
302701
825550
90049
282921
253450
741438
837568
942936
102263
277131
980075
300623
566111
999432
427053
418330
211556
829907
802151
51976
954400
726063
104764
3862
628166
618432
263753
766397
546854
958050
815474
242133
167951
660454
323288
772452
565326
754409
474982
251720
840981
306451
918091
637180
53304
888105
341314
525834
38352
191440
761036
954190
134018
885343
379711
616354
185946
837791
302008
540459
375057
948194
145005
497727
534701
251261
432669
430834
517639
814307
438632
808188
369768
240863
962811
354760
245645
475501
146467
493339
253706
802358
47427
362591
205451
218343
545
447052
589365
858925
647066
838834
125738
726607
668726
549861
524460
161063
393366
247301
159961
687806
156810
921768
732884
124803
203135
902694
66757
246632
647893
743938
289910
49818
778831
935792
149022
322074
349156
479879
279419
708349
479090
850373
193688
212540
463570
14905
889710
785401
545734
936657
494055
472719
230671
924736
585917
909972
328412
285708
651393
712558
261916
675121
64632
941199
260980
297269
416032
165838
538636
357385
349648
331939
307396
596249
147837
656895
514565
542257
890009
503174
350706
55307
326101
625066
615676
369721
487239
697317
271317
637739
778472
383314
74620
957150
53044
657897
532407
256738
984308
776341
491039
646150
215192
8308
103893
923233
556093
361834
502162
109184
250319
621282
577245
439847
837128
192099
227349
958534
961879
15434
234606
779258
974107
993258
342201
707324
567822
519037
728347
159594
428031
581445
55647
253488
154103
87747
854824
802323
900158
621843
418367
448026
459766
305762
212747
193689
195236
894990
811294
205787
537487
811800
72491
16235
190017
753352
272790
158079
995754
155422
522148
589890
154980
507184
549842
449852
658962
347621
978305
256288
322145
660748
367950
452595
152624
888410
1728
898132
82252
868414
270235
415596
167188
833251
957777
373554
53820
568449
471832
782747
725868
609760
516823
881245
880072
86251
791417
42527
980875
804141
774628
108927
526604
626666
838724
298687
698915
192604
60289
887821
647717
831561
673551
909421
493706
497277
305507
37381
825520
281514
832451
784324
1464
614424
681398
399536
691470
737994
586203
671372
418375
526127
775062
912290
30691
713730
287717
478386
106161
685567
569808
365111
762834
301569
272895
403474
49429
407293
596837
879126
442242
137557
56666
590959
45427
181018
704711
568111
444187
288801
190779
288567
27626
421504
959898
564798
955273
956198
876276
548481
999936
649812
775348
29767
447032
401916
265711
317136
265050
489524
426716
57561
974805
568855
523491
328911
76735
629112
524814
730190
942483
49540
714140
629588
299545
509427
554868
754503
295011
371371
710391
759967
333811
148337
899758
416753
849210
66060
884962
681881
577659
741176
451787
735236
48654
69060
918688
655063
51201
763273
63245
302848
515161
35271
978115
482647
970806
681501
598697
511472
147604
454756
426160
48832
857966
139817
780740
331112
48765
352390
883934
399459
569437
51164
45750
873033
513105
323183
211414
566909
293405
423838
331146
670074
150737
905533
512948
949364
252710
14033
89020
552622
938369
573095
796836
162648
219092
740369
619833
121762
960356
285246
412645
682337
885669
795637
854946
655388
9537
106350
778057
670197
983671
316813
609416
883759
254432
981500
168242
20256
579470
438563
964849
866484
702093
480711
554198
893723
335307
700732
905297
921552
862228
94664
27708
359751
765109
244438
126801
26355
918722
758548
938364
391345
405428
152106
582476
750932
350570
434646
604355
945230
486928
94248
85644
443255
163997
28055
845964
349949
886006
30015
316113
177193
191792
243832
322727
816969
55347
454932
356745
725504
43578
977204
187829
98470
563958
158983
546072
983645
439506
101345
366441
213233
298130
456756
79634
310187
459732
313709
874824
234099
44025
834861
930684
759903
383005
77282
175785
251100
134849
460418
191630
598199
383626
316580
678838
716233
565538
230011
888818
865917
783613
18031
289897
163391
488374
116313
770502
744963
367063
414107
624463
291631
937208
305178
867606
267815
69118
420314
453960
723635
221893
782388
298786
791246
514072
292406
176068
216589
949725
540311
7518
48745
831438
484181
37511
107180
536994
495789
793452
761716
300490
400119
799909
283303
286871
333531
263843
556276
680056
897268
14790
849665
975713
917247
779019
288311
507528
807807
482658
152422
683913
409777
169182
280405
603626
911271
869894
376426
262392
538052
404104
709618
595536
186067
403917
28174
193914
993668
135912
296379
535983
390339
99368
865596
197115
630518
741452
298022
591165
798932
471446
518024
176460
895325
355896
748468
733364
134137
129387
620718
611102
882417
574879
307633
457869
600196
44045
938712
748996
423783
611176
310448
270086
995229
506033
398935
108725
61998
324202
949136
732060
907527
586978
619751
403016
371373
252591
324411
935889
122783
22650
63341
609974
592136
571636
595620
685734
32862
130471
822522
208603
634330
558503
517510
747553
19220
639335
485766
381877
769210
811495
969193
88776
151213
436235
437047
502371
127800
570504
99806
99812
542125
502263
653786
190630
305566
915916
485119
155327
109941
164256
496294
995171
335025
523626
73970
379173
992445
855948
872062
226782
163566
392841
957669
743974
489881
333781
281069
198079
86927
448133
661584
389266
744887
381606
47977
660689
905670
925545
644728
366907
525725
203771
731794
779454
522878
612915
124264
283958
172524
783973
13617
582163
204959
338772
355191
335962
906145
935620
558139
460674
570696
318700
175238
902462
161488
294026
517774
498202
645909
960977
952449
80895
901033
388862
530417
354257
703896
714569
746715
558967
95094
292022
908885
629818
38112
367690
425492
134790
414616
441947
863511
577423
539703
822401
239796
373773
541326
689064
204541
407335
343517
831751
897103
204014
735407
806699
598966
204864
843088
602797
58432
685581
650413
980738
179485
663350
501830
978353
318959
272017
3474
143327
114548
495369
45935
152454
550733
432227
721859
705668
269291
115483
512821
490448
964949
379884
515330
284551
899288
707311
399100
412133
515403
173787
205861
324111
820093
379947
449188
908044
861502
578525
602978
764692
432455
506518
477508
478657
334662
838115
569221
82466
935946
947994
435119
755951
459016
895071
203957
73302
719240
56066
185264
962036
306223
859270
156404
398623
261417
591741
456975
621792
777842
543310
986269
87358
325058
304409
664267
255669
108307
406833
544742
526790
882128
242440
332127
389608
819996
773224
664861
908828
817531
15773
700799
484318
424673
824049
102701
229495
266069
745743
960537
861871
156482
814921
82648
787104
905562
768373
291735
674214
660199
329074
24763
538995
555760
311560
959641
684351
510660
537518
754703
578588
638950
657125
870205
233575
515797
2625
973540
77595
908598
928775
98009
228351
414496
921970
288549
681088
797892
700944
12412
447961
356663
596490
566488
179182
322846
925632
173938
406713
656565
324690
317213
218907
152507
982204
285503
402324
171902
509785
259564
605070
2878
648264
659808
434388
438593
470892
289113
60000
503155
711181
512591
259665
768631
987228
90641
870971
57422
892563
565566
284504
381090
151035
173148
248285
661872
599367
209496
49960
67473
137566
158619
752725
613667
581686
616708
978096
258712
562780
230280
76228
27547
698320
243812
608402
491930
607884
395706
49566
13620
993893
516815
298339
511233
399179
70048
933286
238712
771243
729052
205608
740225
377651
799683
110580
917400
265397
753177
940121
348826
269221
401478
570098
651248
834173
44429
636193
353813
380863
588967
461338
721669
83930
744828
67867
297860
136678
889597
655865
259144
512266
604000
17494
400387
325501
509241
581935
343377
490473
108210
877650
74747
229099
916007
468461
24166
629495
523936
519232
362011
768025
45356
693236
100596
28438
366486
427398
990367
40945
363847
780572
399570
928521
749688
723384
65995
77216
574481
729930
867971
285110
96291
713311
154671
755348
836607
817592
173745
211684
788337
871222
909218
759869
988764
451824
627572
453629
514355
292455
138376
155984
369169
674129
382795
803341
513270
889553
275469
459071
499871
326408
203680
185792
795585
204165
750377
291585
651553
126808
133958
973863
895571
998724
334556
231824
797389
490386
691259
589427
278183
101250
67952
288166
761777
521117
536360
359800
420145
732454
929980
249790
825975
288942
75805
833387
399903
536391
734685
149785
392163
477200
806488
468004
201050
913903
773181
566069
866129
802014
550845
53853
295556
899932
52174
750167
954490
481347
682908
687216
361274
127162
458381
219138
474349
885568
393967
701404
27217
303849
393345
179581
519063
457446
894043
734847
433243
3068
101242
509649
709374
558871
930028
346141
217185
846136
852436
743944
355199
937673
908187
442647
668903
18641
850291
724655
556565
425794
642057
854837
568044
841264
950343
267668
482579
799324
713027
877852
143017
34351
45063
977992
653542
670274
216701
986648
788623
611034
339639
510109
611989
471025
497561
667347
214923
363183
207972
124712
323779
121208
515871
422939
177796
777758
429540
670720
470121
356663
78340
524895
850329
435658
156760
414844
639198
185059
395685
176178
290276
683334
871659
665401
236305
246016
913674
394567
266811
694681
682705
651602
933258
432357
262821
815154
292651
912313
921483
760165
442158
849403
354962
533997
146430
199187
921376
228436
325498
247358
907287
873167
44788
669889
397859
437376
483717
516218
844515
339606
947978
286481
184689
682704
2624
650638
883792
258526
936568
538501
572081
567784
257078
918380
810594
652200
944364
121613
377620
267698
591630
994774
918791
488404
413522
14606
418004
825560
227206
696610
227222
962982
37453
3486
255414
988038
431991
933751
488018
888964
420988
829508
623626
710444
150037
814413
586022
320373
135928
801660
288359
309306
955054
911856
972713
612067
729618
164913
373873
339682
375464
653822
120281
550426
210455
749825
131797
310490
399364
510756
26465
614918
950157
286908
79561
697430
267999
110691
901140
12920
462325
842533
341070
650193
419438
609617
368113
63969
301896
123823
124207
729797
545343
694352
740767
633301
651004
992320
358337
922413
369212
955160
112816
404105
939262
347824
388899
100554
526056
467698
362335
723413
823991
779019
348989
612763
108577
223866
729363
205043
806282
514954
270594
31842
83102
90717
931740
40317
752593
461278
656431
129382
78065
594904
739315
440754
918052
310565
434252
943339
134404
774270
636347
403377
222355
405682
63975
835451
460829
76082
595396
604731
297129
967752
115742
834016
856155
338280
441860
642485
60073
992479
472531
586790
984248
892264
727390
222243
565522
680286
794231
698269
348486
119179
611037
128750
689821
117150
473729
312469
627764
436731
196407
773407
122427
113773
407286
825889
73481
597175
987979
827489
234201
866632
619937
145364
923557
607820
876901
460866
395485
185951
472985
404998
889796
426268
922615
670449
818984
165844
128959
767950
498748
231002
930911
381505
229971
288700
230335
986569
647611
