4342
215062
553393
6505
449331
619570
409370
293846
211771
816782
686464
974334
32564
200492
919619
704862
587551
279236
585241
526576
666410
81727
447934
810617
575279
685007
831881
265072
902163
258921
117978
804742
462287
416480
417072
817430
839371
716767
662103
161067
735910
464131
252350
995944
10834
664915
754983
727512
423197
18141
903927
263251
320778
470190
537837
28425
22238
446381
482160
627822
392118
293716
438400
770882
364693
445196
757263
868796
355260
549349
316713
69842
711538
977775
443597
945512
159651
354807
546208
726226
735973
550433
177975
79816
340501
9439
109266
529253
126048
908619
708777
276059
443038
356007
419998
374456
981848
546030
358801
212557
960810
809302
659986
671616
900100
687525
125041
938032
834442
928877
591090
978112
550364
257702
418525
151811
916208
114022
871153
829698
394970
735615
965368
412588
216877
436981
131062
600411
101500
317722
593787
501951
226425
452552
227160
907881
134975
26747
544878
205622
389035
217929
631458
959766
3941
825086
188972
919288
901629
863640
896015
425044
401712
964827
461411
888340
968649
606226
5966
104928
946980
799652
335441
355780
119310
896463
202174
617408
183560
95043
77704
838061
861866
525917
878003
484999
980005
955070
253354
553435
146657
144840
767215
588750
875525
383797
21037
679495
555156
861971
547305
670202
130228
604448
390935
71954
798475
864766
747401
188922
570242
509523
85506
271881
193643
821119
243433
39496
620223
899963
843545
799968
346368
990923
435413
219109
658813
771807
447065
598521
960564
971276
878347
883678
159505
994914
587472
425180
633109
883369
44284
262667
520338
926717
154785
916990
12627
722755
845896
563660
942744
973127
901566
170044
893118
214708
584517
23948
786429
559214
583020
497310
678732
133200
149241
332608
701471
39549
508162
362966
160336
390885
263451
124583
642908
722262
549737
15488
49476
246908
171669
752520
569235
911607
260829
638754
375423
337623
321284
817912
364073
737463
43881
89771
694143
566515
473398
637524
45121
326855
103151
883893
44320
369221
213034
665729
54658
537458
41566
736132
87011
798846
606227
48
910229
668447
737081
527622
301928
99081
570645
739549
667492
572300
95766
266514
705139
214729
972358
484685
91164
529298
663132
650667
229482
236062
949166
903501
660971
820069
404803
370173
474132
218974
591878
729720
361282
474643
772759
509148
250139
360285
500348
450159
459027
796610
204341
610761
978443
597671
965293
497440
706771
271347
184460
498030
193168
257411
482922
100801
688697
264707
773405
730142
723707
264495
186483
402195
768125
76070
507387
246296
560381
170088
331198
252449
41305
442924
183115
759171
609514
780385
299696
557504
507659
716351
933125
511921
843383
542152
612962
643215
49040
345568
212912
878941
772732
210118
183325
458294
59242
11118
368681
88622
3571
127165
176606
805416
77339
704608
559516
127412
668918
233865
761298
997858
136359
392072
531145
938088
581380
301954
691098
670763
83029
101584
668736
832941
646588
564342
148424
873684
376366
579646
442533
50515
59615
871536
620576
177271
566012
953073
57196
415248
368978
100534
174231
794618
804300
414947
725469
956295
42009
46020
29911
278347
202476
79334
65105
693507
883677
708563
117112
197922
790637
48873
141682
297018
522471
454166
4872
494595
649377
267314
263422
378252
149154
384249
515012
48763
460893
338532
613893
505986
286364
8482
406812
372640
848120
659192
780134
236177
364164
233522
11826
656148
967626
838021
489749
264599
912045
868611
905563
445888
58990
86777
896344
91610
232649
94120
298524
983194
644671
917022
102532
526606
417455
190513
981229
385121
277854
793944
853316
411917
382742
133158
431737
316893
581546
488932
638546
518430
16535
813577
220636
381346
361349
441944
773692
800688
134445
763799
428771
327755
994134
492967
369376
896541
33720
438853
988111
33984
286593
745116
52783
855082
674549
793924
549137
675378
416688
680859
131565
597443
372423
748350
996047
783388
358733
759205
995822
747329
58801
506328
321629
56065
473349
267346
461275
139557
105561
204465
811845
647858
239878
329878
511467
754395
37959
841503
795903
433735
545089
998526
400745
79546
325859
113718
26360
817058
903592
243442
568564
295489
895353
379074
492367
92081
159152
291954
446074
346201
271480
853961
607571
636523
424656
34843
1019
246999
74030
103115
918342
762127
897088
777057
427660
314488
64397
427524
415836
669418
639418
933012
952976
836388
908457
735142
447868
466575
390268
246045
665472
411757
910071
759265
244413
7070
393668
673151
29348
175503
555535
205213
560490
978815
38930
53016
637976
631599
164715
931260
44926
681382
802344
168927
571272
992990
770405
950298
10920
247119
314509
484325
608435
521877
697020
227470
952712
510720
430789
359382
674026
368120
134671
541480
281199
489099
408666
272183
542098
378709
659744
660339
160739
555979
498262
769127
559773
734820
58961
718130
981912
565156
928710
352864
885333
823941
36074
856100
776823
449541
206200
707636
853777
798151
941969
523393
779546
561446
79229
619794
60029
886877
170831
98108
513165
908108
877159
296832
125206
210344
164177
557185
134479
383874
418635
776352
208171
444210
909604
695862
477198
884896
905344
183917
74205
233838
523896
135675
226990
748037
692382
813180
76063
299003
912158
704491
425666
537886
462848
870462
631670
489696
855753
468123
195729
330463
122433
145978
569657
723407
955984
322456
107218
767430
64066
99924
291473
767587
991786
741611
69487
822364
207266
909323
710394
775203
407344
61077
313605
816565
249092
518580
258240
475903
383582
319189
95010
720109
630540
864194
912002
183632
195473
781279
973894
788906
524705
571839
315634
900953
156617
422179
969058
746782
499692
313169
304211
562058
12904
407182
588187
443204
467480
690872
321849
857273
533170
316290
131847
356960
607247
386316
994572
779113
401163
343070
822382
188289
869442
793473
135684
927236
326075
656250
888266
124416
677921
866276
121710
954978
670252
759657
40647
797568
670751
346844
817957
195586
214250
332214
26883
297901
232367
755500
783961
427342
53026
648809
986126
894143
654473
470637
849675
418905
571107
894337
157547
811830
765541
234326
765582
189857
915487
841914
644749
147421
520573
586102
77447
891919
324394
124230
244826
393288
364559
667253
944814
725939
486073
247317
662699
908696
539673
569880
680074
979914
203813
858959
554633
983347
617179
146044
342136
646074
699493
792917
774129
935694
727256
372696
510501
968146
178518
574341
429329
601189
873812
92733
918479
15308
621622
5749
155272
224447
735446
966807
365255
586509
208484
640437
850473
708972
652263
676266
274481
429729
433122
554575
936056
922056
890130
899159
695617
726081
409619
785224
880938
137079
564769
849814
618751
594318
441724
781982
305193
884329
861414
866620
250692
323733
302214
166473
334542
114773
403375
282292
381690
915402
293626
490044
338277
437055
391759
430151
326688
91471
788227
617058
728747
658675
400027
765654
682755
765420
981295
133411
373843
156169
573226
731804
723590
63254
79470
401758
937468
638625
366292
335342
220506
602730
821585
876654
423228
7014
643764
334844
636038
384688
898635
694504
210520
384333
699814
819727
920671
130906
998003
189528
533832
170836
182984
112843
928976
536900
237184
405001
718583
155845
599228
987052
980436
349747
230027
368124
398849
509746
932
664330
224566
907096
479120
756461
548403
403192
772453
394710
124375
136844
839724
593618
391246
903614
498724
535133
698408
933267
334752
599645
467140
330996
591051
432962
353963
19163
585804
43959
605945
733719
961540
754245
720693
823291
4468
25029
482178
180521
972156
311616
754799
835446
858942
124581
666281
972090
108449
223525
792848
922743
634546
111
733862
839588
74916
125507
312996
985045
121400
879093
914855
566152
68664
19584
911815
760910
318045
949957
398089
836563
89488
750751
471850
444173
573773
387875
225051
293629
464996
497529
38029
558437
608154
586321
845346
815943
980076
834949
409475
568789
869939
702602
475023
904698
483235
774737
253616
484291
218733
390528
147914
260844
816325
826120
993997
672323
310525
604834
982378
173819
899088
226155
963299
219984
392316
568346
995962
589201
714630
627098
982219
237391
110497
674760
493878
812512
487017
82187
786484
540432
482954
721994
849163
810661
896318
496590
251356
746254
658291
52854
508570
992872
400522
796817
529173
400556
394236
897436
289908
227255
815383
238039
469697
345463
5798
253190
819551
495023
912047
855361
462486
109608
808854
895800
957263
328693
513375
712263
999259
751137
986833
153010
990829
199095
360245
496701
972840
20397
977406
216235
762643
368813
797826
300241
465514
123201
984806
128277
134670
225755
630809
793928
363100
795583
777335
391646
867930
483150
300237
348550
110862
704048
31228
12330
611241
540572
564214
277381
866272
616263
649638
342811
385180
830695
340524
96474
461575
109986
62982
164043
372231
904536
5578
187701
327496
38730
186191
606990
242481
270437
454252
924511
395640
361839
736024
391475
17745
283789
115441
611771
652033
57390
462424
390081
211282
19608
833145
485255
399391
932045
129448
308284
291599
884889
784039
520282
536990
148603
433796
171103
765207
644141
636767
527141
96926
342098
649801
865440
309801
735868
673225
250676
326287
621015
330744
902705
278585
570101
579020
1260
294581
525750
818993
24507
309289
433811
19475
424972
346532
763208
210489
278306
270864
273820
979723
683437
817220
397134
579252
56838
731510
557533
136930
391812
821517
12660
564202
498557
267093
917809
877705
94557
251276
188625
834629
725852
391769
656953
953587
505823
268572
574883
304913
200493
787872
77283
810451
209484
802413
615509
662843
545848
650491
543206
516129
428287
445249
942203
867666
625788
911595
419009
441941
930349
484329
977874
887689
599987
235748
729153
923882
380135
73163
933826
234418
564115
853516
235513
901916
654484
457567
129437
351171
303690
989500
610057
827049
462393
273197
997535
971477
373503
138749
536281
14740
40114
345872
583789
539423
599509
124940
851996
135581
233271
73141
652824
924991
806441
810263
628240
153737
238170
868764
880537
774193
384529
780285
737850
757152
529669
49365
557652
345621
783580
23506
54124
837225
304319
679812
1623
529325
692502
394456
484033
588911
13157
74590
271385
215260
101954
374085
621341
667839
285042
7465
858749
982439
493728
170179
764911
257895
71929
753151
68750
27127
248807
855723
327983
898360
982759
311499
161987
364693
376713
186121
650850
321861
653444
446985
521082
475436
827763
700251
791251
156769
250096
875530
301502
575115
978059
165393
938650
872932
407976
26221
425154
818848
477554
640590
46870
486374
978367
930727
327013
553533
388482
844133
691316
259266
387303
342268
217581
17621
335631
172060
615655
491924
692328
463554
980494
751231
659559
212587
420335
27195
813029
750052
66083
895794
963028
127486
545749
38423
566876
880989
510449
164103
675286
438127
952874
475467
220708
615353
870248
588346
713962
719756
3085
937275
774318
584471
481443
714921
509576
615254
60771
182223
850565
130408
660900
684754
568094
821695
762335
775598
105232
505585
147163
740377
177496
541035
570169
448835
881869
409924
169374
201535
438169
829679
756088
908539
840405
422347
891567
438379
133761
657557
97514
788869
829213
736253
255483
20645
614694
40918
932968
603472
427888
981734
753879
282517
644828
748829
94613
860687
413815
249443
740035
53704
461936
665354
455069
712184
488243
119971
127208
426155
842534
242860
639352
40832
61119
143719
778139
739661
539776
856517
259942
863392
869008
449921
839322
681377
974583
193418
592817
255251
857590
22360
838987
681465
844033
813408
308400
64597
620826
532578
218241
255307
754507
559840
6912
236261
245376
632617
523000
451056
88510
210387
703435
898371
554308
860166
387350
799775
551869
960949
406659
276722
996830
890792
671018
364790
554402
43317
776036
656502
90016
922254
520047
535153
616197
328691
991351
129495
169268
291784
91079
843824
655799
334785
581387
273500
573536
564473
491393
844277
980800
568674
120572
414545
709315
60695
713749
674467
462951
953614
708462
562945
771479
498345
562148
773696
687400
173035
871057
505339
18223
307784
727034
73907
485180
282389
39260
458128
167864
495390
110926
579974
948502
85590
255891
580499
830841
475497
243646
199908
605730
402990
939010
51351
329236
185976
824405
147291
662983
408396
313729
325236
938180
146092
728071
686299
630499
504594
713264
711618
634399
770616
913841
639541
447379
122324
688762
390236
240532
887586
739675
617373
953962
893273
646227
464094
731755
404095
19063
627944
954678
603544
167292
416103
272073
850234
601377
232142
807680
245692
779835
783703
827371
818316
888030
289768
64778
333984
311461
694865
360359
467717
553567
709618
42192
286355
751382
819258
104816
555266
882109
464778
231306
943957
70773
861880
81425
364212
810044
289903
943846
148823
198579
400179
409134
346718
391690
808706
278095
628735
933642
751574
941512
79703
974078
922183
858529
184127
936846
819575
426884
19547
153957
449814
368134
823201
486793
793007
809375
914700
214241
132905
194152
759690
112249
534334
448882
489191
189479
137399
667315
812507
356878
166857
674780
8812
740289
555020
852294
568833
512127
819284
369546
713925
213724
177454
669551
317748
361473
614265
849982
205509
870730
804830
234354
939316
767693
447405
519052
889195
683643
51605
970178
70092
389982
171072
965719
76382
118722
500169
234758
262737
518192
312027
386840
720367
866133
757607
691605
103074
15234
106497
660375
115420
549197
203288
960442
141159
509204
29584
238767
873993
376865
543934
635696
641363
416873
746047
122510
965190
863151
6133
986214
429219
104710
120351
551346
88270
138355
962964
4539
444510
252977
526812
719212
352708
732109
273195
432194
968021
394546
95739
956320
641781
865791
914693
476671
625762
737236
111131
166019
120794
835500
528869
144360
913834
891300
396918
684891
70613
321626
877898
806181
594205
932977
327838
336130
200304
786864
693100
555280
526770
864010
222466
652323
443939
320056
487806
538997
751341
361282
737832
546747
781645
339678
557612
280594
90075
658991
546098
561240
830007
817070
170076
173848
626514
94566
393499
103581
436310
833241
866543
90279
443123
993216
940473
135100
102536
710896
281022
104021
111530
174680
239354
872505
894355
200551
831838
830056
573290
18058
962537
176813
912234
371859
820190
572759
351538
464949
432551
950273
133865
83820
90950
608396
131852
625914
778356
51118
617174
392203
292568
589412
79883
771770
994469
174019
328288
990572
901008
821036
904330
408538
524717
158302
516513
284013
626469
781030
342961
217794
689942
538033
885982
875917
38343
495426
809521
128601
219718
510782
243267
782765
15265
417381
46532
58635
574589
581083
488
596818
154454
425444
585008
658883
356435
787375
369745
284960
585541
973065
76738
790832
783228
38258
524199
660128
224262
525
991573
155972
642501
431152
921282
113530
312364
846812
718154
138927
585046
307718
169120
321211
226754
941332
566927
230120
310575
31459
110060
136016
695248
284933
667739
308068
725997
473800
745850
196745
461462
587953
503021
940060
491780
690248
726471
530774
390029
92877
854097
838731
793219
178696
284411
288461
905963
596478
673884
214381
884309
707967
143528
739105
19356
505437
651821
577345
723516
87607
202441
159724
916299
562547
6188
237384
16534
867466
858886
944166
615193
90428
16973
95939
605466
916005
844588
583402
966370
267688
797771
371767
660377
269063
461111
961399
239613
765525
947631
790636
220799
793154
496650
562989
247994
449110
721928
636265
272592
377337
497267
583564
495459
61230
694001
341498
347245
933984
325673
434424
307901
21141
773328
986986
794255
687167
641359
137719
986054
902449
896531
701576
428552
4463
673136
914416
252470
547422
889906
71206
107783
542234
62402
366125
471680
528742
47282
974100
408402
508862
828837
289817
183567
666569
313822
215273
27402
830187
100771
606979
556555
691446
867789
603834
428588
711424
134319
872025
72724
306575
102241
860961
511373
738289
246248
586605
454339
300265
518467
663223
224347
293443
56341
972915
766253
870857
723690
797145
648288
519246
78951
442752
996385
850279
458259
139558
593599
869306
468220
497036
430119
940334
892551
626622
814903
931202
64984
254448
427328
896634
447898
778308
638749
886067
554091
501225
607338
612504
704807
778781
561251
206957
969552
865042
116059
394953
871767
974063
37334
864
766665
107245
520323
763710
100249
544098
937177
638096
194182
786779
573516
302109
678953
646305
389548
130258
929949
344094
663579
999290
841610
503130
884905
625612
804240
715358
705678
350046
311245
431417
575363
145336
339212
178208
832061
286915
39306
829424
768071
24545
229798
831824
435002
907094
627812
484402
270812
886883
142429
500984
601363
910451
277959
737459
978500
637679
566109
580294
302029
581292
485163
832745
487322
85444
433784
328394
81448
30530
925903
525773
276372
231415
296684
644468
882591
993065
789376
95706
770753
798635
895969
181786
603814
616520
425682
391757
30537
154329
172458
625583
701228
211702
806563
311779
436913
757769
353025
868493
134552
196158
626908
170461
691030
385942
131980
814252
250766
639259
355761
756478
385583
298094
106588
373159
586089
190972
577438
602507
304268
92751
868779
980542
860608
94529
26537
849482
160667
588299
479259
951054
660002
927483
216293
600131
373728
424388
319803
127258
412700
40751
74730
931713
925881
640816
310595
294341
364463
317779
936800
825554
585698
983253
644948
832981
742364
771663
593011
916738
281772
494989
858682
767921
89946
943165
205213
701348
281221
17155
295148
460323
308187
731946
286113
535112
433397
829172
888968
967895
200909
956178
3595
581765
66460
131503
193433
590874
382932
652390
91123
656240
409015
684693
79699
347995
343763
341897
194489
881123
668058
305497
270163
96556
26082
450382
878023
213623
319285
815935
587617
32769
850518
466748
409172
506121
331089
946913
857007
754479
904125
30410
245405
156088
426194
829669
775896
951854
409185
230242
266156
835684
830004
224327
413284
622231
306946
513505
192147
980145
785743
343893
820608
221351
468062
882133
655983
467841
746452
211694
987656
855226
978923
386621
68967
7869
1231
842242
357759
452239
202520
522637
117547
137292
538789
767444
696019
794058
51153
679142
881527
517978
181653
967098
400091
562477
984698
933409
823439
379474
53689
646875
523930
105053
461041
595589
25410
727524
671299
610799
852667
925859
769934
15116
548906
602943
713794
191683
247316
20520
894371
420834
299176
768023
674332
577330
402021
797495
311101
992165
563625
691488
198803
320876
815960
661566
83619
803301
403173
427984
925634
915698
686208
681996
702420
729317
660828
415712
39775
196183
440988
133716
690379
523352
839193
704075
659064
373824
105746
973225
206972
800932
677745
59470
78328
420453
701622
956479
321685
175906
251650
132582
668128
593933
244738
437040
473600
13851
954294
675156
435984
106005
556125
455156
995869
871052
259647
874524
615549
109289
971287
731623
780746
282850
400666
115072
392826
413257
895784
319750
840092
548670
333518
529545
612209
661701
91830
122033
925797
334194
591468
569535
504041
932737
654221
217450
527982
360194
957966
99435
767551
877297
174118
325397
172027
878052
815257
24027
317358
892893
499874
85238
654284
200639
286013
530782
800777
424094
933262
672629
260696
336303
559089
460739
278141
537567
382111
952924
754641
520447
744441
64862
25938
241372
792117
330327
445988
155501
942114
664259
25065
430053
955353
377586
647608
660329
347458
820808
894908
673500
752256
353951
80172
696853
476282
689159
986722
89586
220551
16109
679643
358470
535541
425369
349386
741933
386486
18129
121433
500609
24488
329435
929597
171557
568448
674976
579444
571710
678290
497388
522206
391490
111487
362194
546165
181800
854011
291245
51051
208319
593209
105857
22174
812571
643446
869183
388475
359402
398367
7783
910828
783972
455904
928712
617151
896417
929738
242403
835413
140292
730976
447598
41090
506709
658047
313972
8968
491565
31655
855257
160683
336074
192362
692411
460273
978498
436335
756981
383928
355157
906723
28349
643059
432923
255806
999341
177219
205340
35821
504351
570286
90430
861602
619377
848382
123545
344244
848871
656440
732775
950771
289712
102199
245463
975692
58561
203302
946304
947733
494366
126231
519603
522039
960247
849090
771625
965877
150063
771996
232667
109597
287991
338259
300849
826825
159321
4708
872210
851346
865041
958682
872858
122323
311766
566692
456617
798037
827510
857297
408344
52828
255967
5866
830791
386573
53434
432236
894802
930874
997233
891936
687970
802508
907665
337945
853279
620620
929611
952266
696899
180110
802581
773889
141322
78266
848302
775940
109702
67064
555774
874054
780239
659255
377819
543174
3799
179611
776872
295685
744603
451073
917272
529826
125749
546351
734352
791891
693902
712733
793067
99458
150898
378842
978199
896834
28348
885789
509788
152748
845232
197417
198333
456602
805543
588763
356087
688703
934309
229267
524774
760290
655686
900989
873607
975605
159255
672571
90072
6230
485890
979761
859100
465185
456801
118124
549434
850287
615603
80495
140357
646448
106988
957980
704215
433953
993510
898492
873814
472361
163766
211051
339672
488662
332377
752419
445475
980655
967822
426403
529165
884981
747709
750523
14146
608251
713940
788599
948388
471903
118835
374822
957005
749732
903677
781126
647856
657645
540559
664205
721437
521176
9805
371222
492259
395765
934296
531046
512975
673634
715612
937819
477203
771652
346053
929584
896642
263588
485393
412719
592184
874852
213632
621876
19735
170652
124009
834265
278316
432981
732007
203139
196271
860448
332720
304200
659817
869588
470149
62908
627632
231331
649413
316247
420302
163736
823581
104260
542016
681840
695706
694024
415770
40402
540255
70861
552456
516075
179698
569739
120623
792170
147632
373266
141041
67157
65313
385590
863312
494662
103782
334295
555562
333766
271375
702091
739490
787205
434121
540459
701151
577651
646581
298615
197806
980477
606099
426982
594819
826535
816349
586063
642141
482050
511024
697709
716103
255819
797029
177490
584826
667424
670271
92459
440736
857951
641724
245804
611827
642013
659854
933080
148996
75648
572196
725102
774296
950394
154657
170227
759533
573474
88750
385753
340250
179249
244651
180041
359764
449301
990656
973074
61900
681717
365906
961645
238966
421314
625618
272684
785509
629622
821487
12543
150290
970797
181675
570275
594364
584412
193739
260392
489
442482
667560
608029
927754
936265
152355
264857
645820
651273
965878
862505
343979
673434
484709
332625
255633
614723
15251
211713
127388
929508
719472
134806
111662
502796
741200
736073
254
794040
777623
904760
551772
644329
277713
412815
488657
920417
389342
201811
132964
918073
933642
356363
493049
100706
296123
414731
757909
19766
367171
775518
207997
892282
400918
498575
129211
190131
692309
64980
365826
589153
579272
424600
713961
495644
370091
84899
149907
867338
461471
940457
176816
648571
731969
693932
513692
534177
67352
930574
50469
562799
362024
453431
658986
550988
375779
444126
467742
498292
326207
465784
220908
949292
151075
569851
393077
11040
539387
658574
239861
729242
126507
879503
799235
742625
194335
480064
492727
433772
710529
875151
298662
104193
781380
157568
953608
845231
24157
379321
804667
985892
896146
435050
907104
297644
975659
965334
3171
313927
142532
180675
609881
619493
291972
794042
389442
108352
703144
235835
853805
850006
992761
662913
462331
168130
39708
247405
672187
267254
936520
787218
791093
481175
916626
68956
382978
541557
237924
37853
23448
927974
81548
223030
664676
500990
651440
486366
625936
972588
892128
114258
17828
79092
952772
175705
558856
234628
947892
674675
961704
900726
445030
860894
188272
638305
318914
438148
11639
552220
870802
944004
566200
83472
401429
902491
784698
40057
62707
647471
99410
572857
919370
111544
949375
144473
880422
198667
258867
524957
802960
990404
578481
750658
604157
670800
92305
7702
244327
518357
46753
308980
871290
626046
533862
773531
19748
568614
457280
334955
598991
23904
156459
103483
569131
410721
305185
879321
502820
822411
621853
185759
389235
86742
157691
466030
780624
992029
701500
518858
857349
451331
133669
613650
210334
868480
205126
792474
271293
129739
54552
195431
629450
148134
58752
108614
826183
671745
337840
737353
602497
684108
549997
260895
789346
153756
33259
549775
823460
762233
335508
477201
632992
845186
280039
240521
307333
835517
508285
171232
486308
14015
130791
427713
383399
505076
748532
580333
729890
166540
401487
204604
522049
756610
251076
865777
8545
403722
317283
150776
228924
35927
931709
940734
729404
954118
168588
721773
836848
707370
207279
980483
547292
768821
719378
474318
413034
229439
994988
20038
249855
566198
376290
488583
100841
329315
583113
633065
474292
141205
366345
572158
434588
85804
727964
643431
867420
315779
710454
215763
681701
895547
807679
530773
381290
746081
534715
288225
409048
141115
630603
721251
23075
703924
498701
808381
269244
635169
440798
73435
865503
888047
285311
845235
173704
680299
455317
847454
262661
366126
38794
781774
349095
128035
760914
973100
947090
942327
468104
947407
110964
474907
619318
466650
47250
604600
175859
896754
852926
702129
278375
495130
333413
17678
654507
856238
278853
344650
847883
94969
482811
446522
677549
417523
304186
826071
970187
329178
674264
539115
210587
921963
988610
817493
312785
995581
621136
842936
754874
652219
838451
818054
452297
322236
953995
927972
679919
218561
225749
765499
917411
19594
553666
271963
183169
470421
413859
703627
627343
340404
815359
951025
784218
761481
51015
320474
956671
885793
888225
651879
210821
68523
979744
605589
602216
200660
604693
625319
344753
148736
60927
793458
741248
541094
826845
889669
543276
197128
307940
756594
286017
844622
446157
574014
233000
755134
361030
55265
352356
140250
176520
974073
338680
634263
800456
390354
720935
790261
170823
912650
755091
55231
553220
621924
982279
537953
612626
967980
884752
344033
785220
925633
265734
357116
633796
688516
607784
240926
161027
160412
964901
802621
745418
198179
863991
140690
871791
113712
458922
893749
659940
21378
617723
65556
761834
883973
307803
1295
607139
706436
69587
261555
685956
148716
357697
793874
416489
415737
790720
76987
900546
228863
441126
212443
910443
387287
508390
25072
715162
957092
536022
853478
900593
298241
363020
462416
730100
89033
220257
117636
666452
945346
18391
653843
841898
120038
279767
817315
434751
377744
417427
540012
97032
807808
704778
158155
738607
545035
490217
926022
169612
158050
838671
121501
508786
336060
301865
894665
759334
363171
107004
832980
211499
511001
503426
247828
812921
405924
498539
807941
308812
476157
253188
254914
811096
269265
978165
480480
343641
537330
496357
970599
580297
858013
206072
326446
209899
192104
140216
497298
742981
176328
865489
378450
77994
211324
603894
646730
446453
299802
767906
621963
667538
727476
666873
35283
889462
793255
282765
279342
464431
84480
121852
109864
789
337994
385526
317421
493728
534008
429596
917056
950035
693291
67588
695508
513558
518113
179801
684682
609058
903355
518367
745928
21654
347818
42517
885874
691622
172661
448051
185608
61555
663657
715347
800668
536565
187869
578604
253806
624980
807904
695353
599910
581335
726082
862840
469869
5363
514172
877262
736872
159045
241084
544583
400849
739419
377937
706876
170612
362157
665264
599309
367172
164329
227041
208654
186840
800428
281865
836351
737477
437836
948564
344242
82264
127954
826430
420881
868784
934853
912575
381304
792438
803809
274001
896510
977915
284839
975903
441809
753324
357838
380044
153663
756468
801367
732188
901201
142958
541822
851139
881810
925509
165836
628104
20845
962283
567882
397910
432884
50546
899472
406239
552957
417482
420219
110253
232295
391000
172796
831815
414522
75055
69453
998076
164268
888429
181631
488079
195904
817525
322672
715391
330634
685316
696088
334129
194253
5746
848450
464508
283013
861000
475927
89617
199360
284600
488661
663941
760294
407933
637663
250173
692634
753168
731119
609461
368953
247299
409959
862445
191808
6014
883460
775088
953482
795669
800307
215362
389814
252162
657982
524261
344295
171460
35999
210696
571557
305107
924725
863693
708256
218686
469780
739829
275221
215139
940663
433899
554314
223883
936721
641257
940723
605088
104896
982859
107575
124747
979491
658606
585740
386222
97666
542980
330046
50811
585644
897016
619215
811439
475486
891192
348921
564079
728927
435107
577871
141565
918441
493777
911682
745175
672769
494777
397118
249516
594408
189955
922612
370427
318122
116843
123955
658571
28179
902222
220656
513601
205697
375509
718308
760481
578837
485819
3732
101412
396739
442748
433708
754545
409929
432540
970181
801851
675005
997649
64710
677432
835518
471886
557734
261242
631885
315820
400271
842987
865588
199927
991198
69609
385060
551891
90311
503420
689309
828298
250134
846960
102342
470963
744656
137300
777692
56639
456248
746253
78983
592035
852653
245591
158280
681949
180144
868634
945039
901094
166916
455461
84714
358131
620078
463881
20887
632935
596252
125588
197754
261528
459810
822697
205162
515132
936095
948217
351589
88176
534014
37280
602148
850084
628441
140254
527306
810983
629239
863536
326710
274251
320054
460618
590007
99701
545668
120116
311263
591939
934855
803774
752112
368410
89565
812577
820147
694794
61757
911412
837544
190176
299196
690376
326808
548617
496748
705376
248966
149854
736991
818832
507780
804177
593993
240049
859297
797553
469379
225469
863936
644381
986604
217166
139332
723331
852202
741294
76263
696340
940942
792922
984554
653510
941270
658072
439271
75845
709580
531826
594306
68855
235723
37902
471166
31274
674977
949867
955051
627485
475920
165882
599421
632168
176367
106582
601081
66056
58286
777058
375880
399691
200695
996798
539182
389140
93743
13734
346836
133964
884123
147559
177601
567142
2016
429053
273639
508364
25443
238286
759450
60779
49039
537405
902876
901720
530996
207469
259667
116573
870604
991442
632731
77988
899354
32373
98552
516607
597996
451396
783652
224722
335551
952467
832391
759198
822593
873331
226565
471018
356785
934189
626033
856656
339042
959004
152095
25249
141023
912932
879638
295990
278569
259602
576164
781268
185884
19666
963404
905019
