4746
830122
150920
839149
858797
358111
801688
420936
524154
423004
13531
657718
519673
431129
463748
968665
13989
720592
156425
975812
999396
889122
514715
396206
761489
794391
597377
599490
23205
227971
856976
380307
621889
435716
487177
236973
654298
779687
314191
474823
510209
907818
933891
959444
657870
447516
282622
189432
85609
306849
867498
968088
807988
21522
326333
272906
47832
168193
656660
258476
136619
517273
914216
437840
357051
616868
966959
530709
581690
439463
258257
476561
140165
443176
122821
403306
29970
462800
285896
33540
622774
949867
944954
356308
38609
310475
767125
171667
832151
99405
413002
11087
208635
520307
713658
396187
739514
274288
235981
848359
211073
29251
106227
249578
491771
892667
297781
793339
593787
187032
41655
949312
940099
250962
250188
70333
387695
820467
255222
553550
615873
959071
408057
699376
593930
595828
960346
115577
110385
670540
69881
282920
824355
270559
521480
701015
621079
90566
710695
834317
922236
95258
100318
825904
841410
449851
721910
271575
528130
413997
750900
119166
452235
669212
425267
815699
718922
859712
119325
129837
691669
480667
397509
204124
987092
117663
204004
741851
522444
963374
330095
972770
963401
701689
204945
208856
278504
593417
228746
635942
14911
18140
813988
294247
977193
254887
361037
663483
6129
227451
475478
416187
891674
612674
545671
111558
514312
523112
689756
773370
571151
595030
323873
534975
12119
871385
214373
510525
800616
247137
317982
950958
651928
135142
904217
890829
957390
825317
45403
260717
44466
685193
646298
677991
945011
696292
865361
764076
768372
965340
460100
409465
804948
526691
747984
125736
1560
486110
546413
767906
889272
360167
478340
474546
316419
208046
993383
587765
966191
340346
492401
382062
205185
883981
100092
947702
184981
276198
161208
785168
801739
767648
135854
183514
204558
294520
535762
487648
555394
435116
431998
591563
600201
156734
397009
26231
597362
263064
34915
521442
511360
609737
871011
990847
667282
413485
257936
800875
748660
902443
986064
675447
217345
466713
497776
40163
780402
5818
758585
653868
131016
509159
525867
47485
639698
312011
18137
487169
538715
988743
647137
826648
676340
110519
102021
129831
790425
882572
404843
792266
169091
212760
738797
170277
455626
456105
911774
713560
625588
251276
638106
365136
766750
782963
811849
631930
133573
507121
759088
385427
262001
993761
686643
222236
925760
651623
240875
332649
799243
326542
799136
52055
80055
428433
110883
69917
799130
842869
325835
570364
422279
473811
927946
9232
625784
253748
93611
310025
445015
268629
77226
955507
13865
17865
486319
997872
810071
758462
675753
944968
495003
774039
591043
71447
258883
521913
401606
447524
352869
30050
24523
142994
783520
738931
399771
177520
274890
419150
518373
163691
619643
285274
965531
315811
609333
419555
146985
143706
801711
388447
889618
449993
762300
75211
808681
713805
298205
634484
83946
715199
95072
381458
889779
291169
48434
27087
215202
809331
243528
823781
849612
5222
461222
525540
478614
54952
12619
453395
846516
332062
612153
948207
521148
769072
390564
634831
898534
349757
33975
198375
788130
198703
518141
226859
615510
922858
10994
665931
598323
920734
834087
799901
740019
632892
136460
636249
252977
34118
633757
405821
620836
9342
575084
125393
309753
435840
952199
726789
137101
668780
216901
792566
568580
21179
921778
949391
297673
925299
971348
127948
648738
404789
696154
856602
106286
601268
894112
338203
312382
951104
148321
135045
940366
889024
575866
407722
503007
876287
897431
713554
564338
360029
940156
252100
523106
397413
34674
413412
494495
171775
335180
739062
520643
965244
586517
714048
314834
117199
509399
619214
30995
702171
360010
273231
496709
554855
465368
547421
566400
627759
91337
912410
49898
626260
630608
511093
244562
433331
484593
441868
178540
607634
470221
301676
422313
154423
24012
371763
207730
836051
32037
211607
414338
603676
873741
898175
399262
948792
569145
229263
904561
820501
763794
915713
554120
763221
25269
666543
624742
172519
662435
601389
642565
91953
143500
177746
752682
930089
515635
534552
972259
979843
553917
579673
988960
182596
229852
932665
647468
969142
197331
36835
401158
990580
319845
329003
718048
153893
613150
775827
941683
729733
238461
651369
780861
187615
183036
188174
541976
832855
259262
392593
432440
708451
116884
577145
911809
55770
594092
464290
784067
371685
766231
720510
355795
24530
915830
257469
164551
99271
964224
391367
331917
122387
105201
653606
389800
739744
785682
135745
323785
846085
384930
824579
151494
845432
672862
680027
819129
247201
228850
309276
85624
9929
789820
861764
854060
271857
706617
14041
964944
743871
236366
279919
62472
705363
168757
393095
360219
435256
434946
464530
49551
647415
90961
20435
21664
922309
216782
307682
411420
45020
36513
464076
835934
698471
97396
93912
18213
501846
596962
608548
12944
256018
889533
493486
671480
852874
370556
877616
692778
634412
46720
640930
434495
222640
514881
363555
468762
995726
873753
850098
647102
558160
498541
800982
522249
284673
470196
882718
625617
995525
696677
556611
949658
102850
676033
43113
908529
629180
41146
632132
634088
634431
790399
671192
927725
289461
302949
379800
340297
783063
871603
685296
286707
969280
39498
684190
277902
703198
373359
896123
705926
834753
927095
822424
963202
194582
256270
375235
27270
386221
197027
621033
119465
819573
941684
307861
695533
50890
496241
429655
859264
119973
173327
772096
947662
716338
819500
378953
665985
42623
172250
352083
407894
940944
233227
728457
786525
410895
672343
98081
426829
186592
907884
416130
42113
79763
90642
909056
98067
340275
631705
401730
679764
769083
707490
625477
640421
305000
631496
217657
774837
431402
476841
988233
877655
925364
914516
835512
373630
676467
447121
798055
63704
637083
286727
57907
770437
730140
381454
470331
630131
579635
643410
665791
171800
452510
258528
474851
233418
500648
932624
755219
72830
713890
839631
427906
988379
394738
561288
436875
453882
869573
377647
851448
794237
743776
517738
646176
230153
797268
394844
858410
518881
31504
978766
543472
611680
235536
307836
935744
333971
798387
660282
34236
25905
847595
294209
298785
466935
330062
207899
441060
182948
730761
281062
195320
454862
497843
925256
558573
652768
511935
323823
668466
752945
994892
965891
71227
699713
748567
181931
511549
745170
76432
698617
872150
703329
25098
51123
231562
871935
822603
58879
483113
606417
186371
75114
995596
356576
31962
662229
882109
150494
881186
177660
283254
88566
811116
526756
248258
597966
211190
85985
830721
207900
141954
580673
356295
949986
615297
99801
996771
99591
817710
333673
679228
899924
606712
491054
986903
549895
507415
439813
668790
277655
48704
213751
555803
716102
584819
461605
60331
988
196402
862673
942957
849669
9356
775558
197425
546889
698519
549542
103373
610147
412027
749774
871555
258433
995435
219239
127871
987672
604527
327372
757115
902176
505501
12179
275717
321779
460135
209978
988569
537278
327757
381680
801768
304097
940211
309373
971002
36329
100813
262094
19183
731175
380534
706209
418209
562029
564513
425481
764645
909348
260134
626335
286833
194381
638014
229125
128215
711698
62986
699352
843183
72904
651277
909233
191571
20868
764667
3864
20740
437143
374953
739655
918443
165095
518627
490966
375353
854379
952988
961735
371503
770242
328512
265392
557562
893169
355430
25665
502198
510967
916769
539569
16787
215055
456630
141002
971989
409858
546279
336269
413429
788134
313326
886211
436773
606263
50501
156065
904369
434191
20642
784023
701569
712389
783681
400373
933499
9632
760089
77306
340101
294263
507824
952059
611688
495718
773066
894893
250320
495854
946557
243919
6959
836330
505632
926198
535042
529578
917986
612790
940268
242990
448950
31978
867454
162177
99884
888289
993880
553327
27931
873381
738665
307876
520507
397673
19473
526370
281935
238286
289448
989214
416575
739346
471512
749624
715907
261910
821541
605014
652028
681994
634253
578460
531421
28215
28235
2249
238854
998760
507509
597873
881073
15414
624197
623186
493125
70127
727412
898198
2056
471394
860290
416165
571954
117322
136531
974243
565980
971861
983091
800013
510167
429967
573882
907883
509593
808496
489995
321139
978771
97726
875062
787450
688670
903456
760509
979735
225235
539009
224308
151446
260857
381533
460482
17878
74777
554155
110980
887680
874734
731559
288912
9700
392889
139259
679254
490802
294641
924553
765539
318929
39318
405016
9919
797087
159910
323288
216887
961606
671209
742035
616821
294071
987431
902579
879499
356358
19002
586346
680334
374434
238398
407937
523551
538479
829732
172609
523973
232578
669222
39352
178486
110776
293717
436776
203125
750195
181646
905234
750484
314355
3403
643226
279835
585741
389461
692503
531905
107338
757399
145017
238487
131806
11918
461719
123396
527682
875101
347925
266731
347185
391293
696878
877481
817276
744146
292836
943226
975435
346264
98305
517947
693361
227004
691272
733642
289386
788551
370813
784201
625396
526325
887950
267458
767687
302436
252381
676836
136497
975720
108267
393196
54674
712763
786274
911135
650802
969682
210687
622131
237178
460683
499610
897678
101782
350017
590995
104230
106340
453890
353947
533447
630681
701336
218204
917427
144753
461956
954822
660707
865168
878601
39351
846508
833146
414564
794950
262141
59756
468441
127917
777605
952469
810984
535568
575921
112756
235743
711470
261331
709839
561609
801507
746782
118797
497796
887767
150926
778289
75760
894983
24036
435251
412547
829230
608335
574588
223866
723343
745894
515966
857770
798690
705426
169007
440885
145561
547273
297568
944983
807245
539573
929406
87072
545994
736371
72163
884092
451315
905590
153370
450030
627988
40780
492014
728411
608195
479225
746157
584195
305009
646271
359998
550410
951378
640895
242204
702196
882791
189689
601582
793456
23396
202800
33605
470027
395011
395241
780081
710917
788645
17297
193792
111553
755360
428094
765780
125461
149097
178702
651552
585666
855647
568748
675135
321405
65650
695537
626097
204652
821358
541350
762610
833516
697320
909736
16505
147279
188035
201253
411210
216675
830047
481986
813880
257581
615584
864415
957307
722037
898838
611954
501609
568251
460174
899856
899157
187463
223412
493962
846977
135838
11363
717428
742464
149201
666379
922817
760493
694703
742014
698314
743809
265306
161047
477869
876757
799543
746439
642258
860085
163263
33789
5321
584989
852467
690610
327375
301267
856940
481102
49584
721696
45904
191162
77766
135532
961120
764739
932831
490229
614767
682343
163965
246508
927534
953984
340790
399020
291490
540810
269884
428696
754806
182867
208375
960655
306604
341886
123470
262223
361455
315827
660613
660579
257093
629415
403649
721354
126432
564419
495910
619302
569875
548212
852321
153309
663714
7886
718209
161872
419698
321437
273088
698550
568287
821706
413856
570580
910573
600359
619377
968667
388950
690967
855599
280414
483329
609821
439944
412462
481364
887295
86330
567892
744864
914134
841627
405482
529979
631541
192690
921494
991467
576436
782339
684388
587198
170968
331625
808831
672631
99424
639259
328908
183907
613871
130321
3939
41929
594705
929983
731755
964351
594027
408832
711505
269785
40580
522574
332965
985981
504042
600366
189393
936018
130114
581673
64758
177303
896560
591156
707109
124496
702174
184113
819254
149018
411117
734222
34825
79136
547638
983115
946775
614438
562172
679578
431539
124675
286064
625823
326563
46059
476639
818903
62933
673770
441852
164948
943360
146605
797638
434534
511256
38523
425877
467286
584493
628481
783303
379020
868193
133066
902209
934992
537284
964749
522980
232045
395022
268128
466574
439346
511288
195531
253962
185042
527735
242999
807573
319275
716502
227910
165710
507171
292463
305020
126201
101935
952581
261914
289967
931438
45825
96011
787942
89585
868807
213112
989273
542494
739957
633398
911060
81322
377784
101343
212766
996099
973770
115006
787394
461072
180940
52836
393148
717008
465787
97047
970429
25631
719826
101674
97691
479063
94077
965096
189784
404883
683125
173290
238222
613071
169724
315592
627764
897451
284087
604204
354767
59278
117923
315714
954103
688615
715125
999371
958468
27919
990546
548177
506902
642315
784872
268085
543870
962093
575655
639460
110029
27609
827424
297704
90870
323557
305912
240859
421346
430170
562632
439670
527825
775896
42133
719431
900520
168981
635431
661697
308187
772550
798152
750445
137911
283158
167643
400767
963660
629139
938582
309571
532982
902440
316765
702774
975496
558981
950204
543025
800724
94043
432193
822464
846616
502339
252468
681746
567688
855934
723892
128136
729907
546519
450864
428784
58005
753957
278974
582475
496122
542573
864539
572938
326666
583076
118848
429272
754997
371281
349981
742353
386747
324945
547765
243408
185432
151604
402837
360933
315595
509509
316466
881382
827650
556648
609758
706716
726564
783195
542503
608094
539066
6046
479820
592892
143483
215919
657629
156242
289074
818735
78638
246204
914382
402720
740919
96872
66694
202384
327051
764038
347431
366671
693619
990493
766395
968795
668199
646647
805784
40285
979816
209789
84994
394380
163773
885661
578046
660208
202759
535463
211380
937537
468675
233591
381887
460206
594332
4493
523477
563193
448107
677689
810958
309887
384268
925169
471699
356886
645470
495877
469412
538127
369878
209065
901957
520090
441856
764977
454790
846153
10580
241116
539566
874797
823025
247175
729091
904092
43257
2114
357753
647828
430408
643712
351541
719482
902865
792616
631228
20731
860375
478280
889468
605844
51590
945129
530103
918636
286892
865917
725576
204126
605655
927413
16660
120981
113739
652783
695374
702033
392928
4749
888998
403974
627446
852193
727823
111331
850774
935044
716779
986800
283239
455238
446550
762192
751562
277311
541388
990438
825042
358980
111544
364564
10083
417782
121818
452831
262694
388148
272147
983470
297510
938544
131216
4081
903242
661087
526225
105503
869039
662346
95637
910487
151521
615874
150820
708200
55031
863792
647672
806892
966344
210698
871305
994319
629709
416482
524980
910318
720341
62809
622471
506714
220383
863344
911275
169275
667479
575
258223
696593
668016
378110
522157
497814
878298
454784
819291
573312
901985
399936
686448
609634
989026
585428
215280
707506
957290
320958
112790
484069
946604
732770
791390
570550
372319
631441
866604
344838
251698
371267
170908
789598
646765
579172
358951
508496
609893
393541
496494
411579
693723
747379
807782
490156
532019
940837
944481
341730
30668
138382
843957
934954
640768
771603
883403
144937
185
987863
580422
737656
629998
243505
989389
37481
269177
993791
341815
180328
76375
75220
16978
435005
6395
990028
87952
344430
57615
133761
604623
727042
191560
51990
372099
742368
37028
671024
416195
962581
833411
886725
400108
237940
382687
17804
208950
493335
480810
593364
656017
751300
189315
884465
876603
464236
365908
348113
409697
426125
624203
768812
28207
205814
533938
379034
432630
151978
334573
519678
690553
927710
233808
151008
876756
392221
422682
935449
449866
15180
849746
513831
876458
435719
350653
140576
794716
83689
80761
19140
638349
691179
743610
557355
842869
776164
267486
923805
415361
482990
742382
476800
369250
387625
568563
799340
116786
202137
193779
615643
329278
550763
813575
79548
833652
981717
541530
901670
937962
661210
685312
524074
162696
290029
548528
337473
236884
18989
672544
140516
282904
404047
593147
342331
490354
237786
802946
781613
42168
680139
17212
346582
912069
109592
617691
187798
310885
617362
605869
605382
547545
326883
22715
169734
797127
302135
462786
300530
789057
517752
35531
527731
191152
985009
170025
154609
853021
987796
767119
832550
111771
165590
230219
682958
580693
614968
294307
214011
183536
676257
764875
771589
64604
561639
258431
310750
303228
585453
247107
198851
170224
610918
594101
159694
873787
331832
537100
884520
674198
981051
675375
348573
984016
208480
283572
215624
647520
443247
430899
343021
840521
95400
973447
410853
691752
614219
180577
178676
17949
482676
998664
792694
778324
218910
560881
154872
277935
350152
599030
673572
68754
222452
803126
219092
91594
17292
951242
164039
771674
490272
495711
937393
662372
10762
376693
142060
452721
527923
914483
798093
552157
544302
9764
860114
146978
840193
640594
863159
996543
706437
99005
619367
578500
843427
932664
779215
288317
892734
982689
173583
569337
179759
756475
233674
650613
323243
608362
532125
753578
93826
309642
764204
981296
108480
260204
347992
967501
818102
11309
121101
886495
819731
493045
654071
295713
560555
440329
749588
728157
389146
514446
353893
224750
96962
50523
206526
630129
329647
803833
530429
376648
250268
322618
911191
171850
479439
23474
602318
400779
645983
929879
545918
999811
83670
180849
421207
519197
935025
185149
683173
365470
396356
760804
71115
614832
244154
468243
211727
217291
258618
291511
641678
943295
23270
203158
842064
181663
380925
721101
354102
806349
994016
285154
995664
765983
282610
31237
310859
652011
560280
489832
13640
334581
465568
496503
46599
499889
627069
306166
731650
746614
969712
678647
807958
423874
945923
930996
512796
665252
975536
439886
137367
441226
3294
193635
68165
389287
394635
911302
976856
533632
436037
439582
512575
754324
572050
949340
595037
227942
593967
645978
415963
512232
73781
452045
414745
502086
436952
521255
547135
418380
871626
50124
11826
26868
7229
608302
184355
46288
399365
412039
397889
530128
434011
305970
930062
993713
991038
321255
234447
439747
120115
621393
388317
418836
20270
554958
522457
51902
690953
776770
56637
476682
434481
666584
750349
704128
749152
518935
808492
814669
825476
643100
100490
91471
433663
223226
11387
911615
290312
301098
402915
483643
165038
696497
168398
45551
351101
511565
836444
501599
946041
680091
289497
706388
183175
612360
298411
470817
929131
2097
801828
336849
852076
125914
860536
485104
386132
604040
664392
492146
370580
205884
547164
53123
491524
762764
310896
504811
339719
945887
189925
663197
426701
265092
333656
596254
557106
176431
214672
974541
246979
26130
135185
862099
633441
370389
468493
127463
728063
676977
84730
421374
40774
48302
448703
246798
753623
731191
888776
812286
116848
197335
445241
63468
598632
775442
1534
959834
186452
972194
383553
788149
323532
556749
578357
310852
661256
927
587664
960938
756323
796105
966357
641495
321026
879894
143823
818385
817486
426758
13593
502747
24796
265289
326298
805759
967982
171865
350799
904381
597715
57012
159873
909648
987305
868597
68565
364697
382915
500622
643458
494187
58277
453989
604509
395378
535276
864264
859152
685568
416587
494349
298217
175222
196848
562890
218382
286219
872452
926253
419471
644668
357778
620026
367252
490000
151999
706464
539381
62215
791927
668278
322024
436958
746345
1495
796501
52354
360488
789462
410246
374159
105202
476192
193082
513027
848846
672813
899161
989891
235022
197282
982593
550730
169396
12743
728574
654570
928561
103392
494105
904128
405192
13738
34503
318393
584594
38259
955138
522490
83738
212310
583030
41265
997224
580627
10129
971446
992091
624839
622589
690269
858607
841932
137706
236762
405215
700719
986692
970705
262692
179274
523268
464314
81563
447806
56035
412398
854212
608079
987240
99280
168743
74588
109090
531866
835921
655097
689458
620163
793020
208107
264832
728714
68876
743103
911886
105954
691318
721543
202473
107066
421371
949170
599291
895656
292690
492231
663102
64753
823588
450494
581003
694583
840945
500219
460305
432640
234576
556136
90145
587935
674323
125293
306725
50177
512457
424079
599473
616342
249436
514850
63217
720857
37531
595756
217154
236094
202451
588056
331166
294584
728342
639060
578607
18340
753117
966215
368132
224597
960649
17906
416225
662012
291781
377698
812848
31348
237896
109903
154070
551656
419511
127829
433825
340578
356583
431372
861277
831536
715008
571206
963334
248501
486781
275812
823063
248649
604111
203669
613185
949326
161890
368685
290743
489808
154423
845086
312550
450648
30128
559253
409346
300622
908202
472627
434684
607496
622852
160678
900176
108019
847807
762788
310138
608988
892606
990660
155720
97564
583404
537912
506763
810526
250428
66027
677543
386254
120395
645491
612170
217952
896867
179699
223289
304762
217753
442896
696902
545343
700566
865614
225566
75193
556850
128518
740479
240994
92092
595078
208134
916304
670678
827909
740774
583482
826941
276097
869365
423275
536167
206135
90976
376961
841221
527934
549375
31010
800808
402369
726019
476157
802048
905431
737484
597304
337855
634625
818136
178299
407707
991679
540821
32664
114035
393871
315159
698198
1161
722627
323684
896025
735086
147006
346541
703791
433403
740555
365784
498361
813819
728793
377656
775028
934118
310103
253726
911843
443208
58408
164041
142427
60673
787139
510968
807723
926757
158571
350048
679525
530435
30981
146618
202061
310083
777435
389236
643614
890665
55468
15175
329331
792630
180845
990696
9369
968045
801376
716248
882990
645875
158800
189526
590645
756303
30182
872565
892026
46354
129707
622600
908124
642064
341851
293753
580924
460
954402
669817
974337
668914
943734
16977
68037
279485
738640
566999
564255
911353
241800
174717
84493
266274
687116
566276
976382
102892
267388
301710
102970
995804
95974
275984
574895
288147
485465
33510
717593
65387
651944
590720
95756
627962
364733
708474
761441
306804
332631
706762
619579
835885
129633
230546
970165
262459
306864
567254
538730
344314
756761
7175
632480
625321
278637
351166
21649
149617
425427
29316
820824
238790
147008
464910
627509
446822
468245
776646
421693
544959
78804
492292
998817
7725
717952
225371
553688
936097
288337
660688
206252
540637
933713
298854
745054
487131
131414
556245
758903
327502
615900
331481
918189
523776
694398
827622
796014
227098
583377
815032
784331
626946
885918
709193
598532
607966
401657
824604
626988
897976
177666
975031
611641
578810
485752
306861
420586
709016
546805
793177
418965
979596
824650
275303
691404
248317
687351
359180
770475
26297
588999
124182
333121
686113
954566
401501
525977
204388
441248
443545
840740
2147
789720
49677
704324
467828
228641
76770
422135
17219
308829
856654
837086
226130
287663
1459
593769
378720
209087
513540
598562
317608
505610
537122
267922
168896
262754
411397
268372
363042
438153
421397
454260
121352
462886
358553
441218
111152
173026
364550
824825
258111
435874
439417
35207
222850
780577
235457
893433
94351
266216
790611
574789
994058
148589
102880
673779
664388
8710
187460
282856
461693
48712
266773
496592
825674
448384
217564
75431
781842
810765
774944
486053
585586
639129
473245
399172
699328
87090
754772
96879
620141
347721
296060
496008
331844
290309
147862
567638
172431
876677
512094
389194
577752
31473
905821
15212
902477
783483
948572
621223
205757
526328
566835
944109
663551
318293
514751
791240
697393
835127
631409
683775
320350
534963
814083
513121
916281
949031
326086
211697
323142
809011
79256
197613
159832
951383
616305
186877
910389
913707
361820
786101
634901
358709
481922
258119
919689
672874
564961
757960
94905
828100
547676
869213
631878
584444
782125
902594
592334
382885
465526
820726
584013
699365
958644
437511
773792
348112
546068
97845
411046
380706
43936
144582
692351
823001
11474
309094
494198
769005
515465
640632
460475
96749
567257
611901
578953
77944
294909
787039
894118
399956
919656
536027
385737
977710
491961
543306
148757
914094
204876
451658
267588
95606
29804
262733
207327
49784
719079
591358
108969
721841
446587
493707
726236
93254
881388
486227
774539
414585
781495
357358
400870
20616
715104
727955
104796
698210
363048
402794
166811
267527
802267
233711
235379
292475
600133
97087
658328
114982
263108
268867
631750
382539
552121
225910
609791
475107
944920
610964
3120
452053
38687
625697
604593
103125
237220
597778
259115
904470
394439
780892
865237
120621
329862
499608
37719
485508
175470
827984
868047
524023
599087
467177
626161
689870
948809
32940
272457
96664
136547
311026
224796
989728
257594
108
318636
478095
195382
657165
815195
144798
288856
291412
702567
75509
587792
571257
635668
237157
237804
869171
561063
435519
627050
666788
629390
395599
79662
667363
504669
623160
972431
123299
160755
900973
308427
37188
16187
856905
60827
925238
741006
166732
580770
789510
320822
978931
504639
774983
113678
282803
701441
991710
271429
653713
469754
364841
284929
3553
67436
934668
853343
319705
66016
346202
816409
107344
763734
983709
578881
667225
915031
101379
833898
245238
827238
599589
349542
61179
787029
201844
341097
15425
122163
42370
211148
196931
163171
419947
235694
664216
47496
59230
407221
430029
321116
835211
134962
652894
532704
914475
171554
498961
123438
357479
81681
853680
649066
647526
346266
960865
477207
428214
20553
424931
159429
678230
743265
765607
461480
534557
486649
217609
32581
178315
73217
730217
838469
211307
588642
653099
233900
273633
559811
222599
34211
622294
396841
739533
207473
657276
942326
886777
742152
807616
610322
717614
778748
859276
110183
171859
603407
2230
429702
126279
306023
353160
379943
286658
22881
511596
253197
892937
695422
463156
775752
554445
985979
67012
400276
924641
531071
506525
772255
181910
636078
173766
731688
521078
485083
742744
54019
701337
258458
108775
887161
687398
216050
159048
419404
709098
403825
122052
434520
234190
677146
285720
455444
359672
726138
501157
127224
273729
147545
777530
765113
508238
545419
180284
319472
285645
616550
884528
724888
600142
721934
249253
202998
36859
80299
727041
185043
738742
205692
636070
392997
220942
302149
565568
40908
885917
818020
486061
70136
209472
278210
983370
546471
950004
705316
18903
839308
140425
603745
875014
128395
716038
453358
182501
999841
465178
975061
848356
597025
847802
147845
158661
391065
912539
128450
943905
39379
218318
844157
907729
889015
224755
108350
891263
522446
286811
267773
192585
666337
43966
1937
700238
115776
428245
896384
99609
918366
590806
151093
693928
956570
559626
347151
372952
936600
12876
929941
499438
147086
148768
598408
136452
844251
443373
783953
553998
623441
119832
474010
347016
628755
905919
809017
537470
593114
280591
60358
182775
506066
165379
268749
982143
603873
296633
97503
52304
963975
161714
150339
510748
12064
881062
74186
358394
864199
912514
451520
471146
762645
135104
476606
509830
163719
970592
621725
857864
305917
256072
834309
141618
153823
448949
906851
179998
874266
112349
235449
465570
465672
555043
549967
11103
345134
52150
539655
297703
466078
107207
409806
523784
339773
350757
200431
904569
23647
622454
593985
479904
679246
820180
128001
141758
116458
602689
727354
865016
356074
271369
317408
646211
257792
243827
558269
968746
604507
556579
310915
626943
115398
68431
468159
359132
106734
403228
787951
786837
405569
2580
717162
282748
782257
154694
843517
129103
548375
651579
462807
924354
512117
713424
932058
5477
745172
663669
753745
808691
610316
719744
612161
996982
118562
204143
835032
679513
980427
784697
116034
658956
336527
596111
386075
968462
511817
676596
994047
808026
721291
497270
108668
496432
472094
45256
824297
907582
526054
973693
598672
592683
634660
856099
617478
944513
372246
305722
762140
464885
831929
733967
544302
703059
482031
48890
770584
522
638907
518512
234953
753618
257064
402822
905711
298805
770377
736707
88978
556225
323420
44576
301245
893513
519688
110750
226774
66194
678662
776388
38927
583329
993884
980468
571445
494559
955843
471465
571046
591206
303018
621328
607456
726890
928147
272895
43636
535047
672924
360982
790681
744994
43288
804849
448860
7359
303900
136967
859829
619487
884886
427874
20661
335124
973206
239803
690396
901347
905649
521329
932168
767123
722170
108454
531079
836632
538545
144182
605709
933143
580408
653589
555137
115350
774144
687300
187058
762370
647555
122480
951783
808347
39018
38119
343315
868416
816590
398903
765927
328787
969243
390757
904258
98120
383633
657799
139524
609871
437796
20351
783680
133980
373316
66388
619407
631311
880631
917294
235009
599877
60641
135342
761071
11962
17574
575336
655724
110233
99558
99902
160154
699491
735527
638298
932056
537015
64721
515143
381657
39811
533714
597101
301008
309448
964065
525863
919111
78083
456608
999299
930319
480765
250075
818581
486354
247409
555246
601336
136644
921941
215490
529954
700600
99015
10615
474915
407311
177429
138078
145466
433227
607785
389085
619156
171778
679695
725686
817314
987245
293733
552353
979925
659424
286494
720405
953465
957524
960882
229542
275819
349216
384486
608328
478969
494279
836211
441585
697556
347050
384086
837853
140148
193822
668211
13355
225481
86168
645543
62117
689625
504517
941161
81245
392826
768246
208795
271730
724398
86649
183667
527666
252502
207363
308096
468761
668693
584329
104092
108856
789954
4781
357549
294001
892937
421589
905687
509342
377375
131608
918146
18578
971487
661266
529475
566007
12806
793047
666729
940438
15943
311236
467623
541238
398220
403505
322713
825051
866059
518082
957236
25264
89088
221853
744399
11135
335564
756982
573320
29404
372906
754949
714772
902754
506314
105497
910247
629845
742732
818695
16188
418919
378778
862842
603650
37590
116450
177134
709219
999218
816943
110520
667697
858492
86179
613629
74287
599146
89299
867907
352250
619336
895167
929508
951827
978744
492
735198
88585
745370
924128
59016
564743
114310
347898
60704
799544
158902
912043
28351
327762
555969
284309
668205
554054
272770
858750
561233
13507
464727
578033
549313
927009
789957
48753
79480
987633
171833
821147
625829
960030
761130
649751
48224
84607
424602
756794
398007
477309
687226
560380
157799
221468
682413
619345
55782
868839
977573
506405
38109
929084
820074
622713
460532
763825
558201
28181
340037
9634
395081
158185
220338
878617
136872
81604
119826
892568
202820
142256
6022
46213
748038
583144
498730
931699
896985
338870
477671
224521
199369
462957
209446
14673
521670
448256
751647
637471
117767
807230
411279
226075
304971
488683
687048
183470
505466
189180
12962
780869
700203
694190
754255
909765
530623
132291
344653
423307
254570
621274
814900
397982
187410
66986
350063
367220
258959
204507
843975
230238
11987
943872
780571
316560
678883
150837
56428
7505
525315
623954
700821
998715
305008
877833
401432
899376
348871
991330
150866
656025
495299
135759
62673
837084
364580
74158
116924
952474
736618
448732
164976
512161
583424
275312
636844
817909
385142
56731
493026
561014
830503
432346
248366
699182
505594
535573
480610
294777
686211
723160
447936
929361
493321
881323
806721
931254
610403
558799
42002
775990
461435
11352
939166
775134
147700
343074
120582
56317
778664
63729
928046
730065
500362
290473
702833
273233
681835
177510
816884
983702
260824
516985
830936
193767
747360
169728
931209
82272
221810
110049
961523
106493
686309
372259
547925
415560
672978
773608
102254
145629
140124
1035
696275
568023
561360
871698
235554
378073
375527
235280
746513
110203
9576
730842
576992
749774
236650
3747
201901
924622
391608
417271
600166
355683
442509
34832
265432
821844
634622
774489
41702
982857
384119
773116
566358
232698
393949
957994
832902
172730
167123
570023
870524
378586
896024
584142
51162
462459
187854
17641
178992
411444
593622
248165
640684
461340
81878
796085
276076
559476
244700
102470
761524
760756
967452
216410
938939
202160
818901
782212
918432
182567
900626
845502
91514
813288
898765
545834
897229
134946
821806
492772
37912
599110
740273
783424
948491
992283
685285
949093
969877
660958
569232
114437
719644
157523
680880
65592
241926
419820
506844
695924
876980
149013
449417
671723
766671
690714
758441
356225
245754
626166
945838
321001
105319
231993
312237
245979
183557
691220
203037
610483
937623
115204
856766
453737
359392
363673
190038
476905
526331
365346
132694
421007
59015
246583
477404
293569
947775
476067
806994
842536
223399
94956
976883
43211
335778
25856
391342
50314
247137
386621
108707
267637
891190
658012
303754
139527
860678
786043
361715
857282
840989
891335
787880
175848
105180
899587
159342
722899
351885
350391
588266
753650
283287
341239
457313
835616
85389
202382
985688
664610
468640
597192
301274
450941
218165
114841
31256
840562
452305
752493
437418
701464
258801
83917
104756
999764
430967
482475
380132
160950
968062
840714
175319
421299
142
469772
387099
152955
826091
885849
388815
862135
627336
701610
357159
854689
912601
979247
531148
166463
641734
246563
443232
636797
681851
889130
802335
821222
868060
554467
925985
896895
845718
425936
664636
440448
751889
3807
597766
705007
993409
620117
249335
947099
845020
768150
292205
837747
721830
772563
807306
398145
136808
159184
479672
123206
781695
697809
297037
724274
982160
494176
187273
751424
420889
794878
334332
241516
120739
354020
360901
155410
872980
264116
772725
755301
699040
884161
444625
438280
185760
475703
920886
497356
972347
635753
666071
262727
751232
696245
218403
540557
645590
701206
271490
192718
638602
145478
110077
67340
344264
802766
685629
670134
