6565
583895
634336
542036
227721
132940
202499
657045
882378
726645
36097
198399
367300
647157
88705
284437
807718
556821
914142
678066
792749
877201
965923
188067
845110
322685
147189
757022
122931
971090
495824
684899
438588
740953
244329
432558
208125
138547
661555
871254
650062
184003
359358
944453
904160
572600
751225
535444
784530
887418
481240
901251
707107
641200
346641
673170
499586
822444
338880
775038
769346
857652
781034
32923
796393
594862
932830
689419
673064
572775
7479
297304
588836
695488
320575
358900
814259
511541
535598
530314
327650
785611
263184
486592
316339
476118
603972
813772
516964
357092
883872
512176
545002
612937
136818
755987
89341
596680
495138
190974
481740
442139
953779
879023
660498
215008
384232
67485
903744
466464
500227
52745
168986
321020
279720
780478
401246
102198
42209
595301
188382
288985
454779
415431
106095
339078
616909
66783
130298
996509
936792
893211
822704
76932
665802
682671
105562
515735
158237
940502
312974
999852
609756
860583
646845
954497
177414
56144
5546
115013
515531
696689
877237
449472
462195
9559
259669
480799
236254
909139
559141
928864
8870
528247
821525
745686
956960
248492
697089
129369
941378
401715
515550
791374
177758
760758
566481
870415
481613
948106
742362
871350
34983
382084
275181
57419
925550
128693
944609
327879
202250
112707
472257
685509
128431
17381
79681
669636
447579
3642
467018
741339
967483
243591
847542
681146
256557
824779
197528
203800
464224
890305
99058
103871
849240
997810
132362
964592
460622
910708
228182
612979
120628
879234
543508
139584
530966
177017
664438
669571
781020
282093
744955
241616
473644
429030
308697
162915
356268
2938
339478
936850
689253
299784
31286
999441
682499
241550
523855
943906
765817
67240
929144
110167
924737
701990
84128
710021
742593
8328
95355
565511
671625
889561
316630
747820
236217
170469
377484
683454
176384
879063
458641
592176
592383
731380
261035
391779
642379
167598
655745
435349
323218
498214
962060
328806
165013
682177
626794
509960
702483
410597
200017
274179
173446
308113
600480
283939
512646
577239
17
457279
699276
823990
991243
144486
803730
359704
511060
712103
121429
866212
174692
622205
983932
763777
955349
175445
956435
147689
448630
166270
754096
27365
384638
273772
100918
380395
689181
496745
647288
162064
625518
54873
230837
805931
103561
729000
86401
268616
508726
308818
917701
297286
566204
546702
800925
606414
688663
678360
966047
348720
454855
757658
319355
934491
388357
504886
833854
280697
376593
897010
239665
334053
30118
637057
352094
566858
749007
84650
403762
198809
246356
525207
832574
477990
23692
170429
909656
690208
156822
778210
345886
841259
295715
711312
474330
330204
34154
834964
143553
253072
435199
752883
722006
169065
56382
799339
268908
972134
535073
244961
86152
102878
109105
793324
553060
759321
308122
343356
780112
710411
969431
599592
385844
980142
131468
694228
11632
328699
685490
409851
501348
348868
493420
475359
499211
846449
141177
644170
654402
758869
985347
512767
740775
93100
324756
453186
429597
260404
823720
168577
941803
622052
442461
821406
13828
99981
597958
717786
182305
173964
993888
634271
891914
767785
647068
623210
269173
781392
890075
979539
791365
424809
193144
649914
613875
713046
699262
941008
603722
751433
939002
439167
851212
533183
541868
44471
983154
289308
616471
171606
728209
328228
221432
359539
10904
747411
572563
916360
199862
841883
276584
131001
305496
483256
92229
867141
375952
150961
576117
382600
482193
949101
621974
372650
683159
422830
872008
676200
554404
852591
273346
397693
626596
824022
207038
380076
614514
670742
472404
450477
606899
908453
469669
43570
67808
923924
897134
545300
228450
227920
343100
941343
11926
293363
386046
450294
428144
589000
679606
459685
217339
881818
478474
350465
157886
327351
783735
39038
638907
42310
555109
756493
553297
387714
802453
415279
851393
523474
578806
175003
884429
295047
450264
636744
497596
620337
419320
521304
815483
633950
353465
872673
489053
97712
889780
927896
751043
882714
996326
208156
53335
780407
700232
675805
884274
199495
369212
604263
510174
845638
444451
191119
583285
552683
524363
401208
56552
447354
606342
495490
607836
401542
357974
687313
686766
571591
453060
421237
504983
16403
835471
860347
385003
345212
854082
113103
249660
103303
181790
83852
526491
541956
785399
345826
266878
82383
27227
509283
67325
56033
249580
398954
558007
66323
793167
563304
325905
429425
240509
668556
520286
456247
452023
369359
141147
215723
381590
957721
77713
14742
536064
638483
15261
923872
629175
558282
887820
431687
461515
474044
869920
605756
585264
887427
482416
240090
290474
121947
74603
887491
453669
679698
103165
693273
691553
212875
673930
235286
312394
78830
922071
210313
486885
689392
547912
868142
690407
335546
879172
911720
702176
570680
41460
692317
613396
253441
833323
648430
51370
53598
104544
721170
692350
546809
452694
708878
690897
624676
106076
175123
608480
776578
407280
5812
787794
361110
112767
862786
164298
121062
690888
833093
744477
990731
694686
904281
656733
309400
838668
759332
319828
869541
161746
614384
904333
924407
481934
994857
762187
199309
732022
264564
548061
954249
998402
388521
782601
30586
215335
451759
366117
698050
618493
134515
773958
9064
449922
308165
233935
215421
369591
694351
350507
7395
615464
876786
51989
115134
573257
287998
887956
92987
348988
971982
876293
295416
271088
894078
49168
264271
147747
885579
827709
69506
567687
786181
940383
363268
44355
316851
759790
830242
630288
379267
327091
195405
514436
139692
492380
855876
787692
564834
987375
562530
128977
170677
104923
900481
71133
182407
445994
205130
430807
39848
560147
942171
627531
69520
551725
162131
451269
683064
847037
392445
706363
559061
456240
653910
719370
838002
656036
95100
753753
718248
277216
35126
871642
71805
768101
738906
305327
825623
623580
798559
523305
605147
257070
974528
644971
926055
521202
908424
734701
810664
115137
790144
419164
634136
299110
457587
657247
670871
759346
666779
428533
559653
887596
646954
445242
58618
637797
364598
909193
598786
742376
533633
540410
642937
344016
374052
640652
790174
652597
599832
897694
576535
116990
579233
522264
648289
827546
349336
439271
462833
979146
242963
440165
503020
539734
828979
895894
836800
862688
512393
544142
276957
753621
990565
722993
249300
837631
193085
578899
170890
694967
976887
400574
633816
641784
622804
687569
875907
881359
714936
182405
840147
595503
731994
884299
992722
191074
198084
424785
871650
837721
474055
20580
673467
370404
419839
112240
133761
534525
777726
528034
331966
784702
881752
221870
94913
201203
93579
382636
331986
121354
427592
825373
373008
14951
86178
734668
711338
964436
77138
968272
788534
226070
289957
352302
315313
85274
62147
328027
371348
140814
726044
305695
8463
591565
600496
171028
310308
408114
934011
988558
914083
416142
435004
501077
147454
539892
424289
642253
982216
626289
934865
64183
896655
711769
302037
53200
392466
878076
565412
36247
971616
535096
352137
383660
352464
368424
963379
580244
445399
989562
712089
809049
146953
469983
601864
919822
606895
109659
79882
348528
435649
28924
323829
935464
741504
192167
424333
196078
697138
3021
175318
650695
268091
684669
12347
761327
366165
286740
879572
895249
120428
790351
549272
934578
879257
106433
942047
308974
405112
114784
29841
552731
418856
872825
672817
376394
911454
897284
905600
517548
486
400594
473871
76752
928440
531682
715301
229514
564147
544916
662600
547120
11960
312821
313324
285118
33894
342073
524469
428825
626989
568454
634283
909552
120529
981996
322617
241663
160445
432627
227746
383150
321153
803150
826049
722326
915882
48875
430586
439395
188413
344172
273859
723028
353936
698159
915977
671455
88388
279561
252288
595826
373538
318482
371146
251925
955537
513946
670915
770731
915634
683514
947303
413016
147608
334532
472609
165052
136743
494172
164913
492572
554504
571872
775096
32482
432966
440131
973603
67835
281864
561847
897522
782046
263723
230920
398500
238573
180539
68166
658689
129523
584783
610139
221763
157070
617726
836091
880034
988646
777601
442424
835003
787227
532135
999541
313436
941693
532271
442227
892846
190580
748293
874631
878207
238336
398684
701612
431660
128539
318820
794677
398440
140219
150504
2267
893419
757812
5000
301172
540409
726457
73870
761285
326221
352707
575150
24814
348066
685194
869855
127363
450079
484272
925392
330108
389085
644669
530185
401026
160598
366021
652511
335657
627563
777446
276819
641021
94545
48174
776456
905205
675610
588633
284320
978693
380636
21943
951410
960783
696896
880172
952617
218041
828521
897553
595452
448026
307518
398649
404037
150797
785942
972046
171201
799848
754495
368921
473635
256775
410091
989792
571669
627905
424120
747433
384460
751100
703514
994205
71046
967389
21095
134408
859299
823767
502015
452029
45213
83429
387542
267671
725990
615315
840544
582937
555229
151797
697304
627895
388012
90363
692524
775278
910080
118237
834056
373454
547622
50352
284797
333784
302079
915739
129614
455042
586528
297059
674583
215255
726856
369953
647387
310075
237182
641366
384360
844684
131719
986709
27625
259237
153345
570526
368776
172796
597407
537035
822462
295403
508418
222371
586168
728204
662384
959885
74407
520125
807347
396702
82981
517762
423569
224275
724991
159946
26531
831066
583011
133962
283540
269195
129063
880966
832632
241844
817587
436526
409414
126033
555277
378085
550388
411675
877695
378588
351853
8823
229159
332765
980274
154191
322331
25124
47050
637182
328886
933735
370919
860965
757764
824375
380055
72091
340806
231999
468707
776193
369762
172008
696776
336306
244522
942175
343311
308634
341959
469678
546443
422302
995202
123591
99759
694585
953006
152160
972297
754727
657078
213111
361375
452665
106623
559223
226212
632009
566649
48179
679511
169288
862471
54799
463545
134067
784392
98430
535529
197156
556674
804709
326749
606853
654443
766623
797183
498911
843155
848538
906210
746000
943985
969758
24351
671387
609416
651246
935312
372250
901941
577351
343977
537102
169304
118469
366702
898583
902685
927461
646868
488639
548582
634405
639544
351984
267734
25224
403382
431686
96253
562997
744424
264767
877275
664511
228987
261583
473171
743616
869167
536784
595118
606110
865643
130071
931528
477679
156602
432034
667483
672057
618470
811053
742182
970962
877487
550244
687545
984422
8872
530098
730656
160727
674543
795831
789929
772095
154887
441305
761492
310481
969236
399154
190679
347613
625010
528935
781451
875314
973105
626904
894710
807773
343089
394995
94197
808720
204375
559331
681478
58590
936553
74662
591344
150179
587724
242429
173135
447489
415063
184572
178688
353349
704211
827713
974053
422823
264337
345793
185237
828208
664360
179902
492707
995254
237834
687829
992074
666307
785987
660659
653746
734548
212109
872488
850145
764925
253010
169428
899009
650602
321151
348029
423433
871616
892224
909443
467083
317281
422814
786667
745114
662350
510323
610583
256726
525288
764678
526422
501718
486415
348231
29144
961136
242859
28648
952826
319911
675081
381781
385664
764146
896221
385554
481824
697189
143398
590448
315643
905279
636975
657004
137511
735503
532209
256356
130279
920579
612886
91511
439868
666702
635032
157240
734036
277877
448200
45517
507937
357175
848107
356842
731141
357463
494975
835046
903017
429319
747803
408375
857005
667571
715828
262607
660794
423
813179
296850
397491
403485
700452
668274
347273
287527
447618
326761
898157
202165
831438
746770
402849
29700
941063
982437
654312
699811
837811
361293
322396
895331
783043
404840
649758
171483
793364
543130
931879
699285
59922
554446
705341
634201
544567
394570
294338
334099
38257
482094
822759
780771
592674
764617
871933
937922
195073
251736
445164
77068
302302
464604
962748
797102
440450
343319
118353
720812
445876
103779
422452
315855
239704
476590
924683
53994
893619
251413
192555
609352
172106
784028
205380
308020
231527
99016
588155
784933
90173
684313
807445
841219
71651
518248
616078
670810
290684
596376
511114
465882
914808
886588
236323
417480
695155
342149
944673
860422
432699
491750
146247
725945
269999
440134
937802
526492
993666
367649
755613
18593
338847
779196
701159
823167
640935
876931
610518
158749
925845
892033
219725
636441
943363
198074
994169
971829
767558
521832
418049
282782
770291
876881
560220
268699
90821
347137
964284
200207
631063
919337
869096
836650
221707
907092
746215
680818
236045
189506
879704
206953
633906
676579
226143
403484
543034
732849
354298
701320
535092
695850
389425
696489
208577
373545
606316
851872
62384
835104
621790
926016
995785
10548
915167
231285
680101
867253
674328
826193
370810
403001
843735
94004
174325
319316
287939
111832
752000
916789
715049
478711
956899
476320
228276
703705
71878
896899
921532
165949
191957
91768
204021
448291
660092
394390
44040
814900
848977
399860
211262
451343
931282
356412
392601
418353
971523
999143
218365
592576
970618
82650
553227
793076
517622
921501
673871
503843
884137
579572
312207
148199
625302
623260
876612
211822
43029
809187
846501
816157
313972
846692
490974
2466
816440
451358
713888
818709
860481
367665
519314
846281
641611
899828
427813
420469
212368
101941
406917
393850
490059
86606
689771
44625
981592
878624
365199
287187
374008
592111
265147
791843
226992
250970
965499
720123
975248
141429
706608
816466
381009
926853
429124
806055
507352
800087
103352
936045
613911
427645
765850
427539
25299
423782
881746
497583
42496
492505
478298
181510
548424
512526
201870
443578
825898
638185
297689
758481
294463
400276
755663
744030
9688
666871
970457
438670
309956
526615
404043
463569
280302
27144
735122
204706
444770
726416
739721
204661
897008
109850
984810
472637
656745
344852
603041
764823
616455
736101
749692
788886
686569
524750
576063
827883
973179
934812
929365
441905
3060
777159
638433
462611
728377
469355
783793
917403
801887
672352
220692
988759
538573
312440
679170
746921
699968
79380
142842
260012
540137
843043
619689
117055
28465
269624
417798
422959
548252
530887
187259
410757
922763
388733
754813
7848
165916
537337
623292
944241
634988
810026
150902
472138
558204
258246
899238
491265
815025
454372
286171
977647
869621
135350
108963
480831
882044
546279
791398
852701
845089
551885
598542
338237
888494
100043
518180
236869
985914
246726
880886
701848
588333
994370
930356
678016
715039
324504
780891
288759
170207
577046
629577
33746
475664
188531
237230
648971
451053
903917
717667
367721
691756
494785
221141
813966
942913
502662
65050
806429
339641
497831
430692
44358
623943
286843
501587
170735
824924
430915
736420
288704
886895
833151
425543
629131
403420
355821
221007
314967
483368
378527
785539
291912
903843
623992
59985
8300
890918
406403
381730
935460
988156
423343
967433
985453
984349
414251
808148
705226
75478
399258
29381
111056
147652
16243
548315
458957
271102
876792
834825
340950
795091
353297
381256
254444
687977
435205
614344
158026
444996
491540
62337
5582
396135
435123
525161
386689
197141
658980
386558
898693
306352
607602
246210
123354
428739
516614
28615
485261
43483
941481
399008
67709
707343
655959
209335
994763
44961
62780
552573
197341
784125
309838
219196
748367
358878
450246
787784
550136
477584
987900
480660
280788
487056
484702
995104
504915
722767
24268
128016
912445
13269
288339
37720
334528
686659
314757
370388
482392
45169
300082
125300
596057
202678
605125
993109
957404
67845
168956
860906
711876
42228
900101
871193
627628
290777
946162
83426
101743
16589
513561
949498
780499
255442
470283
178038
689042
930769
355119
861539
413511
816123
367098
640626
408498
42066
48076
281424
368871
643968
793514
835476
407129
271525
62356
162386
478079
414830
89027
242508
330337
726624
389057
940488
728449
838517
40100
835645
52200
27165
804008
117351
87756
918693
487272
357626
144091
294133
643385
65971
968806
76787
635428
845449
801645
946950
277885
783747
352131
382645
344484
461795
257758
905773
11160
193728
604477
279841
338547
592497
56886
138828
382150
940645
759899
304658
113489
278352
717832
650820
132895
377024
17932
213123
614524
753742
992818
755388
144724
997935
478571
157777
987114
837674
534361
375064
539569
509796
566394
19452
430731
393815
161775
779073
305819
375713
142824
179238
446921
390841
222447
898531
652881
53372
954125
471698
293576
110181
48156
802602
47405
525724
897707
723109
906024
580709
797127
659588
65314
159353
577836
39849
383552
4338
184136
564513
194749
233055
581608
543109
186786
359671
943938
20405
256485
942187
659614
385285
673948
476116
111585
492084
354588
726092
204215
923031
928754
406744
827548
849173
282621
54211
394824
406219
338598
767558
927989
106192
155006
262178
862542
57618
572978
118480
518965
610591
173933
960400
409585
156224
690315
668191
894259
896640
15413
7876
763139
917962
792605
635464
565644
165232
31128
585413
464384
567048
893395
122327
263913
813425
615155
172144
562446
622195
45133
491784
819262
734788
650494
144945
250939
39463
237481
852424
971590
495344
714635
116679
788036
189282
668732
319992
9354
164921
992389
870148
248138
607875
827160
840682
435033
417576
75760
751115
196444
791307
259974
555233
755855
44297
227885
982736
709617
935199
92491
459349
177360
788776
40948
686043
252012
385539
948132
920428
388299
938899
511449
567556
588760
650976
36811
55746
585721
343130
742985
251896
807916
354558
274161
221409
417884
492946
799628
278578
215494
547402
787076
80265
705922
443149
214082
343746
366577
39185
384168
492073
386434
11810
736232
783241
854240
273602
817471
912739
712700
282347
657298
523642
807858
272688
503651
465931
909210
889281
658928
302811
953966
431821
375400
151848
827859
280002
276043
853441
24198
190000
176861
548402
861092
367179
980102
862807
706774
523087
549449
657233
806167
264382
26399
795095
936291
260357
946671
713700
486909
666109
575213
993230
435101
93517
184844
556471
797365
213036
873825
876828
357727
879044
381014
373323
323493
429746
140615
855857
165804
48618
984444
830161
249789
699064
700419
720337
342257
306593
601450
479919
201337
321768
26710
371344
522184
326700
847619
527225
922141
579566
957209
352919
550960
549297
125287
459128
431992
852090
21310
999836
197591
764471
3629
252902
156003
595004
818644
625133
204114
776616
565799
622192
132417
627814
76161
12902
47009
349392
60706
50418
308671
870061
100743
948789
27694
898587
351333
942782
17874
807752
709697
547292
762444
48154
105775
282645
280317
236015
500389
499439
664633
934974
625786
396459
963978
155612
140929
379921
48094
467803
364988
507367
704590
15821
355263
127419
793803
926630
167651
716960
418215
794303
243811
940021
675901
182583
720086
759712
936319
868340
838217
125082
208282
599111
166520
993188
23496
889454
86121
76184
46578
568243
267174
330010
565503
394865
461973
705261
27005
630582
370677
474018
145067
335364
498487
163115
123808
104242
765431
806925
38748
591472
386261
564084
869674
148840
317300
40928
470574
125887
179407
898813
846928
367674
929971
797713
284293
945022
824989
190415
466807
312943
31536
875656
894417
898234
196691
929537
893224
526191
165093
190111
500105
63558
918174
651327
818779
215299
869827
975650
754609
204851
238021
944134
957103
66646
590583
76816
95829
478871
813738
512420
633901
603382
250023
269975
473229
324934
238665
208124
257226
916114
928052
694171
402489
992155
229238
495040
810019
274877
332664
893807
123076
298096
480864
25973
82560
636969
129223
688793
980643
720352
627602
467250
555411
27501
974255
501522
419093
962508
90734
869536
608248
652991
767545
478532
490273
955923
175410
334459
655284
340858
889575
401994
693341
578455
114932
566478
174328
930009
333238
253874
571043
961470
784743
233787
64861
191417
438491
719677
250523
823087
139094
741041
228967
169626
384264
866398
372597
946256
789222
987059
331908
10974
879653
688695
346157
28174
953877
766679
452812
223497
860313
343134
794568
342549
9663
441988
157056
774910
248384
280029
180947
959571
907029
426418
295372
371912
574259
760557
563049
337977
83558
718381
212678
292558
279430
305210
248107
13625
672791
831314
763631
334236
831875
311714
585287
883400
228588
894288
74287
976865
535345
225845
77811
223901
818879
371176
566426
364075
132305
943925
843632
965488
448645
472493
996207
620076
674076
685015
163017
146235
95118
506116
131221
38520
92872
469441
914195
687100
447235
289637
839901
220228
856450
280777
950765
502577
892840
176535
240517
934312
161715
457595
851455
144345
835033
819383
661233
682973
681533
692435
941372
262649
632142
538545
709874
542080
781629
199871
240289
731156
899929
633477
359680
374669
967240
3422
521461
138546
915108
805891
14849
608035
16111
379971
957001
478170
817205
550415
670338
576710
382077
589617
315063
207447
140139
549085
612410
904920
337141
318624
476965
896693
433920
232117
323403
787806
921814
322294
485953
797636
993798
941936
442434
167169
163993
265167
979587
382036
155756
539768
164884
18825
815279
869302
837424
382263
159032
793291
391009
352163
496325
412840
182866
134083
165068
176825
968563
768732
758401
814423
211523
201228
659620
236257
230397
351524
332419
851685
128993
391213
174803
868407
442077
117132
318887
153060
63192
417600
856139
883457
526492
572487
630592
67100
366173
866592
917779
510420
931690
912812
668828
495173
773295
721710
477136
193243
32100
124337
442692
12104
784278
448009
23487
985104
455952
137521
516858
438977
939174
192788
449526
819265
53405
451623
556026
808831
29690
948723
452648
498060
510886
813360
433339
540994
810810
262413
843040
560930
696941
374605
792429
38460
47831
228683
399874
875271
953313
176734
116603
734928
565644
527703
852815
494415
677210
342503
297352
620054
231261
378910
929311
449699
48666
196366
404723
268692
691672
582094
654758
192634
399499
510618
742228
456070
38488
932120
609905
103327
346181
63669
937150
302934
390463
124526
217832
94001
92678
90603
227389
234020
48505
665029
157003
64990
242361
409385
594263
531262
724093
903892
551607
513638
742706
195966
354381
369256
541644
853843
605088
411934
88366
551196
681112
641942
421106
664893
764118
869737
114517
275799
643950
736557
411714
846157
662082
558784
444025
333476
405116
272133
414876
1540
346407
7723
322134
591195
248747
819176
947497
160161
773475
227462
690450
703798
839452
48980
218
869671
22637
871357
238140
660367
820334
697589
873774
232538
928790
210959
567758
165669
983861
45035
390762
922881
873034
145229
231596
352407
894338
510026
833696
29413
807502
656924
16868
641126
85343
16852
853803
936144
751873
506798
398189
206327
460561
25600
797295
187343
489692
566029
372074
559054
637718
143222
881563
837808
730100
10832
448102
906580
470886
776273
97768
640516
292404
489251
992472
961042
604596
628443
317400
35933
431654
574915
608158
593267
13740
803219
478777
273809
738409
187903
349699
731525
902644
825130
801250
39860
22329
242040
256250
131000
329644
271105
570419
266977
887851
557217
172962
453149
882480
402028
900310
386546
363951
192383
928577
43879
523986
394801
75522
346051
141071
613481
606859
317677
291554
567625
972596
392370
96172
183752
35611
825765
958760
895902
244021
930785
615686
652760
692086
138986
139686
486027
413337
540274
220594
95013
152780
264439
372184
51487
84028
70665
973859
763278
186488
385578
980853
284889
400708
608142
175011
484357
87549
8641
547885
516332
400227
96360
937112
450125
72712
471903
610218
370172
467284
992002
877826
833274
984755
143943
357073
755551
686555
359305
590073
67252
446333
418719
824256
836509
173767
973675
472240
744371
275988
68399
24655
337712
967217
375321
805174
237124
545485
347231
304913
495172
84028
455301
697778
956674
869160
117244
864402
78583
420245
133924
762340
14941
946382
691762
304919
337690
445361
710701
302057
155670
191252
675090
239459
681453
259731
304024
990325
268672
2424
952014
878510
829734
161989
842976
416919
928832
280736
835896
859053
246251
394267
682881
939898
518926
358496
29702
265807
209618
560374
494841
602720
742321
775026
548816
654780
388072
268860
164618
995751
59270
588925
679760
949654
829735
472418
177526
161286
260346
633168
790432
252665
216893
313188
833345
711822
186250
787237
379071
29308
260875
680713
997107
392106
75658
370272
181644
601070
974115
628961
878867
631329
3418
28816
48265
262812
881097
640904
846316
486929
110706
294506
985624
904903
130227
532002
518347
21811
272343
760083
991489
942256
698313
169055
196990
315612
41891
617812
607338
37198
95524
421750
847382
210039
680256
358885
747869
113812
673874
528875
80997
30797
206125
607588
985413
287661
475536
302922
774592
137983
190071
14364
157616
695745
397902
890667
38526
479176
51265
490433
287758
942832
215854
173870
959735
952061
486140
527280
914799
486483
961925
214782
683526
833998
906287
500657
396361
782911
826200
250064
298439
570436
635887
502646
167920
70339
621408
273250
988761
341954
495975
75547
79771
215398
515526
789758
99036
978631
206161
499494
247525
387500
351911
826230
911026
497512
292667
233797
367945
323344
326416
421415
203714
482199
303811
743892
372901
554185
731394
317560
971888
57632
486107
979031
802487
100870
620399
645274
621158
931816
691589
482937
446307
572211
379770
939079
738062
271919
52950
539349
498666
954100
97083
568708
854037
597004
183799
294955
921075
255719
162744
431456
525929
777269
768927
961255
303237
743588
473261
518517
8315
380278
378138
855327
717771
756093
230980
343844
630590
430518
968772
61651
209934
835392
975645
37275
544165
247607
866190
84205
80062
754674
745351
18511
564008
884437
638776
227008
156585
269907
57348
812228
497279
171075
328404
146251
249858
380702
199241
928130
344485
347539
519689
125365
42139
715271
691451
334751
674070
790124
724877
479952
235434
280381
766962
53561
161936
740947
834090
45719
443847
794663
746425
547962
169365
51109
729593
722545
268140
283497
174475
442708
104935
219480
704937
835822
967539
745182
891415
440581
190283
707967
230456
57478
505371
312028
387197
478226
597574
750405
39480
829343
583875
255797
539599
168204
825762
430830
817291
75910
95213
922162
549136
220112
424873
262619
465063
958898
76284
798360
921335
565440
683496
49092
854675
198981
516725
408100
340781
289037
834734
128573
891303
671372
760705
459216
439050
77550
95690
319475
385360
199868
660649
633614
121115
973095
722511
37294
321353
649269
279256
163721
268191
880389
655314
101903
653922
424832
280541
72233
573700
739870
226154
377104
908411
794450
369765
500877
647086
24532
878959
722697
107401
183433
595780
185872
800497
898448
545212
379174
615121
474539
351341
742598
496465
597832
375853
822707
215080
943276
294389
880957
423304
171579
791841
915027
188024
491814
675412
497215
938816
287921
119480
989698
960701
828703
295395
593548
345620
991485
272341
391896
383043
804105
671390
555554
394515
956797
139420
599942
91114
996859
162402
967990
927549
308758
102005
995352
346914
977338
839856
561978
370499
23802
233287
524659
978095
485172
531560
193495
550154
84131
744573
981270
963173
944833
557326
752049
294824
207191
333060
253594
755628
943650
958472
966632
161829
863587
735370
263092
227708
213060
745182
607763
614459
96994
63744
349551
167714
6075
518008
336900
295959
60982
372185
581685
204281
157833
396067
610056
826325
367562
33992
724229
825137
135190
107148
177894
606854
475992
923845
82043
497676
579895
735810
459357
211437
458782
393160
645708
597147
790633
108408
537768
89661
897065
333324
358664
856836
454740
950336
809595
553181
563596
34381
775193
218559
463818
622160
745796
191267
575335
739850
502976
816404
172999
539584
791789
900444
623458
399811
81373
841694
948336
347082
107030
14082
291825
87739
538213
18250
242390
878536
728925
980228
74703
166070
90091
969944
288498
182777
640151
201793
480324
888252
549657
26776
325864
625661
831125
833356
44001
834900
216117
498926
261702
153619
759394
130665
706561
529545
892191
439631
779715
882465
727234
863118
510408
183464
546959
658305
480962
600492
417586
933539
453157
655423
15449
431198
791758
355483
363628
383361
168337
112223
560426
936529
427677
523448
287585
329462
350926
37211
88842
755990
384911
715246
671998
564991
760234
979078
469465
843518
850350
803403
18986
305933
573628
430200
773971
993000
670254
439743
56708
903552
460131
470602
261198
433481
391851
117019
594854
15662
769100
482708
428281
545253
101999
686291
132710
37980
360810
775477
309533
733778
720875
531068
279762
637059
371261
832907
953181
172155
925690
286542
637297
530316
969358
663478
991479
227483
379555
528482
860294
439892
760558
850457
410433
925182
568598
510132
721166
949352
799996
166233
470510
761027
338923
30689
411134
252810
989982
965339
590793
137115
781544
73770
702152
904169
416452
819401
949751
635595
856249
459311
578772
217900
802409
651918
73463
364645
212279
364853
196233
432488
336339
649621
45410
420627
498596
110944
776003
483364
979984
236109
382060
774476
543211
745400
98140
33500
891641
633447
998051
48412
930082
407912
700965
461307
617009
499030
681005
679968
295304
32762
133419
884383
461220
11341
728396
117127
996681
582683
570420
912728
687562
372356
581851
911249
460215
797405
836353
395880
969763
278579
425999
415699
552912
427695
98956
261251
365050
55061
310712
49393
353341
865127
842568
35153
621603
781734
59583
594402
626190
24568
348710
884775
239422
425061
260712
302256
336960
824059
961740
378513
472948
811474
984463
285428
745273
401130
746397
168651
245559
497136
242540
892509
737288
829152
497526
482306
36419
313092
326737
469994
293671
164506
421484
40343
608609
477075
198888
542699
895482
533752
734544
407195
230561
585703
348919
105347
390864
735100
191533
27348
623260
454283
84829
669672
228958
411721
801350
13366
159098
127690
414740
419233
478857
324388
97306
783787
823975
410163
356335
516935
690522
943414
505634
832651
323485
224791
466906
306884
832969
670344
130319
803876
562847
457161
929055
62742
759860
89030
510670
327858
397241
434972
795613
365452
301734
964284
411717
525863
712195
793000
373136
903239
842003
526107
485397
21732
5533
700742
884238
455354
524056
528564
403223
868221
988722
314254
111558
592170
654781
38523
495585
129401
347638
690527
819136
287279
579124
616965
954624
757968
816042
860887
900641
182065
450649
537226
820989
820458
945685
390679
242726
796970
182961
606307
543066
140390
539081
65152
585701
549994
913069
580236
76948
166224
870181
4087
242129
646477
841510
143907
381280
902696
877903
198180
962997
216647
602080
359270
919983
91106
761912
689902
50997
839448
815944
359353
295596
204320
241690
762176
253842
598104
694584
762333
899194
478265
128058
40263
189156
400172
953840
316217
54328
28469
368743
799858
280223
788046
217564
476181
566014
137487
359483
152112
397904
845768
663570
299289
592991
418417
302231
410869
73247
806329
679826
741458
727719
690810
983208
251956
639309
535502
631174
11373
656860
307771
745830
515685
490869
735241
944193
433530
444351
884149
11793
251456
488076
877886
946050
344105
49162
346268
779764
771520
89122
617424
151087
241872
134640
96471
907108
671905
893472
384888
9244
505954
165473
855805
657792
455266
983369
82366
859012
460984
844997
616728
245680
639043
250875
590077
534412
652044
489726
765733
276647
188744
594413
284579
144004
809401
592744
620178
632354
389747
149424
202094
757031
900540
147163
796415
911144
448653
914416
672879
343383
146037
743013
254205
501962
374109
509874
382922
518244
942182
291217
383761
64610
380206
962005
555956
476740
242290
588644
88881
417685
267085
541075
264179
629785
320479
416220
257477
835091
245833
515902
954401
542384
188244
187186
51495
214931
845873
585477
528937
633854
494491
49302
358499
192601
737049
407470
446216
627555
718751
562359
96823
53810
239956
220123
619788
531368
503535
145786
528147
956852
771770
588871
106968
190658
655673
386048
415706
372736
637348
614664
756958
523598
407695
343650
781855
645250
132523
424204
222370
908245
617765
317046
430248
900909
826604
901853
781565
696903
777872
273993
178286
657024
440454
638879
871000
990593
1736
298468
87322
725637
432665
918351
873580
19145
602022
766408
551113
835919
78792
861699
992968
2318
3878
869620
120393
248697
837112
584174
293834
188522
525030
750300
823385
906539
138958
780122
751396
742497
904357
758065
885996
56918
546229
282093
712536
92385
694212
341661
880870
248500
39125
447271
995260
700930
452424
771525
735773
675467
157532
83616
48183
576837
320661
174535
949785
728937
303224
895436
437697
223319
898228
683963
468435
741926
913627
473720
219238
961100
937549
463220
360633
348390
120949
467275
518403
585318
891565
190526
139240
729686
350333
228232
474311
484557
723777
374239
156464
548013
49384
401544
18611
72085
960216
858071
36436
729514
188015
321474
346906
247805
197669
772449
398022
674905
793485
88005
942881
5100
784762
626162
484335
610576
747583
63674
158655
315828
776462
727543
718756
424299
527617
753828
994366
652817
273399
174232
122417
197142
814615
578145
571512
358760
411632
619833
240338
268289
502593
639848
30426
774154
944532
902581
225460
654890
393157
552650
625699
233264
923168
424355
405112
78809
266152
752562
50725
309694
395188
68371
226992
497565
727029
312999
669251
432514
501010
852111
669152
81937
924660
57479
264753
325875
555806
180572
432765
920795
510387
705804
161527
902452
836699
54840
164849
772905
672385
876104
81774
50640
734900
838747
181204
491764
54381
507945
243648
959549
964464
346680
920436
507198
535947
446839
377387
586011
961403
345083
473678
381717
236974
500307
800063
65908
180132
103498
68946
171663
654958
30008
72475
270331
370009
179909
229986
493582
868516
730556
900723
487823
277164
740743
277714
621756
304617
579213
120524
723126
9937
346532
97257
413517
434394
949
802494
720996
177309
770539
121823
252673
337558
355799
197297
319859
171848
704868
356637
247776
909309
109426
690144
999402
518763
875025
374399
714110
763634
191963
28760
132985
812994
950318
368852
793526
313626
203524
913849
709048
602923
731569
326172
459953
344603
808505
196851
50413
269989
419340
942985
388958
578973
222879
259850
922052
291857
144808
136446
466233
108236
150966
427859
915030
966644
956458
974866
992902
553619
826006
334772
457509
162930
61040
102414
837908
760417
924658
552359
301724
277012
445842
88810
515707
620136
871769
662198
713808
836291
336611
917843
445024
739672
386994
144960
386563
182218
729326
443240
78958
719720
691197
862899
551517
810903
388347
510264
795933
209357
293654
454479
331827
499129
667145
685188
229229
259137
831027
4393
180611
81123
921235
858179
251944
931645
759203
818660
768883
446823
877390
668633
198245
822014
991758
487801
974870
807548
956070
210462
49281
380483
317689
20912
740648
292729
907014
277916
270821
516748
838145
717732
752463
212566
963278
433041
334277
714076
78108
747011
362074
527729
79516
418729
414877
10104
761181
606475
696771
396038
976262
392132
478004
902118
27887
824718
720431
857718
259228
168502
656602
820590
658518
507630
623466
695937
356200
579329
781611
75804
800947
695137
728236
620939
643055
14428
966091
407803
194430
954029
411608
122394
52398
309487
809321
595546
770764
671404
865402
340309
921183
690772
845630
13899
871368
184073
334022
526150
190196
176919
456909
286494
559483
495489
141342
147417
626712
638326
422114
313194
109125
442339
689930
255322
605043
849570
734421
45892
467235
654032
857342
692730
528612
404924
36102
535174
732521
9338
53401
637899
478342
588888
759967
504777
589127
575016
914722
824319
309677
817084
328663
760618
838150
262960
700683
883820
141160
192993
201515
584840
676553
522492
612272
973194
642046
336369
298725
961476
306831
409797
984342
256946
15539
394567
758167
734527
474157
503898
897070
916576
709186
884913
590238
29791
262805
381658
861009
695986
879969
989361
757793
8777
363603
814453
433859
402791
250754
615671
968976
820712
513932
884846
951665
829345
112078
893736
302439
223972
598015
758619
427829
181730
797161
751770
532266
647659
211974
395299
540942
755730
706099
142037
583977
839596
758547
751422
431723
182775
715843
745043
425595
283926
90805
501945
498463
826362
878251
672831
706756
958237
720402
539311
75563
27816
445177
587258
540528
141173
550892
682256
793784
575150
61041
558545
963319
804564
116062
412829
626332
363100
992469
265927
546201
446708
984030
301353
748050
807203
965343
556753
798369
45646
546874
899545
155844
815446
519427
907349
961188
479007
603229
915173
108674
733868
161904
190185
57664
728038
501512
740628
286090
209724
193101
20442
95
170467
560731
254275
806208
226622
341310
942817
949811
132058
392523
930398
130228
987408
605917
445999
643513
100686
328171
932645
476257
663215
576707
775650
634296
707653
927653
240168
336553
753977
815422
748493
734529
996490
314624
581643
831068
467633
973786
102068
194222
774373
1689
577090
268400
309754
500123
429580
997924
151013
216363
391509
287239
75482
676030
4671
419987
284118
67337
511581
165358
291641
507517
893222
494386
5387
358048
659012
741402
200863
129545
542604
707973
293012
879992
157065
609642
711480
294160
316081
507417
981768
71665
392505
962282
492627
473910
967428
85700
346429
865800
91895
852107
645854
850525
193064
822759
331082
860049
216692
10798
1708
999519
562287
245805
165323
266044
26998
383704
111791
195728
773601
623499
597084
479057
755733
702204
485437
730622
893174
825792
481628
565430
513209
892086
765262
227635
998487
545876
169260
466662
191389
681996
163323
554735
961568
172186
283501
66424
402191
534765
649729
559024
607265
468335
45957
478495
818541
231155
495804
640939
207320
986106
543642
309990
155240
344930
118699
226897
858999
556
825876
954674
938500
369000
349170
564301
560164
379775
851551
593858
873942
737501
319635
902147
56243
633977
758438
768303
432260
561986
304051
588048
394094
933736
313817
95918
862984
346307
39579
646734
736717
517092
809191
383946
932397
28407
990452
909710
226686
189649
81348
686892
915792
163420
656137
430813
457437
238748
698148
787477
997727
205533
112072
32001
210364
779451
249725
721312
456861
273486
154241
969851
719132
710064
543625
679427
925467
365676
941349
224709
744818
753092
560449
952908
283968
92127
759559
352339
697507
982605
556578
974693
503426
500217
885982
110995
123271
956266
809323
278225
844458
561333
956225
407150
227625
89987
963613
966447
627860
650875
330089
569863
257860
886091
484409
719668
373995
789208
436273
761336
293191
590464
280069
487987
347697
287432
151065
148250
680786
232423
510535
381014
24756
204910
366398
606267
627062
352082
311047
466531
231514
12760
347683
563495
761
438107
364625
913977
857046
712701
32300
799329
932943
156392
89520
937618
581807
256320
595293
35240
40673
449703
402676
134209
857472
108716
471710
766581
461961
149393
910828
695539
618418
44215
585337
580025
94164
577192
247852
99823
886915
666049
545370
418785
843070
908474
283720
612312
289922
667027
674190
971475
981433
663453
789655
869159
110415
377251
733444
869808
126437
895859
502832
575155
700575
755212
342222
855634
175001
609381
25711
639850
521334
18008
364832
421069
647896
874538
215281
300439
167916
677943
475216
47919
38940
138750
561235
358556
755624
550343
341396
447873
29903
119149
617398
912118
640423
517004
965574
144965
540044
681735
477886
820094
230261
516214
224611
484343
923618
484907
853965
88228
977457
51423
99847
252367
674128
715582
63500
61364
543501
296140
619314
499067
811018
359794
990883
405266
137548
772073
742917
768807
126002
85058
568828
679807
683906
716751
914821
145270
278879
108722
620739
171155
329751
594304
337879
736711
984601
964753
577384
329282
956548
532518
27202
261618
465626
587383
475674
824090
465043
218969
244847
343627
551630
891209
994509
837249
13282
811160
75628
639836
161747
880114
809205
707768
409952
264332
277668
120620
29049
778218
467208
931036
310287
38858
182184
750011
522947
679408
637440
296865
899200
762895
219945
287621
29092
673745
400918
504215
899545
814723
331514
279741
291523
137824
179655
170343
835026
691257
823058
442641
113846
168381
871891
218069
135666
947179
57992
632362
750218
900817
748728
384765
473686
973887
522005
459562
173817
726670
983419
947479
684907
439622
573205
589805
588017
23856
853086
319732
550383
749369
982725
180426
274196
116288
98858
673472
519347
174589
137606
903250
323826
962573
437095
585664
454107
859806
458584
672269
781712
555827
45279
655315
763291
976532
351071
595393
372835
277334
181598
480819
990779
610114
229729
983788
717461
563365
946164
324339
980180
865908
777222
930311
430783
48217
729584
656639
38929
532446
786326
371587
152045
613685
649638
16353
959854
762977
612414
289101
68125
187397
886058
572984
600124
878855
117131
895115
846591
452065
407187
315328
819930
228548
974316
551005
983861
517544
366200
46030
682685
737525
94899
608223
599700
306759
99829
605395
288360
241890
582932
763811
167329
126834
431783
539286
99188
531836
800293
766265
343829
393703
140011
763900
141001
344865
928796
321129
832473
447472
411618
431617
325410
277781
354067
142389
160266
115614
94896
530622
599309
541513
795847
557721
638005
924624
442552
818083
308456
198934
462420
326348
383579
901548
384801
129595
658533
860416
459194
846207
309230
431778
684947
368364
597190
816308
751259
455770
549906
52910
648058
969526
122273
161868
363322
600323
145692
139348
352642
344177
555356
17671
712188
249752
774742
349220
162200
642961
343025
682387
146538
904881
952120
668981
873263
754851
994347
122053
790381
765473
670896
717675
196728
86351
997095
247965
42704
501172
226203
818674
228008
43349
120276
996549
204738
391408
748553
781762
468789
470546
340978
135696
529488
498581
176828
858139
594009
729402
998038
15677
197486
625183
470057
269384
540877
752733
601188
806066
316143
792448
213557
577950
727375
921828
430483
367875
267464
734888
839416
131899
622748
70354
13484
965738
798225
627775
444797
899145
690229
384901
713547
470158
505923
848423
342847
383802
325790
682548
832988
735614
814074
514300
730798
132171
330586
616432
645662
351797
879987
278805
764071
256259
639280
381477
547171
413269
637711
380034
283327
786482
762088
11415
386574
280942
513742
568077
275896
644980
516686
304551
773267
91637
882901
401147
256586
310573
543342
408846
991353
720527
560808
185098
811995
311373
370709
975262
584987
70534
184175
810098
161158
438283
578390
575750
54690
439887
420597
199782
731416
17131
319618
16524
335308
777292
398435
345362
967245
295674
16366
929490
582120
414021
124489
447388
463063
982350
578225
720531
749463
874927
385686
648100
921751
137096
724386
245156
879564
562407
706074
927110
106530
654547
192349
758965
678476
499573
723530
331092
7420
541156
91903
227408
443567
152076
345532
239454
901983
84025
768293
861270
447452
916614
188518
316139
555701
938652
613233
697030
326928
985705
400099
737791
934489
340448
588932
970296
159703
24358
846061
841685
519834
816096
231940
915291
991377
646934
976419
849188
661880
465732
444375
59325
920174
671101
545860
674908
792484
208700
668326
440065
896498
83721
480306
269159
824324
682117
23195
279847
597425
276370
922736
606442
783532
378977
455522
876745
192851
67033
639652
710915
328165
837601
254123
947674
58385
758346
735957
725834
318761
95132
102
339623
732341
958844
79725
368146
978852
65782
800517
164119
491678
287533
643511
853670
914997
990620
526973
917869
348985
395592
270177
121294
306154
384132
839300
517890
110024
675872
18939
428810
783303
128176
606548
318093
299551
611956
566710
460499
483839
335081
486758
759068
622049
859435
198054
517534
226809
795269
349432
981082
362823
425879
653824
471834
648972
233890
326471
149001
989464
247732
603100
410030
592002
723179
166293
677703
908658
391143
108147
85502
724568
549392
659939
733770
85439
204992
193633
173221
730940
655055
913079
434085
177408
971450
679652
132282
916493
330927
775127
405123
28294
374520
47962
79757
907742
458625
355404
983849
855410
435080
399239
174504
57203
276448
300960
771061
646268
755169
848012
220240
234178
934383
481375
241187
798121
491045
721008
563202
610931
547871
946457
441796
909459
368417
231515
313144
407648
93224
207710
799814
826533
362378
196693
109412
574869
186828
499776
560497
657308
846784
395403
663217
61840
90521
495508
791526
837446
863053
17930
334151
192513
298853
964145
795552
879430
974820
466817
671813
277899
907282
515182
302132
568014
890212
83907
41350
161217
346249
382376
12754
678498
771603
152962
624479
889961
295872
553337
707779
323995
345701
482581
436444
639100
877750
746753
618666
823585
756980
215474
802952
31331
332211
755489
329093
623152
993223
588596
793059
89659
777035
189691
371884
699092
542989
349397
486827
787538
415513
106547
148238
321388
530209
342516
599638
585895
165446
462960
460664
70569
905605
205201
84820
431789
289857
674075
309903
463952
631976
368908
315791
8200
619269
740829
98066
574132
638306
130473
219051
236429
885592
330405
89371
7612
250741
108877
804488
492742
291336
111200
396892
863650
476875
889537
776829
757612
983469
713535
528868
208625
636156
915502
951964
404522
757356
466484
680922
64262
811718
163104
462451
361312
463344
162676
814334
917072
3669
578627
832326
809757
983985
736629
187500
371728
218938
697192
736152
917156
300398
646577
917401
150681
804470
805760
383137
907623
817332
761249
157910
89872
13550
677983
185622
366223
74198
482435
185738
708524
970805
129018
527269
981233
359668
707092
914298
203831
48839
107177
187960
994649
633718
252502
632003
874122
61193
892197
998191
651459
793104
135051
628699
555860
412748
914570
67560
370460
268862
39799
608021
161108
872073
915286
545785
55429
145350
626401
935451
914202
863205
128040
964081
942416
380986
935634
61940
794697
182252
10305
136156
475136
527093
