7243
580172
436621
304397
637939
549323
789182
81276
7240
694549
110983
198121
484652
52762
604008
509428
696263
23842
218094
281940
857158
441069
74154
210212
115687
730005
711918
676948
65149
264559
691843
790816
284768
409169
499562
14813
146357
492525
881965
430768
227286
4028
394561
221337
220861
650998
805115
205580
265074
520157
332492
853472
189230
291353
176378
24832
324588
53278
307004
574016
154827
427562
411313
796905
398178
257578
217598
317909
85473
677852
420642
823063
80351
662927
665016
820785
702726
79975
718825
215977
196855
589341
623723
331381
878170
448291
551897
763603
586183
82693
171728
56949
728426
696139
378500
899002
829943
17755
327677
235608
875018
536347
556145
141877
513945
647316
508447
207509
596280
508914
754821
114894
99369
264072
683839
172087
330398
298000
117341
835583
340140
420976
515391
514298
756910
594200
533840
364821
71603
499464
529020
197643
684133
217519
369326
66832
710487
34030
710539
502442
676202
368602
192133
654944
760188
609921
222269
438667
116717
221828
210008
634953
433071
80290
274492
555376
271626
798101
90504
105631
717450
22645
363182
230480
127846
782843
122541
209258
19117
639777
556783
541907
211054
105732
74843
372867
871972
254091
521400
688084
34204
245698
22976
413077
38053
104287
642524
297213
78131
55429
67682
586972
530000
325127
204199
576429
706240
562756
122850
274216
793039
726992
187359
244981
366617
883348
762109
42523
882709
756620
424101
473974
447103
242094
200711
143910
76385
513354
625330
751556
22525
861069
28944
21008
332153
59808
202524
850149
273416
526509
829217
899342
303793
54753
828368
508435
730750
180557
183101
556523
221540
356423
625815
761525
412073
532173
6210
210114
228695
176521
445619
194025
141435
177648
285767
794910
449626
243269
469856
829117
312658
562683
853085
321792
744712
310903
30549
367312
511059
325779
664496
471417
769667
370495
364002
792502
147855
336739
430405
649803
313691
508447
322098
786161
260738
382451
838843
629931
480070
810202
285064
346904
277873
607153
241324
207554
693062
756534
649763
379315
201257
221708
661003
816103
23208
657274
548635
111420
607525
478291
789444
722117
321665
78608
316003
606655
363462
444249
846176
578395
65297
433732
508295
402170
706650
467252
712288
5079
328673
553570
769549
825757
720343
693113
793024
396505
297350
345723
106390
625515
844222
331937
133427
68022
733885
392736
701307
224791
139130
839175
18282
535026
186415
553445
97938
774247
850528
873255
247215
565060
794892
868223
463560
3636
340591
540832
772900
163477
777169
814118
713061
74919
181359
11027
306534
22625
764036
388339
785965
313885
118643
82049
540173
849715
563956
634722
21308
299716
409593
462543
81899
198989
216027
659441
467367
101563
266342
2245
781674
526013
691517
183615
825215
689461
123468
736234
736849
473673
800008
784237
56846
139638
441541
14986
163837
474756
531860
837664
117241
792052
682390
438256
151817
736565
622530
594172
442974
232215
821743
568875
325640
213239
549919
45162
401941
402840
355176
351948
193927
786035
569631
95122
392049
106725
874211
807686
100462
711623
98212
82721
66878
122267
191246
744269
175901
223778
501846
711140
247042
314058
638335
490359
205041
430757
333353
101195
620189
237077
884600
64477
343358
457891
272156
416486
780554
345710
678722
67834
566803
343169
628886
291339
871070
873437
168179
502090
706331
852534
371465
580621
162886
397018
369834
406604
580792
247531
853713
457030
402218
878926
787439
258368
634472
661148
300979
625517
141966
260086
47062
228586
625634
447125
254432
225184
348557
76351
852698
242060
631
496374
277649
496379
619838
17290
721219
480783
269715
228079
79722
177983
285681
691977
562786
732666
635994
324260
415769
817772
104528
393504
171538
580761
685997
280553
14325
167686
24416
317156
450199
798359
194373
63270
667297
245363
772607
112447
254079
544163
237780
664371
647880
43354
302053
606249
607877
269999
255785
737629
854880
627109
583237
609968
213291
31179
361066
61951
140809
118623
659403
607889
265757
251150
714425
336265
103725
793207
188124
569468
460978
658125
723760
749276
325407
288155
236059
523347
437260
521825
272039
285068
531774
430461
632576
761514
588724
371109
220395
36892
632944
898321
798496
381832
651361
426870
554438
147556
500873
31148
774154
61989
445007
104369
322524
784302
607268
136038
424262
484650
153610
310167
434121
545012
353477
370456
681109
516019
223234
407339
699781
265220
448223
815839
180469
100815
595830
184018
829250
825948
472489
606038
199036
206014
835659
726898
271690
347117
399785
189151
267354
806002
130260
314675
93091
717787
357643
630171
642585
374382
688265
650528
887276
586106
857352
563116
181118
754633
142641
622502
222335
592210
532450
677178
120487
723084
511770
769492
694159
791484
367268
894730
316204
6255
78077
39705
232681
659107
88003
572904
810783
864191
287421
100777
870580
655620
112833
889470
33870
35931
317734
9304
779474
460525
408167
607194
170942
450833
677135
77532
243999
190624
170887
646603
438895
220549
91354
184974
579022
403153
721122
703268
808860
55467
529681
890473
822225
747684
46109
318392
4185
110983
485224
647817
462768
107951
188779
428795
702901
264788
174015
566381
559150
63933
217736
385447
75992
340153
94399
414454
830952
610121
300730
542356
693507
387477
647898
524357
798967
242015
528
44701
321204
282292
747692
377984
614379
897150
137380
331106
207169
880246
451198
703181
784783
696183
467547
613824
311386
571630
701727
708724
883530
570638
101345
558810
679017
150337
840875
725920
480857
893688
370862
292243
763186
159651
539782
687391
869944
750780
339909
252689
507445
347165
471839
53309
419832
140082
253362
660923
349609
520681
9775
417452
672135
798182
205129
893851
65217
410387
740601
699263
86157
171445
280524
733693
185736
112345
299082
436810
276043
846445
463363
526862
578758
343372
272087
791203
564987
313201
539746
847613
121306
846253
153155
246276
160725
414835
389800
729628
854495
106704
72248
362694
680646
428568
616284
303615
52873
342395
648555
880358
675575
646967
270800
21115
842247
42535
194074
710435
97646
474489
329536
330120
182592
322974
561615
290973
499718
108698
26001
500575
736216
227867
357564
514135
660887
126150
133396
842813
543593
671628
156253
298198
599090
732956
78370
708702
814604
433299
355227
298144
211843
515278
824479
564161
207984
806560
710470
209821
11695
848159
542328
227978
827519
472440
189016
137465
862709
554339
183623
466747
493981
120881
171990
258463
89423
688961
85484
1625
53994
776691
690063
221311
305263
378932
385363
764045
575325
9432
475516
174056
597668
569701
726866
152255
101640
91595
734752
604174
400244
507858
231913
267133
818584
699245
706696
109957
281345
291914
547009
483090
226036
532939
642762
799395
494759
860398
29680
113038
680763
740936
563175
189217
285625
540817
183793
502916
785192
382745
397962
317850
106281
557625
446926
68423
528975
185443
310760
718539
665470
734907
734968
34059
64383
710207
854239
219633
795293
136290
692298
256138
409247
714390
294169
696493
301538
676327
775563
698940
610258
147077
272456
503042
490598
111226
376426
421245
417109
839386
705737
850645
358104
738807
793186
342922
304190
29908
796227
305996
898470
172978
892853
40323
71548
431302
547974
393999
82643
866283
334611
805066
220987
667284
50767
871530
15967
51258
133010
830595
821407
367475
51520
686024
886181
130020
246868
476562
359237
35949
32553
796217
425174
450754
84390
688159
127623
548763
126212
89004
345888
655393
497117
116628
533110
845416
164946
698389
73898
882652
615640
871933
737503
805524
615937
175720
230967
858916
890659
483590
53705
416782
680263
356123
299808
813176
839536
288064
360147
327801
542213
819144
231356
517676
255357
385821
115256
730119
428934
324520
796282
703142
486802
94863
262668
304480
747103
280216
484963
415227
178785
42636
234077
236796
563342
354871
245818
485302
183334
497804
319924
342884
649661
469990
135453
666290
513863
525576
355892
771284
79039
72742
532195
151898
723827
209053
135831
531868
515503
852829
467581
35055
860996
591847
231926
116986
731701
790065
417271
649826
316446
366534
352287
327104
660930
714442
251765
725877
182415
36635
353950
213140
468816
470228
78840
734141
23951
196107
194934
428874
387749
85018
572249
72130
6111
305339
443303
257676
741934
542956
91978
555613
719596
402769
295368
609330
504486
497529
50746
205497
740138
65049
474955
696522
58286
51797
259407
183667
714362
318141
644349
246672
193972
433428
421355
93402
153126
818155
357124
143222
350510
499884
544073
238862
126370
228211
328545
487037
308477
241142
687198
817732
516299
164646
234606
501466
743085
120494
738714
874304
805289
119607
208799
58513
672177
872366
318022
789817
666286
792509
234754
54173
437929
434614
80006
607480
848341
10191
707232
692998
519613
379718
59158
116600
580582
371686
829627
633576
177952
538082
620366
32807
107822
825822
195472
681874
387983
546253
423968
774947
250409
540084
122228
430596
110706
262574
139542
238078
301242
147273
131481
579407
233752
632205
45526
461530
246287
888253
510535
630585
107452
107414
30752
535277
49503
500148
293573
876374
169700
614804
301483
786238
139373
581844
526255
8271
150685
750327
840045
252549
497924
66180
368223
44926
729090
386734
680626
403918
750298
192303
356390
330927
105493
250125
366306
637718
120047
399774
282065
320929
449602
545352
179613
723148
26605
45665
295814
638755
276768
831541
405887
192785
262503
504582
340038
448342
74576
574414
605630
81496
847867
321856
87691
780753
623966
341612
880457
522822
363890
239201
507560
562903
302301
718028
868104
300498
634140
721599
563758
333250
368429
865613
137376
322149
74807
823442
234851
679612
810102
335696
573262
233403
731335
538676
764906
701056
199244
379702
66536
317376
188412
801375
588639
150269
691210
43493
581089
511668
425585
469426
410362
190354
21785
829827
852228
659687
770600
788876
231209
819411
36520
177753
314902
277788
332848
364207
727031
193250
167794
188592
78485
87530
666145
709373
637482
650230
579389
291639
455709
503221
108573
634782
72414
531255
414615
57946
513727
559321
472110
398040
662732
705119
573657
509964
240841
204447
300076
811349
781191
423098
608838
891070
249411
241158
870902
609248
644411
299910
430250
702021
115054
659387
361013
117575
605071
516915
3932
179639
431428
318016
25278
825466
712609
267076
530046
748398
855773
1064
704974
106730
183214
57548
657754
68835
680646
726329
324238
131658
77865
196338
372644
205267
42409
448904
648718
330737
58432
890956
883452
188093
550441
732704
681771
797078
116444
191399
758890
453122
142020
592603
143786
125170
300063
781821
133954
787331
77713
365798
310428
548321
63621
734844
690400
57030
634401
681729
35994
13152
88645
555462
308202
590225
195008
500636
156905
719248
525967
732939
207507
532621
652339
347003
251861
763697
799726
318448
704915
410563
725978
575027
250838
688999
881349
415690
408945
352098
614508
611754
365615
367513
83731
270595
393499
605206
751615
819450
879500
666348
566640
707636
467466
97394
525183
879565
395233
444107
321071
10217
348321
815015
11315
447042
377615
38850
638524
804768
739085
383754
456285
747494
2816
346686
7581
836201
364707
594641
788152
547004
186824
890638
205171
433126
540230
98902
593178
721749
791492
189668
638456
637772
766720
257074
529521
720824
470556
810773
396255
676992
568805
397762
205320
361627
330434
505268
742328
568283
848662
555526
898144
277287
644177
208890
109035
348742
448761
148508
61241
88663
391056
581313
89946
619358
732995
841449
126280
685721
393295
432707
321537
311888
579536
429968
741728
39307
757127
328575
799831
570045
783175
579448
562795
827038
91324
344052
770636
569303
66520
823657
763440
61910
173275
384196
882059
110626
106591
594031
442220
600200
272542
360882
742359
308339
373952
16501
823130
159931
845924
777764
411407
381460
633610
576459
656333
236551
850043
609056
601451
765469
576086
304993
136659
438424
199160
841170
194590
684700
895015
550217
286641
813930
278523
787877
194644
65998
481066
156792
686411
1326
353966
814277
39507
543523
111189
563300
649050
334020
354756
429315
361883
245181
559625
164231
244085
325471
299068
251088
290888
717969
755280
465914
734571
20548
717660
247711
506636
371396
491105
16474
697253
375498
825272
836647
134935
669966
482010
781703
657414
679482
880746
725599
491921
747194
390050
835807
179020
603535
649721
346720
648348
883171
222382
209415
619790
615639
388084
162918
775124
63289
729306
781218
174813
690577
112950
200399
297776
351897
561453
433879
891877
335821
109921
201017
759264
833816
899320
337390
667563
219022
733349
277639
177998
51992
577717
177843
381998
167178
583864
704989
577215
673777
895977
817745
96871
89608
238076
81119
416561
571785
732004
497144
364331
57728
61470
639318
781212
28443
216605
25112
506341
393886
822642
154346
260531
154004
311832
759875
830078
289280
831258
549640
110434
481360
863714
454958
329175
68371
476126
106172
729391
332129
311856
153839
297035
440441
312883
221752
856474
454184
832646
432256
9807
781445
131478
652075
875198
210522
227116
321146
506676
15836
66127
608971
631888
35995
869816
752123
420801
453685
180081
644043
95997
658885
518024
753216
491195
864410
63862
857156
425453
364450
852230
689835
79998
106405
171332
706672
894212
244941
583876
774301
401570
675587
467276
376681
276701
883509
453279
752572
72761
42515
434855
745966
559055
721466
174558
354030
711469
489064
794361
14239
273162
829357
287314
148860
185860
702018
858992
102843
51768
313268
753653
349712
421085
248825
678116
50184
828350
211075
868749
632022
472626
752498
777334
447083
781850
511139
551751
697214
597430
691558
414578
816139
707780
526670
872862
884503
44918
829570
448207
823666
829519
347600
166867
270965
67930
794721
600619
749419
513542
773800
426804
173900
635106
65971
482321
185285
275185
450468
752343
613971
509194
199898
692724
337197
236559
4904
306973
869250
318280
145927
394387
839640
818556
770759
449457
180083
211659
442048
161237
110678
301834
876968
447688
626724
259579
820029
565036
644991
537129
46689
806689
692882
565405
627654
691092
829290
180896
454751
295492
209694
289742
320726
690418
11824
528659
220092
21156
498316
6053
334171
649110
62669
897085
706695
855839
255775
209939
771827
282235
220511
259989
425183
2362
766078
364451
831983
445316
532132
454154
232535
690087
835986
774588
48787
490239
716288
690409
760659
682752
525989
675100
72020
528131
726644
131763
81641
87851
456707
344092
744504
733523
271624
153897
172289
55414
574556
267216
124185
488410
882337
315138
877525
294329
124096
663430
134178
568942
615338
457393
411377
448633
172257
133315
325807
833870
198767
769441
685843
359488
518164
700363
313777
10342
862269
372218
478347
648776
432431
161176
621799
65160
255492
267963
395740
716079
366956
810207
731142
501459
33716
799391
487577
84674
458500
774672
579314
397197
423842
562971
559080
627892
142549
598964
709730
530698
376996
731547
53602
879621
88572
686031
684063
191300
570512
482858
55856
436925
896667
26301
891268
397890
183457
361064
443951
391407
869875
875734
526559
820051
365746
151667
248237
480121
766763
367659
491982
617778
187808
20961
244329
588320
287175
558920
590787
672225
299979
885378
418902
676982
341104
680434
669408
120943
108181
780800
166616
341590
64146
736584
850107
126964
522049
414175
650788
800547
575673
417092
323707
168082
347828
156799
591012
583790
56531
108345
853656
564595
637080
697367
645457
576751
160528
124820
533950
45551
194292
624121
230966
132233
692196
137852
786346
83205
135348
329523
253875
629992
580963
136531
351723
212510
774
406569
484855
846659
86052
844148
505538
446543
454074
211741
285701
510812
338719
308853
803137
849653
383361
660905
43247
172796
495950
448100
786863
492440
412303
557378
496318
221946
876367
543052
552739
514122
119129
392980
182695
496115
807583
185263
853028
783591
84663
155498
265206
747504
686816
519050
102095
514453
367778
122564
164263
153253
432435
98261
270576
191842
41270
744736
562695
290541
590975
451138
802022
497227
158129
618035
154839
422001
536040
454332
876195
534001
679634
168303
471817
558688
518039
624775
229546
255843
807706
786685
800448
682902
58904
210212
33583
744952
735886
835458
280244
653719
304471
708299
475514
642067
387506
150907
607659
440338
348930
450224
791555
200767
455599
102018
850849
795616
816873
197376
228887
863411
294829
659880
375200
843651
713281
621315
837201
213741
75353
271643
66056
635433
291260
505817
872481
261784
671744
250335
888168
452457
68593
220127
109416
706695
80529
519446
21506
490979
48314
55241
385305
539801
453759
637146
271338
679457
100944
830407
270074
595733
587036
716095
729927
515898
326513
102690
724448
14157
846335
252692
130641
711211
458170
256701
190934
332477
703326
781312
416080
650974
394285
729430
659958
813066
92116
592134
131811
249284
264268
192580
817389
358564
893052
32035
454550
304380
8539
542936
322779
126438
493491
859981
819818
168780
498273
331294
64944
161491
822073
748819
224016
337060
828231
822522
217488
533016
20976
427585
20846
434464
156599
398925
128079
535823
650107
583898
420664
209092
602813
535152
448886
654967
859136
28094
243319
188159
395625
768565
260859
53022
845382
241732
146181
252202
469707
806283
474252
556921
691287
540318
72271
791336
217237
339672
799813
775048
886047
297273
640369
417062
807996
874494
357684
743413
391370
105948
180765
183417
572407
155288
634043
673139
506889
710150
346452
687876
875262
894300
239886
370144
580525
297329
216522
727473
530731
137816
896560
743237
444106
887091
500806
18261
259964
647030
463674
795666
18325
20154
778335
654446
820270
325146
660084
888580
476614
580045
51871
6374
692963
418848
177689
394241
517334
657263
94819
737647
458237
476832
236791
819097
694946
79549
168825
639718
286752
789100
229324
716548
478309
48940
812865
870610
687891
410414
336010
549127
238049
96142
368364
251171
304159
553804
194835
164593
636279
804875
852031
830677
100366
255494
894108
461047
601673
436874
553200
642124
805293
98228
588782
669054
576766
139719
141383
516184
411177
471530
515808
851215
265886
571260
223006
274352
43349
254357
249502
164674
486930
730874
353
648728
532098
400284
654053
509142
323717
857582
464303
640892
852710
148097
443075
810100
409989
99550
670998
297268
815381
891648
273019
440977
51233
31115
774682
261280
158122
377357
869599
389610
709548
357455
176142
628427
238367
186679
148756
64615
720856
179582
578488
7946
73871
122377
705105
381178
199292
278310
367057
230620
641627
465445
877503
694751
825582
553008
836835
72328
228962
118473
75834
890267
477673
192862
605929
856324
201574
156395
415053
652415
261512
726061
267249
281610
494445
301662
218010
26564
324648
608402
496124
326658
359806
571149
268464
542798
803337
530783
581181
610780
161823
729981
230834
93803
127437
80700
708982
360500
626269
454188
714102
795955
53208
637872
665661
206287
417508
136566
103203
431847
736077
722711
192764
252506
642370
334924
441649
554131
168375
15434
522700
597104
75176
89949
890732
2861
851901
63805
180121
834898
811976
380750
756209
491190
271627
297754
438305
380238
536471
724867
85551
673654
15440
125320
242900
342042
689900
347670
896327
793473
881050
253064
434644
200215
43455
99228
284684
107702
665755
473683
660022
816144
17898
83397
172707
823740
881031
324703
233536
433146
809931
389274
380932
591588
681395
26009
240040
184084
217568
639583
432918
26764
865719
643754
12122
138630
116744
199024
482390
375096
851404
303700
98354
489315
722952
240837
258448
5465
304207
160180
253470
495432
198115
477488
124452
234887
393820
894815
394557
524892
875137
405243
394050
398792
413042
550630
282050
311568
280521
32620
302126
401097
93653
187700
738992
926
194022
724098
94044
503137
247303
175404
610431
31948
744900
495575
648468
316818
137869
529421
462997
781512
715283
839293
287087
839241
115632
664432
294382
661578
377155
493091
592311
440571
644824
82502
818197
531671
733190
265999
24266
384680
394322
435900
700999
130937
141554
30947
299384
643802
421963
108024
881398
120362
424379
555355
501024
377348
636723
596250
294308
18056
847356
415178
853590
798724
776603
404894
681091
425439
551439
423138
563360
675747
889206
203479
215579
310212
399567
725002
320595
34033
453531
707859
369572
446678
319837
897287
439450
734027
459360
315099
741127
792413
502552
338678
532559
1271
15136
70609
878400
230925
454019
331949
74752
135748
883798
81009
149214
327649
23458
635359
306923
280013
83391
23666
721153
840961
779100
735575
796929
6260
303196
493508
209979
332126
433562
514105
843430
744840
562861
707922
365135
79379
215814
153510
163214
289505
895414
625439
47925
841604
807117
13174
78018
780449
375069
419114
131923
624511
196829
88765
100505
845298
38153
648907
87429
495615
199271
328936
190270
854956
616164
553109
681429
846022
574045
816191
235760
682125
226522
338196
238051
242944
766612
306530
437725
585248
224504
161806
830237
255620
495747
179086
312869
392537
151245
776676
635431
871539
318882
96247
519069
877077
842731
4175
398837
327481
772588
328813
129704
789500
746854
23845
60300
571593
461948
75129
285119
528128
792115
156659
263972
620259
727315
780414
484298
778397
671882
444386
165511
466096
476880
727450
321317
526169
600005
643859
550675
884641
592822
708004
658524
148259
484798
226117
19508
835509
353385
100237
397038
717589
816084
832044
420394
69777
213488
802305
597068
60627
421414
246905
714025
867431
766164
367429
598235
467435
29685
349846
244179
441778
887039
425112
357581
179700
48518
197608
504511
314166
683198
89587
276748
668337
219741
438765
555381
171330
327359
813547
427823
292909
21155
869853
460336
547247
192947
466603
29346
804639
431713
41547
305754
310847
227308
103805
864002
696709
843778
516035
174674
251904
890112
224704
543294
442026
20308
769099
102729
372617
411107
618128
167831
281953
871815
264867
431616
455866
103472
129858
150752
419721
92268
799623
560875
641245
311617
518982
647358
71944
613942
515913
649232
781065
314578
623302
334152
410194
380796
788665
543752
124635
389441
758147
561191
74882
126004
300511
483261
818012
121552
467805
868567
283517
676793
336541
626954
262016
201825
577193
807204
889011
449638
832207
230590
253219
340504
140346
583149
310175
677721
221068
42520
424395
765629
681722
635524
620644
699440
243236
796747
325834
326167
195983
769484
836015
244334
58113
808155
14939
764177
302137
37785
605850
686006
444936
565022
118434
42296
638896
846291
272260
830222
714551
604892
613774
396666
188775
832370
259835
342526
91974
522287
848984
439880
798029
597315
721364
741358
257832
872355
265603
347284
432489
194177
782863
233131
468457
517206
10748
50099
595835
600956
92661
730529
741294
405081
396440
85628
660064
464661
621243
565089
348442
787980
854522
88135
5964
810303
539583
2429
669477
395461
85228
809839
493998
858303
590567
197831
725348
134986
98018
422256
477393
643949
624903
664757
280614
17777
396445
604104
229495
239312
681401
439743
171891
855655
265891
338553
662686
588069
124100
197663
454413
735046
363305
34853
831069
822745
49271
620399
846736
577020
523531
686896
253317
611977
717004
504238
385747
536042
316656
295330
272385
739593
230855
840155
885925
506722
478888
827458
765112
86617
815863
766904
827027
575112
323695
130107
747208
672529
148273
519047
708158
797970
326441
672506
142474
870166
870874
787184
730759
462056
724390
376589
687955
843682
419803
778073
271653
492963
182109
782757
40462
124735
697868
202572
500395
300177
504242
629588
772260
290380
578859
216596
326468
829263
172209
640335
717238
335574
41827
770879
579416
747149
867698
256909
532351
831936
43144
638781
209127
384621
21813
783110
470484
869403
309911
4766
404682
736708
39845
264789
787557
537934
81400
423928
474038
750103
794583
91318
839291
572526
331389
90559
664986
524831
537097
848360
109433
679398
206786
864362
143485
616133
434789
480747
283422
819888
89165
281268
787395
27654
659997
502401
561503
27706
57196
591224
137639
455951
245678
772945
334094
4706
885627
737876
790112
240257
490655
465599
81271
859034
296894
606470
279261
45518
874689
262453
606495
672612
776512
805330
175690
739737
155182
488349
475782
340213
141596
546777
827339
748058
795979
176996
851491
531766
84882
715234
74110
558231
624519
749848
885452
591838
550510
639476
750331
160460
326492
654090
540845
786585
363174
834714
367700
452899
8683
623629
663885
513603
745626
503581
48311
573308
536770
57364
812142
264589
626452
589581
602089
400358
641398
346519
888460
260503
10887
445016
367082
569123
679851
32462
711450
244083
303090
872177
434965
117096
131849
393652
822026
145736
71484
857290
622654
566874
618022
751301
889155
612236
43959
758553
639732
242481
411648
9151
98698
35369
582302
373270
24766
281048
821377
880708
388572
164728
751128
885307
123072
474890
126395
516822
148719
266888
733013
813570
488597
526934
725196
871706
162966
407671
256141
481482
564371
794108
236089
773365
126268
47575
524294
508338
770828
778446
554995
830929
551461
411018
399757
69692
426921
449519
206775
477432
7698
810438
615449
176011
735247
428694
502183
572023
573051
848690
752332
871812
894427
868940
697652
538877
324404
290854
639731
528592
149767
708393
892181
139641
125482
651055
705059
689688
84325
133338
529454
628734
335845
437832
623804
130727
729184
686814
284236
262049
346662
846817
321831
423564
789856
139267
300293
674361
161319
521466
257017
269236
725220
47181
1083
63038
526912
778120
414992
424147
275047
676336
413079
663979
658109
308688
19570
556924
529437
620656
158799
49180
873450
805863
838195
46372
79892
495943
64034
461200
768042
786775
820589
798083
94038
656639
176472
146855
744665
434620
536038
760818
172771
822195
338500
355748
896495
723426
64304
17805
127001
186194
387268
261387
338877
743049
687426
801873
129101
277756
654429
660068
638671
48193
824609
207999
779473
176130
568577
521686
686314
47598
251163
861111
451566
829961
135914
283372
4269
747524
484232
377437
552616
663559
720062
581171
321745
539787
151081
117847
465311
439076
271946
336537
72043
140315
258731
659053
716362
871930
116393
58191
839014
299425
827106
189895
596219
741366
349981
141224
276012
651672
307152
681618
196511
407476
172625
177591
866876
835024
116925
818171
294909
552325
355647
487508
414866
667819
207742
635441
413524
309708
723525
511415
294723
326426
54736
848359
483423
486588
461232
404283
399231
739235
205883
81039
196402
604284
612979
363740
589200
564606
208017
128639
614619
217890
597710
214073
429911
389491
219886
168463
42756
815195
503913
161458
528692
819965
664279
357433
15885
217441
138296
841866
418300
604073
528477
651159
182740
377379
659254
737829
134754
459543
745017
769672
76046
272384
474155
427915
65680
527447
374351
441580
206924
172427
121032
874083
636588
371821
22669
742402
745529
93448
257096
3096
819830
741070
520522
39920
181529
811821
421487
633367
40390
741248
172201
539355
195753
89890
635468
418606
785712
541469
552021
894218
630883
166784
96984
890382
794081
656624
105764
533479
798680
231829
420053
634186
448609
441749
183254
442973
54261
231134
886097
834709
401328
757437
418581
48762
570945
248844
244227
7271
30186
599591
407285
293198
82427
658047
415050
805561
125989
673032
218098
638634
224925
277677
511443
620291
643088
535044
121878
457698
595421
25979
99345
701700
337428
767825
522738
165867
406089
371778
325476
275610
655412
428282
206625
766429
619848
320267
657557
174885
328718
323866
756682
61329
611485
834259
532629
639048
288856
820701
198877
732035
868997
814887
153219
561576
398117
166722
725458
762672
426901
718121
615045
399530
523840
840634
86511
273401
114815
158824
155435
757816
353198
4042
836800
759678
574091
431755
224400
373277
838830
193124
112126
173860
217024
511591
441370
808068
767929
575538
477035
118095
723514
80675
433175
7196
568195
115211
429010
868775
403731
277947
640384
660374
210298
694747
12809
299575
897020
592602
3768
802661
598596
792447
872335
408009
692674
389822
84779
51420
463523
453958
110480
625962
131947
135159
359889
258035
875314
149136
573054
755596
449016
429191
139562
244610
483910
798130
411863
598302
631395
764194
536929
370948
2383
864272
794596
773718
163487
350928
672746
377493
642006
546433
133173
26055
691933
629894
317413
148052
278687
847375
506951
80650
525091
802832
591099
736321
731910
678227
426176
882233
58996
866442
508446
664831
132163
710172
803727
271599
406445
10977
46570
670355
820872
783817
313358
54729
728579
506550
3400
850562
883295
100714
267617
650279
768999
340474
234856
303638
82222
426050
789271
80299
599876
424915
246723
317402
276436
799687
68197
118328
640477
837845
276545
182329
360171
883840
403312
387763
377681
681162
167694
866882
568326
334534
835521
843045
186553
105034
309540
646438
631217
98211
390640
468023
116294
233315
427462
661656
870518
854837
318907
148981
483525
524145
67168
47403
370772
841323
259245
417259
214748
574438
3402
697975
91367
364518
852698
371786
739468
153699
104932
276757
18981
861465
141695
130979
711406
601532
564217
551965
789085
347081
392772
828970
863384
528376
141213
642094
503095
219118
112347
888052
647799
363983
48817
440518
348472
353968
822016
660761
188020
86505
522364
340838
327037
845385
849304
325970
642513
18565
780720
821135
354812
783145
863060
662683
204043
117327
797292
509798
892744
92300
571149
370066
797527
856871
638230
436627
672172
345350
242087
357717
583878
214241
573951
481245
167404
817303
769551
530824
27171
866431
335713
792847
833865
885047
443583
593484
182161
311288
515457
426934
74043
360395
556791
737352
570159
500
212654
17185
869014
360749
778147
24580
831029
185614
339138
478975
310471
881735
772857
375560
563862
730704
811294
307684
460054
695480
30585
387841
208094
777689
738191
638243
897636
214733
536909
450364
521459
410010
63085
764244
360460
460200
632104
330345
500662
850100
794584
580911
38787
136669
754729
42040
229185
514875
422971
355471
884217
608207
67542
190687
828007
682262
879307
764688
381399
106551
845251
381393
664376
870460
666375
416081
497888
67037
515851
589895
628604
712759
432183
407282
405074
17852
790579
365115
407829
349444
674990
890391
1316
658402
482251
532200
517823
317553
826473
311330
352839
884685
528846
521227
396754
173822
288239
625916
528135
536654
341982
139620
466716
375676
470545
164588
685353
887369
170763
502261
862600
772144
537353
768765
331692
703411
728587
473121
80027
807216
306236
486172
288330
603186
782784
332750
176467
859652
227930
130584
604213
608640
297655
289763
718729
671366
701786
752992
732508
824680
594149
202826
690061
619234
351776
82184
451109
214407
35146
250542
683246
422230
238905
717091
311122
114891
812559
53054
632977
759762
462747
203689
226430
816791
190569
531816
344503
431865
582727
528243
877791
94653
878389
462110
532569
355230
459337
551674
174947
276705
291260
198708
253741
87367
410644
875963
869844
600316
585902
222367
140768
81165
468807
604245
379638
468023
290664
555351
266971
717081
379628
376296
198182
52651
726832
360597
290399
146408
75286
531671
554714
429895
788949
131925
378859
768776
349888
690183
59429
149801
408401
863381
796499
856536
341650
609789
368177
879171
45832
119892
61960
829771
420861
126116
682628
610263
177544
220723
392148
589093
598139
256804
381534
771355
38729
338967
742268
131676
435442
257611
138871
280982
774156
38340
110878
18488
709456
843111
879651
764448
826046
570819
670834
204242
737709
324234
847791
803493
761811
363260
281579
399960
353357
85892
185602
679458
304877
423228
323989
732007
12669
532556
556831
395046
274804
889232
84118
774063
895156
701687
846399
349970
408796
192071
159534
683571
633233
412894
548889
454297
293796
68660
379096
842885
469408
784988
755196
852992
649139
236137
846665
545486
806775
268014
110545
746302
63451
453853
363406
670339
705746
348016
703099
318813
576600
119238
585967
186896
566301
239142
345720
538359
651439
866943
610608
817809
555720
9520
422719
568377
375665
874563
304876
577779
542289
674228
808801
5250
746167
150511
620442
242007
219552
333495
7465
252324
637573
91331
295562
830639
551108
834788
427294
42434
523113
885377
443718
4383
113016
390883
286654
702160
171802
718637
691635
379388
628834
420930
837411
267670
428379
822250
805327
468304
18928
236016
891679
252909
709015
12003
25170
590739
139163
72604
140704
276991
412804
473759
389423
349395
776357
405786
80430
442378
779042
888298
136850
427181
453084
386717
28746
671678
488827
298771
258881
28273
802678
812861
644207
891994
91362
14856
253372
653409
380277
380819
364147
884082
376470
38427
363966
392625
496227
386520
30020
59531
678077
718240
581339
259688
400532
237641
231884
762685
306539
48684
750370
830782
492968
249093
2222
561488
570554
58327
324539
221372
835207
701132
833225
245791
284209
635642
499848
452830
463013
775617
642098
819255
722240
55345
260933
26227
336285
651049
605051
566328
866303
471482
337192
595707
893016
659594
761840
46642
478068
286292
519299
875912
116357
233964
562358
187913
180907
373696
513215
504989
306016
723323
779053
823794
397629
658179
407873
593553
515661
152290
492333
174707
602700
759713
86439
806093
517275
231888
597065
504294
313955
289315
666057
445353
312834
281943
1232
286101
870807
459922
724186
462962
803143
231335
299145
73151
737290
480601
47845
766343
402869
463959
404436
624242
269796
817222
718418
413367
425220
122620
429261
227918
91066
429736
798912
594755
878164
844144
635402
67240
518794
338194
482602
122594
245007
337484
167162
407875
558298
346742
347013
810488
170444
84365
34661
288728
133053
882187
77469
266365
811272
865874
423568
369007
727823
100104
638397
656635
336940
394107
209368
211395
475606
587685
444837
379408
297132
630315
328339
689762
818305
308224
320083
179528
421220
396775
846228
894826
556074
506229
890141
787747
280091
496789
184902
528909
280406
765573
804147
348309
432129
706717
24621
618189
652465
395760
392511
717440
347378
204619
871018
511360
682419
774490
141222
707419
509298
469514
776565
136396
289439
805609
387141
410702
696240
856201
264547
188747
252417
666692
799446
32147
613317
468858
325567
571848
519629
343061
882123
294678
535124
697805
303506
210688
224005
358088
546799
69845
1801
743449
231196
64098
372625
648361
845354
197633
717340
728819
415386
244399
715045
311817
444059
758683
449261
342709
78656
103385
538016
77210
205789
30455
716614
314392
50494
16647
68521
564142
506404
631995
770430
790201
843645
253711
23538
151899
257151
533600
70770
407703
475968
479547
251863
278969
695285
407344
775724
539859
139398
687940
298397
167873
833834
273094
661118
18766
14628
146809
722229
141935
507705
779344
774757
872206
308588
533369
486424
712769
507192
485392
28328
396056
452266
660148
14122
54486
402841
640854
522327
386423
263523
170061
442712
483152
97413
536807
850542
46867
859510
705082
811228
111505
154848
169497
8017
146458
513725
293282
887509
897825
240042
118996
391728
818971
528266
99677
104466
483014
615482
706322
458338
780741
553196
440504
476614
696393
440418
218846
658923
151564
372329
313518
887122
607063
480720
214201
101943
597156
212195
699663
416319
85789
169864
166352
210654
436003
357909
447676
281827
388875
739692
102822
148288
207491
765621
759208
782361
579730
709526
67664
253608
421661
64273
843992
743019
442597
509210
418900
312331
181198
511956
309380
427305
1051
866471
317800
558823
800181
85855
796243
716753
723243
52004
842841
110182
613554
58578
878850
753767
815469
231765
465920
358074
645289
785154
669565
432635
528895
729460
668814
810816
304477
285570
390692
370920
16094
112378
578273
179071
432308
398652
279015
831440
266344
692309
98444
385416
38425
878231
781866
398787
308672
695633
799091
587381
601652
810416
44641
745015
845449
652818
503371
641035
607252
231554
442836
845006
580745
505397
600126
51866
776293
306624
188092
73845
257352
814580
441317
209401
506362
369399
150755
366049
464750
434208
453387
794316
278915
838575
843176
202481
29191
832711
840944
782880
84087
392616
805336
706449
232642
515885
48899
414603
453420
5215
146966
878386
77421
667636
400231
728494
224025
160808
835507
604437
106619
701110
899278
673716
183962
764819
656501
263263
70942
767239
704512
81138
625451
738024
615220
486787
587340
289525
358293
257159
879403
797869
121528
458845
876765
131434
79670
717627
788923
240093
137948
544723
204042
142790
6207
640993
802204
246799
630958
329108
526800
364679
834112
762102
714004
770166
823148
788218
178827
302882
3607
633633
431337
720381
3431
338793
589466
119880
344950
891411
105219
69193
174979
634383
58881
49220
691971
487078
392654
444697
401621
77700
704546
808058
249266
869280
458901
813478
422851
663433
257666
699079
498989
215759
877416
455717
762343
863274
826922
420933
219436
670667
624822
156801
544268
392574
288067
751845
19645
793112
534931
824547
131247
747235
30392
715348
179964
850595
531955
694860
670302
792196
674135
278136
409371
313442
723852
784887
72444
282613
555248
817682
448251
173239
428536
405786
434234
350995
26004
847100
729169
50475
529776
548419
110719
162150
676278
300618
67746
15636
845585
169980
170913
194592
57357
563658
189990
755217
573626
679240
307817
815580
604144
801445
523144
458346
552620
864838
487443
116802
693880
187326
349187
609746
765960
829739
33898
629247
749280
328911
831558
760743
479796
110250
803632
22767
606472
377009
22353
401230
635126
10573
463027
321173
108781
829362
241141
15353
53526
7930
190041
719519
472050
611710
712728
351362
26240
259120
564789
109572
457915
490328
789262
47791
50943
852041
578478
889351
663340
553247
126848
614254
760867
453592
422463
264211
517741
206700
375304
871480
683451
399754
414609
714590
70152
460976
34899
70735
525115
660742
413698
573256
242441
82296
727549
601761
682359
804687
51105
807066
582813
231850
57336
448772
3398
373502
791342
504010
215731
615559
177380
60282
287711
356266
525534
170931
267581
184937
308888
563052
334686
602881
456661
466591
580175
663876
141975
509169
414880
424494
401611
248670
48063
672838
870491
449029
397506
87699
424551
266190
61411
868280
376206
441780
333061
107565
701318
780531
871829
562716
800459
560910
260557
757237
727380
845725
138450
616366
594593
671762
300988
43771
21328
470918
750774
794854
144431
446917
379739
296235
400780
548243
543777
572658
893545
750649
86770
255881
452107
686640
92468
252318
644401
886089
722187
743222
223489
353398
604468
592301
807102
393785
424402
700458
763862
504135
201926
677022
755736
883288
617879
588281
378147
128365
17169
589161
770137
747006
761225
168593
657938
817664
418526
771106
370285
370512
483292
139288
365217
513247
26331
305331
253362
338969
370564
224655
753151
507699
221907
278979
722104
367473
441239
515475
725934
208049
838487
783602
92834
811607
578479
868248
798431
770454
762456
132668
746531
376888
686693
146510
468376
536330
783785
724852
242146
172039
653398
321982
623089
127616
93921
724680
570709
340100
233762
657612
574289
21458
801271
453569
448297
758104
596551
406676
288725
735782
654660
254849
741208
168405
337322
482734
489866
708749
84612
478820
628176
890071
827565
833963
332398
814336
816852
489921
270291
574119
476985
206167
489106
115044
802805
570441
679665
58900
241206
434199
239578
822277
708391
304036
881007
165530
709806
150986
267386
691483
741678
592120
62466
332701
524269
77002
641882
713737
384944
684451
774484
481004
121219
358410
813907
277595
277269
240446
651550
720768
815839
689430
889104
771589
798725
776026
243308
113500
618677
200088
548013
121448
728461
335012
827548
769612
688921
525679
566939
132814
166938
757922
361598
820584
543074
441911
304217
54987
845563
568724
234356
690415
600487
665925
295164
421084
811906
251510
499251
175278
780452
626826
531111
70057
274979
758074
155392
332281
375062
523693
245267
729475
113908
496656
651028
499694
878362
769779
328936
864424
243755
524192
247864
709815
378001
481176
462913
577884
761602
398828
869769
33317
671039
357749
214572
523120
298806
802640
864820
772055
689191
339130
94311
227997
315619
795203
718010
472563
825008
675346
615140
415399
788329
856470
424141
717833
716642
26243
416645
705851
440938
720529
152753
498549
624073
101453
888096
267315
607305
30426
401723
464379
628337
149256
67547
805742
469227
755183
550421
133803
472263
493928
141648
724474
271001
348200
795127
136220
512542
164890
326922
436492
388604
583672
777647
762770
379303
598726
780742
730692
67647
395947
895002
537465
466647
460
433203
740140
778257
404199
138504
478537
483588
607689
376017
105975
404799
119436
601435
867298
223176
246065
327285
549412
694525
288278
131176
41903
382588
310484
471875
780697
482654
572727
817204
348997
216478
466907
119122
228810
449463
411231
770167
551362
687595
670281
411243
556497
881472
183766
374876
759664
793412
636956
255434
221973
785010
355998
277790
597249
456077
601675
274619
625285
650761
353107
126285
269042
258633
198791
765597
35356
236322
556684
430278
117162
257247
645532
13186
664380
534878
205561
307614
669241
805271
796430
551277
383093
647453
24228
618551
560187
236349
315806
78930
522492
13572
71026
197609
194644
710621
636613
789624
306422
111223
662433
636346
853460
880772
791317
616762
647597
295582
127209
664229
21042
203909
840125
459329
154486
899940
574909
593783
838642
813553
210851
438251
891219
273074
847465
367884
137921
515005
415049
828199
816300
104408
45715
178198
328149
218944
526666
230966
849302
651429
581115
762166
84527
614609
529563
860939
526862
385929
437949
373217
759706
309580
365644
46603
850588
563737
173323
152987
878539
351310
51079
323854
1043
269739
82069
294046
802528
639604
640269
796443
578157
501205
618850
895092
396835
452352
665501
686959
558160
128306
592854
559096
8487
620755
204271
591958
107693
139548
118732
714201
724295
15187
319826
172880
632701
217202
457531
434199
899595
453030
802356
766349
389956
246995
310611
208291
701507
771445
460024
114961
806736
894049
614174
442179
206892
899562
219870
736528
90265
537951
728865
843627
834184
604785
114656
450386
886848
555891
433658
646692
234120
193722
899729
788816
214033
294084
180065
384264
387907
276917
809086
779604
437539
483676
766089
168803
817565
735476
749134
802269
829620
440486
793341
318132
182275
525324
845924
263448
631983
387376
563429
412201
157035
68435
206873
116487
20967
293322
822081
194822
538583
72195
863940
482014
726747
664005
769738
748286
24240
791189
17299
538016
39474
224789
587669
305176
506092
68167
256689
132038
793982
142255
607409
604651
676073
416054
631168
446583
18715
154571
108677
383521
817586
205028
566526
881489
626830
827586
223477
834903
737239
454290
328161
204414
106663
698832
539228
651643
771894
373510
228028
596159
862561
634387
266193
101100
459894
219238
845114
822629
355455
169897
394212
461757
264840
298747
418336
267985
593583
542614
195871
99250
373511
227983
295660
726011
616104
810171
630695
544673
179190
816622
883066
336296
587244
7359
27577
666386
218470
826024
290779
635890
120040
227978
457839
518847
529583
81773
431485
635172
859121
633284
318779
628916
329107
719023
202248
212091
336711
568250
228008
702671
331200
614179
98845
503717
798996
537
684734
752448
816012
208736
454903
302949
496331
65296
479804
847658
11737
235165
793131
316013
181323
614162
589661
163808
293488
817527
431529
157249
356026
94545
27542
440200
226311
884968
498682
527610
886764
354500
730739
41595
741917
30960
234465
59328
182427
595969
587711
598690
175066
354768
664924
667983
173806
389571
139386
62682
723570
323050
762275
181779
77684
202116
198882
177521
168320
47042
21541
717611
819816
505251
293293
669862
201677
551839
671023
112904
132972
229312
485675
67948
235560
35178
579462
391887
630607
23355
123718
38919
374060
444300
585769
317203
416649
66520
459394
560492
361183
154772
668114
528699
55804
50524
580383
692421
45679
489359
342803
880673
797170
596848
188052
778667
86996
795342
502587
845584
243971
173661
251379
323721
856723
728771
884529
580677
275533
46255
278986
139583
8087
754115
844053
315823
576380
602962
762365
134748
368920
104612
543811
336239
412577
67063
203343
196835
119989
597056
676336
225912
287901
116335
650264
685990
103099
667888
268941
810895
700437
527278
200301
208302
744093
245074
145313
5611
445020
219177
619708
229232
499547
726819
200561
504182
696494
771480
604431
293400
592669
172389
847866
398345
258352
13204
384678
328674
808983
264794
373394
660147
601523
182457
421823
853563
191333
711430
89708
190515
659696
728261
523376
690372
123725
550256
595954
201625
344076
300247
281704
652847
531329
40225
542539
523784
581075
538160
263571
356255
415068
275747
161268
433431
634877
238740
181941
63596
627650
624962
776104
287210
456685
205354
797227
660956
82978
622894
312539
275741
236622
843639
335343
530347
746229
100919
255704
402265
541495
866375
667091
86019
883806
199695
824007
347228
71110
561156
685794
582372
597929
435179
753355
204854
362054
311964
651427
209405
707853
305058
799262
802918
76714
784830
32247
189872
328300
720075
674165
848384
665905
866589
378584
366929
347024
274179
803519
635337
403234
8043
251322
252391
404269
346116
36999
857465
328879
477567
392204
683626
325956
470735
692207
3991
684467
389519
83893
538050
881147
90434
199989
179872
742934
860310
502233
156750
802599
884802
592304
659905
873989
805007
449042
673178
104260
533362
350162
420760
452956
19031
271801
383335
202520
678905
89636
170198
882270
97774
225308
8166
593686
764640
467534
107071
559832
833142
302471
86653
361750
182929
691502
669511
531747
508338
526430
331776
608224
162617
328574
567702
792481
99432
82078
454296
424544
654822
235728
236005
228061
543551
13089
288959
86448
284360
31987
53791
799181
729377
179992
140674
227155
649652
513965
742336
767505
399737
460624
796125
613493
795644
402624
579321
647987
522806
202768
701026
584750
723063
769319
782793
271686
429254
706295
219922
316766
880287
718423
775300
413928
366011
504128
786177
427344
200686
408768
596496
147746
506985
877502
833270
6840
538015
739756
303427
148132
323013
127970
472360
723575
585139
752412
503878
421419
126087
88402
247745
684659
401192
656848
425940
232029
744488
27089
82686
445441
337539
799933
185467
213929
88612
882716
304909
422173
801287
449430
386713
877514
850169
832840
663598
372878
565211
529093
600383
537346
345798
115527
134802
352324
346568
228688
258449
172129
669292
660258
247390
535003
157848
846582
491492
857724
860880
210045
756968
128024
792504
732081
722046
312216
804022
14743
744344
223080
216726
80564
323994
834910
91047
409481
92296
497029
297507
182924
638336
52358
60491
761252
613476
101266
526449
15425
205968
633935
305103
265365
717323
92316
201781
39699
836440
95490
64896
425539
168331
92025
715398
743294
765017
562484
289742
328044
334632
693962
431035
63672
389957
183138
624074
768589
108661
851258
740209
743856
540515
212692
568231
69689
622136
24094
417219
380399
210569
753884
369692
696574
523402
186452
92975
325176
687328
309238
511775
527237
123861
565190
101879
423752
124932
698375
385419
298065
148564
374726
288189
97144
608673
534752
892827
14172
734005
192529
354245
883672
204374
624570
70988
887519
467258
110478
293846
250196
775925
52441
700542
668104
384403
623982
91321
766064
718625
503371
776787
450242
662853
644875
118136
516237
205582
128072
407598
283379
254117
192074
544991
80708
848803
250161
57557
427895
550525
621403
856062
450183
265947
82226
654159
550088
511622
807253
3365
705540
118015
548545
806183
865207
805420
817212
353030
726947
589101
189119
480038
623217
728109
179229
543991
788773
478228
539443
305148
380572
260185
663342
795084
737893
498773
720500
439703
88921
363251
46768
499072
857016
32227
483390
431177
272065
395437
280910
277485
5166
811747
892760
496902
157002
809456
163005
408366
832688
276172
828310
576099
650785
533969
580892
548420
707041
210536
504312
502863
295612
664947
9006
894624
405393
619892
746814
451126
809741
240981
508782
456290
237716
3369
490450
617267
87634
428640
161643
184825
45360
21069
163695
366171
776874
547097
255689
733809
698648
95555
353911
261695
751880
811314
783858
538991
235692
310777
611179
107178
640687
754853
572368
130546
756003
45318
290637
291103
553687
664055
233936
807604
711204
582892
801701
151389
783238
651320
715936
668808
335208
131992
297976
574877
691352
368832
674128
395835
429562
653567
152338
108272
287096
46929
358197
770772
651574
423745
875901
612067
197859
825241
32929
601941
813132
647240
120519
624700
844587
219662
262124
132409
193021
180583
674496
764476
656306
488305
547981
740598
800189
323932
545657
499132
494314
830382
434369
514330
585199
741200
764357
785746
862875
182360
609475
487120
378412
590771
848411
821835
379389
595279
549361
100538
420380
548482
875569
520656
514457
874427
619917
405429
670362
338627
290722
863715
94667
405039
192569
391002
414995
95365
87241
310944
276450
72073
870329
604857
771239
88643
846755
209118
546686
118542
642068
359229
173734
402143
38737
329357
751569
599888
319507
477613
799476
462184
673107
80632
129726
613449
397952
776902
612166
289014
853709
816290
159581
350719
752808
173027
853250
553642
104837
707530
734484
165216
747577
384247
688450
105585
469762
682536
594399
354789
403652
167632
751377
357664
776686
495023
622024
756688
556379
28019
149260
708470
246933
659755
544879
768175
479284
361700
588481
441246
268675
355074
664706
202712
465027
589469
752723
596204
382089
424117
647301
605869
257955
105043
600819
270461
466329
746813
399660
699159
351502
735190
635464
24985
246149
229136
354332
689741
788064
102478
394344
438514
429379
312795
371021
137068
149879
365729
552284
111012
84107
533223
642826
311165
810805
253034
131711
450517
666422
466358
330094
536915
231900
325985
520639
468404
861761
801668
889000
577068
833424
320151
465978
431483
180136
327336
811479
196237
791832
255736
742178
530286
266730
472050
407855
608009
732797
519976
92217
609467
13547
113900
312498
136728
688201
171688
715573
107385
780045
708379
425303
582529
789065
448593
366748
411115
230837
504445
804966
800338
457419
186742
263529
40828
406092
723851
758202
223748
68992
322371
754213
250786
504987
297109
77405
53146
576475
108481
448270
532734
688205
588394
241486
631552
89903
418033
475762
839511
725936
853487
65982
71981
