3358
786524
375322
419769
854590
627214
389505
220761
412343
654298
814672
640365
50097
592609
523525
401314
402825
495384
265618
546993
291453
243973
460770
860801
443499
468678
864393
30864
187112
364074
758092
485068
691098
211299
312074
675099
386067
154067
202694
470234
186442
838243
367858
156131
663352
652851
483577
115335
471147
639211
607945
598523
292618
44976
69276
789680
478566
489267
267778
80506
779545
788803
363884
337650
616927
384803
427863
157559
816109
393461
195986
863119
735762
307446
138478
73963
613960
834531
674306
10312
57143
123545
447704
715890
539367
671419
14776
220867
407455
584812
177230
289673
622559
329884
488666
727558
221110
376927
113908
369713
147041
44217
605626
119225
397761
829142
536984
445066
720056
53526
497619
27816
245919
667941
156818
771992
175687
495369
399017
869214
381162
116372
527107
204001
193517
108602
811403
751147
225461
406396
160727
576013
182370
603683
454194
412447
132172
666376
137477
890244
334585
583407
724065
288428
659673
568917
136491
121715
551774
859262
383908
67431
755579
629841
823540
47782
25943
143488
395891
499270
169774
182366
363764
678095
512549
161173
647054
126051
896776
177616
431271
574717
338849
376819
840192
95639
1687
699147
517591
490629
700801
553887
799677
369119
144261
16421
339573
620797
382706
657618
14885
31994
723350
531273
381341
835995
658141
767029
320449
320681
141863
220722
359124
313369
525444
77797
410371
318733
245358
428235
796843
429588
356579
197615
726536
768140
782814
210005
490683
165672
834801
233300
126902
757932
463393
648865
728263
891573
659390
535462
317664
342422
316158
582961
172735
317437
499221
507112
393023
132948
444658
543355
517945
277027
192313
632914
42616
761650
820920
352581
496024
492876
18377
628939
241850
219744
829411
186537
617959
786913
321309
724908
733182
174381
793312
864434
56668
533259
284008
876931
120359
758733
27991
69437
517431
152565
118486
109645
425282
11220
875049
733017
34530
407054
446413
343289
741220
753433
562736
646503
858512
386819
525293
272300
268560
426451
658915
340377
712255
808008
532881
456471
846992
754527
191473
423830
66392
274672
516302
869282
387897
362103
794339
588212
272268
692880
898641
536229
17929
837467
269212
476669
331830
778048
412611
115529
623594
5068
616186
5802
271101
465721
707718
485226
314894
443211
877492
288746
478832
462455
630262
95799
553618
298942
850683
230460
750058
734967
815178
51632
872605
379211
3483
776239
310349
472634
863346
389959
99199
86555
305016
102793
203272
306528
733368
222719
752629
193976
205523
99933
263059
392334
398177
438544
411809
488558
362117
322707
42352
815528
137579
829472
780467
662253
174560
33731
202153
706198
685582
296778
566405
768581
788755
562841
334966
352675
15453
592987
189048
303272
666212
120434
108886
106136
89380
214351
664313
544715
238517
227197
61906
860549
835368
536376
310880
294564
872993
690171
106591
722105
398156
76215
67181
612621
236093
846303
682874
415844
371144
751136
255979
529279
855129
679631
799627
374075
94834
752730
570703
329015
9663
702016
364644
531028
845398
650812
272216
384853
437552
422140
261825
517893
356351
105425
581390
544407
23532
666079
561544
680457
338030
675444
801604
94658
102504
433846
76264
525498
512863
516500
465143
741081
428438
354654
704091
680951
14921
217681
621966
236099
41635
797162
668293
861215
505756
615708
87194
12680
831058
506525
656500
337204
345026
783418
109173
126452
824387
686571
111936
236409
301248
232802
172228
128499
619920
629020
869642
823860
424788
75770
471351
236467
486476
481641
324222
449804
277174
19933
476902
791460
158404
95773
423186
187275
97848
875287
679251
160506
620735
152276
753063
564636
473992
868742
647275
149577
574784
280286
403333
686285
549067
834491
587879
814568
765024
273980
133280
826478
695233
306455
897093
153198
618166
253154
727
827632
171813
812142
148113
221400
345872
761587
21745
861895
899052
331878
30048
828832
470361
15880
371520
135176
309250
376312
608753
241159
198035
372009
211711
338187
160754
745134
393228
872875
100444
575569
633270
306985
24861
143523
787908
714065
523978
708173
833842
731614
324383
848038
521047
692316
186960
893501
431407
890312
885006
324822
635882
633555
540825
214642
596528
162661
212220
794438
147727
368383
396106
749902
208034
381049
763186
369658
459328
607273
404257
22534
447519
480005
721301
98568
125955
432160
68186
285283
632358
728944
768579
87544
890789
668113
380486
708796
873317
801122
62900
216868
769697
586316
475219
718844
382705
685667
78042
398424
744152
879749
263017
336546
507338
647488
205219
736818
518872
767312
809225
562492
164890
777318
306548
597090
769367
430020
618222
365130
86868
320356
531533
315595
663671
393241
458701
872769
415062
462061
222569
475328
234081
774505
276246
158564
320713
33363
591932
609319
24652
798898
256434
631916
279038
41581
621717
712601
456532
673041
127684
517154
71408
140721
683259
161183
731749
696008
877835
696895
112774
632634
103186
439030
395663
550392
839100
455634
431791
566242
413045
727275
354609
481895
302185
527385
446629
241928
787771
284928
538832
549275
280190
598214
398253
495532
766003
155877
589342
482013
592416
793563
703667
327021
682089
149886
693397
705399
208718
513550
772976
851377
34241
389923
659451
369429
623714
616485
11173
522621
184057
47515
744254
696039
378639
156571
657535
632600
453321
357151
130679
439453
231361
743449
593459
811532
794307
145917
239880
684585
41122
2141
134016
581989
583636
409138
270175
93504
215345
47957
134482
728751
3139
7502
781875
61945
94794
306340
510170
638107
368239
551411
624259
448460
42883
656348
640184
666938
373971
202614
467644
339635
235082
422178
192372
325600
415683
455100
372529
752939
184841
865229
159838
460770
854830
293342
539522
308340
162436
885703
502835
886264
797211
172485
190776
801293
630648
464682
505400
818715
395150
338413
680868
391288
539259
870083
291966
558023
350562
297542
869445
617627
508544
373201
90142
228474
590285
586286
434113
413468
822929
650982
275196
745907
566817
555800
845576
893412
3285
437381
316422
103059
7431
373063
28789
410685
278889
802498
152404
6942
400067
106419
342446
641876
499689
325893
35431
15451
89877
292034
116225
2934
681382
294342
711915
543695
728820
549935
107239
827254
40686
169201
709111
330630
851474
382599
606147
618053
198569
320548
24681
24906
370876
629927
304801
343128
184567
747212
753356
193929
501945
79903
612889
899238
76853
648299
515827
84242
873384
365745
701515
319591
273655
777844
647101
755256
51076
774513
795457
153141
142828
150188
28305
590157
34177
297350
498930
558958
828351
358123
530113
833736
30861
394855
10139
66799
299635
10073
680616
614271
668882
17439
100549
123482
765891
136241
236045
324013
706698
850788
210161
863497
62368
534912
851340
158213
884789
54740
149304
717814
285990
19738
410716
175974
38944
235420
639574
437043
25715
119263
121690
811621
748415
773836
817332
556488
520203
36316
530377
349739
144820
690656
630012
805107
171042
749642
885580
323548
603831
659516
78874
308174
713024
472907
758313
552568
872782
450831
111454
300875
272062
302666
31527
118517
818228
107154
445016
473945
836519
348701
99696
483496
199957
199720
457018
346014
587351
306308
884079
133947
587696
435901
795737
345084
408799
358696
471443
296405
886419
877033
794796
585262
100350
592415
255018
882519
323362
698636
804875
25161
366409
284100
595974
148699
198993
321361
116464
201214
686243
358432
380027
411861
433028
651565
502649
518036
316325
173958
351646
817587
861333
678942
372547
567823
228599
449136
864487
450847
44558
92014
638832
706894
525908
573509
659087
843033
4458
777295
544066
268294
560074
420564
93330
402111
671864
102365
97533
737962
707735
182136
88174
5286
763448
65729
302152
763236
126476
100403
890562
818815
348059
719691
672268
210426
121486
343764
96015
452341
719974
294421
818003
611179
388431
336275
364826
631244
284783
841668
468329
246257
573401
437810
513063
214497
245502
534375
780350
232671
736355
486107
563423
93646
225997
497464
137666
395874
91769
102758
220746
246820
139464
407768
257351
227266
425751
47377
889077
707792
558701
452340
324290
415295
102670
355144
859437
670968
265997
96708
645290
414838
832126
177852
258146
675741
659881
49192
879831
194298
426266
386637
799141
490201
520341
321611
194147
632221
621510
638883
405833
790784
385847
248546
718124
796711
376027
665838
44741
205312
613704
715403
584815
96539
283394
345003
498543
544546
672273
630288
579470
814038
521140
85663
589634
194312
614927
663043
375371
28177
376448
87067
306425
153871
292912
585633
17162
326588
852645
504632
638961
876364
117939
237937
334898
568355
892018
792858
485226
425392
652523
848452
443884
689322
461037
17583
872550
284742
842204
93716
354914
891474
296777
497743
580584
150417
842204
881575
734561
714900
516525
45947
825078
638193
215347
159626
167895
139970
613908
531135
863927
779164
819739
52408
761301
200394
505255
823057
246326
132006
85088
81330
517357
190964
568068
733169
263740
570427
448512
350277
760468
571713
103578
339145
11801
61762
382315
417321
703649
55084
505994
632813
768987
356601
408867
246815
393388
321450
118215
581561
639380
173693
60733
143760
724431
811403
761718
194583
439192
418561
398782
328210
765800
403192
619982
511288
852988
402131
125791
677603
626772
184213
307513
154104
488856
42716
197801
44365
896821
219966
416849
814748
109029
287646
834617
373059
309645
374699
426499
258772
208064
602230
789404
260064
693408
709773
806895
750267
472196
420313
457971
21036
743125
215184
446469
812084
457715
145720
86512
78648
581141
253017
782408
322860
141582
321534
56695
62910
111946
346120
527151
606749
299671
535118
233598
216100
219969
321428
565631
206374
510262
583367
543852
608343
144360
374355
696753
892629
636400
630785
602749
852306
897552
880401
605554
546975
682865
57103
106747
748662
624843
825781
873725
720932
613187
689149
217222
648401
88910
769697
692706
172365
874228
200913
299949
889817
742480
425392
195043
114128
133908
512780
276114
262320
231305
591096
177617
146056
375604
765416
563690
54591
384563
472264
826898
523486
334311
192696
875642
495164
297708
76680
328190
736677
231332
76364
782234
562054
898002
667965
722813
168663
838337
424652
455061
660581
255845
315715
833386
765243
643577
462170
133127
482668
373671
362451
326738
719648
250535
795475
288189
644025
788927
784573
362965
476769
67848
710924
876184
738993
432593
230348
882724
457344
384637
534102
110506
311718
276071
783111
221825
469900
562502
319419
98870
510451
312779
467147
784865
63965
106823
228737
640852
323291
146570
516627
624716
760212
109350
267588
441450
382863
888146
376403
342011
135806
768266
862941
196819
331495
366068
879318
579257
819951
746877
46559
634588
148709
402306
879268
147235
13289
545419
597558
471969
568567
794289
211360
573767
338740
507712
560872
93236
67668
217496
877540
350120
148197
393773
658517
615798
857051
428655
252549
32375
479161
807204
827705
168347
571705
268688
157811
85723
420920
233239
621254
440874
72001
268089
475606
579530
662612
454940
186412
321946
767987
805224
877044
341581
644297
869291
167827
541782
850551
200349
869576
232639
246461
4925
75517
394714
876385
493338
140746
431406
168446
440687
771302
392115
284908
356294
688811
386680
524424
47389
92645
96705
184097
491173
374103
880431
101470
354182
710859
78680
698191
410849
218163
473333
253038
812334
794240
672442
279634
613348
840990
881920
120496
77239
190090
711806
788557
346715
395345
380183
188645
627750
812487
876332
21329
400148
47361
471634
107737
418020
709455
714622
593558
304288
895481
288957
836194
851962
557301
267841
228095
354001
827650
603349
866240
376563
772581
443089
652920
208380
266301
458281
83293
424605
898725
371487
340345
796344
714533
450522
588045
269064
731765
55694
816353
500541
38800
635386
309772
361060
12369
385617
246045
702214
290348
689840
271236
436519
683531
613839
110752
815054
745539
867859
60998
55269
455891
128735
863530
725718
168025
600874
189774
161365
473969
342828
579108
398173
813226
52370
576769
380850
650023
294449
163136
175302
505167
646679
761295
712471
82897
639836
788826
750485
536279
500600
191379
311745
392198
416719
466779
815793
593776
505735
46032
355025
341238
782362
652914
519331
707133
290439
491347
856391
499883
272738
245595
181621
18270
471340
802229
463591
305034
569117
436250
891924
684525
500573
135384
371607
802545
834259
361982
548942
766109
41333
663591
87775
135160
354110
710208
547220
482747
389341
412088
281351
41298
134634
507299
762073
878319
86931
778923
34235
113386
42037
777235
155248
255865
247079
636489
577514
284168
171503
713960
305681
144054
203736
703079
450658
436620
589691
446562
87284
252665
598874
219106
613142
55951
390700
309836
86995
73972
522674
752035
708440
541670
435912
128250
22124
623567
636344
244794
10846
619840
674760
215404
685213
260013
462259
456773
473152
864325
891893
3179
604614
95180
589600
358887
587671
631510
307084
407849
784874
167362
666891
599570
881248
510545
480091
605027
626893
302882
785652
605152
162903
295596
848033
63552
45046
408023
45611
396627
146972
296087
40657
2992
101422
144582
620436
518394
437168
354364
881103
846895
728320
465358
497860
115949
833976
298080
37361
177601
456310
594760
403617
363725
803993
713057
109182
409333
850562
293544
673029
3559
510266
161975
56434
469221
439922
71228
428826
175952
323972
587989
466264
844946
49977
772330
54463
448775
413732
767462
370254
549801
81964
290227
166529
338583
548200
292882
899140
893794
827298
164596
263426
519796
435901
803992
719356
173885
17843
485634
679670
632347
110103
207699
881003
491813
632058
80715
802944
9460
314985
317688
244758
201231
632595
73497
477209
8721
248744
269043
878454
856985
772252
139023
478857
196942
212843
823983
611188
603373
491255
865035
85899
253296
126445
319149
264972
79389
560390
790245
274285
637896
598089
338665
198798
71942
668270
780076
846285
97935
874557
425177
493240
515887
286132
278509
642204
101705
366215
445231
743900
119368
419202
240461
236862
339300
577706
102388
855520
851693
768450
601451
881320
873688
528106
874829
115417
876899
80001
239137
606912
829957
848267
472696
146702
98455
431917
424130
89185
199098
154101
515117
498459
689668
884567
686139
49299
41450
314290
170494
457002
120331
94962
570547
75670
130486
465038
125881
795323
693945
320145
338188
84632
794792
67286
518146
789117
364934
594252
317026
163770
760595
617497
854172
713746
126930
589595
404008
60718
773814
790889
171999
168654
148809
249721
2096
315227
64312
510843
837792
466840
150749
711073
804705
317015
235370
686306
76109
664328
667056
234324
25888
813323
118954
210775
295248
571238
99209
143985
577866
92531
133404
853620
307881
285169
833083
825691
657781
538747
457553
371379
751062
193333
434307
84631
342772
130338
612705
748307
2157
770931
194504
663818
659570
657978
93266
846931
652734
646172
883003
642110
838963
57477
736848
186837
357779
23126
122038
284733
1080
418297
731540
809724
551824
721813
548479
381620
686681
578621
240416
776973
522293
618338
861155
726929
655690
596201
664447
578065
32825
634328
837149
736581
883000
604105
715591
202961
171694
656609
65006
824195
372491
184218
474808
181720
483970
359836
328676
51262
511428
794411
32347
119508
131513
730234
842101
454286
538013
251901
19077
688757
622901
83676
117346
15403
535053
836355
91315
322796
538224
256662
380983
484432
753507
146178
618158
662893
127646
326287
339175
441497
25576
616402
568614
265325
823438
320894
486929
341285
446047
721242
378264
555491
672903
667054
864352
624532
545766
872087
677194
718986
767341
692762
709604
502601
861140
203093
88939
55709
840667
832337
56507
272904
402779
594196
609334
49722
605415
608210
265549
414680
753541
495588
127565
491935
537571
472273
749160
144963
788311
94952
279487
764432
82392
356368
96394
891025
662002
514551
730372
90094
482634
701702
239253
654416
81199
355446
741245
449792
110105
432283
39322
156302
775553
69694
480983
336366
27035
255273
155377
400764
652020
790492
686598
594784
812197
360956
743420
461836
202481
277451
352908
471587
701985
739315
318505
400884
301593
482843
141201
448963
510775
839644
850287
182313
711591
605901
831561
896018
356646
225179
122349
385156
102193
295701
78611
343199
239529
796835
747055
459840
342117
300630
644983
318975
38452
237402
185419
72313
878702
53481
837957
442824
149429
193177
668382
530541
148397
734517
850521
400880
64885
525098
341841
450239
340354
316471
856987
354578
51575
415272
164663
41647
350242
482812
619577
271592
321141
829985
472398
898594
794944
137122
5293
564529
385000
549559
171227
117823
511366
30330
440283
826988
50654
344826
495344
136784
275962
7560
576496
788411
114083
830927
2984
512093
109596
503009
420166
831361
785819
303020
94887
96980
811076
424139
259101
251492
87075
356728
702043
423651
244806
103296
554273
249291
45941
247535
597759
111067
551407
402186
682856
3008
345602
171836
470037
108815
63078
750728
395186
327342
716727
785661
303145
269394
182798
12360
514729
413411
500635
573602
790930
527484
73536
518186
468736
296719
105964
261070
516306
712837
845747
556995
550710
10083
499047
833236
395891
642216
136662
252278
130002
815027
858559
513530
447465
896257
794321
741820
13701
561716
723619
626169
321588
537775
575082
763005
588621
202237
252954
681338
24732
592082
546203
295701
12846
894377
277959
756922
269781
350893
821790
865807
616568
894356
354855
873094
149595
875556
312355
519244
449062
236569
353615
314751
895988
791007
36982
709885
554523
240634
553744
376791
271122
873285
65692
131620
753284
587287
792789
718226
544208
496097
764755
810807
415194
751796
472897
701702
805842
91136
60823
157725
539967
62584
281972
346970
658951
378929
637273
426638
852894
92104
732772
652170
277224
94019
546344
378198
828076
621872
784582
56768
122680
871657
135690
515410
815627
233721
318564
134140
581923
744473
514112
289776
237604
5875
589733
869037
138913
425672
195623
280787
41770
460877
553482
166166
418674
616303
107188
34637
315387
476471
739628
609161
265376
869289
86293
310723
426719
311142
341441
641326
670306
830130
858228
430188
665897
421456
441943
820861
497653
225769
263988
394257
712467
205163
237013
788223
873219
285262
512404
92238
575044
830514
620574
591152
809277
343012
368937
897679
418251
359391
529902
195392
204706
811183
359781
377652
360834
71153
400125
542316
530808
454071
520628
223245
537869
720264
645529
594793
478767
354883
65499
566781
6554
159875
255789
428890
842691
378014
180986
809978
302017
796456
558079
94196
824504
450902
831817
731595
640803
615516
14891
786976
310045
514551
105531
272392
116429
98406
488362
106617
228620
397555
858655
653502
349299
97264
879792
172329
108710
509565
352252
564008
785207
552613
712103
465072
859832
31816
274770
849686
744737
541652
389558
801469
708730
595596
455421
250505
24773
610923
409150
543442
876524
648001
866227
122580
397538
177436
311800
777891
446713
597314
490370
539452
281279
380475
666362
291511
150229
145515
716149
504185
635855
483293
454705
12293
569249
82427
867598
260562
433323
483513
663078
290840
177027
143570
289642
886276
655708
551211
754523
385835
846448
447763
336610
648764
754767
849164
337132
770029
302212
386179
821574
444375
104032
91258
348337
431102
888422
257768
545121
456
857554
41014
840536
400816
372135
120938
281050
10354
745011
782432
665676
368774
74753
492116
495950
100842
378298
109725
804467
506327
845817
549427
526553
274198
468362
414385
223337
298251
9982
261525
236236
894255
461582
599973
548167
686268
76778
238092
722133
144322
383005
313729
129600
158551
512958
546888
679484
439114
505301
262898
111456
843512
813703
233024
152194
237848
443745
614501
844173
144817
753373
185897
873377
750539
297396
443305
252680
265602
596128
638268
659664
261367
628940
100753
54442
860610
583291
529908
958
71938
103986
814479
99049
476788
384643
146669
658004
718690
760503
108218
343602
511122
847735
631366
6422
56928
341686
893704
800302
652134
807134
606463
181760
320887
371286
160500
783903
263083
420558
75419
205770
846580
257959
398457
416353
785744
602401
652575
449701
246135
227905
24532
135915
132788
702207
230833
368221
196017
372106
71013
378861
379179
88248
431417
785463
222468
762766
693774
436434
484311
151049
502690
384914
129990
628102
405970
133789
202159
857108
717017
169383
801373
487188
523831
690189
832347
383306
36525
767083
215747
622883
746468
242938
815220
549858
863949
299498
229635
481225
1603
758999
129544
512960
136556
21387
416793
581093
598399
617264
195413
574737
810912
691664
412822
555651
467303
641835
780265
261323
454910
429780
88474
732693
648201
179753
834888
590895
778879
383885
539767
88953
475799
506403
487973
185928
248766
825321
613268
128247
309925
36015
209766
803659
801239
38642
899495
478498
462216
833338
845188
429207
313577
720556
640825
820
296311
185292
712712
794516
533301
715539
670950
566899
269006
186121
173519
380309
145596
346848
161114
716528
48678
831468
137479
276600
11619
664354
538676
422693
575838
642348
26159
274114
176114
510663
406854
37460
91092
105081
105402
146181
744784
119922
611346
880044
218764
879646
102188
631803
49225
12292
722734
577061
356551
887070
325563
767786
604552
358069
248801
758432
190637
788024
728782
839679
3420
874841
15491
642441
510691
610340
589601
110933
633238
819485
571040
370487
405781
112981
449663
410541
723497
123624
173621
244040
251245
777366
683782
458197
867401
151645
578417
637351
879065
392015
821478
622723
15852
152789
737781
654184
582056
777152
257345
247545
49995
497351
194516
810632
811501
599874
327212
831744
658849
428418
356243
265743
106842
516171
297356
634382
87338
429391
510345
238223
535974
601352
852026
627970
799909
639473
899232
816388
444967
601025
465119
363620
652307
810502
791953
787859
295416
188922
488792
397192
801621
22244
88204
65805
453108
516686
704434
522409
677200
291038
424749
609387
346968
331380
95150
157199
650348
658655
788423
647665
850980
94332
622366
778635
299664
181708
500349
465644
738970
314224
656454
192984
709832
519684
68387
549430
880605
736245
176379
159162
477727
417216
724577
564207
398035
307081
58503
789120
654948
359605
177904
176067
810179
471972
88322
107810
179177
862990
877914
372392
341911
317209
442362
314341
389822
374132
153725
827166
328059
831123
33899
147828
206938
188040
518024
822319
272059
104314
356167
277318
483890
869989
574045
343854
189192
203566
186288
823101
883584
257696
777357
37785
750644
455656
456408
577506
719100
419049
832062
547129
677424
546909
647751
116140
604134
20554
836328
536607
468373
56732
387732
540824
519898
135460
517554
846342
122423
19277
829994
280303
187513
846806
772570
305909
73619
98353
61381
598949
255718
621528
16586
112092
31202
553542
622450
378933
822918
679417
186563
731379
709187
97218
501234
236264
176639
848134
323637
157344
23605
731221
700118
112589
392729
543044
578660
577647
230617
210729
713732
206943
115615
291891
587300
476089
830164
544835
419280
399684
898719
817130
290718
480992
220010
848641
149091
606282
757893
681887
541993
817614
845156
777691
280056
337322
271619
581918
641744
546203
650698
356931
699065
853159
401900
556559
486770
387526
704265
21031
58534
58253
399924
340338
496252
461304
380590
330892
573197
513332
423217
