3734
857962
618263
499406
407437
855713
658753
131967
301069
68709
340713
453202
865711
95811
579017
81621
659965
815819
375509
14463
824613
15679
171227
201252
37134
549623
32357
762356
542310
282254
647548
443504
579830
70700
690182
430570
388023
368849
448624
696985
264477
14235
394022
768278
247889
526292
171007
697494
793373
243484
731735
628260
448577
203022
509588
508377
605218
178001
766729
252731
870306
838717
870840
883759
638475
158952
93714
59133
509828
395949
852379
815423
737510
823447
443305
562725
267368
414223
152171
103912
304439
377696
140583
707656
314914
2819
713403
749957
568881
572044
128548
712087
130645
539152
629597
869386
699930
883377
516895
98553
414330
838376
782055
500229
249643
523278
851094
214003
838616
840743
878098
653856
438734
361580
644201
632769
693005
319699
30997
118043
395518
407132
196603
673979
838883
797946
611182
438836
869321
831453
345297
76979
151963
358200
299417
320032
743185
141300
308432
88851
724133
4784
735382
654033
296710
740915
275586
713186
124613
367216
464807
198415
309485
208213
105585
743229
787184
335568
777871
656001
251836
295741
46794
864255
95596
606096
851827
162051
354394
743516
251228
56251
843379
322751
27196
506735
123907
40522
164598
796606
522672
272784
237363
544822
493026
183466
563371
528208
441823
238564
509379
370277
560341
156488
119825
321233
74545
678693
72987
245891
98604
875771
630269
499965
757829
404102
412009
14447
720490
248581
533096
837994
365296
432006
313183
427844
70914
63311
758285
829159
116661
689643
105936
810293
745946
514128
18024
133341
343917
181769
26835
850163
244555
877637
325783
58031
723040
369819
669983
74564
644638
256375
84540
189307
872138
186950
869325
500203
277232
2938
214522
53303
588310
855578
471705
73253
275086
411658
542131
450103
309093
268178
721985
877415
3417
148973
428240
94531
433192
230416
140771
706051
817027
507861
315416
633379
128801
621124
650787
736705
189520
288285
635670
406101
456454
847076
140514
198888
545910
70441
322743
456082
614462
32563
163655
197300
279996
556264
798281
665614
716289
492379
770746
347967
117278
398995
139357
352855
528187
462036
276451
257914
392231
138253
849222
858355
525737
265405
130991
686194
236724
385058
353975
833316
809306
131743
228971
242509
885783
7978
811144
768741
519950
53071
715270
155340
117970
376196
331218
496107
225306
98571
182707
544809
545911
61309
404589
371238
516450
473817
680484
513016
891854
746057
567032
706111
23229
360013
848943
554023
228655
520646
580209
718874
551637
27841
217709
1503
810627
615389
251128
627251
190787
756891
844661
720834
449222
210210
270224
433634
347734
839372
890149
14765
55912
274577
456574
391801
104269
786574
789913
591701
535495
803025
379496
540610
556632
281955
759825
879659
865493
549234
223094
222211
447034
676698
124335
139386
239384
220048
504371
737275
384169
415915
212342
716933
380068
232047
746988
433860
317484
762359
365580
696075
398627
463678
628943
403601
215867
890955
854328
539845
519757
60470
24398
350766
852131
491291
327268
258820
170991
715482
572089
798789
185695
44617
754843
108501
60392
276343
258631
893813
137055
421693
12011
299134
222471
687587
747821
359450
336228
427851
345284
128896
334158
121566
15076
500874
715457
646354
435159
637364
265969
232117
403207
537780
71867
266745
858200
820080
546295
811260
50450
505376
484394
471570
625948
435361
394007
587121
852676
720019
356917
393209
514203
298512
590620
684126
261853
694634
197529
886067
432462
682847
756353
274357
349376
418171
540387
868465
688017
342955
248341
627731
460689
838329
208816
792140
435266
69065
653464
320159
272472
104495
648307
235592
344928
530794
827452
316489
732956
359105
835887
777939
123468
838681
618340
387405
460041
274512
565369
319620
418602
469209
701703
260368
358570
361108
830583
108446
728961
636425
288813
866207
791918
176929
645090
669612
545142
384705
266512
438260
805638
437828
528167
441444
812533
441012
813629
465746
644933
274501
300833
715623
782504
789102
676144
301158
94046
274757
226497
20540
206717
342197
765083
187910
264810
287135
620966
33402
524803
507178
325119
21267
577279
79208
870149
809724
638317
181319
138384
526712
155481
797296
278401
642252
711405
460479
376244
824714
422068
14784
730707
559579
302457
83714
324644
199623
668143
602043
783171
890852
451306
185272
756394
622041
442026
459935
536524
451694
74935
801795
132321
667698
799912
178851
864923
178152
273726
319072
537208
290800
246925
693560
172400
165805
760187
762244
356910
703128
811777
456778
221116
275168
574159
126496
554231
876955
399947
421758
849345
572494
167001
701854
691637
308597
330103
309523
475957
454832
138175
640707
329151
560299
137328
304963
299774
441576
302054
458125
75485
299594
621573
194304
60406
746368
560981
314773
439529
449005
100903
541401
570952
525296
298870
640940
11247
715989
592937
198708
851057
54359
870485
833726
56973
799152
412511
656979
191839
464638
797758
575027
642707
134100
396319
44913
589205
800794
204898
561867
127396
386306
337282
499364
204708
370633
334258
634207
279923
763493
306243
573498
786803
846321
117730
561285
283174
634098
415422
582909
318136
419845
744423
713386
238134
216392
252594
276049
37148
232930
792313
299863
357388
415887
687807
214579
334683
708715
386289
782893
604741
621050
464648
44377
427873
511538
27723
512107
680847
45446
373298
629590
606413
378545
411333
733093
374409
541499
759779
663732
679441
149226
872894
336396
39302
80007
661155
725113
222191
348588
708855
326474
439370
835080
84477
106821
503261
343407
541525
603012
227851
726112
49086
240560
409154
463700
647964
441592
38832
835648
266773
836206
373366
479527
161013
418238
611061
511552
88753
754860
843173
146495
453000
64105
623429
401090
182342
140754
316780
113978
284546
195301
61982
179572
23655
367200
892538
558915
673232
589464
767856
852972
515085
190130
189168
846158
602914
139394
614045
550060
86574
393566
898785
97432
877320
465150
127578
859869
374534
764147
268242
703209
116312
557377
728268
135029
39921
291162
324250
606963
642501
109656
112684
846579
843630
542518
6051
543186
191689
408492
494979
362239
713277
191781
532231
397803
139740
281694
540494
406253
424577
135422
512563
9295
276921
277708
454554
648664
228703
523826
385606
33974
432288
44076
286856
57704
449085
673453
720786
742534
168110
495278
492554
155950
599235
105619
487994
261260
476006
101085
714404
866757
815356
557157
298610
389472
777707
291323
502859
23984
25429
586236
213346
379490
649891
866665
55881
862880
854301
573738
701315
242976
198197
367230
85206
329485
555555
240093
522591
454704
177803
414925
617920
628154
651163
346845
562324
381904
454000
434626
896195
301907
155993
396875
334929
668522
446259
110179
343441
788239
379443
12258
87544
793140
573122
823504
5388
167152
719394
291320
414330
636521
406639
880932
78246
414783
466081
278139
899581
239795
476558
170356
457639
68050
95212
139925
298905
7715
819188
154860
761414
249128
39426
26505
257270
263060
402201
400759
582286
482730
862915
619990
686223
16877
323702
799350
52699
165865
164179
732529
127921
348477
663464
386149
641210
698948
143508
894188
631484
123519
136106
204474
605516
856864
229615
218355
68224
685973
442686
163751
851042
162064
705835
474668
611553
103887
524677
782229
569474
367212
233332
129076
144372
269187
314209
132425
489472
323579
378069
855078
622783
55283
65434
558817
694885
634443
68638
271124
32540
130412
624533
496725
290412
588117
357022
629997
536373
202659
484862
822808
863135
826332
770729
726200
521193
585944
676959
566581
552126
323820
287634
353749
355621
208596
776582
471700
573527
897500
45810
453632
169228
529964
411971
212276
510574
261390
361567
56495
878991
734813
665862
270320
699479
322060
536725
3409
814069
42640
405285
801917
778486
868458
32720
752942
29396
781781
897587
707303
741222
813416
376623
65675
472725
641449
243690
50329
402094
671983
475026
458085
652051
796402
328802
608691
693228
897585
183901
215090
410108
234175
433622
564755
191086
551530
87570
252549
595694
783466
575974
414703
78996
842019
213786
501321
439323
293463
724303
688919
318671
650667
261372
70146
8773
816180
825460
157013
864165
344350
679876
406001
270050
355097
273016
889006
831274
29632
476733
42958
203448
757895
548193
898879
187719
217952
248087
371854
329793
814282
696310
896034
537398
653367
783521
263676
9896
686873
116066
470121
655267
443816
127343
318945
744874
67698
774638
651615
802284
218272
675125
733533
704886
701312
608522
46380
253954
153012
32105
144653
171661
299191
263332
29743
652805
24647
833924
573477
553153
380436
259342
599331
454700
803875
472193
160373
701081
129503
217372
61820
500666
197885
735420
694278
676683
284202
824899
178281
628937
892723
661044
243612
748609
775408
726555
408305
50307
196495
494218
797875
401428
138201
685821
500440
645219
751234
845343
160067
422259
821970
610342
744121
163415
499019
399065
223581
178013
835671
417746
676042
53057
327472
523582
230893
278594
704555
807040
465053
527889
782466
847510
60824
793573
90300
321396
318235
692012
800219
541709
237789
837564
754945
286800
887624
619816
780832
879886
512790
60270
278973
34777
601956
107916
376128
364552
701173
844499
868251
728408
289606
578964
770644
470669
874473
270263
370097
563318
236512
508907
581311
332878
49560
520824
190559
396606
341952
424399
335918
549567
253220
15587
481999
808926
221418
132145
504087
581177
689928
884570
238420
554565
151968
361841
648443
615730
598714
764272
92493
6438
620956
544773
575045
816934
271720
756810
75584
139124
695858
129202
292234
515857
205405
407839
673377
575779
525457
746545
17576
296530
494202
680665
416266
171469
298496
110219
709865
34826
417535
740370
888866
487306
341987
715581
576703
169274
748257
656119
842297
745654
400532
802549
688519
231560
847251
309736
510023
59662
169548
312178
406856
637626
174719
875477
223250
871090
345209
795719
525426
43288
163308
81410
827910
713092
894247
505719
62594
379630
377815
190051
203324
169576
112090
38074
230458
630855
847963
222400
241110
568290
459855
144951
265674
603314
268587
320274
473310
415898
612160
302503
580076
480993
590580
60515
156620
308378
10526
133208
205377
290085
729374
474098
594879
691438
358615
461223
422231
330994
488169
101036
456192
521474
261423
548676
661508
255041
170770
284307
402756
170952
753256
666513
322825
73512
665101
73915
210824
28527
386780
267811
25553
488483
263018
334951
250453
764460
195583
656799
93265
743087
191346
263088
833531
273940
482719
770046
361927
432009
4136
396638
577623
798271
578086
445033
833437
709746
84106
741644
331406
125511
407252
92924
73766
780813
797614
548135
222897
360518
785831
163174
767677
899199
381320
720719
85146
204891
198484
572071
631882
769070
178400
447733
807755
138949
701900
201809
886366
23139
746430
21723
529939
782213
525978
575080
165619
140999
334528
404438
333194
38304
215074
869313
879855
121256
887551
675663
803953
550747
3649
496742
536159
559157
104944
223485
393076
504700
803953
804271
164446
449118
204830
192204
212841
9871
815683
657097
230957
605076
242706
648856
622321
11966
535748
543859
665434
557198
441901
707570
40340
155575
167195
397084
327227
534786
147690
300890
472806
73514
832230
352646
600657
640839
498943
61154
520358
205192
358594
626150
217544
39001
850746
381041
227931
476517
60866
305408
398419
375284
788581
541085
415415
397397
51668
238319
758385
357624
364452
290607
606870
747570
465601
874010
489773
12099
221395
346402
673117
764948
719116
791008
556375
256505
683978
13796
362237
699127
502543
186477
701805
891071
587483
573716
412751
15832
285475
172194
729463
563611
851632
92129
662134
513368
371414
379056
709828
583830
750095
248625
820930
427543
60308
30428
383279
474105
57591
307542
151177
267193
762432
622301
75422
836179
63394
364186
539502
599268
780697
662169
527006
299792
763043
730420
845308
380479
338744
481899
197130
461539
528135
894192
93513
92181
489390
805439
487556
381565
549365
577291
572917
85935
564936
237108
44440
79858
764944
714292
700618
357021
854636
814488
760541
312923
146545
252332
677147
489805
23451
406511
496500
649038
224335
640550
189927
777586
667183
188044
835145
269639
561144
48551
273972
467358
809628
435094
806863
37635
120375
31366
675126
749127
115120
861988
195206
117215
223982
673677
27783
84101
650644
614049
715990
625820
398011
14870
4526
111154
161034
372072
767891
120446
259924
814670
321146
99560
517391
323464
670872
200040
401164
731412
721862
668422
863992
217312
749646
811969
670702
735130
391477
880715
14486
538820
509668
793425
187774
315235
104212
304825
678036
720566
559093
756996
724029
192163
560028
709299
877525
156525
391143
535845
468003
190146
787278
716734
631672
598993
800968
278340
654724
441496
309911
639299
784470
461500
791921
487344
873742
248882
396908
365163
643616
673306
265285
104413
36199
563019
660236
4897
739523
428201
411376
727967
606384
567411
428227
413235
399077
792345
426025
576941
328326
744395
433027
784561
241734
505453
401842
639678
249309
361895
431210
20972
725826
243704
248757
259374
514469
116874
154656
526871
105804
820192
703910
218458
295495
248684
16695
578665
879538
648638
517061
22687
575495
524663
844747
520217
856445
588540
880890
207326
427969
691493
170914
234176
5007
492181
712665
356763
373613
809092
194347
582682
552772
763959
652030
402521
799420
539825
461408
324676
673619
570019
146255
746015
280986
899936
826245
267167
244269
198027
733343
536469
765356
893425
637192
797419
305498
605267
206886
809959
208017
169660
48385
1773
467296
109297
692875
682560
691651
780806
695025
413385
169469
667309
424764
680400
520661
217481
51396
676519
896618
837345
583666
39751
345267
206416
421873
647633
41912
36729
199280
631990
288775
515415
70326
594867
647988
172146
88579
103956
701904
863631
543614
656634
12292
867071
59712
868951
873418
872215
168828
879413
42824
761343
433034
326102
399146
644548
335663
415383
289084
499688
581227
61134
396673
758361
58654
315314
787314
807231
58007
867225
281782
500047
796315
587356
170298
62621
754735
231895
790894
489838
134402
368301
249596
503531
298297
47049
591430
692113
263960
322879
804954
273606
171274
556688
138580
719206
734798
439148
416624
225339
734846
489202
688971
262635
306332
52403
538966
526891
477660
651253
583093
773522
679336
493011
319706
337096
695380
510114
367288
891805
286527
170606
658887
647798
40482
577186
732436
469697
698776
752871
819426
651786
471818
73316
857569
506503
275766
461124
488937
820174
151611
269237
114611
695590
226884
106508
397140
782618
810798
223173
820951
604554
241240
303432
11030
76028
32102
345128
724693
82064
416882
121574
336507
298705
169360
747122
58029
33542
422716
304465
286825
279849
598786
34650
653276
69103
299369
243674
684065
429446
181117
242391
806294
844477
684407
416274
699004
885884
237547
383461
627307
205365
137935
532076
475791
242034
552323
72449
188516
319054
113985
15359
308713
315680
391299
346664
391012
168209
219051
313314
884370
738351
342290
83804
369897
650874
160561
155598
775628
15579
83045
898334
419882
98005
110755
85599
495795
730579
452888
859284
455864
648225
296411
765043
661150
625463
469170
648484
735359
140976
1246
643304
208093
225145
190724
671191
393667
455460
252472
9538
370330
572828
7176
353719
822309
839987
110082
830850
93818
134360
557859
717680
791742
364036
513917
482415
394843
714355
769156
483794
391456
789232
808566
369777
384182
607336
879621
380300
539802
117473
242530
497616
517947
786564
581799
459602
697970
434037
865600
544761
802329
321251
731351
146104
421930
543259
784828
29465
223957
750903
482349
301205
47389
791828
13768
130399
819663
49985
157866
504896
625440
437651
203394
478013
543907
849909
205623
850166
362019
617277
48466
22824
22787
209402
667274
776049
670800
749289
719626
530547
23647
694055
326401
57970
564456
693025
589126
18039
681631
823655
597030
449975
132363
240095
147180
305390
618692
886805
559403
91877
769294
663664
228235
868018
700364
582528
564365
302143
888099
780372
778845
874083
314957
54984
597459
188044
656343
401595
871718
56766
178455
879806
228206
881396
644493
700297
842292
275429
734100
526248
1080
550755
340005
447922
670942
267325
701513
242618
734807
633925
641753
27358
122343
537291
829844
784605
547416
516583
275100
540582
224411
585398
78285
550859
646838
453628
705979
657396
334062
467112
265127
253008
604306
438613
34237
149286
40289
272492
154445
12938
251738
718663
600261
277804
784254
846865
678023
373898
864772
324329
180364
71301
750745
14341
510421
889713
812913
724722
723433
805317
253167
789946
671888
96787
436908
832927
245994
698514
689032
66499
235853
694806
328458
702186
848410
478657
486485
615511
344891
532755
826090
293011
453755
551645
311188
526445
871265
181108
637396
734939
37803
353664
376905
461630
101635
348788
884635
377572
211456
466584
55365
683334
140668
272770
352893
326162
425293
345283
45185
596195
791267
597981
852959
96876
94621
221458
556800
896436
311272
657848
60243
505306
105813
663721
676370
474330
632693
600375
680243
708136
455027
63965
184109
80761
316303
791792
473861
647042
762931
114612
315764
428600
135155
785227
472246
428054
60966
269384
696978
539900
497531
474402
483841
416180
38458
307044
218365
91377
700249
641857
143272
39856
633239
179685
796277
833696
657912
899206
589782
75102
279902
124505
649124
154233
517088
739265
698213
18997
191722
445027
821085
831787
502640
636309
881683
505741
28944
866452
36862
414342
665955
416053
894349
96480
249152
414611
58288
645984
6510
507719
238246
620683
75587
471830
135491
523756
114781
59012
603454
427694
725148
134342
750389
868931
687451
850485
260573
232135
821321
539487
808265
117023
434792
533879
61942
70939
897314
489132
395794
401019
173506
457783
57191
654861
130358
98639
841223
672948
825023
755479
824277
41956
63986
647638
280366
254922
111983
682279
699954
39209
37755
388039
812563
447903
148444
526475
496345
55878
830160
561396
637967
12534
300810
801019
546957
366631
704491
855175
751459
639957
27577
800830
458687
159068
485790
307287
102364
892515
136448
202605
126535
351285
642712
672208
732878
432234
544178
861238
28936
777060
138624
634415
112059
281525
645466
132054
834766
98046
312214
190979
489387
267538
883616
494013
731504
786394
387446
858733
97395
749329
754211
438062
233328
6127
85910
244800
222672
609891
822942
790619
485847
762042
452292
810209
246410
4284
654565
741420
641948
659509
276234
606471
474068
183057
332518
566553
650204
333697
587436
484987
527528
67578
80267
547595
135872
384252
812999
784761
829580
740144
432020
68607
246908
842539
455665
214573
394801
384688
877279
500514
620907
541265
206461
616279
238512
859701
206850
839509
327894
326421
29589
195367
599405
92353
469772
767562
401804
856288
156896
654784
435958
809492
491497
832676
111817
63132
323963
368888
316419
699475
234461
69499
642000
401269
644738
23990
451733
573698
378405
520597
733491
594331
897414
648531
825368
262186
293979
32398
288679
197758
362261
463257
356066
569939
386225
84240
875122
285296
656790
32550
309876
765898
661842
417147
237567
471270
66476
104873
235637
44636
706085
350590
874438
130167
242481
733412
705756
454649
613515
430971
353255
269083
606970
237800
684549
516817
114174
438342
310316
836140
33238
876091
822968
731545
456082
781862
324812
719144
430064
538388
136838
217063
231190
591762
219204
207308
43531
502685
376109
523153
41777
624085
634430
446650
574978
183024
348721
162450
855015
484427
511787
848691
795663
208571
596355
446405
330898
46529
805962
878494
385059
144891
791419
528967
360075
781976
874337
85695
577735
129540
526495
723384
69184
661185
460480
555583
426179
584470
481340
449370
76829
820129
329539
165130
58677
668361
435817
844528
792390
250767
12686
387340
544503
441314
860969
556128
606808
647153
350352
691219
439035
516987
132903
16465
166861
425506
611714
164272
764816
147710
148121
26669
142934
810606
45415
82517
543036
333610
181951
304160
189856
37140
409548
726775
665089
631852
247106
721334
792370
895747
429350
883373
421466
432359
497239
808928
296459
80316
723768
184366
741372
98092
608316
731311
613446
220886
58444
674039
585687
548930
261271
719351
620407
532884
861847
50467
875093
335871
442684
350541
889388
838896
656055
816496
278487
590571
799397
204009
733998
841716
762678
518080
402077
666596
150169
150820
92223
175643
28038
693012
311196
555412
600167
784635
758108
98292
876964
448723
293799
469052
177833
193897
417754
476223
583414
67265
351080
515405
586852
540688
885387
552525
858831
556232
753637
154569
808484
339985
584920
871875
209960
312145
291901
147558
436610
854702
387877
547095
891846
52459
849642
790698
69983
473583
256849
705425
121497
343203
237247
716847
598344
542169
377589
800971
712696
641834
728425
366336
257074
751640
555234
606417
68391
82034
420400
57434
329308
835382
612965
497025
154130
240912
704308
291692
517777
800289
492293
315756
373649
173787
279346
744566
123205
435752
730785
656819
457540
753611
279357
786093
899669
707006
57683
703530
526038
694106
772647
780213
62729
816917
634481
192375
298460
369126
577432
297669
100852
347332
324584
439891
314325
629740
343763
841094
125583
700385
851458
132167
110280
134926
709813
42804
452067
627271
701279
140976
663307
889838
297847
739515
235102
389489
188156
509564
363608
817424
326313
10970
305274
144348
185233
620490
548503
10459
518423
203843
475387
867369
326604
849005
750392
777240
815013
666552
140975
622968
757017
261705
651735
296433
700852
783439
140397
429965
751259
416468
141273
195251
242589
586031
687544
730510
327345
618806
65611
626924
169938
499664
391292
466978
286036
776713
415880
483565
576673
600191
359501
879187
479925
63897
350961
74184
616754
67575
651532
409260
475937
629220
365684
30514
222150
827208
49795
756252
472766
388922
158695
701794
49400
170003
106821
342705
533101
827261
727307
168208
836413
686091
355697
445757
440327
362146
663851
788406
294341
801397
112014
34452
241762
342894
749340
368018
533785
436392
235310
697355
872043
644986
19837
646753
894301
435758
766732
795066
479979
873199
881718
736517
518669
59136
845040
125147
420613
410666
598554
562240
589985
781646
481639
346088
483763
725080
594150
615030
628362
199412
551597
819424
466221
192186
735425
526222
160852
563813
146469
113153
413027
801314
323676
135505
170724
629284
755964
898031
572160
446676
39665
668489
268505
125573
672395
317548
306951
165094
199654
714179
446733
554928
882964
383645
396055
150719
874025
114669
468787
731390
667330
464683
115529
762043
884306
600824
415768
704953
750283
146590
835886
44868
130085
204214
632707
187392
787471
340419
478227
722554
410159
383612
668182
785760
810519
855784
531294
694444
223143
271105
143852
284763
634712
275674
855088
532541
99340
189085
255771
656933
40176
33709
173890
444895
258218
4362
192594
725537
268709
248403
333706
346074
697334
297062
706649
861896
639915
372803
510901
266182
853199
794607
56437
163105
890300
603219
291948
628332
111517
743012
374818
821226
83839
76126
197425
220744
357748
285322
346905
471373
730819
774399
550848
624009
426991
431172
816682
202155
654754
878132
374416
807695
381334
476890
239648
883988
820033
677755
253841
812268
384698
623699
202946
893356
175820
177271
24206
657731
294518
13050
769741
763176
485788
382603
485066
723564
146862
121915
294332
489422
373970
800093
284132
313485
374992
19558
872706
26712
357787
258548
315412
415585
769623
359339
586093
645265
732363
35802
597453
536789
484229
319357
827746
818037
388644
830011
869243
645605
491270
520975
122373
171829
805934
64388
654756
753987
26417
701241
558256
410000
763070
724100
58633
827344
165031
177427
280088
166363
606033
97485
799683
877313
413588
873591
435085
297978
222479
755763
30568
233242
290443
159331
77751
448324
721002
131499
243077
435158
48684
572916
764988
834818
594430
292109
490627
692188
695839
386124
834391
527183
609808
766419
348356
405547
841336
218829
471680
650457
104817
616247
201092
296111
898611
696347
597832
176670
818906
20984
777818
513000
675350
405022
384315
388848
356879
574357
558838
162026
537619
440989
234461
701777
106942
523119
117090
794103
720965
365347
524784
326743
867839
713451
563843
555718
853776
774173
112650
47592
51059
526094
131255
444479
148931
360857
346689
532447
545030
877502
87127
639676
441782
693576
648352
627173
208398
274919
155091
198090
1422
864956
757328
705495
376299
836371
225370
522853
898422
643178
548530
830406
570407
731632
381969
791487
729350
790953
255745
528018
491061
91630
111097
223608
37885
607153
117459
123470
852404
691198
699435
58599
100456
408028
785142
179743
268363
279315
356541
397935
526235
858120
783252
586684
1612
105796
170299
46730
791220
535507
749393
320046
695826
286344
654480
446530
175004
721597
151497
100049
891588
705527
487453
306578
690535
585033
713653
581777
115890
373263
728958
132360
787857
359803
888932
188110
606069
827949
375754
361734
8384
247770
76836
673016
230192
898383
615441
384252
85510
205519
114808
606066
496819
53592
9149
697583
771870
572644
899808
620498
896948
26828
883155
249269
713868
849478
793750
435071
534550
243215
574545
347702
610943
525507
484301
294578
466691
26793
263119
803692
838864
972
337010
183413
352275
278020
594304
530563
725314
431540
524429
191270
263877
163916
694288
427193
605602
294030
313150
279444
740099
298285
280709
274718
276709
730706
87778
283904
301536
50425
547871
599381
770638
193752
596748
331261
614394
518047
255961
834001
70599
247002
855182
781873
94650
521940
818664
304760
846948
342134
67184
315409
529488
573229
154776
349475
182566
68298
185269
479752
72345
322178
230548
338299
446835
359926
695195
556720
847579
33389
835901
81373
35264
199453
538232
781782
439781
344840
5071
768407
384009
171203
585567
341754
758578
130994
377793
822152
170133
798415
337819
851948
649892
67338
665731
207683
125460
334186
22769
567888
707434
829298
