9373
67257
127659
749581
790037
35694
118576
363895
423953
305143
39788
764323
741166
12417
554921
742658
57210
57535
326271
749587
659420
219106
885263
491030
112669
60320
71674
397656
784781
293559
788028
31885
872756
745260
730536
249595
379703
575276
791521
241586
252866
300115
741651
97434
592024
899595
349804
847206
753652
472780
715962
783204
765402
95714
720001
654774
646336
31725
16121
824346
646962
802241
101506
423269
253383
173677
234022
10415
800894
82969
353033
151336
343540
455816
393327
284329
396549
671869
35722
602117
439387
224506
487870
594173
661784
809284
21812
794322
744701
141538
876759
705878
815285
152868
453166
550556
846241
382017
877942
732398
836704
288440
512028
235132
830138
857080
30164
114930
669321
882235
388440
181059
72325
43597
744289
558401
861323
761866
396155
410063
131305
32774
520168
46862
650824
598630
291988
302643
237654
12587
128559
319289
389455
274799
314636
580083
639368
849928
877526
336890
260856
451241
142602
255076
811556
870056
171477
494614
881925
81626
528682
63024
573783
798106
4704
888486
877345
556009
186726
882128
775356
621776
696068
172119
465409
630721
871024
521679
447636
54107
808297
66436
409959
613899
753427
473613
488844
347471
783375
579006
418363
395255
198774
862329
328636
259621
601907
508804
765586
376819
701338
553654
208997
217619
247209
665738
725226
691185
36697
454678
339760
681973
305472
178966
841001
323365
741127
19425
713683
173736
362147
264414
183362
23429
807794
547535
125772
825801
726612
173674
118929
868039
705796
220713
49605
362905
685617
42296
376604
43237
195805
187755
833104
636347
55313
388498
46066
6043
547291
657189
648075
320916
373861
334489
743533
881383
78355
336597
74907
853130
770425
261950
494705
232104
118839
287181
273458
745382
810930
530755
463500
69408
451759
769299
5162
367537
678287
523229
24598
504274
259522
92475
33128
113273
182889
576852
375632
567939
578988
563055
242556
364813
791060
643202
741350
667580
824487
294471
212190
113501
633054
823599
266703
337926
517956
491569
350064
676634
223277
388059
409801
303148
544272
759017
501728
219707
337667
444084
817663
74108
174546
149921
314404
90454
788699
29690
707685
455686
634953
161658
836381
732098
75882
175810
250040
848826
548527
247753
707734
108795
434176
892400
421728
397742
68058
127027
110309
724477
442599
64507
340302
153110
467415
319952
101222
566632
221856
162636
64256
60041
894608
433931
374436
116186
439946
811966
583354
592258
5669
785631
371026
811031
796093
814015
401453
558940
710515
812763
640363
28708
450376
326349
447762
271605
262578
693567
491799
587367
444856
140026
231405
744971
579408
784956
575879
788457
338162
355624
580299
748225
797817
481432
698198
647283
768406
877197
810310
874267
162064
74567
333511
295572
287612
675216
862494
455037
743604
774098
518603
466424
566584
496969
623167
839727
688318
709331
595482
262066
670390
399524
411007
96635
36159
708407
421622
476115
52160
201566
642910
820013
433540
722714
149133
477199
304661
421414
792165
417970
403315
435150
835862
253279
730834
692989
175882
888569
279245
854483
518032
198073
825802
199958
213224
301492
16716
192896
559944
803929
556879
797910
401449
573783
66788
54104
270033
50684
456873
544244
431421
270296
701731
164469
777675
522559
868890
617274
727234
544877
347922
557121
854878
790051
220290
275489
578332
641872
600627
816055
661054
184460
18071
18296
422171
778462
604387
431590
648902
821341
142730
718718
123897
706547
347863
708045
112191
502685
322758
670051
232827
603951
502240
686432
1240
635924
396274
149963
854061
545971
154601
184833
483116
408238
101580
136874
142984
26468
296821
504487
635521
367766
875309
543016
448334
856615
874211
105306
257573
96220
558857
609085
664009
45250
675756
410068
559633
108047
841197
14326
852913
592065
720385
483201
18983
356579
654849
150350
90533
46382
17839
726559
593814
68620
276038
321077
112110
370520
82268
506302
146866
119297
150487
592428
677825
578732
407721
230401
395134
624985
35721
216390
460923
512542
415471
492635
478787
329200
595980
543753
726660
195393
833604
860467
317880
689443
685417
227690
1583
693514
735445
198239
534522
885583
50755
400756
499030
569808
860395
763692
405810
703285
435064
169409
788607
395662
277288
858260
99572
436345
584287
741278
812443
533983
447336
183461
170588
453086
745098
346955
392675
862657
404770
81281
188304
391083
3459
521368
594363
382866
133703
254936
39458
447432
114640
823177
585777
124982
202143
142479
60269
46305
461360
124307
333501
191982
428560
479547
653845
282753
131517
893244
698144
677377
392824
817222
753673
261720
807945
615550
356998
221655
22832
666441
378338
36150
718019
652067
163942
551096
451561
356976
576547
381100
504433
567210
306398
465905
805264
263705
703320
16081
279125
103648
160633
87726
79627
612980
405433
83515
107466
643816
483243
53633
569402
822211
35622
410401
563526
40179
204593
599161
229465
163963
215466
171328
421335
171144
782802
758603
355130
394465
862009
138994
633160
182109
182402
409453
363117
127886
504563
311895
247867
692763
210364
131189
70042
826059
670785
343280
891533
899773
520357
692381
214179
192277
124597
153502
672215
403057
402030
66562
41445
583961
280140
141543
414024
680437
715312
773120
705237
397560
791372
449137
890574
278042
444783
415063
751492
799044
880232
629829
368492
286820
169336
80457
193980
20833
680953
395756
863651
896200
819332
874904
551842
681860
477572
760821
76619
663725
191253
816396
605300
597943
885720
66349
450648
12459
620566
427339
648394
676178
710638
389572
764375
598894
724189
296575
155575
725987
270729
751566
175216
623154
855530
201939
261607
203943
881590
711263
412099
430888
376359
243093
560736
693198
538026
242638
834413
719376
213703
121109
63971
538810
763880
488978
572386
772061
827113
488548
12617
749088
721562
170759
70993
815892
169555
716822
485352
603749
59893
336618
297413
717708
282009
710912
24300
658369
221943
167064
71328
809358
35733
132537
637152
540863
37258
478515
681952
292822
32270
511197
234309
7802
800192
225980
859900
89167
417747
257701
834999
54274
30870
314713
19973
156891
670687
882159
248653
400372
812403
123184
196391
604009
250452
433244
323415
534277
744616
515050
546823
639868
632225
727468
799584
864120
862639
610897
226500
478250
321598
21091
233451
454498
885421
418481
131863
36986
529325
39656
276470
104684
68849
787322
473941
339396
471864
61312
363836
41137
801685
315195
22793
179252
393847
68918
549484
717883
467898
486568
659676
29032
571305
4566
320085
17033
433229
362485
81071
432781
641271
349261
99676
714956
573030
893081
639293
680197
499670
672746
87969
541349
492325
561291
533244
367363
839843
788576
432416
106057
446037
485096
35450
6252
356006
102433
740875
425884
548011
789354
304961
871031
109393
651108
166098
318201
155622
440401
134613
868142
352352
204255
586717
237831
502766
438334
769714
194731
641657
275052
31245
480357
462518
243187
830352
99387
758763
469192
32225
328158
600731
272532
500769
782141
208624
450287
540780
833973
57284
490984
309775
595652
706988
172833
635361
73723
616610
658135
656768
452112
308941
255264
850569
705075
53263
443949
605300
648537
383883
41647
842249
361300
710033
348246
458339
70820
791527
418004
392703
39942
349621
157311
817472
246474
816525
219382
419299
176163
12438
710651
815418
653752
70260
713118
185832
165975
74197
870363
721912
653513
528858
106778
192954
332513
264288
390836
335290
58221
5066
261365
839934
34159
554093
225213
542493
361510
286615
72768
711831
101157
671229
639021
76372
152101
572384
460332
648829
368566
735995
768865
327441
815505
454060
230157
677957
64521
442620
286483
563612
22943
645933
765272
187486
551957
539071
139203
637816
789882
213566
541573
770992
472292
204620
725426
24546
240540
99751
423213
813436
212851
869654
540962
388499
498419
270005
381068
672192
11760
542139
568535
780443
664445
759780
124959
436178
535898
398496
323256
498662
697899
145367
644519
102914
236900
874743
698765
624216
631201
347099
667108
450426
55570
264698
492130
129874
288212
747530
232635
475263
477498
20495
514755
273932
485450
109827
248752
71630
593060
106787
125982
343355
712317
389364
864812
429761
883370
353137
704099
781098
39032
863218
367639
111434
536344
183482
614406
634722
104599
551197
11486
464885
581260
561004
759003
69635
625707
642207
549582
406023
205367
39006
388665
61066
772435
143019
428694
640547
59545
220303
810264
179404
57316
729632
770537
524033
271176
250027
336946
535383
628994
777380
804185
804118
514601
353096
746596
64693
898372
404331
492253
732689
12789
303746
821358
521097
681907
71311
309803
695577
734037
537029
479246
508657
519306
379575
549214
899474
177158
316833
63113
832868
284823
113682
594960
505846
576118
597205
620450
188084
132472
423514
429472
335358
462180
188454
579808
730795
554911
456276
153965
648377
109571
707302
591980
849135
389678
648140
283641
651537
866423
318799
644720
572383
432187
274107
580327
101995
82229
437575
818200
774068
445037
391458
142685
341060
65447
415580
639764
804067
111100
527790
698978
186646
379238
80295
266708
610584
356564
99188
802368
864531
518461
374314
269834
496570
882194
884499
245826
571878
738956
706932
469291
410763
539429
25335
737079
329559
656066
465881
37518
296774
146670
399185
596589
657989
469378
825692
733770
751585
718816
132481
515030
634027
74526
24390
442460
191275
360224
478319
19654
204221
471231
348109
830078
620140
551589
600139
12466
102794
303994
827024
438641
134473
572440
165874
298642
581977
688891
731736
339443
413822
659381
267593
87871
711469
224862
84374
543081
572548
872520
44577
473941
589379
482384
811081
191862
227627
884112
708595
817266
292625
847154
791095
323905
241630
544415
561636
408948
428742
818006
394864
604307
355235
412024
224383
897183
368686
568959
431823
560950
117114
152527
567871
250100
143341
301989
698010
357750
183259
175660
125028
445659
132352
297678
862943
872579
846842
895943
861562
317561
485793
52534
646519
292429
583620
816045
196600
423866
749922
468647
594373
841830
786913
694201
2332
117352
27342
600353
414517
657859
270546
841851
764081
154321
11821
828243
466495
626427
453041
793172
687946
802660
122174
120287
473443
53318
519925
678807
156646
305780
312955
357849
837291
525726
707789
752490
374156
20723
486683
773128
103566
518881
114050
147714
443406
118551
149129
20580
512841
218380
622071
710346
317543
260121
60975
854869
56901
558337
478346
128156
869823
655121
3024
894234
818326
849121
664274
759717
483459
545882
146790
23391
700024
121043
864000
488101
841199
442580
445930
477733
764402
234747
204128
277452
873542
404476
880010
888797
223636
493538
694359
139934
821493
211573
786898
683885
144122
335316
613924
709136
534709
73442
630374
517609
737032
693085
108544
699656
555816
794793
541091
376474
595469
771019
630624
165952
402553
197553
753539
473178
297506
228719
36847
584322
588318
111428
685175
51638
722858
185755
432214
541805
864599
117389
484652
288138
689393
676388
63030
678862
664013
677019
817129
289128
199759
190401
839338
646855
301718
546620
807693
82129
546500
26537
598984
369292
840653
892482
762835
727833
824123
575801
429822
62272
834972
785697
709551
642311
766889
296299
739766
698940
844787
620622
152175
427314
108812
243232
626516
483112
765423
13857
633308
327396
832334
97047
775092
833695
568886
100435
403544
486394
898529
413138
198575
245007
655895
741408
579616
283458
446498
768024
325620
218358
152781
332998
359306
802268
759287
719949
831248
132710
449434
729924
10565
357721
486227
70266
265321
437473
242829
378235
391293
464734
602671
808171
746140
867741
570014
702256
734197
191361
852656
42412
841988
619008
57295
470887
422348
178154
769221
568715
581396
284196
685450
818857
292923
352051
121864
270777
33593
885140
45991
240574
26707
382152
654906
35976
312218
17325
223652
242643
746881
112744
629256
620909
543418
717757
514509
631381
600812
621825
432362
59167
706386
517383
98611
857876
51923
279255
174528
339286
777017
695453
91958
584160
899760
243837
543637
59308
338878
826276
26238
750511
92121
578489
541438
243103
284137
496979
105307
551508
98588
631108
803225
829068
173183
516595
75434
301353
281280
888168
310128
388917
430333
873536
613776
163014
595272
157824
417365
879644
434970
428997
16606
766438
894896
863610
167238
692485
223239
770084
655373
560105
352720
557656
549287
278967
194799
7212
300097
656044
680086
211306
311340
114139
583705
876352
555560
101426
776814
421205
459950
631035
500355
632342
801274
365054
75675
24878
555507
227652
12230
831445
139128
738262
484060
710207
595784
364228
776438
261109
724814
818593
409770
231617
515400
226859
717313
798882
218866
470057
348694
535648
763988
852942
509613
491385
263108
284090
127469
830266
522745
427935
141371
265225
280398
64768
586229
785119
70351
751414
665000
159987
243140
482540
813807
250322
798199
316234
867529
153642
93058
519824
296341
877701
91290
302104
486380
512115
545746
28446
642906
816993
381614
200955
364603
247398
657061
653772
358223
391771
40273
406641
158233
860298
311831
40306
345786
397663
491789
270236
858948
736316
76909
377033
92190
12873
113237
849054
439059
563112
239223
789197
333143
390439
459300
186363
768792
843150
847696
277436
760860
359960
14978
82874
829821
683358
628475
705621
292926
195695
846304
633508
266120
35676
431365
243481
276197
546255
438232
428131
319864
246844
525000
786669
286103
751664
182160
621508
88871
433958
69635
131766
682290
203800
210325
535413
663175
637875
637540
879994
91599
629379
512706
79815
779495
847853
758144
679813
285503
171644
19032
752012
530766
243474
456791
346689
596431
802272
30085
37881
665404
16146
275379
867292
60037
887745
492607
589157
206829
271436
312327
588678
487362
138913
184424
569832
846359
614772
60433
373711
260607
404370
649065
634460
465352
169008
633498
782669
285714
37628
309976
501247
15339
753013
169330
884947
879400
630871
102580
750415
749217
868878
696150
297147
54282
336716
657925
707179
250570
252469
627532
224061
466106
10743
618495
226648
66780
85816
256995
745461
829012
374023
600829
433497
179783
161973
488566
709376
228399
513276
757319
370486
684249
528669
537671
493310
542428
309160
339598
463446
1877
803572
652549
346417
187939
824975
128461
259812
656220
494799
216616
528093
602474
129606
644967
676300
650374
686068
351089
794726
630959
838998
233997
835550
347207
771709
450861
3060
833707
579450
153335
150506
213100
428724
406736
359857
628847
544476
716007
501475
740925
265464
207548
489225
639143
586428
632907
291196
470779
322519
200825
677064
465563
331848
780538
193869
604960
611793
636412
387903
144107
887940
674291
778190
403235
675003
348770
109600
896688
445348
49763
354489
594675
311160
243219
880540
489504
373549
716125
746764
722457
115521
256577
371852
698632
89655
891841
674692
622168
338366
162376
223109
48753
182669
718071
228419
739374
693963
505134
572897
41917
243530
891027
700459
185138
220468
52545
125564
388328
735037
897104
658592
447189
6072
786653
270868
137961
136838
280183
444490
874243
797416
669766
878056
306192
661910
505143
129168
869953
358697
52743
135290
769671
592498
105484
518685
871726
717389
401979
822541
77203
482544
63641
421982
886564
180638
356642
835142
513458
420921
707407
389473
541973
684659
857512
126158
601725
192357
378790
361238
31408
497816
139971
197293
551973
10273
191265
400434
534011
626762
753364
427665
751606
263595
214892
391783
80248
509560
737442
850853
14424
121844
167903
682605
801954
284035
772260
522393
777387
730269
749241
99452
878862
455486
442613
353344
614536
593914
543175
440622
423469
819406
499423
64269
210821
71057
286396
854977
10150
167946
117267
315828
86831
421563
662297
697043
113150
538619
581293
461359
179086
534594
374980
803012
22929
92285
192850
284822
774630
43201
496786
671991
674711
695196
763986
230597
383346
146311
714014
739696
670658
662647
424840
507257
603497
688339
70993
885814
652092
697664
464759
86579
304859
499416
370234
691218
227019
557402
206668
707091
433426
110170
275989
376686
276527
13177
214432
547997
540691
125487
45894
44023
719360
41733
423861
78103
26972
654015
338556
473339
424082
65238
223734
680328
541349
662020
898704
148235
437810
836249
404409
230619
6817
437706
722309
693178
102407
125001
709950
640409
668412
763055
744295
352187
751956
326390
784078
285682
479900
338692
805102
315078
310450
21217
509470
570132
781281
281225
662650
433331
232824
771293
129771
45297
243430
473044
593078
115036
564405
822703
621758
407101
321760
612939
420982
174303
410481
892623
490919
347054
624444
568388
250427
418074
622641
264004
482948
799418
331042
838508
590795
71117
331986
738187
807224
82363
77334
625053
490427
485051
713899
608049
625622
443054
646131
874405
425991
53384
313837
93620
166325
397647
314608
591045
201494
431515
808708
474661
381146
616734
99261
29519
441720
308893
824404
447944
303539
68700
822660
174407
361033
313912
296510
739729
702808
681518
627402
675363
853613
46841
187035
309896
726250
605624
843148
785515
334419
10766
701213
451814
346326
761827
322661
860152
422421
257768
544658
369813
93137
473208
50084
98616
424788
498010
637570
854964
7674
606242
505176
604072
321885
591607
849230
496720
682076
689487
92198
899704
874408
371543
333905
435276
394731
150159
693038
347466
536821
619122
464320
480217
340132
663795
156171
746163
843407
607075
549035
85310
480175
700335
188881
696504
630923
411045
831291
155536
498814
446135
147663
618194
41127
233913
399796
67738
164653
625349
354221
147178
784045
5534
865682
899671
122561
640081
565516
594685
465135
872823
150605
777682
808651
797495
463818
455768
580298
505480
786743
284428
428036
243796
315453
242652
690149
721849
210714
77878
871216
442761
865557
31291
237584
703665
479772
839410
371421
374838
272924
825560
860327
565691
110396
378773
19299
4479
203831
507051
85391
684516
481300
492840
563011
160010
236067
647002
216181
319898
798262
299650
91465
384543
35386
775937
490580
460526
59409
650479
817291
365734
887566
644170
35021
503378
301708
890092
834153
642284
539338
821109
779821
864732
310375
569543
605037
4606
499126
267409
639788
501761
785438
851363
121578
509579
755633
719488
280106
513594
863719
717106
404607
612165
133526
507767
666195
398433
179344
520984
470227
823968
531993
824219
4282
811060
627876
871470
450104
814770
441801
765124
450238
683281
895877
112573
80745
598417
639085
894397
295817
377016
294032
605374
777037
404279
1385
893345
165965
337644
770142
295936
43636
469441
871992
221951
14151
394481
684735
447553
654038
473483
814481
305911
435614
163695
584702
695347
854457
85941
174147
312955
151235
771661
461378
185112
65097
849665
374426
705838
667472
218710
868584
772422
662048
373233
296474
515079
338923
805975
66155
514244
850685
700045
575616
346927
18113
358590
543486
282538
419054
370779
765926
161374
223053
113148
887119
358021
314056
865061
169406
581025
106992
765892
895684
567760
373067
225590
218003
658231
629592
174217
283870
369819
748576
692892
59469
458414
209307
751939
6682
591239
436508
228807
594795
680490
383899
505354
515052
295495
443004
823976
255720
659583
193153
137529
795652
861920
551881
570195
170360
212561
870435
604940
452651
691177
315219
364636
869258
750970
21536
392673
99460
303243
781399
70685
328581
654788
337696
48506
411373
311618
562459
214606
870892
786666
223318
463481
614077
742042
293902
513323
899004
659419
767
205795
656421
420371
572587
547634
861451
19383
148323
226685
354321
720701
523668
287137
666696
388047
301328
514385
141510
365980
592312
357435
563519
686408
336132
723498
828355
155620
163023
540708
236148
353304
379073
802067
780386
866333
461978
4352
673700
695815
351864
738779
620053
725247
72486
87319
674377
820015
652417
121651
632939
434359
736423
233140
599828
29245
196766
204557
461514
172672
161215
647457
136851
757837
693597
785055
314516
130922
54678
459211
321898
268624
519541
513694
53924
674903
63328
826820
779675
80649
605157
694627
400400
89112
172028
50043
264992
568491
65497
668329
431942
558483
606578
812165
32429
251837
449895
238732
26832
548288
333874
355352
746545
206741
409260
174378
689874
355399
255224
808618
511507
669024
790641
822213
622504
469443
64972
809301
495350
675416
333577
595711
500971
118849
79900
300438
277591
432876
482834
11645
506154
483137
636834
129097
577291
71707
614769
855684
10067
887507
634722
810158
167748
67928
345112
616606
231689
208539
885289
475047
352555
608967
177026
574198
890956
6830
696017
610711
202308
345662
351219
634391
356406
209618
266458
792995
275727
115141
188986
771664
254074
437857
352048
434324
489794
752310
686351
321202
588261
532358
826601
689427
865105
331164
141239
615151
535807
654845
145573
551372
251753
89655
338621
769757
29576
647223
734158
305739
301998
31159
448920
801937
367901
436691
392919
897217
50818
431516
114346
722084
649554
735398
78687
547327
58975
877276
263645
410129
149174
329908
794285
611128
383801
180444
400357
51828
391988
562835
786578
665123
423198
479765
226050
71660
23342
11694
566188
480087
801431
869040
352924
486681
26946
609888
405759
79501
524806
888010
641639
704542
794279
101621
885307
173249
105544
263312
136799
263423
63822
276972
896347
355185
245586
494116
563690
801508
593538
801718
581858
897948
361750
703350
211899
244372
136106
368312
657789
611747
890557
360010
656810
306586
804100
366020
517349
526826
732779
27736
463774
333315
824649
172644
703964
132727
657759
546182
441573
514782
198862
50095
239277
115986
403570
378928
792056
623194
49566
884753
605773
285315
145173
143905
58906
282698
384962
78407
673054
721911
204853
206775
638231
388132
657627
706528
607369
635323
742936
178050
167559
734653
192644
692317
272993
499006
397183
412996
761610
581326
111698
633360
626404
100531
685956
895250
673386
104626
739669
98624
759610
268844
671547
711985
433822
42277
28886
822755
886294
896000
624210
391609
192771
422182
484537
576131
47154
310565
479122
554197
455363
745621
423322
292793
312565
307190
605
138433
172495
313845
555793
790612
230446
666989
806384
318634
455398
824298
620048
819955
56055
275625
826080
520241
330350
882460
150881
810598
869204
775945
170078
209671
83703
390194
370474
113200
845811
265327
56597
65234
180605
108663
513514
783463
37388
26718
453608
288326
319780
392216
530523
753618
174368
191292
118007
26189
195740
684484
737424
594730
668476
345776
164696
600575
276892
760426
55510
803897
14804
205604
407007
531882
246856
444893
574964
890525
231210
271747
319832
856394
857196
534355
665644
340773
493958
158620
443433
96273
866944
647265
94330
40498
216093
609021
851411
233152
506468
467840
490609
428855
163019
892760
170960
90764
668419
677451
562307
190010
156155
234720
352179
525881
264529
428318
478231
636464
600892
328172
828941
263298
168207
786840
289074
64740
104106
202835
555108
532846
260195
97689
544561
557488
411341
103150
14171
451452
411874
715524
48138
508929
129330
14906
6382
889816
328296
798046
646928
808759
815061
574162
597108
393090
455420
882348
169870
418818
684185
790040
597245
210318
794127
771065
480872
92421
197356
776428
487764
180158
556283
235021
216383
388663
795846
312787
570556
361961
697541
465494
571499
620157
878279
259025
790324
879000
292252
286658
103200
290961
885662
384399
473141
439555
136314
534178
71180
132445
171294
75637
116240
892023
30592
788233
890229
404800
870696
363248
629874
321394
881179
116747
375964
644007
153574
579213
602081
603909
428003
854174
298366
730004
287467
794459
599549
169777
534936
22299
747151
697979
259605
459821
245602
316426
807333
219837
828671
166719
636269
474581
368674
543543
740543
828160
241271
298009
193860
825226
15438
791471
782533
447779
171546
538033
173205
93186
830347
198492
325375
299910
193094
308066
66951
95864
536862
806075
807008
298348
286322
622394
79434
151622
80771
32474
124613
241530
414991
267447
240054
6508
483567
492153
116565
279317
296873
555498
472817
62759
306035
811049
543584
55400
164485
334359
45831
615546
423481
198991
109699
186619
163842
890099
84241
824712
882598
472353
118688
13756
350554
610916
739505
219510
870297
9447
858120
778265
247967
746052
103730
445038
207816
499579
20050
626692
92480
526750
692042
531959
297831
195337
361026
260493
219747
17359
462328
730077
303746
345551
66565
219307
637962
472133
24680
17102
894367
293597
183505
179475
157297
692099
231308
799898
143614
262902
740167
712222
501771
781403
667522
246419
855931
436205
532498
599207
738249
279378
557170
194154
294792
104520
475336
507050
484181
423294
414063
488439
670165
689952
801605
853574
718832
237227
296083
722065
389610
404062
470740
880155
628890
862193
503748
751218
578761
9823
129031
676781
642120
21055
118740
869332
212526
626673
208156
328126
664877
783699
273306
503701
635824
607667
60024
41975
608531
692191
894875
612982
547359
459768
363597
379295
286561
482789
167109
339224
17125
314436
216277
339617
547124
93211
219312
93757
275303
772077
375990
518187
393127
268040
229405
754828
759555
610331
72765
98057
511629
138724
643160
413069
687250
607335
12741
148237
846739
774843
866456
309321
529444
530367
613359
17802
43233
692138
337787
698795
692008
258752
4745
16084
663255
426304
199852
246657
467939
206810
167881
118497
4242
642174
791327
103482
560373
90960
372273
260810
736998
884119
575473
725865
110522
748756
536234
191786
315522
782672
5290
158784
879396
740783
746666
6109
256913
847936
236444
78390
50563
233206
142192
299010
790837
665745
807715
72033
396735
872661
658660
116921
102764
536381
682756
128700
418522
242184
73754
156294
111981
671761
282800
421154
171280
734844
101709
727499
275241
806668
304192
595600
672152
51378
299494
92817
745068
209921
480952
612134
86338
620796
266612
289823
568442
12976
685637
660710
845752
775614
467186
559745
316404
781904
800065
846131
646911
804269
652358
558434
286099
271496
840300
34451
461045
238579
281374
846353
124713
802545
105426
218605
281202
237704
300114
149599
580741
696181
264553
213227
271304
77466
869607
71711
466317
644275
163025
859513
85797
687750
421000
450949
360899
221848
113652
16323
152334
742716
248812
186759
55393
297734
69701
320282
247555
661406
300725
826718
250879
93424
850210
56271
237375
230880
690508
409541
128810
120635
86036
533270
374423
469225
328168
489400
544748
779839
568140
185604
411128
363313
187206
388502
22985
441796
160773
522065
88010
371841
576559
853696
628061
345733
338598
52055
694865
28885
658647
343959
70464
550607
627199
560976
73992
494300
120505
669025
648900
550498
644488
430587
673990
196214
431358
288003
465619
498926
489511
220246
530267
318325
210293
77640
122771
582359
798792
604261
521713
31516
449977
596536
583299
489362
864836
642826
305485
158658
515952
894273
343805
457061
691581
367658
721452
407760
795656
130226
878164
776618
813693
41742
387688
173566
416922
185498
828629
59628
475772
457886
657683
168601
99241
499789
357639
223495
577081
487495
530329
695840
389729
382783
223532
453420
385213
88470
21535
701634
275162
30566
379808
59898
16829
7547
817224
21473
566067
251131
608534
195014
375350
167559
164716
730033
131353
798201
192768
793683
497201
417933
595552
118777
220928
140060
721734
898938
754590
619460
265971
833424
417286
464931
345066
747171
849978
303746
467436
655168
768500
9551
81260
787337
838443
747234
387375
401703
705374
346465
305442
493626
35552
428575
61975
9745
34624
486975
115325
724884
750835
431766
130266
254334
515328
413486
832488
360297
596648
409447
123882
161634
161809
120281
772330
281243
515693
410388
636976
137983
796523
832296
90656
128608
881050
17568
344049
549612
4597
527145
279718
32414
286768
810673
844715
629649
407198
45163
291245
823567
667996
15919
860949
63720
378525
27069
898051
766846
316978
536866
426756
145277
241718
394579
416752
748456
451027
448406
616386
509966
115093
683489
480821
47580
789769
326394
452759
808364
559506
574077
200012
433275
886504
102652
640098
465144
842316
802944
711949
341912
92077
415758
347070
754950
337616
749733
670884
491063
618720
837508
466527
470076
368722
372777
320477
307890
422131
362483
847604
800275
526032
807657
467387
645231
99970
237331
300101
356629
83124
777158
522714
25546
537170
231294
407987
656381
604080
282595
704242
414769
658324
124046
312508
762137
53409
67589
284084
238595
314497
833026
314422
716811
824269
181138
497292
722064
236796
783673
291792
70307
14951
814770
803487
232539
448853
590164
307446
317510
567432
143633
498700
461434
234978
296536
319500
423114
339125
463578
641645
11476
254214
302729
650799
890391
402685
869309
15924
145633
220524
516816
504825
815399
179770
641641
456304
35694
187626
328342
13980
818342
221709
225138
694855
557430
92192
285318
493827
145938
764483
215884
818299
811593
699352
548622
672662
390235
226068
582733
247336
191112
211205
361054
89876
543907
270432
425838
369761
703270
656198
739206
809592
86399
799026
565770
777975
92488
853378
530044
279830
566229
56895
764510
383700
515462
714922
391956
320444
714811
735237
326759
266906
415239
791548
587941
623795
146654
739822
186214
631846
324424
785372
232106
179902
12439
263212
379358
407089
422005
504474
243870
66808
382967
806108
812500
196394
580974
769360
335230
779671
764380
108485
292174
170751
857187
508835
767563
501037
683097
219832
271860
817747
77048
852991
414117
266339
502706
163503
230290
452934
765441
372445
370896
545981
300220
722255
278611
814227
165094
469567
822258
403675
192065
546440
494183
888426
702656
730800
233010
768019
686778
759281
23453
232828
201850
61413
133050
412762
393202
597038
284105
146349
791696
386752
307606
230362
649993
32812
664415
96225
784114
339849
168755
150714
84078
225953
343029
346161
693282
108213
377888
571195
390084
306254
101700
665172
566001
744257
545551
259671
767805
462238
302792
549977
702469
200214
66612
724642
587073
676646
516027
817673
754518
737540
850564
155947
549288
226469
661053
589735
868460
182248
852567
9689
310171
376675
297678
9649
582082
635464
511847
349199
571094
722867
151762
791358
802598
412979
286158
656106
865001
706162
234860
627615
574518
730755
560523
668735
576306
494599
716930
541536
650595
33148
628061
554464
183139
716355
130399
268837
889553
516684
315590
343093
275970
593792
796811
304879
33781
572235
334760
390149
418627
621124
811925
621431
388085
496474
790251
6572
12496
295644
888105
31727
311819
357317
871221
272068
44897
149283
55194
188998
18562
492387
628591
402430
295044
106618
432889
114978
462583
687602
728903
74119
442261
306799
482234
735717
520472
80765
431528
243526
628742
868728
591350
116425
136968
353016
358626
429370
194872
284791
812163
493030
267224
361535
466056
180317
832352
264309
353789
562793
266415
860636
340205
847525
892643
723912
100865
843772
898115
193792
435302
78816
55193
156303
690572
269987
466141
748935
48970
539349
20877
131090
852735
132122
648665
715094
35764
410919
142362
220964
366238
459609
355555
411774
572255
280563
720207
368323
620876
707986
840026
36152
773928
525454
437356
433492
690991
195119
898928
625032
194128
518697
625058
831209
718866
530614
245863
866587
295991
856751
696599
672604
197725
847270
393141
668555
790433
731843
257887
564275
396671
129049
98976
759991
26452
479013
879523
497340
808676
641698
649283
480013
161560
453771
492765
572591
371423
869678
440039
104707
374677
892553
277690
87569
683329
536325
685802
489655
554104
130667
891030
398445
601791
504903
441467
708627
201709
439160
24899
504954
61039
827056
323706
452716
675270
696590
48034
37338
436619
862326
614140
613568
28146
509066
526311
329686
858860
18440
421317
662774
70982
680383
397432
614596
341327
119214
544781
727423
768119
276731
339406
204259
132691
683213
119259
59321
269981
783655
466451
56924
483385
301826
558796
235143
462962
437029
184738
892128
169474
23843
542316
305628
484688
237234
637674
454702
862420
90531
265530
185871
370358
339107
848555
499179
344021
334509
679464
451750
463875
568457
574646
744041
737037
785093
140793
777325
213689
11215
476944
118371
100968
583852
370785
26333
668123
857464
199215
258780
757489
681787
108936
36344
269070
117475
430811
521893
215256
256900
182631
406376
393595
595049
543630
8790
572941
756661
190376
533349
267435
183611
899764
437618
691938
891254
815785
352302
819209
40038
605259
758373
767435
421416
735001
184044
418403
1456
92964
6823
794881
698469
742778
735796
418761
18010
132287
353879
864698
847749
714589
881443
142412
780413
787090
703682
570515
231189
830088
283937
93280
17487
30211
299803
624742
88607
50963
628224
301178
428317
605768
38978
438259
714310
473797
463612
337809
628880
124718
5120
77755
234024
433211
110299
198816
271690
766895
648326
202783
191644
72034
367788
137826
578856
78009
859187
283973
637203
722392
681897
63509
205087
252398
836749
465075
648153
831630
438646
440631
663584
619614
735396
433873
672115
338856
508417
387371
354037
322094
685236
363
764577
761594
12738
298485
438883
799763
203585
539341
603866
870572
309978
147321
723369
871767
859994
599684
377428
539799
846741
207135
681725
546195
358520
537379
571163
228710
313866
793714
194963
98963
432221
341563
657462
294485
372823
443739
704695
527093
609304
829665
222183
106773
131463
867594
514351
765609
467037
459467
21417
272837
92814
806125
879708
646641
283855
541459
677714
96922
727912
524215
304727
466562
349464
198866
579120
632247
174975
693562
310742
375585
230125
448645
270094
432661
756388
487500
614758
463943
115212
705964
661901
243196
849683
425637
639247
756157
671646
557989
277421
778503
552593
251167
108277
323712
777751
463637
103267
183076
797039
666773
710996
796669
353491
856990
172322
499633
452230
374756
169217
607125
828537
113193
96084
676864
209849
121836
560653
278458
518297
138238
28320
223059
114168
817646
457218
675216
261935
79047
855395
595104
21529
634223
843173
203372
121087
619984
3416
663213
14271
619380
80052
2648
256120
566057
783762
90580
169461
93700
849736
828076
809652
268161
376319
50848
723089
770921
741874
419158
672500
135628
262916
603950
459795
454222
868446
24371
543045
175838
531333
329069
63525
701857
326196
596627
81343
839438
875835
14365
833466
132882
453012
284440
716802
532691
867677
475155
736208
798930
712567
858167
163289
524106
608506
543667
666384
99317
495763
382869
38168
65965
674203
148820
881323
669872
829525
772874
607296
776572
806243
442687
202012
546522
583013
378177
647320
343672
631120
588752
759274
417326
166407
517973
860051
720034
483193
462899
505572
665319
283542
487414
669678
79680
866831
170983
656997
101923
239369
297473
791119
631768
479710
432830
161679
369697
640944
874731
704425
171379
887755
747483
31537
743234
225046
573591
52437
472891
224405
386194
530115
337098
727870
196602
757912
673404
491317
141706
103047
259391
148103
141885
754594
808614
322911
650142
408903
570953
894857
153723
350634
205097
112385
123607
401595
232144
447127
184670
449524
879799
553761
815123
41090
87553
791580
664901
303021
342661
380929
93345
752581
445609
610432
786145
345515
319145
151580
407650
525401
696535
422467
656691
197583
335517
808167
501545
836283
288958
231710
471184
757028
194522
234419
790907
441715
733360
770790
825884
570143
333981
224583
801072
456947
818787
6346
780466
238846
181894
479015
439983
805911
173104
427730
492217
898443
266195
749010
10677
253509
389326
619904
596400
881560
172041
742621
529550
28876
556603
687856
407522
682691
705835
709979
445562
712806
626419
627897
441650
657841
77376
677014
633289
752407
583734
436522
813201
1107
277649
335316
153375
537197
626086
256656
459362
725765
199335
393396
885776
589312
566822
301645
354076
747308
316881
232752
605348
493169
130011
442335
304135
667637
360700
645499
809588
820620
818766
117024
84221
471259
89688
884770
133610
210759
316936
101698
560074
277791
643513
482349
189477
451747
679893
797073
759917
815855
846899
362524
626322
673288
400353
626259
373140
572481
576893
799979
67123
785866
232637
362856
668227
725270
343695
116336
148092
725384
269914
815115
374189
889754
788035
45114
678256
745577
251788
557360
793593
517440
241270
642257
2664
193215
335816
614470
368926
867175
88072
649466
138668
839173
493797
833621
774374
582041
279351
607666
663511
141443
859166
792062
451342
566889
649800
832912
833302
146310
98351
380959
486660
241938
191902
826277
667625
198858
216595
548782
418439
377692
834144
379644
544193
892018
371436
525499
672362
110200
18743
41948
3488
639179
325818
874000
637457
680288
20812
842243
764187
629455
435362
101330
661810
858970
739822
384298
697626
736061
136712
492479
539957
437780
589002
190021
23126
456643
768116
31951
484276
308710
259376
413698
39866
73462
191025
625428
324475
808565
658005
175142
446051
309270
870025
47612
121992
6604
479627
880597
24319
106829
682634
681195
511596
154722
217545
669033
413809
753230
554627
367172
877511
617432
358217
489399
126411
643351
723047
534303
769327
232026
675620
853583
38417
571505
581928
877329
249897
331867
189368
199066
427260
864109
309788
884745
710798
745691
528194
43260
696180
212774
516156
716142
2503
395682
208292
27089
204149
434659
354879
298084
376817
426851
875071
880785
507339
856403
304483
149990
735738
151932
760409
212589
601845
30352
783940
741834
657825
879602
275288
544465
179781
350207
318914
827298
113305
894263
422661
101730
165469
381100
519423
731575
235398
42598
808170
25855
845523
284752
644894
19886
309725
714275
283540
480066
389613
458412
614789
671140
246568
587677
40624
536286
38629
637005
71739
448147
616608
897388
429201
705888
38919
63848
684266
294989
314960
528757
226888
567919
577549
203388
655549
722621
741208
230339
671530
887757
836649
283509
27395
406219
793831
365037
399470
175093
260603
729572
789898
74582
887264
309013
168972
756189
701942
495081
226020
309209
852118
99365
668382
716403
599551
304556
760292
848136
709807
824529
21602
803810
794221
713757
687458
472178
696067
741017
880181
344971
323562
342393
139410
188414
479549
256229
60121
838606
77839
825477
447665
207631
279257
608297
475599
341760
534795
582962
532120
487330
688484
38464
61501
40628
565757
199193
868197
553485
51743
787667
93833
496053
455157
678846
563449
677792
753980
189905
777948
467079
95254
152047
855572
511684
810270
731798
669504
345867
158327
550340
93051
218016
167805
650566
4674
599609
65244
786526
336498
321777
225759
235344
90160
891557
801153
492329
25730
294894
132576
251437
86042
573404
717423
597084
246835
804556
168170
743455
91476
277446
686565
18517
447186
97173
177661
571029
738099
554531
716304
370623
827820
818321
595848
820835
665259
536176
528370
152205
786929
796511
271565
134860
450871
363297
297470
207582
638033
216026
136672
314650
162736
721766
152313
509177
821474
792534
830056
613761
735572
353800
501051
397136
478743
614721
57373
546337
846560
767882
319787
256414
108778
656484
378888
618851
605558
805610
103462
458474
787954
21858
270021
791097
463000
251711
532153
48484
654125
785878
244899
380191
503658
843098
515042
696453
195447
711926
544706
503678
815091
847431
535090
169040
747793
159156
63603
24901
764412
583946
789645
39861
327162
634168
243132
725680
597231
251236
651687
121098
76281
633897
594961
487331
887672
605006
486472
685138
296176
52067
576411
674798
184871
342106
418089
84408
425737
899264
731988
127144
786636
417911
400949
170066
52589
810129
712809
407508
459609
134795
716136
441760
855784
851716
568438
338529
743043
171864
170643
864107
822342
648477
633357
615716
5153
392697
547573
567080
316760
462846
550127
143070
709035
328516
607330
170677
690608
84353
597264
276185
87483
522791
467840
820856
434207
450202
768919
689420
397519
155596
508677
386181
243742
146775
695227
398516
868836
472823
55162
552982
86113
80001
533062
888475
507772
124164
322330
171186
294309
50427
505078
587027
381721
496651
116275
747560
29763
899711
745526
856569
417119
348894
92323
153075
30522
73318
526313
387764
892789
17031
602939
340885
58120
593246
202335
780596
616548
596204
84159
124669
825617
618963
113277
592309
864214
758989
880516
416003
329686
178440
880601
406843
491863
759714
162192
830825
566431
845533
219707
709526
791767
773950
377150
365145
568433
681384
204669
874653
837350
818705
455606
783883
353368
357501
627564
606164
18134
789727
36920
369021
281214
200041
889316
53000
427132
853611
328434
11003
332593
100432
288886
434703
453167
26321
74373
20438
114721
331668
464453
12106
425863
259685
700931
359470
107294
472335
395428
571044
283582
358262
313843
135883
424862
789364
895065
730001
354802
876559
773899
510493
665268
157972
70525
891442
721729
337970
305653
638817
822458
16533
211834
487854
818506
94685
83466
402108
58664
523130
730347
755000
335986
515238
689689
887583
326297
88416
414910
14029
99068
652896
328800
780579
765901
447868
7413
424564
639791
184022
109457
167820
778337
618623
115680
543614
701428
813549
89263
83112
711544
395828
723460
687013
119893
505763
721646
451535
530389
95966
653494
536686
63935
798356
147989
536354
587038
138556
108000
65833
693728
208049
613407
415373
209594
147815
306619
184013
355721
367912
187797
619110
118835
642928
884563
788542
679980
545889
28693
778413
517621
533604
478086
23657
522558
655389
790542
633804
752300
631497
653348
253124
615926
429751
824961
197623
181897
500864
819408
747792
40812
773540
587905
775050
457981
480163
103292
590296
316634
38772
588947
317455
848092
732869
412785
799633
648382
547344
151022
147095
452219
572087
629764
25850
178485
794044
119932
404510
428690
65887
80097
219963
557857
455252
59703
794921
349691
534208
121380
899943
671460
168560
89388
727560
889648
545046
752219
646619
344354
2113
678587
126230
76016
311448
61669
287519
173283
37972
123476
599094
395322
53111
125109
151905
384013
864940
771866
612693
587279
232315
143342
336799
53709
217609
124516
631437
419124
773930
725224
114043
34063
294629
180470
807741
501005
832003
384617
859014
669281
619154
876332
669203
732867
752220
550637
767703
701172
705695
178544
23684
256191
90153
674591
380979
463930
730610
381982
587312
156780
349494
443420
433189
781768
195309
96966
420224
734296
360393
618550
133604
754325
241932
809898
563786
408626
401507
743023
498545
130169
765506
785147
734249
215085
441565
114329
811544
540303
465569
289727
336390
773852
853453
654492
679660
92594
98992
375246
293844
479411
807712
497552
306316
472419
894100
886416
896045
629836
414431
823102
468771
644993
836938
98368
324728
85343
586668
94114
437089
736782
275336
588459
486116
100583
773155
174699
211236
557969
614529
867505
764683
322500
133564
550777
554100
645486
734175
617187
416818
553235
136229
71518
809984
388687
233801
275202
272485
300247
661737
767422
19107
891230
879772
896454
403773
5491
540077
313518
835523
179336
849332
777012
515771
627117
419183
558135
708590
705083
789250
547782
320140
289613
657928
284372
775868
54792
440980
134183
320900
215419
745673
365007
504146
607105
746450
381460
525765
276995
143807
175624
83803
57243
70940
693883
45655
728468
546160
86061
226830
226829
134191
766559
186351
194204
776764
811714
521549
503183
561247
502097
126698
840557
553663
84923
79553
459739
482108
828696
144528
627227
434411
22301
434817
289519
130831
397002
326483
456347
271632
285472
391081
776681
816027
500304
339151
753958
779414
222607
363525
776041
797118
22917
669578
136211
302015
711845
790853
281585
781711
279479
614898
394431
14759
742897
477448
718472
381599
145668
587747
408488
87077
151571
488339
388850
777914
765886
109376
58765
108105
305852
238744
262681
676869
33031
821943
299152
360190
740241
462578
490279
420959
116885
334336
254963
802983
753000
621445
770825
74625
270095
771292
514238
144643
11242
735296
410285
442752
574445
461783
702263
380362
497295
495196
448164
835719
169755
482823
810887
839407
459556
102747
244736
8288
440278
542604
797403
790557
137255
81644
881270
514634
400685
181168
737952
367068
392425
417603
373021
812737
711712
226663
786726
240684
691851
496099
281837
588346
724132
588237
607486
553990
92289
839733
193121
862085
766749
48140
740859
181216
64177
644816
623221
147564
114402
804757
785300
337735
817300
472689
84039
765040
381565
880004
386464
85987
865748
459393
738457
291153
665383
267518
181720
482808
795980
226420
834381
396452
825199
837395
617272
711009
402219
57190
223175
121692
36276
843198
149277
227125
779344
721469
730415
494243
880422
595778
68135
486500
816206
756108
88555
395871
756808
628908
270041
407225
283497
94987
804361
234064
608145
412757
761428
600150
520407
880129
351474
396526
757989
531327
46559
117660
644192
245501
394423
132652
753120
593941
720513
265955
729566
445910
161384
625625
292395
103693
408356
678075
307229
195343
89944
362172
683460
497094
599572
267763
404699
699191
545722
443189
411610
50572
755198
595760
318025
241954
805958
372097
723023
278801
319153
542642
632263
408019
513332
509620
12308
374323
205343
46580
661579
851476
69663
93693
382095
81339
178428
831243
666459
417690
474114
810823
358519
480409
695485
340388
121517
60515
321246
43476
207382
424043
224411
78823
419310
38233
407154
772994
710
408244
297133
173336
633016
464973
884225
328040
641940
24230
229296
330162
126393
454590
186159
431639
553600
693723
812162
335436
414962
218098
336996
30490
110714
297173
43298
211126
585749
675897
82215
203544
266246
92067
659794
781114
719366
340239
762435
562319
582392
744157
601493
838557
725211
857721
734116
275640
471801
472484
130608
705629
832732
626308
149083
477607
30463
696037
873740
1874
815490
315242
500950
888074
553912
489685
864818
207758
160187
338638
797160
320519
514943
830451
265453
136351
46212
392380
14534
796832
111845
885578
318155
178154
279597
584140
328423
230320
191625
526638
732796
740591
256761
761118
817155
176556
537696
766140
476049
899113
323802
787037
542101
356
651757
195836
288957
381740
228120
257854
282393
392609
827721
819648
184791
286055
889227
95999
275981
118694
764732
360324
649046
582786
824124
270986
556979
832274
897441
337325
342451
669342
368936
782577
691309
319866
201222
464684
410058
44601
491740
813905
650752
672880
670025
672090
152504
162761
813721
840497
778609
58752
743611
412155
155294
4318
885233
839426
87146
478959
841888
365309
579484
203170
81255
302782
681397
50845
428781
504312
737846
475450
887667
569770
530303
875073
458856
648012
284146
243779
353307
197270
242134
478897
486379
35112
494488
594935
74139
738073
563179
30137
764993
515967
848208
239976
384509
93655
258257
682848
319207
557490
398983
633537
477953
281245
654427
888872
160908
233803
180937
577770
55446
559169
110817
264173
654576
551837
29736
832802
789342
212548
364859
582754
532072
545895
588403
850756
624686
214065
299172
457689
787800
701648
642879
485093
20587
728509
225912
877785
785527
709257
204897
613969
684909
316934
29461
427463
315534
351280
278226
330899
118399
534806
409789
580448
52057
731497
565769
213291
832540
690816
335922
169082
445860
458340
580068
326103
386035
34751
334713
92200
834030
338204
69919
675085
312324
380187
391895
845685
737225
439220
338554
749948
381857
514373
888790
468133
775799
680185
625974
63824
488077
746359
629504
132793
794958
180356
226392
277133
662143
698230
713730
881161
800693
593911
390469
697745
159232
72786
199402
608457
119300
537341
372772
448628
120104
179458
348585
38246
815079
416460
542654
746952
232580
806379
631378
487336
610075
889092
513089
600794
174739
865143
547384
761040
845231
248526
551768
303697
277955
277088
338227
97176
380132
821727
829012
682060
246712
702500
576187
882776
238605
17396
839558
325670
417190
527183
112683
848828
253423
656854
722817
474899
196593
485110
885503
315632
364129
15541
501116
805858
137043
556344
534326
543863
714637
406126
440846
74074
397526
444637
246928
135053
637773
204775
259472
222334
695253
502968
29040
763690
640654
721199
238750
539211
551967
770983
811898
471391
318991
436161
95285
297943
490580
575055
576246
171352
89859
333823
98038
52209
64485
891778
610667
304762
720362
586616
303521
101541
720407
578426
506148
499140
521403
127844
168667
381527
596928
708573
116366
220431
96445
585988
3656
140580
273192
395577
866199
476784
178633
446981
659440
356486
203177
315270
256112
733522
721161
508187
870078
538639
255728
606633
655308
496959
299644
272904
385883
195466
411609
872589
619486
400438
243311
845748
230935
720318
158805
592809
122910
116563
716548
764595
420928
612812
79847
653086
447908
643691
411598
399588
745801
59086
870370
428632
49995
265038
213651
841006
443300
244888
131757
23306
39215
324230
696840
255844
215751
799449
746975
157716
94415
232724
760504
421567
45611
310968
473890
650206
589003
7736
840765
249160
79943
214392
747283
498300
861286
117735
806725
242733
551449
585558
245056
494985
690148
549876
724814
467656
295997
391559
694728
204462
222637
331721
721513
781788
578003
765469
236158
670458
26856
561772
73562
393593
594429
863489
329350
179848
770688
701181
226709
676854
568030
456951
26742
714078
740930
531284
429891
364212
835579
780735
777878
568266
154396
853669
566395
314239
422365
331951
186400
298373
764799
139677
529416
230093
660845
623388
176607
39665
61950
385635
430729
799454
747670
149552
205396
507292
638924
860282
260043
793948
583335
658930
697836
386749
451361
877659
677361
508506
872302
586307
366506
683572
484533
149469
334476
396183
378621
41629
327299
178091
453795
426447
235075
512186
188711
742292
733436
26872
360327
242010
701484
539252
60643
79958
165070
6586
11840
68481
345904
36963
369928
295820
300194
869498
642958
655810
208970
757099
787407
770713
471893
588234
446228
373811
304904
724700
472916
831831
358869
896550
525655
641671
312264
765393
330261
698943
513601
657303
711644
824809
242812
689069
350896
436703
39308
35756
109069
504766
62374
124349
815241
33507
61753
338369
73172
769381
472732
123642
116673
299278
114304
472826
158910
48247
803780
871526
577503
288127
210376
134022
322202
268808
869657
170572
133451
416207
636682
673854
295319
501862
447652
467393
626317
870511
716308
748676
388808
257079
394850
626503
702546
650508
758179
381639
844835
378749
61060
603847
658183
762061
775559
480059
413149
855443
590186
672948
546171
463152
571042
158307
161743
685230
86823
256492
653601
514578
715817
756969
389172
566302
71136
129463
285835
379462
51489
50241
78888
446604
582028
540008
387823
893594
799586
145772
83114
337660
757652
476921
848806
602903
263863
769392
747258
568394
119124
462193
165639
596543
521564
213346
869339
489198
270072
323743
699728
154095
584830
830814
768146
805177
602719
66493
468701
802780
454782
345354
174980
853176
271099
406095
122606
400760
831917
660313
222779
510862
860751
208003
36453
858187
485425
429252
817762
115867
849871
551217
84517
639771
759198
372112
4804
122713
139587
110906
472628
324007
885502
242732
686640
799834
596771
283851
241177
458981
717321
659665
40695
407405
181531
224984
362206
169065
503213
55458
809708
698233
199273
385155
299054
432735
231558
848267
876130
481470
223418
436404
94263
795086
278374
517156
231633
830680
700240
423999
125289
580340
367726
536557
371569
174333
760478
145059
668373
746894
355507
834577
88797
435356
778217
411847
623567
194543
67001
382789
596081
608285
411976
38205
411116
306341
341883
90599
395276
108677
78245
555521
410916
250713
294016
448193
735310
485265
245690
812601
678160
447213
777799
876837
333178
705655
478196
455603
442828
198461
570140
484432
291605
729322
377907
285899
815958
806240
402527
753097
126213
193717
764775
850244
803117
141031
145444
201056
823346
887548
738420
434732
887762
876730
216237
530513
556967
455168
193166
22874
673513
142239
206737
425440
257777
23545
862781
869713
519449
567028
6553
366237
570623
172923
607930
133660
790311
277330
580509
512799
278784
721011
365136
249906
521119
206762
830922
526570
496327
530825
850395
753265
253675
472841
890110
264363
269514
384030
418988
41635
141529
788661
523786
746360
109150
259724
800898
698686
348184
695567
735151
769490
802172
180875
195761
184253
524219
512240
33857
14180
467295
586120
33631
142506
209108
828494
837639
82307
96707
308812
517761
574966
127737
282870
458936
693197
505671
550685
434658
151612
885731
899121
788574
667212
182539
582998
493309
844451
171593
857985
107158
557874
520818
300975
462429
270427
165481
641762
510286
539868
723105
519705
416131
406140
364991
842699
210278
34705
705950
549216
741280
346540
844460
733772
628271
149026
752145
126121
462518
814711
679663
263376
257806
189097
840613
521171
167578
202774
71950
61818
307769
336811
619559
108760
35285
758507
493358
357577
472280
162616
848134
167178
818686
66465
894454
483605
892549
693575
368401
536312
348129
122989
715920
814289
118060
137629
183516
381160
655386
112497
503240
401257
275659
141476
4666
478108
614202
15670
349994
484931
520210
702421
557731
593359
302625
794735
665351
647903
446852
231761
268560
61239
795681
560378
129424
100601
82420
884705
899129
877250
451713
376767
638617
736707
588264
137403
745310
894874
480375
11377
21655
247213
667609
292318
421722
236067
134572
231274
155938
708159
172177
131410
35217
612058
480188
155248
180915
502843
573898
661418
208323
258773
482035
191572
721222
186813
108853
606979
473525
501095
673776
601680
551385
669116
209520
696580
279855
201786
858597
50118
213259
276072
152686
242718
267288
20532
331924
533285
608701
122667
679539
850571
242780
55157
816787
747589
876052
740234
309301
234193
28806
142485
622504
751751
151892
593027
271292
775070
842245
849832
332398
836311
657638
780719
642721
631818
796395
263899
777262
81324
792274
458686
633490
688538
679880
682613
21926
389028
326533
711967
67084
542521
51315
501273
238981
441450
638508
563607
824895
338110
511585
495648
583660
443986
9911
453063
431118
522282
141419
784833
845806
813433
722774
246248
634731
483145
616620
674155
569104
382823
651519
533327
719807
768270
665952
362343
84169
483662
787077
276139
329055
93977
680710
510232
831523
504874
629986
580
805047
722866
890239
13756
590679
893632
651054
224348
645059
598860
744524
621930
22132
723617
608164
572143
384496
772837
782738
36275
186937
461382
142244
12244
85951
12578
416537
199010
135126
305171
826795
762875
109282
17909
788808
153534
393359
840725
793532
366478
539965
543544
678059
173701
715768
396262
478874
550130
397957
733809
173581
582992
762265
228517
5387
704773
589028
563502
686653
127796
607274
194593
794038
371871
352146
423848
473773
115580
881656
224365
782949
838611
737885
102369
582157
829073
774302
525066
767779
74124
38242
396999
98068
804884
202828
94850
369183
120882
620081
339441
23223
397376
706115
253096
351911
713124
679852
275678
826896
69290
779415
277818
809613
737470
586119
844379
422424
220675
377195
280545
186693
135570
269065
590971
321996
693362
369432
660238
164516
378064
455690
70334
378603
626811
142885
684124
363682
771583
742803
448716
458549
191933
56783
183730
791192
576067
303104
237849
898093
693197
60739
591167
674243
283607
181696
264129
566680
195837
238463
329214
590494
611058
853747
155594
818268
221849
582132
81874
792843
564004
13931
755590
562081
231878
259366
343880
82059
541975
613835
642064
261202
638468
452297
843417
590016
888432
241546
388076
171133
166955
113605
511303
538578
867948
100273
87049
756398
519342
774355
698044
635110
672165
49944
498656
164535
74172
572542
389232
129416
177709
310828
840595
687691
442844
173283
854146
238114
743664
701420
118129
866782
858478
661872
652667
416162
762803
838215
557262
510534
414894
101256
9648
687224
660857
590143
81293
130012
115666
630076
804798
301684
679130
300680
65464
69307
672393
240115
665838
651244
73451
582985
532675
795872
709787
81187
682416
596979
337371
871001
7630
284424
584749
300565
420897
47203
400433
127074
789090
844916
213564
627076
863975
96372
683249
467362
699280
286375
323230
835806
863217
555169
782358
677733
398871
97126
777030
324993
594009
756490
12023
215371
161853
300759
689023
387134
869923
580332
170371
883944
480850
388546
307053
391706
512285
3850
659590
217342
382738
356082
642353
895879
712767
491815
138916
397924
19073
164021
379235
574767
74026
699497
714939
228962
284718
596695
187415
637257
480267
114711
569283
347506
133138
200043
679643
826657
89526
85212
436238
590496
800080
725153
160789
613972
507244
790017
705738
697963
97940
6800
266726
836849
813207
105462
233243
3521
322486
336557
236267
334648
671915
675497
138627
289478
78294
450802
796472
813150
86853
785900
618748
256621
888159
788984
801021
461767
16749
311283
119643
678460
212293
268860
606499
70826
470517
833331
856844
551116
72361
136381
596205
518032
249817
677636
411130
312615
628689
360411
629497
566453
478750
101792
639973
6664
423474
606106
445791
763205
475605
345089
614571
9790
632456
830524
106254
507647
330166
211366
329762
186792
348026
389290
592211
282837
799111
106350
636409
681529
159864
419948
159539
768394
300629
77274
702748
249685
445374
820875
328333
64786
330519
426351
214639
207506
564592
583541
22683
366581
864496
135537
477807
6104
90622
70009
527663
322859
243371
559881
767798
581953
132735
391494
131608
71520
505086
655776
771734
119001
430199
816080
55068
778385
553481
286081
320922
425374
58995
860267
224765
212845
357110
518330
274570
559104
477672
687373
472822
26037
560504
427162
8133
746497
856441
596783
672637
394717
114734
182420
674470
718646
214160
306477
396896
120168
617823
295291
264609
367557
557602
400865
790378
79502
164572
884483
387524
17316
875566
19755
323644
890073
292483
562342
833081
357920
422971
802187
409654
439523
133559
4412
266048
79026
634462
794949
745645
252825
689963
69121
6711
171
23828
422363
576148
162715
20118
27826
75027
406345
324578
814838
563957
895929
730974
259631
75334
453471
100665
656350
252247
785334
356751
694618
723129
101937
819157
87836
675607
374857
115138
817047
436848
102132
211611
345854
420624
150455
561465
633290
748971
345938
767448
84883
236341
182938
747742
710555
117152
706756
781254
758762
391827
868828
673641
385460
166980
714773
829833
5591
733746
267899
171641
306145
767649
495237
584075
507310
118802
73639
316983
531086
339263
41219
92261
837413
347184
130847
446232
875981
278365
827026
653079
613686
730592
91319
816281
46125
546677
865060
869389
685306
636882
67189
398915
864771
79165
599073
102234
591950
197262
21519
63142
659460
854787
212193
104413
299505
231386
661709
865471
107848
380014
568685
462432
416900
429168
312237
603028
551849
771457
475106
338869
62216
130250
626553
30644
203073
793497
114221
83418
488707
13496
81394
278681
97967
131723
443599
210996
493851
732998
848713
115847
720274
619817
25529
582836
42264
883961
288768
595052
229227
768636
216849
783287
559430
518448
126668
368992
757567
895656
879339
27871
448112
552068
628118
382628
589203
43756
871153
68861
393958
680106
759317
134500
441166
605025
586139
837864
144759
770349
230548
862327
162777
707032
466967
629893
674871
861526
153938
292763
116065
788415
358433
815070
478522
195910
368733
319995
600244
699642
504491
377805
678294
677528
158165
76362
49695
682635
439414
335664
797925
584770
204303
497127
790102
178668
196631
135571
558208
788754
611951
743193
70444
358800
785651
784555
614948
112690
785964
665906
672533
469960
57570
204727
47216
739045
77007
53742
141451
208762
223023
371487
196837
570890
218931
553362
878438
415145
776117
324791
668644
530358
168966
710959
496930
360338
103779
588378
720563
649020
487782
159166
7708
84874
308217
301968
308024
757574
491557
448035
81333
899010
60360
623690
879131
506298
125957
218955
306157
309477
714070
122211
755400
366935
85148
882576
331528
327062
296759
426174
531882
537847
392305
272497
531180
526485
170804
256620
888209
465805
69148
17148
65889
419896
2055
70565
544268
260710
320553
559334
307407
139891
293373
724907
604591
394953
95957
755311
74850
615859
48594
568204
136622
550168
180399
326689
120585
743132
532664
419551
547647
80079
772376
311535
307986
124784
123280
116995
709084
247394
19555
781400
572656
417320
678158
216421
439614
546400
773397
293250
739253
749754
527096
162904
758754
123444
852805
394241
428343
607347
396071
345276
322760
224032
280701
284047
881870
665468
780325
72761
192398
511521
294774
834003
761428
279
129997
526082
638872
820752
727071
304701
410915
173185
265102
65109
512715
736221
689559
294085
540154
681295
875176
148023
567725
297108
339118
473809
470424
717458
682732
826202
805095
862681
414120
45261
189183
300725
580767
591801
708898
723917
617689
77106
168690
624571
446391
830552
762925
877704
893801
494049
289238
5731
578364
148518
211316
224734
455600
104039
125652
326182
146696
869532
151018
460669
738011
463673
126389
155413
116583
737308
87392
552203
524837
662230
270724
184381
356375
816564
587051
25161
74366
338986
310287
616580
394633
108027
827137
673492
891015
552007
531366
187019
762141
435857
484284
496384
492787
417835
2554
73771
214633
369216
754485
565021
861800
708158
863263
11578
788435
647167
693641
870996
778171
866514
196329
666789
669169
667595
319479
56745
834295
331043
260850
878965
739184
269613
10112
256824
844694
649143
658930
834924
543914
337593
224869
871801
160997
621437
304389
788263
231373
186250
843500
255773
277732
217615
846248
73915
60923
754409
840827
845520
868195
64817
554972
481177
439332
177893
242075
638007
338278
893905
836993
892043
649677
499994
78965
673041
424706
176039
415612
216215
896171
640556
843672
118200
43069
18484
268049
611353
644104
749962
172145
467966
620305
355428
860680
661386
782301
796941
386512
540114
135368
791278
150187
411389
754614
650904
458601
748283
409921
788944
77318
774462
638321
803447
592336
683769
850505
171701
167110
3283
606142
621570
620347
95816
871939
225521
324538
410717
388511
806841
499716
396093
614688
136832
293333
351381
276457
652742
703620
798217
664039
553228
419369
194161
55937
730368
849145
86707
375854
704198
295852
765150
389568
132036
227616
321312
684990
425290
261110
405093
164495
145020
106874
445996
843122
698429
596929
725416
758539
730394
102059
619248
261976
194384
741095
712739
381569
36858
838230
781532
577326
857244
700967
217037
448594
479973
116130
719259
53957
407844
645568
560214
156688
782411
340951
263027
187489
261368
106548
539304
6079
505669
113953
130308
124919
696718
773606
459816
349780
446491
93003
55206
359054
314985
83004
622452
729497
85561
508165
552365
192286
189588
364797
343941
499079
751257
579807
810854
767155
648421
139826
596108
598953
707870
157771
364825
509706
403932
557033
273333
643967
575828
335518
892422
242577
311491
273645
667304
136760
890611
867150
725226
511179
546253
388943
171557
29238
868283
801365
281561
263498
140216
684896
440997
841006
275223
290604
133187
810643
240717
109139
182046
15173
703900
212080
661617
837181
388924
86975
449821
486547
118536
581377
16198
747185
392067
737947
871019
778083
858565
404317
584992
117387
268614
625472
706217
775152
234309
549097
599414
752087
372053
308874
16342
465674
29637
381672
886809
781716
872586
290327
725126
713231
501452
650433
176149
451444
678218
368517
631082
750033
891114
779580
816846
503641
777729
241976
432556
347606
250235
47653
546565
189689
272840
536689
569073
839154
711940
393320
554643
770811
558721
250999
360759
732430
798002
765234
219562
844055
890806
672434
337654
91365
782463
98230
812761
542554
523359
255658
754433
770593
823983
626693
436230
238879
262267
333580
219299
606466
232300
181684
292787
103510
788371
533381
81444
602390
529263
656185
482523
11872
686332
593412
825732
28833
530200
201134
513843
337456
458291
114171
379740
419735
127794
170764
860523
459179
168640
413119
855105
325276
440050
655377
632589
112520
735893
39235
92098
194699
890903
853178
142234
622353
259374
357184
503207
669451
796265
117641
501841
232992
437777
522032
698706
313563
318555
543999
453578
567650
191661
575854
92031
364487
85578
365122
677684
136023
528796
332983
202661
797935
795997
430072
66940
431791
280514
420139
839316
550407
618309
73386
62120
266733
329133
879819
322102
109457
556508
130018
293653
259112
444213
764124
576112
615108
770759
619372
4030
768197
18715
659203
653183
345128
479638
42776
529270
458653
231851
198471
692254
31895
490944
876214
665322
357853
341499
780850
399420
814429
254794
487288
584865
19008
493484
778991
246056
767801
71006
359635
2365
321495
67366
543245
355207
725081
568789
4637
649978
33057
100189
179418
468729
809281
456816
772976
362380
689138
323248
204008
329913
565156
797848
78117
209410
544944
679718
310538
349212
111465
188995
466906
101159
347504
299985
471479
396910
199271
844752
202604
386877
196893
196748
149478
837146
519112
134855
53629
547266
858769
434270
896752
339137
870025
223323
543918
761292
628154
85239
728401
800319
347544
283785
798885
46446
287798
420912
485479
253866
371796
205465
785288
256051
614678
587373
721073
492852
544337
540121
824320
514847
543678
33083
217808
581062
122321
876647
221399
201491
676355
48404
132840
757573
558090
376901
401689
514984
617963
716791
121248
541551
713958
87716
359094
814608
231280
198322
474301
