5865
629194
359932
200359
409008
398693
709892
576068
726962
313454
665202
363074
174687
805848
31911
415072
8564
629257
226051
597385
22636
522933
574256
569601
798374
316120
559769
663242
274469
207120
265336
78419
730609
665429
257196
674110
314074
104694
501513
17165
696029
530930
56298
24840
12800
468975
461345
283469
668375
568474
460495
439508
196233
752379
454160
764702
396940
436468
319309
459386
885516
739991
248437
197523
764491
326721
753061
179801
846403
794455
882724
446891
372167
719771
171756
16126
196775
643275
522882
481613
866514
758614
17063
3197
664950
215580
682439
741643
1795
264129
451214
447636
613421
865837
855706
599264
809168
112771
9388
417772
602350
631900
235608
19603
593204
891872
88796
844857
590491
517088
498510
723060
562634
646354
16045
105623
745176
668842
468921
311804
727631
73842
177887
702093
646732
60582
389325
77134
50723
207214
72100
167531
791712
409593
520843
890746
452296
51698
160031
196205
536158
719202
701672
663030
446401
537570
291687
263223
251506
166586
163116
289637
97492
314011
489732
733304
840108
430550
881712
252658
390312
19351
356273
192233
806780
628161
824031
255379
83399
826695
447320
183341
227412
45508
398741
781000
661469
840920
561976
669680
809929
414144
786722
663482
746646
415025
314146
799594
356498
821264
19016
155326
111491
839569
17847
600155
115111
38122
597272
448690
784405
94323
512299
423662
437794
559932
508345
667964
96896
730634
219493
889240
361857
355760
168769
423184
316793
372039
226556
839927
2913
253194
184441
83784
389688
117584
150011
812533
595812
814854
121436
641515
154358
603528
501629
676643
331980
307676
156856
471528
617424
17484
237969
687040
804605
801246
586827
280666
820801
537137
245334
292146
734334
806134
44998
704547
803883
72617
151744
821098
632248
565162
10829
397842
768334
74621
701489
150562
16053
849914
695381
876479
495791
689905
518144
629503
869889
185950
454244
894476
348722
585956
166869
785584
418508
448778
768788
464675
196096
140847
451850
635631
448262
866987
471280
692732
617346
831939
355979
592861
752289
212680
56565
194133
612835
465197
878262
636199
4179
887620
484530
323770
875153
608148
849916
551749
603472
533272
38536
213052
598491
7639
137853
539447
268115
589755
102505
779643
602260
558320
103823
231144
96630
406267
705596
472703
883534
558037
371288
583533
441780
691043
850807
800728
626112
890547
609295
60324
578670
367669
361059
213603
539104
291507
793214
498423
552642
682479
21180
745221
741801
588024
78978
895928
502549
442472
249262
210767
661526
644604
79465
512740
543306
376881
222424
332410
747268
307832
240626
420418
769609
153365
840300
369002
435315
229210
886576
712547
626424
273307
475468
351853
603749
868622
164135
530497
311140
573281
704622
548379
253214
760375
782765
587810
224985
727456
29337
422933
780737
522228
370762
9011
813541
502316
315461
370919
213113
630814
471223
106542
30233
489651
331199
616743
213741
510406
471650
96983
676775
358235
174786
741141
716009
607993
524808
825016
624420
503909
703646
823195
761468
105181
741145
399242
166791
817358
206100
193453
348692
68595
36568
44782
880840
238826
518679
193223
770915
408532
732088
453197
111681
522409
2540
477331
225917
335286
50783
656029
788016
773013
783498
835522
703959
55494
398630
846716
258515
301359
678939
178512
786793
186861
662
732436
125289
274678
431033
390466
712236
632557
622764
543928
382455
108481
714737
498120
114781
837827
42837
628035
860256
576418
175906
78557
408567
286596
551922
693885
677996
716899
603390
815332
79484
792769
591221
495639
216993
710250
668712
495434
627053
56005
71202
110155
25484
454006
509940
726248
297004
549875
513006
22975
682073
311201
400170
72480
843681
393930
88323
148800
257430
369117
541379
646525
585330
237251
400377
745993
602644
663609
200937
665941
442344
87919
435070
49211
679717
277244
620475
277672
662160
425275
806191
528260
203647
638374
471974
553663
510999
391469
852316
547354
622838
261107
315180
148143
158189
876934
226055
722207
849189
453497
207905
609590
205379
493503
885957
240028
493062
622790
785032
254618
606124
739438
880795
510247
224532
353637
735386
209647
439519
830240
37281
875423
554928
635991
405790
490991
592626
758878
438018
468908
614329
507996
288978
433825
420704
133098
106106
753921
473170
433993
277440
783252
299172
617760
332118
508380
699167
84209
786473
139778
60731
416791
606359
890850
436327
775199
880253
804880
360838
768063
532430
541637
122483
373975
535296
714570
270085
443075
138049
216000
631981
165050
431527
350985
239772
164998
158820
44662
18754
133440
426584
223598
812529
213671
371713
819800
41472
234365
382221
726022
757131
634174
458256
49022
37112
425086
301073
486917
599348
545758
79902
713738
325596
540011
38496
690285
661688
172019
806730
441226
440289
531364
107243
412998
309859
692675
441315
787541
531102
551782
269714
149253
332039
899247
866763
819242
185675
783109
306599
754407
559251
206928
117206
143606
67778
414993
487569
274708
210428
509052
821131
649452
28449
569523
741190
415774
691255
117280
173185
841836
103878
127182
632463
643265
535868
777317
67459
589214
631889
508928
58183
102114
793125
638701
235020
670262
358917
523776
848316
581554
207596
743476
210987
740015
393670
625375
850316
221194
750352
596081
27968
41586
885307
707657
703625
637966
866352
760468
770652
103598
135213
286723
296021
13868
47725
844327
581029
374750
586726
341068
414502
715804
940
511407
654351
37192
106611
101790
299874
629535
359633
647178
598147
239962
744866
325675
338500
311329
160325
531345
789275
263565
139396
396034
695477
325976
445329
848628
610787
429732
426059
745513
818547
300676
16768
397474
117594
695851
747180
188834
784044
60111
462816
435456
201006
414554
746654
627880
802083
311885
156801
156655
560035
40112
664601
460688
378058
199546
380916
617512
700332
214650
494104
469547
327622
545824
250892
453920
893808
291883
577111
562656
716014
865168
792160
302566
264582
526595
793652
425172
323628
364358
636774
103490
672888
469835
514129
451011
477689
865799
413305
777590
155395
359829
753744
463461
792132
647555
643700
840478
227989
153437
596149
384652
787660
767541
354421
604401
213838
678156
376584
829794
660033
229184
183482
769343
187135
415249
499184
113837
831142
139025
130438
112306
491757
344968
557848
413613
894065
486817
661052
521807
724910
89237
356396
605018
377129
606066
392674
157620
611466
443687
681789
715592
660839
43279
553984
269529
423131
605687
429177
639460
440117
800654
159550
321681
843021
342920
105235
307541
562193
773678
508361
722184
560126
841350
529440
854014
500874
490299
865837
75428
68094
405193
816279
332568
423809
231
554843
654661
122384
593681
20080
5434
177610
536496
635141
693158
188583
819753
774054
871475
38088
636735
336029
432092
459209
218693
276916
715595
42515
626500
387705
748883
176303
827173
162875
226375
719413
626204
143601
434582
185154
328402
684666
373668
329448
412397
144543
370662
812799
80094
64948
703801
627225
882918
325245
626783
359987
387686
75757
25239
75208
871170
483690
430040
342976
631409
168877
463050
573189
595267
187173
32353
90902
506223
524443
749910
296468
282936
298576
330980
480570
515932
637986
297276
164425
412921
816077
767558
179489
10940
748751
766484
831916
539495
874372
731684
330997
731646
313872
725971
582422
476911
411451
346584
881775
840220
187126
860036
184690
640421
294267
462132
662362
220822
793971
789904
817212
839723
217810
582308
163894
159452
247900
708024
30821
290409
374859
208781
715634
802723
125544
216183
57996
402868
522295
241938
728945
475980
691215
125218
454245
333417
722790
765419
859302
571074
849516
373737
719862
368400
559694
763373
90359
221882
226747
4917
801461
582907
39203
591111
584860
138514
62042
726826
67851
400710
772444
731616
474560
889876
750699
235652
505363
203542
467572
590268
794047
825170
521904
314107
792539
191612
672998
342774
102790
554633
47246
209536
266017
94513
471568
699493
417878
797152
740458
269984
871030
130393
279696
888025
562209
133639
299566
437630
575934
477346
796681
360060
318091
506522
758660
192186
727598
62724
549951
101106
670569
298206
679385
612046
237676
758175
629622
42139
260421
686016
529979
677644
104274
869346
274646
47310
157463
214234
83739
541187
756011
894688
430922
199934
717549
567984
344204
476218
177332
502842
764795
873942
373667
846924
766177
156017
855900
579546
380217
14718
545547
613863
678578
271428
575555
704275
850642
156533
487751
650849
169175
53673
717662
557604
4313
888278
804553
492517
698379
699726
223345
401844
304448
337173
449081
570472
614090
785470
891603
356340
130941
296897
556494
486505
767890
24667
810157
616802
676008
412833
743379
834480
399141
282946
308922
181090
702171
455481
770660
642928
239493
384748
732904
436964
365040
9988
381902
588806
567095
816105
370998
710787
761126
136248
224338
51385
152576
675012
603699
844994
443068
750887
794113
97338
687786
388515
863109
631662
738740
179322
511392
45859
686399
553798
529631
567136
237937
669494
301094
313338
838860
872549
367464
340506
397912
124856
447577
800172
109631
729396
211355
206023
342962
302234
568788
54036
459114
463937
841409
287965
516200
242094
229156
241203
225085
388753
483864
246780
61637
197439
341925
879863
228558
164264
883151
782477
742712
218005
279241
824022
543252
70464
876711
576485
564686
684655
850481
216113
726023
367150
438003
599841
119451
598824
572689
818612
832546
862114
501016
480746
581394
642356
345808
525746
878465
94757
462125
130032
322600
610977
588741
392266
812227
855354
713180
833840
718036
432601
651066
796583
543688
369503
120351
107824
677810
276412
638541
831993
581523
62347
15139
749663
858363
510024
775850
328030
780584
594991
193255
861048
577645
156051
573009
714589
345583
181367
526941
873757
795241
557676
668630
755111
706767
567176
513768
157309
846127
816575
678267
272183
584275
828097
858460
225488
835523
622192
202519
85808
110600
588219
862881
255639
756811
23132
407794
30403
219132
11275
74192
488575
343919
266525
771430
564040
753664
625757
406707
893276
418231
133348
847519
281121
768167
825528
574505
408400
702192
101727
388667
461628
292612
11710
478975
870339
898855
66002
284715
547119
398255
32810
659927
34249
476843
690527
152143
151516
745440
756401
831140
431457
776142
163456
411805
807852
724882
732644
707180
102962
866245
776969
430203
121878
607553
4490
579684
838255
5443
348552
168352
336438
410764
745096
871031
164081
74785
91143
823126
163576
620947
408794
565535
657217
206201
431238
863322
207916
505913
454168
511434
899277
859525
812515
443290
163249
634274
801044
229717
60302
499268
294867
124629
683308
269654
259128
785492
798090
728054
760712
198302
454287
559324
561099
161992
857486
701914
341034
390681
531733
609919
321386
112838
827986
232726
275552
858140
41953
465132
9264
350166
434999
674383
215654
385583
591012
807697
528976
697681
791881
722060
597014
850668
325654
69663
294007
95970
807454
613591
884129
128895
627450
32713
577261
119558
551094
99803
512277
459334
223612
872482
127058
403467
399451
631526
772982
101777
187987
180162
829731
470708
210336
692392
726118
105475
850305
851553
310836
574770
459492
521170
820319
694958
543472
374522
844628
114060
844878
622808
159861
267323
481172
516969
474030
430040
357967
705679
174198
498399
792653
412077
729700
604831
580677
542159
729803
576327
656515
135622
176308
199420
254132
668305
477814
436396
400170
662711
245077
84637
353196
380849
833908
264575
768222
55781
181944
87232
287272
694956
502266
566174
463621
46325
564072
647415
235883
577891
104922
35068
96017
394961
450444
470852
649634
588822
342236
499997
410333
828004
786434
653021
163718
492042
53351
162902
671149
90809
816611
590888
463929
832675
326231
294321
755088
687231
666340
573663
655717
458665
512870
528358
128863
201959
508432
316781
139010
843495
231237
311619
99613
416292
182704
403439
638191
90663
140833
717317
620342
636905
489381
477460
19318
609814
48096
667260
626786
544974
801194
137821
594346
563782
8163
658858
718113
556011
522900
859101
418345
545414
458212
545380
746781
219355
395443
64377
334811
639052
7703
730127
780237
646394
618288
317800
647635
240651
478890
88899
408174
640903
657071
797043
723787
22716
740774
227563
345354
142178
430284
389398
580937
719577
547053
669315
285618
271982
501919
171645
664511
192829
150972
650616
316645
749904
746106
16903
376036
146085
253032
3371
200841
315565
205575
38438
333149
114577
641346
262766
436046
473295
359596
66749
724376
878115
856117
694884
697680
306369
406728
665920
143117
770046
434884
232261
141043
673582
273461
648983
838749
547431
119054
559703
402438
395749
869606
146074
672629
395239
758156
90038
420163
66807
32712
221749
716137
382567
582159
390380
897514
236439
412898
877253
573659
273651
264324
252825
297547
688984
199798
782266
762387
41431
521457
323883
499643
498834
27551
454803
206117
612228
280727
254246
88187
54110
821395
621188
543184
389099
242672
228990
392405
881204
481729
503794
375483
699648
646607
8344
197920
439347
812113
249812
4280
522200
324324
100268
819129
647097
140648
758516
24931
830923
329655
137317
598762
122726
328675
549644
634562
660626
621834
784414
552805
321822
792376
432201
30947
647625
126874
419046
846439
145699
532474
313835
371202
451694
107836
418621
329335
515550
750996
825346
102850
212031
267681
89652
663462
594774
761546
171858
733393
16608
543924
428433
353518
879446
735453
784975
205958
138994
795512
711048
494548
109483
111429
308737
38276
756988
410316
828610
100231
226212
519094
163521
646870
153222
160617
642841
634144
532592
75198
728378
60115
713272
843040
308729
231235
508546
273666
840296
224569
413695
718237
208097
405498
878672
298438
577659
382866
728904
441289
645471
846590
261455
530148
381589
736436
765667
741281
605207
302031
53624
26801
528327
608762
261504
378530
428668
141752
63846
803773
531608
602958
272980
205502
82741
679598
539317
358193
4093
620545
561909
719941
17593
665744
183524
727312
579169
278510
396505
41535
632979
497477
285043
684472
491806
432604
109755
46734
307326
249890
613541
703808
52418
182747
733366
322799
652136
307684
308959
780313
402411
168611
48199
573911
896211
736816
595143
460879
732075
381946
186222
525431
639023
201463
578565
878503
256708
297420
215565
785593
892417
422869
677092
428800
455307
692882
890183
87458
98687
534255
35345
367636
290889
699118
627522
694288
394321
769170
724539
746165
11733
265931
139237
310588
375313
826969
732305
240466
800570
658718
394682
595703
86187
787205
43879
659057
659927
845449
647020
891885
853565
665188
698896
552468
485274
599317
807530
698118
896760
445036
760356
192054
295203
604085
313058
19618
152956
842878
305532
151885
661447
621063
513510
686938
805951
189061
481841
849767
18730
790867
683690
111396
535879
386998
504128
73199
727683
590796
360003
301837
377739
323920
353128
718118
611387
117100
720649
772606
486901
16827
240457
482668
724750
721337
489973
155993
810434
50826
825094
545750
242631
41604
310211
791322
705663
161499
738340
813463
852392
39687
149233
400312
349422
346867
611912
224153
692287
588452
784062
876931
727263
571652
760572
618978
788978
179658
854059
291365
293463
333032
838955
615762
618996
187985
157436
598595
758059
617541
6688
568961
186956
721786
605464
871291
421733
482376
216554
404899
880597
692177
766692
738021
215326
589708
843323
215461
133912
172333
18668
109268
390626
159794
678403
637487
836723
768044
535450
54484
129422
248968
432633
640353
506581
566169
99676
838283
174965
855812
47122
576920
573151
211016
893281
103929
393462
132680
583783
238792
500388
756118
775548
282394
489767
94877
856659
32896
723785
725707
650623
350048
442733
878841
16530
541227
756517
819129
441409
242491
159969
587771
88707
852555
220705
517564
230296
98131
272428
592907
401863
533694
388889
381817
566943
685129
519850
519645
674495
503355
789977
892193
168433
371676
852363
546220
412433
395667
329601
402957
849003
503999
478445
866880
875426
262514
565473
711201
370413
831429
219875
141962
105917
296636
351484
591882
818809
262456
494608
427045
759658
535218
163881
606690
253170
847707
591660
124629
863031
769133
809933
660456
591934
359308
123517
662376
140595
605407
265793
85323
610084
640454
6239
347225
199885
639287
439058
874654
447855
749880
367260
731946
152569
519643
22459
823778
255304
401361
538132
63079
165386
372588
238988
830784
801791
457302
534998
856647
473400
180519
344102
184942
798498
387015
86308
514636
514140
577889
123645
84359
811907
200703
154483
650335
663759
759240
627444
145653
322902
775699
197800
226071
365870
681702
247875
374537
511952
662383
162107
850257
649048
112927
303796
574462
848809
782174
25591
268630
828909
743215
590529
303291
421530
13377
475223
625689
565008
272590
23544
857455
162591
134068
572555
7096
402246
496589
730262
632053
678486
548750
795600
635993
79861
331033
503983
766896
616990
374942
393179
176492
537765
516437
776516
2445
7544
468081
575118
60684
135874
603841
659786
687397
40937
745160
415873
55583
538487
283927
161321
647322
127861
638308
868986
430931
125395
685514
368538
343126
42949
527324
648468
857057
323816
122055
676072
26097
635330
659619
94684
675948
123782
195573
803503
702698
384407
12740
569646
446528
848612
59606
326528
174154
91538
844199
381980
357397
774455
51494
654938
816262
830338
525067
96263
301130
721241
793912
424466
276731
642330
626956
394179
592396
861410
548510
783116
248562
354348
557276
454775
861678
844210
670111
747422
782555
312655
307018
160346
569361
382341
675904
637267
473459
101209
323808
68439
810843
407772
563678
34310
789312
85861
344479
622249
26145
283162
830032
283298
70129
253262
105763
213951
562463
434628
247143
197097
312768
474193
422178
117849
758555
365536
838894
520073
89873
805711
212686
173992
65191
151702
260780
78279
224146
350600
324368
604753
784990
762450
753182
672728
346651
289728
537229
388074
561892
43423
360960
198179
415053
1117
343618
225659
106024
37164
211363
629920
823860
626758
180649
359294
657348
253355
447381
870523
863559
299077
820
611968
799480
280780
737182
686097
524996
223686
483598
693917
251732
612198
565214
645136
300662
380213
158527
547398
297036
545166
810194
521435
635249
570563
700230
385790
639907
41086
297518
479780
645394
663618
656190
682456
770019
705071
669250
383984
114433
288612
388123
771899
226753
375166
673207
507190
564080
557695
158540
632574
65083
855018
515025
113887
864731
235787
115896
868843
574619
49171
31404
575783
616679
250465
163587
154239
763027
543933
468064
119834
464389
692157
600936
600520
86272
521098
7390
220951
249165
736253
163709
759301
417480
449635
600946
303888
472805
252192
147988
583081
840990
328208
208353
370888
324122
532520
120438
603576
528795
144890
64874
835731
470787
28279
566760
180904
612644
676943
298535
183800
637507
882581
677543
568129
135336
792062
14506
646994
837957
397928
215693
330781
882080
222934
158530
215114
524767
839801
382155
827528
862735
788811
433429
161502
298065
786069
866095
269760
759746
411537
241797
267805
795141
685289
809277
863381
677135
256286
483885
262600
181678
135365
397623
607562
11063
268108
556963
633586
49835
620282
837719
446706
190213
841620
708629
13697
662466
82651
530321
267987
671246
377331
484206
185322
259719
272351
412756
252774
520208
715176
737776
140440
436372
78397
307655
33012
302133
215315
218136
886564
72368
816685
485358
720986
796655
286872
248318
328702
565611
678317
746755
674053
305083
388569
352692
791490
120637
13530
457951
772790
873120
520447
658436
674148
789164
541810
392017
827679
660431
161490
736629
402692
560772
613656
297314
234468
612066
746427
89476
612090
572990
517615
468441
558427
591518
339369
282732
838411
335836
182333
502738
21515
176883
103272
361696
241712
486824
122122
459879
822288
259960
110251
660910
885782
787098
731710
537546
477045
291761
653058
411067
807640
608145
899845
464838
753720
113739
423652
634699
149863
45334
184718
864610
22505
375196
497734
43831
816770
414718
296967
866015
446026
109573
584002
547766
180349
204870
626146
319447
811568
602449
374673
740343
146110
424471
710099
742654
516832
267317
427696
643523
780410
819553
430960
407106
481650
842704
523294
386205
373948
855105
386767
298029
663409
570602
601564
668131
39615
263421
452874
345439
804921
118998
523179
204172
566510
829188
112414
44054
703031
80593
208177
243497
529642
388016
759814
113607
26028
545794
369972
795973
843299
301221
334948
759044
359402
686202
473852
175303
356029
542705
100825
224949
777396
828435
251445
483565
666189
113868
287112
311233
117698
330259
728362
688017
222553
102839
836662
288420
568442
314247
409835
422789
493371
203550
234092
111576
769336
662346
165095
708216
10622
408280
625875
754126
799622
544637
582066
251600
439775
424547
197558
230259
725284
81390
692384
215534
728717
349898
138531
279822
503009
745427
111207
340495
775944
684448
72522
796734
42623
760525
421153
824392
448389
868516
636892
41245
273202
828360
209767
812647
146920
569213
850156
208577
70529
575511
790486
357622
582183
276541
645809
348632
110083
199194
613773
508601
570478
405088
623042
380009
334915
223865
132557
582412
425333
188459
65048
663031
479036
587143
899127
692295
68907
899471
701998
429886
426077
224865
109649
93244
272878
201573
288132
73206
626822
396431
688161
96853
537392
482513
72247
510765
366761
484128
211823
574200
681555
402144
768906
579247
489225
11375
227015
612228
777709
762284
257985
128223
464925
722018
636948
665267
671429
576372
629664
469148
876141
471815
123718
773240
772947
859014
541039
786303
92468
134838
272780
704928
518691
67095
688184
331033
379356
843060
116570
262962
693906
658599
870311
321175
895748
739308
810052
170225
758191
824512
159497
825312
77661
597493
184416
106038
787419
239861
760173
815154
22888
67057
609704
204504
368809
868229
718821
297514
126393
195209
183189
248965
540702
257590
441893
562299
137527
659987
47876
734216
871249
236284
586851
656403
833401
130190
274709
676451
486763
79569
373493
35899
603689
538562
391046
106804
453192
611100
134837
150613
366693
420291
341244
813393
84916
281293
181216
219966
42584
131916
659193
440045
674959
123484
625042
808363
148293
76390
526342
743667
128521
874895
45259
649677
684028
640288
774987
807655
681637
482802
482444
820975
345282
431190
153617
733322
894202
348638
663002
75412
507981
771179
847751
58740
178284
410868
498490
640091
70725
646352
9593
182138
110135
769889
176915
793757
373412
663453
117562
625159
890692
502202
155534
60203
656086
287573
492923
863780
377458
586110
505721
347218
200729
119076
562641
434193
475566
458937
385663
363608
255326
780929
781810
340459
735290
700381
346193
645150
603430
209230
171800
406054
40649
405128
39648
246909
787877
316533
543644
484978
443361
683330
554911
751339
5953
501866
328827
84760
337079
185021
521541
842325
894835
114381
862260
188828
263606
819701
872009
63396
316036
621127
548616
532538
167832
251600
841092
76506
183185
165929
3384
663754
576682
831613
134290
587571
888872
709298
573866
96349
56620
684886
866832
113159
237736
440808
244292
704447
118222
345599
685343
163396
467396
858011
695759
375125
861044
566118
433599
589141
215520
93894
288565
752798
447187
23811
602676
610623
230674
357647
131010
861396
228753
170871
720356
468640
380642
573189
230022
312810
444040
221102
758615
131185
362057
787967
644176
66092
460610
420127
220949
250563
197781
538208
222868
187748
436318
88072
476811
447747
809027
508023
9574
311217
184969
23124
367365
60983
8067
565784
773404
681391
876678
865750
157397
84223
719032
642918
754192
366132
883462
29293
88202
707607
190741
740075
713787
454766
331056
113696
245529
397201
503424
183643
356155
612487
45050
861153
34552
235326
576145
416567
145837
407587
892909
522540
768861
870851
366324
841253
710866
833343
334340
58374
465122
7301
60962
64122
479214
405041
770157
314688
215236
740576
630700
193330
66756
220620
356262
859282
148287
232105
260080
765716
355419
253402
139104
709698
383379
703569
336545
273104
553755
605570
44927
626429
680098
361666
189730
256450
511184
174369
786488
597978
281327
621473
468907
635726
473414
131858
867889
784316
301439
753196
110946
355907
843466
125320
57509
755598
605691
745948
754499
835387
223151
666832
699101
201382
575308
425185
462232
331606
656966
333298
89174
489476
245373
68874
364193
895268
379844
326863
326305
58866
88829
464476
361773
657850
216447
22945
90526
652963
985
731480
80574
613145
722481
543455
202464
578581
379685
716087
258697
664908
520947
558712
623595
462897
760148
288751
5907
518887
675363
345717
136185
614183
200315
294861
424724
204779
571518
59865
268368
196213
354194
521593
207735
28894
531781
335234
603404
299647
577714
603127
493080
613685
249276
883143
522139
210069
320407
549410
721188
680684
528646
185241
396988
386897
233470
755409
4860
361386
224778
371524
154591
305400
529608
695604
832561
720032
20976
609004
827623
288022
99541
734294
186409
341992
486244
371186
247274
448612
646922
367802
70488
665703
857874
31503
183567
801476
614827
420318
619464
383469
565831
764501
9582
465984
512896
477949
600017
367889
361398
343603
113235
373872
241524
547366
571328
778007
329776
69871
727259
667315
350864
340488
844340
656140
802730
147339
205814
484018
89764
446216
572316
646598
415067
650914
362883
155202
651551
599238
500250
871206
640890
753577
90166
19328
209969
91582
465890
638423
842307
100593
184180
30900
340495
593826
430235
834766
301715
391297
712436
492592
753679
436994
695164
879977
90887
356925
119808
235216
528679
794598
475600
289490
842561
717124
480242
669562
844370
29263
707474
585531
260770
165259
54615
586013
291850
224092
44273
594561
171312
246308
769998
278899
468142
577760
446029
771211
346961
183676
360554
149216
67933
666638
812343
245258
557934
846294
725227
82194
278297
863024
294324
871416
78321
537394
17097
775649
561733
27880
318458
429083
126950
510602
340809
184718
771175
199863
692945
494496
784829
276913
520772
66053
20838
605844
677235
863458
883878
710484
364487
169948
248972
864946
519917
192834
774227
20282
248685
23988
732004
6109
803707
14574
836633
181990
366886
802389
603324
815034
350767
471356
503822
363505
535700
397011
289028
257356
435017
55309
86636
640562
777064
187053
577197
160267
460223
820620
335628
857368
721032
495082
728875
619916
208375
187279
400012
738987
169132
686428
295155
746014
874472
425874
26345
798544
829276
191934
57821
561513
314492
370144
864101
182500
691635
394295
695970
414926
159473
623436
72737
124158
254495
205591
373502
242187
488978
714385
511075
446127
219870
327287
119599
44534
818114
121527
60465
612034
250465
609371
515635
306207
239217
57071
260724
880702
324396
737008
882158
610320
799620
94963
478742
190624
270228
160431
272993
191790
709137
160169
495331
576228
116127
414618
523955
103894
321344
125215
805163
47931
540103
66076
404876
689474
319339
233005
578782
330963
435767
499819
636852
38276
701022
62872
50446
683348
76427
393415
430136
647080
297879
776587
381552
402143
671572
607962
694053
142547
623206
485597
207355
39247
59409
425943
103946
710248
477230
489455
95110
526649
115031
341628
787034
585119
508705
168525
584430
163437
536202
716338
571527
625773
614536
292842
429773
127476
329313
864233
661576
18753
107288
589574
630755
189970
349029
368287
193555
381922
503454
56617
672305
860035
618385
640056
684963
183124
107956
190086
886777
107967
858899
316452
830898
293138
676520
576571
861151
582999
277001
676413
696383
628818
590491
51309
892874
809399
484325
130152
454154
194214
691807
340814
240803
665924
400329
834353
677938
787543
476440
607449
454547
858141
551051
386289
152733
805738
675452
577649
513257
312988
346322
347017
307408
87356
306674
591975
628306
104244
577558
711622
694834
632423
790230
733715
60958
87729
698467
624957
408493
384541
49299
777848
841890
499901
539830
181741
661773
79721
743591
345506
177104
645495
118558
109249
12190
593011
104994
872168
505695
174075
841724
35021
651729
457562
765382
315020
539657
816639
344354
642574
39671
508345
520776
414935
379655
864081
245431
445197
207524
431140
623085
443520
359607
199708
861714
550234
98637
25258
822990
331396
287350
546305
235866
205490
379498
380370
113908
6796
357734
757024
80588
286490
388724
27679
273275
100556
59529
760910
503956
109763
774663
106222
383634
87871
147907
579134
324657
463686
188129
108437
143545
878350
675227
430875
739349
5319
214209
828899
640194
155880
770170
746697
667459
516052
187784
801156
863089
830793
593673
562985
157455
264773
233850
116380
597691
667125
462647
601875
481057
170075
458142
708744
573770
822843
466865
632699
156657
456962
98489
108098
309750
535220
51688
117870
763148
231504
603895
438428
715309
627426
69710
824468
294477
773446
356546
48705
760299
702612
480408
816717
10212
486348
798920
882105
476930
242174
679453
432886
681970
119798
90648
173091
7443
22339
294996
387
795370
204227
251429
864890
473523
669197
613914
568900
776018
113466
806721
495666
850119
438608
663337
554433
313215
361261
896963
769465
809959
221868
236674
344064
383580
190167
654305
257976
220414
747690
41859
29180
704675
281855
331158
539314
329767
786588
433393
540268
226433
657141
396572
676641
569681
91550
5103
701380
367894
625682
617971
677566
210236
114489
570852
252717
742418
884217
782936
420215
203834
869180
146681
344940
162841
291866
178062
611512
387246
227363
684728
659170
742463
74475
499000
731493
10479
529042
553230
139112
598957
777679
185788
441723
826310
289176
322473
317392
479609
89425
321281
622292
695243
83887
474809
766313
846577
436391
486737
196449
474379
134679
254290
244121
54641
588401
611511
420432
195396
706016
664105
857250
819623
564344
807970
55845
510471
199262
356882
602975
372725
168113
770720
330850
91605
65940
100648
588005
637263
320090
860003
690273
689730
14188
112196
119717
735736
689401
891359
528630
64213
732571
348836
348710
594121
898402
31945
417167
673509
224255
407302
874605
640938
411407
307865
602165
140349
290658
187657
532182
739510
818311
304296
835499
498264
79126
98066
437113
247131
536889
191154
195371
369157
548024
688260
296424
182359
6144
649685
523758
186851
797199
487846
823885
4412
261534
807248
134146
362310
652139
237345
364142
496844
161954
630020
179059
525776
117096
780415
568779
481276
850788
102198
798884
329880
542986
353261
805948
890997
359205
394602
584852
824870
304513
483801
140276
896238
135506
287913
439260
188660
868996
452851
671970
606067
878976
365979
144909
686414
571319
762320
513677
443969
22574
229101
345588
884018
173190
594242
715093
292230
435783
292620
767608
343889
505801
326369
229239
148613
584447
669768
400344
44203
447072
422468
896007
579696
152595
662418
250446
693910
856150
128008
44020
396236
769355
623069
484208
677048
468512
888743
67689
726960
320410
1696
791276
597576
93437
562914
312040
462373
101466
535601
281929
328304
13941
213976
558767
525318
370737
306251
602890
254957
388955
653963
346100
521569
189168
428233
675243
698669
284684
3490
293290
848629
862096
523752
306852
505391
21167
477089
719484
338194
368949
148136
587971
178662
530516
843634
806319
20187
790285
777739
690420
578998
58136
859071
33505
671014
326607
839476
381530
694965
384797
251060
103854
829434
72926
456009
40500
561195
488851
120801
85543
20079
317926
114897
893339
579889
3380
521398
651994
171921
476219
817462
120576
337461
87393
419269
874543
495229
654142
422372
301584
606964
761608
395588
230951
610978
435961
410952
122449
23838
779871
732551
551261
320641
745088
484209
490884
871286
610695
67017
584390
639853
773807
302033
802467
139407
554379
90436
190162
25483
32944
375420
238497
252271
807872
649299
259818
682707
666164
263111
163311
100751
172901
47479
317618
442316
441879
458186
708499
750360
394242
375311
690278
658835
804734
579166
443536
389319
272874
510237
82430
390676
556697
123583
511618
767689
660186
587272
556779
802895
869955
629899
617760
462559
869881
393780
26905
674708
13951
420513
459995
259195
597752
597611
9101
758279
428986
129731
237307
146849
778417
589975
68103
881404
322093
321427
171078
109382
472618
69380
375262
32955
70362
444665
308218
683412
151185
817314
658472
862717
729036
646618
16912
201155
522302
239681
573457
300012
730681
21858
787705
148577
12054
623764
242752
586534
33249
185659
638754
883211
151267
678574
406135
448891
747149
814739
405073
14225
328735
507047
454866
361482
757074
381466
777671
269365
95304
761334
857252
693127
687886
841088
587869
49964
338346
49336
680799
291288
751047
604571
417481
532603
263899
621064
606634
362290
446321
722655
317848
679738
244567
565028
107626
396704
420518
612323
196019
576596
338313
690638
899164
345884
115437
830818
66364
331205
714340
428072
753526
764180
574517
509591
61295
136474
396035
337174
171723
887654
849880
477759
524675
592148
298159
60863
797381
648259
253243
29275
268457
645988
832086
307116
99179
778255
257162
390539
609897
537744
74550
878535
795578
489118
885374
509267
13929
1164
251314
610589
4174
51961
251448
527353
96359
555842
237432
414364
804280
500823
136933
395172
317436
150346
82339
655893
286662
620579
352985
18974
133305
301041
166901
425466
25920
522844
473654
16179
839146
362422
292634
588257
23302
417872
708484
85519
740503
72360
13129
797278
607317
670623
246072
121571
298944
816041
229924
514476
267169
772862
771791
115009
76990
712237
55636
838757
899034
259152
691921
87227
190407
163163
814991
396805
625257
481870
65776
288775
244008
101866
660372
294026
190481
833792
705000
686813
189514
657253
847244
123190
853360
150178
68222
188918
767983
857831
456936
753291
626941
171295
227043
175087
335891
292223
559111
173389
698313
235097
622832
702115
850093
159437
163726
416099
883072
645310
500745
758196
81261
258466
9903
502838
809255
788724
405244
15043
24797
693796
410693
95120
600637
44813
398657
238323
555555
231591
454868
387390
20539
168307
56185
268233
315451
400564
212971
875470
494262
443197
193456
811022
521758
801765
25667
452369
180473
439863
202524
696651
427807
379814
415806
455801
743981
86654
640605
319275
30025
650166
689162
898556
681651
270337
52893
690780
538404
323235
427902
546255
496294
592353
31664
497006
547472
578865
451226
331883
483100
155633
48690
870353
347878
384659
768936
640362
756323
810262
678253
793179
315996
118576
705471
720458
454534
88935
129778
760800
730719
763007
522908
665256
34630
701069
232444
544151
609207
180650
266280
427526
849603
94948
172115
22715
24168
604526
234071
94246
667442
795064
821476
734119
229805
323353
209605
602157
638118
417800
665739
233560
164189
202763
824216
473600
855913
806118
266410
691535
343944
269557
39203
785385
849729
441397
312049
546412
85720
566972
799198
873074
13933
840169
351638
321395
719410
336758
239856
35304
868167
645994
370748
299498
657108
6283
743271
15481
611938
881456
873006
753656
4086
347701
546237
692662
315627
839848
44514
394120
618443
280512
729202
475025
764394
90573
9783
295427
742655
433130
261590
10271
383071
266255
749689
105561
153752
386627
102781
88695
828615
117391
182522
817816
165814
175150
733226
778801
127478
26400
461368
819123
628724
306302
256807
379560
745915
859463
444220
221372
517575
360889
475273
114072
573889
231228
335574
734185
861980
547384
302542
308895
738346
405126
166531
425778
427547
698404
816415
745663
485108
46338
820489
297296
19720
739002
886096
68890
237622
839389
844855
333088
780894
462951
232605
246485
489409
766708
186792
187390
280084
275085
405229
521845
126464
591771
413278
468330
7642
679964
372944
303172
76602
430834
296296
521349
311450
393369
66786
853900
467405
874929
465854
70356
649369
36441
117031
592442
741810
665501
117249
726620
820117
304486
743727
329404
788253
424368
264190
380484
430310
539993
503121
66723
80060
728948
205161
858197
108158
236509
682961
582817
771925
375176
438820
29148
740267
655282
363163
896268
450986
740185
476087
248519
814802
451368
632071
749049
569205
831690
708055
769699
274291
329887
437109
574529
711406
31084
761985
44004
360425
538445
110672
205278
112642
104070
541597
856093
645640
515735
575181
43118
705819
405549
478525
787523
791999
201845
583466
785231
666812
60460
738205
90029
380822
668882
558673
219553
825475
264093
529890
762486
690894
886570
473652
884551
269576
61486
319229
637753
431141
713994
136976
91333
331418
219933
664263
50612
865457
836499
411788
68866
597350
67580
814532
620357
873410
428919
375225
217735
277617
512429
866498
740751
596514
803962
518833
217983
727578
891237
349848
117750
4982
810257
299257
795636
706011
507181
210793
831710
605691
27366
792993
490424
438663
730300
557697
452079
851371
166193
121280
705273
838571
259998
714260
562995
232632
176864
422682
250890
871150
861583
642595
443286
396973
443088
678524
548544
267442
684672
676152
89061
51058
151504
124476
484786
825363
250769
597222
515471
715302
835557
91867
41368
220804
292660
636428
219974
673604
724384
566404
218797
4471
160080
813169
137630
522176
464841
467596
894381
852979
92091
641862
87789
625993
662967
180817
762551
236381
374751
284489
566441
29831
382421
9341
38155
690834
884949
64382
739853
804315
140895
327490
350412
32808
91756
111541
487539
521923
290914
3294
863390
777778
91682
70857
838138
334037
330399
663702
705672
814811
453769
710557
710081
718304
184807
369211
414323
558407
451203
441534
874954
155504
864288
321898
362474
716311
173382
358117
738392
589449
755582
116741
843864
730307
218297
483828
513360
745449
883978
182813
495084
114687
359796
888886
68251
498535
58430
721257
808631
188152
62692
93057
733410
420952
318823
246222
433579
221654
783908
548404
636976
323846
230721
355286
690718
341018
351875
765019
750707
203001
791518
551034
202661
483838
721348
142888
418555
630352
810047
160475
515225
286201
894553
643129
801305
381990
347352
86850
71764
825946
843688
833431
567521
434031
436656
721637
673972
682442
288774
486450
111944
411674
447678
537667
847863
251661
81309
272839
677349
304206
419245
822500
566269
58334
840617
8956
395251
166702
587320
529115
340937
369431
631638
386912
600781
387383
179406
150022
745439
895369
688356
96173
128849
293695
25038
490666
869671
605790
427107
531400
435901
192533
404972
403321
83560
661339
341687
542301
318037
151045
319786
851661
882957
413281
133076
378981
652730
626643
747359
215916
678019
726313
247362
441313
73651
443836
701811
833252
110360
824646
57081
792957
724232
344058
818624
869005
42845
174948
245222
462256
213889
823582
43986
102572
549509
775116
474532
20312
623595
564182
719879
119276
825091
392959
486019
787841
65394
417350
538832
609412
552943
95097
386501
64284
829992
104368
189165
455125
510913
250637
65915
853769
210460
661326
390325
93419
344084
240684
156555
265647
495555
244532
217099
397561
68868
646432
378285
26080
17587
234513
180361
74847
150320
473418
257065
174552
592194
479436
525624
454309
858904
199242
41178
875645
274891
871080
46325
393311
491999
565845
338893
734877
12680
798754
777998
46856
186953
790462
875586
371060
621784
54287
838754
783976
6206
629487
669705
621125
486458
194593
693636
148209
250277
286254
405766
414174
25776
670817
168184
624507
302281
223899
674606
442583
350333
738131
363316
7373
626103
182926
27527
685073
339751
507991
570240
73333
502494
466971
202635
478360
215925
161859
710998
40172
37709
398639
44965
531778
675568
356684
605282
305204
843127
526865
596561
32559
719654
270524
354050
455163
677842
477924
425024
458601
62370
824090
165382
57368
376499
461345
621873
398659
410037
177319
235505
766922
616403
90399
697721
561276
208752
393693
893941
697662
425581
739277
152859
600667
59623
786864
140187
460103
893981
717524
227824
131697
364559
396654
883480
387941
442753
6615
373248
438172
316415
72128
290041
661889
39163
363187
825767
111520
128818
171912
515095
583372
164301
269697
161936
757261
445956
459619
606915
848197
769404
594865
847165
457374
190448
322918
499771
775282
133869
714447
3356
443925
778584
899235
478066
195651
169643
23776
245266
418658
104540
488227
153900
196404
566686
634627
263764
177947
725952
689386
109182
681096
184884
752465
410921
403555
734571
157463
431154
39921
67707
769182
212937
618436
192322
255491
503648
818981
197348
263992
660928
290518
752337
879135
5014
632839
831778
852965
78155
75672
348161
248984
411025
623590
697032
284583
367545
500819
706146
15380
207425
509750
300910
220792
600842
272796
17059
553940
530952
217594
390829
50224
93459
584049
52532
93586
899963
32860
626589
294620
39032
364920
638122
610274
47839
828304
771933
107494
90736
690341
536539
508402
237388
513462
443339
368306
395141
711954
462109
317035
217453
702199
496263
447964
78672
53861
497931
647663
