7118
699975
784025
42258
779760
371228
682517
880416
312482
313506
546461
429849
184897
654693
869926
578087
401361
371548
539458
265737
358259
874203
226087
370895
625121
252676
834110
536091
744387
37885
444458
499367
639441
689276
246642
114757
545349
386591
190765
76289
47067
510777
216169
106883
329673
676679
23320
831857
423413
184096
486072
119537
556088
633514
160766
633772
712141
371210
621118
473391
660501
357619
553881
351082
778538
164928
18083
688891
508574
756188
220143
243557
449167
80990
674874
615097
120201
130899
1905
508375
204377
381876
448032
297326
247498
212406
372376
328063
361085
369504
166204
472160
73545
520406
400969
8380
21325
635508
164415
551447
651790
327383
163216
506192
777458
193878
708611
508863
234967
453742
283845
595069
282896
105690
400110
513347
738429
444673
303819
516811
662855
478410
168333
546995
140021
728170
794094
34080
566349
833662
38523
340926
461738
441140
709922
493958
42038
573156
227929
542520
820581
213852
601672
451336
561615
892792
842197
284789
216775
742801
687083
42644
829756
828364
437157
651723
713067
613779
260732
335578
58207
803393
563691
786868
604327
449239
744731
55818
120722
353580
611504
498249
705545
90881
258895
708474
177448
19793
178250
518855
122395
443335
381962
646846
420370
743307
797048
763629
611169
161909
503400
780941
824214
284994
187074
10940
118103
770435
202318
434594
357175
1906
398811
209269
215637
204736
18892
686456
747346
110346
237921
865214
306733
272810
775037
771533
339196
238602
490969
233917
600905
587795
478660
402751
457478
797283
159349
249850
533647
803485
656303
517649
300987
723451
168015
758561
539678
111998
833077
332870
116894
682118
707853
891997
458448
647101
617209
272292
478063
271693
562493
150014
594072
548402
469958
842195
541028
133834
700599
789076
215427
297353
480978
661403
564178
663369
795616
474800
544088
236479
139453
864233
702659
140297
825795
81897
553242
844163
388785
846633
130430
131352
217527
400597
40610
515254
621889
551981
401988
707450
694270
820299
464167
161931
178795
712004
852334
480963
17665
816391
894423
399655
69624
260291
719122
661335
784374
668166
35101
808321
766649
858431
216637
46960
831484
234213
134011
345090
615465
606801
488568
890392
281819
858725
503311
17702
751919
32528
528549
465866
623687
605546
269103
287129
542554
144345
250305
123221
644860
835991
438094
876987
6405
843594
831105
99896
21696
51443
316311
261244
502930
750594
278998
704743
120037
249510
646126
20511
268465
224451
202923
78212
19462
317756
449300
594843
164888
85744
504099
258694
864358
118496
690529
642708
475657
544430
600478
607797
712438
410786
175433
285670
338289
791622
727730
806635
22702
35953
165146
325274
740100
792129
538515
81620
569681
603073
235610
82383
834372
651914
580461
473230
229227
307174
192362
133874
749433
408880
531014
443625
616147
300790
727655
277925
779960
230560
29119
122504
397611
765867
371173
73851
279870
181422
764625
863678
764189
711838
188052
151321
620916
517165
671378
16785
654749
222349
874973
298039
874986
185746
248687
93018
390891
140373
125124
893981
541981
285460
51089
677315
284304
510647
447461
238214
385843
497806
873818
836679
342077
172343
545688
850783
879674
855611
723751
638548
474673
565368
436078
89448
167919
519385
46765
531980
397682
863617
30259
651985
448147
653510
100733
693055
70800
653338
377100
691550
806869
813094
93570
89361
492199
520111
551320
891684
9068
505338
552287
13690
625947
663531
820529
206345
308508
469321
475155
208257
583099
134654
135338
866919
252942
31290
563670
28256
78336
125879
623695
612648
115929
869880
841659
769859
597068
128170
855818
517131
142718
467628
229774
33000
494382
733227
843546
501661
551109
267686
788181
108479
96346
10545
628827
475841
349058
642900
406161
187786
141459
31699
490786
820104
798292
805417
521595
621534
247523
76365
211168
70809
884418
328375
880201
715456
690111
746492
312668
192553
53886
881460
899528
398153
429733
201533
508795
113796
407107
242937
134625
724610
205182
46418
665369
208994
100089
409693
752726
329896
771838
485180
810447
83153
95277
79966
663715
820168
111009
105089
139309
241426
87035
147128
730207
229187
695470
246599
75774
35027
452870
456267
501562
28171
284789
576855
274760
899129
22524
619288
24030
191588
84658
772250
381931
508345
289300
814404
415377
177475
290633
448831
867263
204985
510385
779316
196399
87570
842249
220978
172696
630132
509438
247375
368881
19209
60940
278022
596739
516595
794737
758015
831658
443510
550387
357036
548360
495443
564778
204335
143046
786710
601419
585881
121639
854789
796786
595245
839371
673977
22604
857091
538877
472169
144190
891913
384921
34977
433654
793828
877374
72402
557708
251700
658379
164962
15444
671829
287514
575748
695074
578
826230
653251
805914
479316
194874
763929
243124
869768
664455
661020
220169
230142
541889
578839
829724
326877
816999
251702
482664
10485
340493
543610
859521
87868
618551
154381
522281
755514
278069
318896
802387
552160
694198
102928
448812
517299
551274
799800
656042
737031
836568
445055
193140
677254
592664
699842
527852
886640
550478
597452
133813
111612
153891
213201
632741
231324
394050
631930
359560
266238
279468
854235
861966
79343
154105
374081
762418
357755
468652
783015
563656
471791
184785
796647
224803
393856
852949
689485
569312
117604
123234
704135
31826
147933
683414
365241
526539
237462
872191
782094
592195
596966
826005
411880
520136
665362
612851
852376
880227
674895
182132
452393
567394
402885
14406
285463
810376
349135
144238
37181
340205
880606
379480
80716
421011
896093
125784
457048
492006
635952
840034
803883
264047
328182
611522
129053
40886
268461
269081
681403
414865
462004
214102
277860
32397
586219
829964
120179
785527
378743
416341
181303
98728
95459
575331
727454
330443
408160
443774
475567
605868
395788
795136
253879
660351
777809
51849
657852
602730
787236
229727
585197
258608
19726
775525
299546
291003
64647
660055
184832
401894
696574
31904
333757
96740
624181
601848
720417
601679
321321
594589
639941
778193
329904
749164
27702
711976
843003
35964
623849
324154
513563
229400
464659
182870
400607
567863
678320
713730
467227
215130
148033
682630
432837
794209
336979
882581
581913
378058
137018
502707
660157
597063
857469
265799
593726
146074
654442
308478
620921
156784
600586
502841
169654
278104
156847
478485
188206
156351
188874
560629
28077
396169
808890
608622
774866
43757
213407
410607
617332
745101
170060
737258
42495
824785
603738
87907
125180
856799
107513
885685
621358
899865
353121
487259
783641
75316
551815
291202
201629
243888
128012
669320
232032
399832
281199
213648
68809
894360
300195
77254
571688
379414
497275
20233
534452
752495
543585
412890
496877
755791
799526
756672
192959
540651
48436
460149
351176
752383
421375
834448
616400
685471
661721
186927
243415
61916
712453
64929
138510
107190
839940
383950
607355
172440
639371
434020
872575
148533
725270
763615
491508
106780
709941
799027
604816
834234
114756
285177
566375
48589
889049
630004
359821
599457
389335
673279
110680
411753
24767
332501
650819
320699
125830
628444
631343
216808
326401
134574
467877
851382
746301
28486
405783
581340
311211
405636
894468
150138
253272
822109
889722
50131
379259
691362
789941
55848
528232
182602
523334
113970
92513
429503
847151
316603
35500
217314
504682
555257
399808
385564
797097
192264
530841
23779
593913
301123
178635
402437
87648
110303
133363
699475
236261
828164
640392
436877
450926
475881
384817
263654
544740
857675
423632
857652
770516
494569
784732
677974
199599
103327
22796
213346
288432
803709
191343
427082
257885
182084
82361
519018
33479
612349
621976
55761
798860
172469
379813
343722
726492
475928
376853
174822
395320
847465
261295
789031
293398
197435
788088
124555
304193
653039
579210
53523
345438
772299
501763
380272
377289
400499
797690
373353
546014
634023
878284
92810
277299
7833
474644
166221
769730
824585
109370
564830
578917
423615
505602
804013
424762
679715
788453
437749
862342
532092
627901
783748
301878
344676
340537
881831
167680
646501
261040
158420
624744
524819
586259
159379
705950
424292
876251
294985
232901
156656
254754
353954
10511
638817
890221
465498
283299
575703
11750
535017
310145
795003
161961
402825
878268
28670
228788
810341
378502
713869
313409
363103
352522
262419
899696
316094
558354
306443
90493
145843
504424
887744
764402
297190
219802
193028
160821
65634
849815
778153
254081
869209
429365
169759
443570
308629
2069
429451
850874
308381
621439
293696
505841
840256
437863
96316
708809
697857
562961
772834
186271
107806
747728
151151
288333
878751
288842
143099
592093
159800
387735
100206
863224
401211
199304
318173
439933
556925
666053
680800
8525
413955
587375
191729
357794
896457
530884
839906
786560
853870
497664
603739
545252
437184
463648
333488
277305
692287
83778
21467
541161
522129
808169
96955
836208
300994
898365
520936
136717
553589
15727
180593
88146
466795
359194
260276
712122
194350
38340
229625
891162
174427
779139
424300
823536
676139
454685
69078
205464
183260
18760
244087
88638
886400
617553
670242
309357
540930
104056
207188
619878
574896
438455
52210
859820
113129
615075
8510
126588
342085
161356
505525
395483
473307
96383
110633
754503
851987
78218
229302
844687
560681
532191
280259
32415
646842
797266
18648
582643
15631
291741
494326
633100
474051
520003
542870
444193
68978
776688
741794
660109
597216
312127
736874
307206
91522
140950
304133
498190
417293
268876
374501
61346
389242
544203
726164
385456
73235
447601
566928
501925
186749
450064
72321
619972
764833
384532
617075
490931
700153
815173
563061
846480
788531
858978
54732
883200
76805
228558
561332
846312
603405
819047
49877
77333
265283
210128
156638
11861
87807
278161
277120
626440
658080
327829
794505
645553
556896
298257
770620
59655
73361
583780
237802
281065
88819
879321
29551
718286
629718
586569
879243
624761
516679
541118
507483
555403
756793
206130
149843
581395
605489
382743
488155
237824
704557
464848
767587
382552
819121
594907
568644
326913
560496
526546
351925
876732
138260
357319
604806
93617
227403
765549
609085
502693
646254
373397
743275
867017
180078
874358
171945
862285
135965
775110
769844
732497
433431
434117
162595
9595
580171
746617
324385
715748
32266
897267
102411
498157
231338
527824
177543
232176
815831
416700
410911
880849
847223
367761
407417
31667
20344
787678
132788
250727
750969
60195
489025
557471
782994
589976
8699
661536
153312
154732
54789
284022
732049
52619
629887
218209
892744
859353
182116
199405
443214
175132
111075
304704
271829
688278
147896
40589
372586
72047
356295
487717
311479
864305
241012
380461
704434
542061
124321
204426
165733
555227
485637
498841
79354
757470
565766
18107
333155
419814
6387
343662
229220
178191
18848
138615
839582
238727
309150
551962
346520
197517
683510
245292
127467
4533
658626
432352
528395
382408
98409
513470
432270
725800
306485
522578
117018
662448
390483
575072
739279
863034
94758
347221
679117
887739
447752
199384
222691
221225
182238
68608
88054
677820
359542
18335
359307
697042
102880
87740
65617
542125
141702
844830
829838
91223
791465
17700
269764
546534
722650
211986
598495
799930
198130
300742
844414
165730
426863
399881
823259
405503
842731
40001
648441
589537
338682
367554
888201
671853
384064
668773
861465
717568
488172
73937
634521
364973
266133
846837
750284
311778
84720
69143
541416
204937
828939
406535
348553
335498
833193
803021
878360
643758
105563
377602
655507
265246
284119
86266
310042
379338
460727
483294
715349
105957
101040
662232
843013
203565
376653
8007
307494
79529
748616
566931
13373
308972
846757
670682
93700
47286
266859
402153
91471
285465
736768
112742
648922
438968
224192
465514
880049
248492
470937
871820
454043
581568
710725
874072
771172
831772
237733
114143
855014
885952
410711
61672
136787
593062
530740
123972
412450
629481
810857
277215
11923
264805
463951
100531
848353
267476
419593
670422
382723
789751
208730
888819
604478
695830
257376
254774
524363
431486
666545
726017
727360
348233
863120
574172
416926
184860
300876
448041
453463
342217
651861
579189
167737
157237
476348
882667
703900
569300
550631
429347
19875
184176
398253
209175
85842
550697
99924
726101
173837
715926
126212
762161
216361
279145
590567
76818
69362
708657
258784
381261
642839
771385
352934
739375
184853
859630
725499
63571
397663
790557
484621
448723
605735
264347
213096
401660
268460
614174
729717
75610
74079
718441
42708
662194
298803
670405
385585
706223
745538
750858
777318
746195
664950
519357
152653
57903
192443
272243
48224
312719
758398
686580
614287
511788
129185
583515
795197
529477
586558
358169
32440
214376
837141
484890
262131
892553
897140
411807
718210
730645
276258
631786
142417
89505
686313
239897
116160
764251
161790
653321
421023
262050
61901
899547
805218
33810
343205
374580
833410
599575
648638
822143
838256
43043
11459
144141
846806
58458
431423
391741
109548
663082
747880
425654
45652
545305
695139
35185
563571
677110
434
791891
24204
362289
777185
466392
169050
717543
384969
715564
841641
888086
619966
448146
822130
322735
452252
69575
248242
389097
869705
502657
643493
245489
563718
668626
259844
607199
236759
662440
683001
852613
212589
606006
651898
738113
682029
673645
594762
216145
741375
519492
731239
700070
568084
178136
274129
752400
598292
563980
551609
396345
736964
576977
731361
474895
587217
835168
599957
27545
32027
639140
120966
844490
782113
857302
248159
649395
558917
777152
285574
663603
461595
894307
850257
289034
716915
651603
319905
700075
522017
771935
160608
808592
655205
544303
163731
371719
403036
649671
836252
541737
56995
339592
808334
474603
203522
472758
772589
333070
174813
299540
492322
343442
780466
229066
231417
306983
560112
167369
111159
177059
267765
66533
857627
274320
127617
270017
200751
339037
412732
799049
736107
615956
70977
588216
294470
78924
19206
368314
543002
871189
292265
894444
265011
894128
858072
99232
608852
18017
850301
547580
749926
29533
734436
192514
86045
677278
450123
415178
398698
494869
579173
33451
714710
41950
58730
395128
386114
147535
106559
379687
107608
872299
247997
870254
402733
520051
411937
432838
674358
326108
134991
663986
501091
7676
7908
171160
140540
86813
436183
843213
40407
48244
421898
249712
396179
167851
2771
175852
261749
674682
36738
895041
841404
409845
495534
582493
89059
584479
598112
12099
706194
795356
679067
315469
234945
719523
107047
710670
381419
70739
487225
298864
822090
313693
663104
30204
463413
726975
51567
807673
370579
551888
832386
525675
892218
475767
317198
234780
340265
362806
335818
301305
284574
855492
519476
118803
827157
427737
430433
227334
204125
392418
188901
833910
205656
669524
389979
727956
805808
4541
288946
488353
559825
354774
531572
131402
616358
125716
480019
364785
891860
761438
131922
795692
246989
65273
577582
803495
323378
398399
298440
288548
436552
703087
505808
654211
614837
205469
702254
712828
470167
184138
711952
700681
552034
3758
699755
267585
780276
819346
13840
138751
445111
258586
763438
543777
681170
342879
479805
697836
141132
592731
879662
552173
4094
752989
883788
482714
778580
163165
423278
343831
544064
564810
77213
393845
385306
591422
866205
383093
602776
455987
382393
381962
670118
416367
794447
525244
521411
723386
706997
739176
172823
561776
829063
176773
775348
481394
887183
290945
385545
115063
116431
816970
491453
625184
124941
736041
85294
394441
873852
794633
494054
885276
260227
650486
152534
811039
734700
355136
88178
48653
652107
642686
624137
814819
477769
491727
308255
258128
72588
713755
218568
838063
614116
28536
120739
125522
718613
887690
618353
452180
237244
426466
239057
466000
235296
871558
678586
185488
548983
888881
376372
849694
537394
41521
853555
243606
718213
9295
709585
669404
199447
567148
49286
25578
99266
859206
656039
224098
613224
809402
58232
602818
662995
424611
141199
16245
84710
876192
449287
456325
40869
22804
870525
146991
892765
36423
132811
634767
290002
596554
245823
257050
862692
598424
132855
827019
119549
273592
306299
145973
22873
741502
117558
378583
596562
207505
561330
657037
408840
733127
114704
786627
687241
695469
177825
259653
808130
653187
139268
288977
444770
318212
565501
2030
142087
555747
191757
207478
86792
28016
888564
266095
800574
769242
294752
529591
131536
20079
669904
373085
773178
209599
70121
686253
216376
49919
169844
630627
632404
154857
369235
630209
79050
159424
293054
675835
875509
124625
701599
369424
207224
539029
765445
764915
317387
890387
201
239495
59711
842530
221435
824873
806672
498860
274151
357671
65734
549583
91146
178991
810056
663677
285099
499714
611550
35843
446712
488999
181633
132870
702462
747419
33409
745673
887684
210918
284594
288619
81509
600554
420148
106286
164168
381621
675102
407218
77790
754901
119783
434944
329431
635595
684432
839651
767041
613048
763025
500016
497086
405588
890206
171526
6592
110141
759574
283440
814436
284844
378984
772840
795305
702532
452547
840758
788395
774788
763768
542421
659072
135132
194830
84823
67022
103900
136738
332383
494792
98055
745976
35020
117091
22118
89026
753461
484473
437306
375116
850095
826073
530825
9282
24172
329064
108057
435135
782014
489848
183131
380499
412506
17731
892639
567407
171255
575653
455109
208144
142357
737748
746836
542470
326202
803389
128803
709312
486039
214523
789428
661495
883178
461878
296385
751091
792509
800310
345582
594173
479531
24579
42078
669858
240451
559099
201730
18848
147909
863662
699436
592144
586313
73242
481378
706257
756639
107390
502509
331565
565104
43901
865073
78122
563972
52145
535831
743119
64285
7720
272454
894192
512033
346208
502897
833208
105653
823547
172810
688819
84932
264607
173427
275445
6655
631405
351413
685706
295166
54139
49353
644283
683045
563856
620116
228122
551393
56924
118865
615434
750866
308658
753702
703629
203299
514530
596055
674444
304980
601399
288537
63293
137337
809098
219775
783700
252251
417249
411345
591176
308124
405352
91579
737632
374520
341482
741794
160250
536679
531884
584336
646296
795326
66854
427280
806600
328822
822975
628022
784271
736868
846212
165685
69585
492519
839940
236020
624831
52321
257451
862107
546717
698268
124793
877031
39279
629102
73567
482877
336223
66359
555541
166523
869262
467143
740987
554218
622773
540669
430122
135088
468406
605002
689877
398978
689476
333075
779681
630198
520843
478069
444479
108566
220798
65507
787810
145489
679516
519563
274818
285227
399613
253335
526987
33845
823326
658928
394338
620631
158919
50492
775478
17802
263382
116104
119615
314274
381290
480641
204981
543496
653581
599291
54479
427142
274078
747637
129687
866652
116795
668148
555495
696175
142856
117867
28770
532801
871582
52828
647249
890044
748435
210617
401208
567015
814497
740707
446101
669147
67222
324212
438804
385520
33560
792248
593330
669104
804434
113717
452620
689709
145376
577547
302594
423342
512307
53142
276622
477060
462913
492753
679579
542171
57132
473397
456228
237837
355853
873696
178763
813744
115165
189232
520498
163600
797216
511694
301977
6775
56206
70151
118677
109832
325023
581621
113961
686059
507635
589949
501635
778242
494907
322482
530677
145658
297127
665015
224495
446014
419821
104993
224918
799046
69427
480474
640867
28492
812761
197826
324538
331775
863174
306832
674341
864496
131181
46359
721485
417802
21147
480260
217397
867135
485216
429603
680178
449981
368632
217408
133771
165055
666837
773675
518089
394464
355819
531094
587835
381418
863511
745496
782857
796172
653869
652212
389970
148619
74364
337747
532644
548879
204160
167341
86871
42142
513317
242759
859015
194950
811730
553015
857773
627540
542745
634115
697208
38370
539418
839943
842637
326412
454287
808341
864760
654723
639671
501142
563534
406683
321794
460015
163009
792959
207894
74783
741535
628292
838012
763652
143143
55739
387946
723870
480552
810816
123758
283531
502424
394192
38451
367890
152015
538743
868243
267067
686078
68263
719962
590011
226702
794629
693906
642541
166969
595613
200465
578268
283903
639573
446971
586941
693830
854559
218964
305401
186962
828777
672614
360073
538141
343214
141804
320506
250931
209455
322873
716303
782700
124540
846152
422630
78727
786028
173793
878899
379551
268461
172868
750984
124076
641141
836725
273142
97017
477047
873380
777293
417246
86001
615063
694751
116186
532001
697111
289763
844942
707864
896564
60886
843704
485607
408438
345308
55371
15318
260705
549155
305511
738164
310371
89896
17915
262024
373758
107539
12756
753413
459661
408094
629471
427293
394836
786739
237283
187341
404360
316691
675796
683701
605272
120018
72630
521835
314135
674560
494831
596133
71079
863491
533990
195476
879940
313760
539230
493233
18762
246680
847625
862543
652675
728783
409739
114992
216241
34408
848876
322292
131028
713035
713977
440044
96921
471689
159001
752364
452256
870231
371399
778590
747144
750709
636912
493748
584953
827539
217130
450837
615629
49001
96974
513433
122652
42788
108468
463312
679714
735009
394090
775164
812591
185650
101777
194943
816044
303069
208821
425006
518853
281380
424230
248965
816823
255487
625655
631125
756087
809509
713043
489848
158076
629514
779319
887941
501482
241314
104335
807999
155932
478468
102449
290536
794701
803530
105072
413842
582371
754004
836254
718934
812249
402988
255746
599134
757448
562276
671346
213020
371121
428283
8172
556030
75721
529439
726103
793593
882273
320525
681713
378306
222065
307924
253492
396732
675201
69463
166570
697995
208852
699184
150761
550343
738097
187186
241486
107596
163599
644296
405426
567470
363740
351705
181579
97322
761322
9900
608898
122968
690839
356872
850220
853341
532823
621556
385927
645468
806048
216094
167763
158124
417266
223415
832458
490213
382433
85435
193245
539316
267808
857422
63725
708047
393964
134722
267875
851554
466514
427861
293036
677863
90430
431448
792245
59091
288225
595882
543199
515245
644126
22946
108702
780571
124081
382732
541300
479381
65628
25098
448133
722554
614448
689980
310806
13185
491220
131835
1767
226472
224245
221663
10443
632744
323818
698016
425536
311466
521699
797497
331887
171250
327374
341512
596481
160442
176741
213330
112603
757594
495159
235204
463736
113698
604721
275669
893346
22250
308105
174055
278701
303233
272423
107724
240656
595681
290513
816421
737152
552836
448433
483589
171
645616
687237
743188
18830
141709
841954
240815
570036
608120
397382
506605
571915
671792
343897
813341
171908
264365
65023
201259
500455
503280
536957
156033
612945
23029
492133
844138
352619
100006
284991
874546
563720
321354
715350
122441
542779
762682
809821
202662
175890
714451
335548
752264
569523
617287
143291
231672
598097
802094
487273
609994
171435
207611
66953
278690
300257
584425
616698
362388
192788
585684
263778
729795
133401
569347
268438
290123
563834
104643
853736
5595
78697
799856
386702
232761
671522
689804
57195
444329
271996
544370
100316
223977
561675
275908
612961
91572
532373
48832
620005
525798
582254
213265
635116
217758
655827
405378
143801
607551
249408
229517
404249
296177
452846
795378
823055
383814
682797
469987
292797
682742
10393
56028
768428
280043
238780
34416
137240
262009
102784
468062
866042
97573
710895
752290
794995
899718
892201
153032
527602
257897
63585
371644
558563
384558
233653
241629
503189
92656
130471
649424
336805
304898
744349
451056
838700
218549
482930
510850
805442
844054
843830
183239
846253
373620
132489
65451
320554
109695
291759
657467
79159
160236
120721
802228
609658
261301
91600
68085
214898
207261
800454
868438
755064
679857
498619
502578
315857
556522
636225
625472
757491
12336
444620
777792
390545
826776
816465
76272
596645
284717
803514
788702
86137
402669
138628
813304
425522
218314
105813
889823
147994
765489
418141
698170
443465
348295
309224
552903
822286
850799
320636
509068
359871
456457
406390
637036
42683
856341
416604
268341
731896
803668
515294
563061
694127
603631
682221
174381
178816
166641
843992
814462
414978
635055
15104
292416
884555
142408
114071
287474
823481
474728
4761
78987
588059
372102
838758
272527
892831
588525
596636
157917
135032
778424
782029
754149
52395
606743
296066
128727
797718
536334
503212
1143
54494
860860
158178
416460
204500
200089
777948
545367
373284
701208
506475
325729
172121
25260
409779
700173
372592
120583
105510
65389
195159
386269
32285
754673
352258
754792
290902
705722
679786
109669
228261
229708
317250
355835
295352
512962
53975
701980
339628
857211
288067
201187
278981
88402
108943
802461
738766
417707
43683
495717
607661
876457
607851
638248
143906
127805
16231
613607
19068
878521
430767
103738
739896
820035
261761
29969
233239
477541
238473
571990
180762
56129
877195
115790
549117
144513
450192
746719
141037
254156
349099
170732
297543
385813
436007
139739
418031
794926
628847
476951
787562
354138
329945
582609
756984
696159
440112
15681
314993
638714
123484
884331
394875
799757
251472
640125
202565
235795
626096
14069
250019
582197
54141
350943
520103
163253
785695
417787
605880
41831
500014
484829
427282
254111
755036
438990
144922
567845
506114
413136
193339
47525
703558
730239
598274
275971
120582
566259
759698
541068
228612
617698
589381
855336
586413
83234
489984
253228
14887
160780
179186
632396
688279
890108
99913
382317
817261
505461
190641
373303
246188
866498
7817
485994
448122
762294
92003
243592
117568
623413
94552
688912
463102
437964
726310
173387
832975
781787
202216
378591
540820
788403
875408
104225
42175
42329
359107
616071
688670
816970
273073
104764
852770
709178
137007
705388
245772
747477
12883
54911
448787
108134
179020
580899
157524
125653
87387
821825
583638
595595
756081
446962
582136
117586
401063
708235
546746
281464
134836
98835
757893
751954
74671
646133
516664
389084
256865
381424
388848
779582
84645
725772
585362
493451
221119
387336
476600
316419
457495
175919
333303
761496
123313
759400
430473
78862
858890
310092
557339
518044
104752
74451
858005
544847
888382
144455
831105
615693
259571
599290
523770
665782
747470
442196
545522
548135
710248
657348
91616
707641
824974
858615
165029
878854
709338
370759
856825
541291
735021
753835
473175
323241
323307
755692
26594
424390
200274
775223
880178
317937
689176
722894
410846
710914
98305
529018
205863
151295
223802
346747
122495
246459
791573
346847
121077
120696
595329
405169
600190
406030
375397
472873
128994
354372
899513
201634
419712
474267
583968
325128
422590
340267
243430
459344
531601
655780
144179
740610
116069
180598
189833
714961
435497
812940
681471
735371
658459
133811
655066
604971
705452
192121
105829
441164
861071
392241
321773
896632
707075
819539
568828
552319
94394
569663
306864
609539
303685
578594
519126
409840
593503
881361
380264
819625
145907
314418
545921
461597
427050
542587
501657
751129
576245
839986
57666
377431
358611
161075
180413
652596
172095
735408
572793
531391
137882
80690
82761
412108
747088
786910
593985
388297
374090
243859
309197
596584
443631
473072
116014
871611
893847
139923
345554
549790
395310
92667
255342
169422
771266
229487
882555
547448
727753
614487
458027
308588
251313
695144
807334
291695
237797
554462
351685
44752
639289
8673
341642
392274
740147
130346
538490
8
858966
832831
745945
810464
576172
458298
756704
802166
36623
692136
770365
221481
319060
490989
849319
7146
581172
728932
646427
300592
614648
264836
571768
371241
101249
398495
878421
24907
89298
671652
6842
521737
370618
426052
424385
286561
465954
684913
191690
40850
712879
434306
778805
457066
106772
272468
595424
828381
884311
317067
139837
428243
408222
683702
64046
514680
780406
28912
351488
220055
427552
420738
740865
752352
728056
174821
406400
191206
526692
552966
884608
197574
398773
309891
713112
252737
106877
861202
673034
519274
350861
44128
295454
558811
851849
656118
876890
563266
424907
76472
24352
289497
290001
421640
65284
218387
383492
777543
407080
711890
689798
107227
25718
123798
726007
749452
500378
511440
594979
619593
151930
50260
829739
603784
849266
643789
102095
95914
5616
478538
122485
543964
757641
549878
643929
655706
183990
812614
201170
621262
561007
596619
767004
777462
360994
250183
220678
203716
344495
423164
46330
386847
820995
112352
313029
829190
155055
606317
806755
102037
859141
447637
752264
50272
594223
104754
67309
362556
337003
166587
848117
865149
565351
208083
403642
456730
778357
119420
588153
513357
120619
565513
744535
427094
87994
55281
643086
17855
492776
460542
482329
36154
426732
897573
416440
882855
258534
246321
810271
98002
536696
742680
689217
176793
714469
198383
522997
579146
781285
384697
466946
346923
205698
143930
524013
445140
178578
730507
392987
280214
439345
413638
555365
770623
117498
329696
324472
391157
495585
206070
748677
277664
704977
510688
234092
93925
849565
868131
692863
309996
724293
399267
889686
168835
417703
217173
30191
680827
105279
691602
169696
164432
590813
31911
13275
19719
336450
267113
208092
744528
20406
723239
259026
390250
653256
558392
537352
82341
132547
264339
703310
851651
70378
355293
494857
822680
789040
433500
466291
189265
419382
130314
457872
4913
114242
822278
519023
308533
733304
404069
74362
29177
125400
547718
50874
33012
548915
188578
699721
57631
700363
226210
181109
127251
808455
164747
331150
793647
532303
497396
155949
468857
485610
722840
19104
430684
434610
447015
153526
570415
116785
868279
887652
160599
332730
677111
65873
345794
591846
33668
373476
535796
129065
306197
782664
845600
876400
754993
694362
439084
807514
630657
576079
771414
503216
528127
750020
730197
233186
568333
569091
569496
512736
188995
706030
802315
35441
608128
823628
3737
508308
505857
866861
662155
211057
371664
123612
696653
864218
724660
356896
230898
30755
484134
887342
727374
800827
578148
726639
526945
448230
842590
572458
66228
820441
672365
797518
514556
601842
227779
748637
692219
389457
562974
640248
671013
356534
730871
237859
260928
200792
730551
115349
147845
267935
791016
154975
889572
79584
471145
593142
411492
272691
411612
502527
342599
410865
419002
94390
527499
868623
396902
193114
87629
781778
431870
830200
821737
379182
139565
155059
731260
6303
598366
694221
196010
288195
603467
81685
504700
893554
256852
669581
233377
685050
696492
635798
470357
24988
283436
192762
695391
129949
360907
791830
222260
187594
274565
350818
285721
234987
248247
223871
699429
597410
835533
718652
382949
498657
639987
130916
5209
96677
575624
269415
849436
693522
850129
172035
837026
830412
239306
490223
22394
166224
300022
461893
5970
482893
299351
206634
756921
647203
582873
473787
671487
488918
216905
428821
816249
126254
248836
362176
163489
277934
571306
837881
266587
715278
665073
629403
367762
359832
304661
854281
356736
34236
308653
687387
746444
681712
414649
564547
762350
35368
29751
635323
766190
513613
703381
126892
439403
546301
880289
256733
630007
261152
107069
165590
357375
469026
723758
87120
503113
275057
605715
310620
801878
696981
579634
261516
409863
648646
574990
4610
116251
661295
637525
749715
156598
124126
667990
618455
893982
21668
809552
357264
386559
794927
109701
657556
351758
549793
753101
753944
88971
882093
369895
792987
465151
384046
884906
350093
649349
106980
438938
548090
621413
215596
341590
422519
745723
780250
540430
333672
751831
761654
135794
861387
283485
588944
311206
159205
336236
169889
621490
435110
307964
586240
453557
318555
525312
838845
361081
10641
271948
100605
284545
129793
232400
135635
187360
48476
885345
849112
673539
261172
106265
318502
464558
98340
439157
340406
288037
354173
780157
465716
607424
506862
837504
412700
884546
853840
866493
529108
24131
667435
720542
444006
587688
162120
565919
96728
161492
512981
779821
59977
242681
496238
682345
723754
466279
341294
141675
225110
115877
522865
767491
601584
459613
740389
565627
321944
139408
289741
551193
648009
607211
225809
483617
880754
890642
647174
652982
87599
585497
364821
47521
35427
840018
416203
42634
894932
518176
86461
314723
544035
136522
250773
606725
841255
763307
84285
520913
821381
800870
27271
541433
360302
574774
873206
767127
30069
117188
229645
311163
673547
70130
234706
18210
80953
679700
370143
191905
482073
271326
386085
867393
334578
423960
368637
278917
530958
230799
810892
38183
620857
435493
566737
442592
151672
363592
72335
74086
721764
427008
312210
203919
43874
246626
455872
657236
81728
697922
214013
879217
400942
486629
579034
22633
120950
827956
305884
65767
788505
363564
139397
872863
86344
866067
796929
697298
679708
479941
222830
2864
873970
418508
213608
720024
297958
276974
363185
238235
541451
551328
260090
349887
322437
245017
477169
333440
180163
171553
561447
846672
514556
240456
439163
238558
570149
780531
400328
163637
624300
25585
865961
331195
555476
369035
156517
511130
699245
108314
798106
860892
246607
441107
202666
741999
466931
624669
865660
59432
477998
171363
520561
610371
646475
561189
442533
773161
455684
372105
641981
732714
672381
528975
223251
504426
325437
507170
28922
192824
565993
602602
737424
119097
219967
433534
478176
651044
585612
88950
224497
63878
306090
579071
154351
451941
750682
830344
223380
826274
578746
430426
194514
110424
871266
723492
647327
560417
875937
124307
511774
658551
431823
165121
580678
628631
652335
875397
32401
606402
315940
88520
814883
571102
572652
698552
350933
2618
90300
731253
414077
878958
314298
612936
43036
471264
14449
796308
635619
673155
231797
749124
43651
424314
159379
262724
712304
305243
838004
640460
205745
48654
805870
176055
437766
362580
457831
36786
160118
775781
533191
124048
410229
833842
821528
685529
558894
63785
430589
766051
110995
300310
289708
512281
53598
82470
221897
889975
402338
753191
690337
867032
127475
584140
30432
635143
506319
66125
593775
34161
789767
662122
164205
449948
526382
670256
838057
859793
75325
166069
237658
334868
679713
867741
30971
108596
65570
804542
690725
675966
101968
171489
510123
895756
175212
844127
156940
587195
272304
14571
672857
177626
111964
295695
227140
92414
41406
886094
385248
766802
409949
831208
649339
383756
654435
356060
104373
347579
883620
387719
272507
40925
541167
101419
450405
514860
145264
699212
689992
12536
19231
752275
880600
656752
555433
130773
616190
395482
11192
88334
351602
458338
891042
660807
181173
207695
876555
424151
884558
417777
452472
450373
335967
873367
657649
60939
117731
538333
255506
698454
714150
367746
142095
456394
142305
406423
893313
724194
282640
322612
87376
637590
589138
232069
397951
206837
476253
579585
197935
787570
618779
192315
247889
434779
804709
675281
742380
369411
486234
858850
689927
481986
563579
766237
508371
342450
559783
792436
664344
195802
256462
287183
354331
641320
857045
580381
87049
66935
245125
837638
463842
546480
612655
213659
407844
329933
872320
746095
167347
59225
882717
266335
877602
896339
742204
771436
623841
517393
394494
330890
440356
628960
301388
859985
19339
699178
739949
314128
484659
871569
594434
148737
24472
770359
687967
550391
328069
897792
436326
65493
246234
26799
817281
208568
13337
854318
270811
804148
497901
698697
357147
785085
410807
347289
717598
811868
826710
366206
884529
795553
61746
517478
751528
748087
411206
50474
66878
451443
431111
521496
285257
682310
693717
139659
883065
501074
661790
430294
50093
476985
828169
150144
180177
298097
129989
196872
708696
518932
84815
849930
8850
476948
628410
827578
343211
536588
76030
790893
522528
659761
734367
775256
786334
36871
484953
13712
87065
444464
270565
165456
166982
779455
200939
747160
376565
833675
432228
308466
785614
119231
471786
376241
179111
48494
291902
720658
274239
505444
312054
849029
408890
99543
6081
161508
580986
838460
497336
130241
517366
158358
166787
392127
18809
171882
45509
446263
665178
769166
524198
379643
61844
248351
370491
121878
679233
277362
852691
607538
239832
367554
769888
16596
542527
161256
238560
524450
144495
508937
401512
92292
823203
39113
495340
368040
146172
579037
471661
496639
818933
100542
530783
85990
54781
708282
145686
848415
609494
221412
629453
35389
572521
183435
540658
451999
357956
409289
93009
61651
769842
483378
683708
716988
213205
852364
458836
464270
332674
427197
742774
41366
524760
595680
599813
814135
196639
751634
586927
704719
165433
232265
89407
218264
324904
261219
32991
165706
220572
401852
276040
163005
650262
874970
88392
503725
453887
714787
197358
395830
166206
531854
615732
211711
53818
559735
562218
323827
82284
397259
110011
329034
662143
853091
589342
819558
64711
814702
316636
842585
376700
320935
524280
647748
702353
764230
119296
669115
700789
308786
769935
653092
514278
608724
16476
823646
508908
852551
316482
746301
144889
493931
889581
621428
602363
603896
391166
238924
862396
668432
894651
868176
577558
76141
818774
561515
371542
52474
815480
643337
627980
673822
312266
497883
595468
722835
84224
873110
780260
579796
350275
113595
717562
884596
82969
679376
326434
210572
553554
680045
436313
13292
823986
55444
860481
189651
89238
871479
310809
723258
634821
333245
10327
377834
625108
856639
548581
708078
82166
362413
64054
623555
306495
824142
422787
647627
721683
374788
655111
257921
563535
292046
308659
847495
148275
395591
32974
4124
402827
121516
441773
19017
443353
843098
869547
481658
791745
659989
896037
275786
9521
859974
605653
112055
700970
572028
482440
727956
473999
206739
214238
682685
431593
493650
553598
584421
848212
91118
483220
351596
188042
838284
389032
189197
266762
784068
505723
720019
158821
819649
408736
212011
334789
525797
705589
143316
884569
379817
171965
106835
577089
164833
734044
492419
753747
183550
303310
258442
633064
461998
626116
132743
561383
191678
47804
22760
442059
272191
508956
755384
695315
544198
577738
309108
524710
701102
132011
384414
240608
893144
225942
179723
823902
117330
334068
726264
842818
235414
15415
454202
669891
586921
226708
873490
207381
677252
473886
419486
386128
578607
774720
664749
400415
412297
722007
142635
114536
683812
797770
706426
377619
499022
24295
391042
801336
193546
78939
3199
624778
530045
247373
595512
670266
130244
308215
755504
75849
720322
239618
160117
529869
875800
730174
637654
636703
819373
455803
644178
39423
531725
43974
529579
406469
502126
762595
507866
850469
723725
821668
217852
835102
72183
308611
274057
45503
807780
135554
160517
567094
363677
148636
566223
216375
579518
151591
285112
765061
694327
621065
419502
374432
318828
202644
651254
810955
277629
184768
52375
612664
456831
466851
303667
134931
758921
535983
525137
672232
487339
754536
853941
99761
731673
445568
526226
501184
753989
56274
194358
635718
44426
548631
417347
51998
553893
718664
20669
24760
47422
18128
605951
479493
321349
672333
59976
156156
55
699780
6740
91880
391647
521022
482309
335822
327001
670050
327488
467518
667538
150992
247348
699253
782795
791
288820
104364
35868
816244
878182
796226
581942
219881
604724
628545
525633
387125
899264
453743
510180
778357
292949
553203
58018
32919
510008
586305
69249
356630
836317
139812
256775
875031
814006
806439
604221
142687
815686
50785
418709
590095
824916
761370
812808
693245
206779
597630
855992
627792
772798
132253
330708
499799
754329
74269
796634
474151
720787
88637
749782
160752
453231
30470
775785
848826
896641
228048
25317
195041
645598
258734
698548
710282
540652
841207
681753
782337
303640
861234
845134
423793
416455
367037
127404
686783
752644
478298
672874
290403
273016
786743
563004
565219
832472
837752
637532
215310
28984
549027
820166
64786
330813
400840
293950
866267
713809
757995
36844
334793
699631
27120
40231
484940
425853
748673
534192
564703
422554
399902
206485
262366
221613
862626
752054
427205
623965
71214
491204
788742
662879
260629
476933
875270
171978
369476
881205
26518
156167
297803
566886
343145
619171
669771
423112
423350
484390
101950
803299
891244
333054
199774
558337
861708
328309
303411
49129
325864
448706
317597
540838
479895
224059
681626
844294
256113
467272
552468
288126
335405
209554
606474
497579
590421
285722
402234
746419
475490
471526
84712
603562
851098
321430
431533
586832
533474
751157
505406
662936
330370
480235
746840
381636
792244
839215
61125
198828
518183
632026
150126
44765
560278
39158
97309
823966
788961
57590
397358
640141
168037
605727
871922
843304
19293
639652
349727
226504
199572
491567
195383
360776
203141
824955
593138
830403
598289
799455
623051
275195
119036
640069
671621
659926
375813
835160
61336
641123
105216
237276
318524
799515
647346
118615
37840
504898
891560
138701
455528
414252
170453
238825
290769
681404
825382
892183
527073
822728
119587
178704
296000
842424
797124
770124
252557
550830
80301
251931
54703
411135
846952
823215
46937
677887
269086
363761
476248
603899
283313
365332
416284
608832
725049
235655
640577
824281
104985
579395
33593
386037
334077
537540
399223
514055
632947
890293
455674
551399
202050
653668
205013
775478
385483
429397
502039
26367
653371
156690
798652
98232
342827
82303
437231
790696
853620
175851
74426
406082
341330
49091
717548
248592
739956
614689
64933
822635
707900
580290
41793
875590
535833
397590
829375
240171
7615
2096
311340
554781
98176
216828
672433
765340
687753
766448
643542
887783
565083
590267
199601
640764
339749
400731
864143
722459
479547
524075
567678
538761
242901
508121
638356
771920
534853
576405
285856
671747
851670
304485
867691
241310
325534
238773
651434
365868
235713
228332
879939
181667
708194
132154
786074
154187
364645
3470
574103
822428
101478
433860
220853
494724
583760
646395
780105
783975
785595
345509
622189
447745
489573
96471
474344
28839
271564
816448
766620
509900
41861
829879
802412
105055
893692
714381
636040
356882
109576
158561
873879
760789
486634
173074
749471
181633
449986
873903
298291
354960
354542
676746
574234
336265
494912
431468
561112
386331
238203
47522
307291
173247
781482
5332
156676
572479
457341
215190
757776
533141
107873
18776
716931
659820
174042
101976
860880
602083
197631
69656
261894
885392
597651
631497
527098
315585
822459
333926
298989
691517
57953
474366
276827
420073
506852
194665
730495
351399
829594
235835
5766
855545
723747
355735
790863
756483
837963
440827
411867
214543
109083
272057
771158
702121
445468
574789
476962
584458
339082
644746
626141
576723
105873
868792
361007
71791
47239
200440
643698
197307
627910
443104
476093
683106
669475
37089
735759
775776
846672
647933
837237
629512
35274
350679
352184
231457
851008
210627
620966
899915
218945
210972
335867
830591
637152
6164
665195
216885
666823
473478
693807
149375
402869
847367
51754
201203
784822
347835
280951
712646
154205
374340
874769
268467
893760
373974
467358
465370
609488
774694
200633
338438
471860
494304
174043
297543
706529
666935
851525
252542
302232
852791
192204
804567
461660
712694
835937
443248
560782
137833
364060
866200
577575
447668
439076
139987
172049
407833
448862
182746
711906
813682
271472
597215
717686
242137
253265
663950
415177
574724
843055
298031
519630
785262
503068
803239
141582
357200
235221
123326
9216
884527
215632
498844
286817
450831
169826
425837
568561
110086
709643
131012
217642
223883
624223
842683
330365
377420
872689
125688
521195
681951
560637
539883
287900
434192
772851
93203
730112
465338
148987
666913
723968
845393
475113
80405
466048
180859
630751
120708
771539
19359
813945
228219
828187
241813
819705
77117
860699
730909
421871
844296
626619
622828
828645
167062
471384
667585
566309
221632
165797
125014
588615
601628
189762
507346
827130
440839
285463
67995
635854
898269
379373
478249
174364
543749
781801
810453
838835
303466
775942
796016
792192
533572
713582
148496
529753
354294
204116
733413
554694
338128
887601
643946
873964
29716
17178
746007
530743
609813
778938
325844
689924
196284
104145
681671
724808
679333
861865
615758
697185
275526
347312
258761
35799
534767
22391
811278
726701
766188
801862
632864
230634
376584
465081
138009
372223
425964
790811
247332
270901
895685
716222
108968
805300
311684
334837
257631
770930
583422
164526
296901
92950
30004
654318
348427
735912
303981
346058
800266
51351
296959
70112
29621
456934
282796
609713
386248
366868
53833
357979
688157
602854
318650
146134
339901
20371
498361
69291
93299
298221
163990
108972
561372
515687
420280
702420
797915
371815
706402
32156
407785
828009
478097
51767
308073
676653
184385
767051
188698
801694
488782
434381
797349
337024
434232
852599
223478
257845
658560
820296
691624
659468
230896
759832
41113
375879
497463
126678
575741
827912
608274
668417
563534
394871
437990
587135
551200
371570
624713
839101
739923
269426
890624
199364
290338
747638
560003
479796
863288
184750
720637
6784
673250
734341
560592
641253
884319
109740
629621
637672
25845
168543
120993
226604
550557
379863
849635
746316
414558
267467
222761
123995
225495
62819
870499
322613
637078
554523
292639
837442
450982
214097
57587
621031
176261
737515
568378
228520
190163
221192
580885
640830
813638
418497
428467
773777
154299
421755
875563
473906
707367
671436
198886
782104
330411
566567
254042
782325
550566
767046
711856
560723
890404
606387
63015
711793
717588
280691
870290
684180
146488
800975
648860
47084
896213
162112
135788
821700
762666
29335
604643
373381
216862
603175
320866
255944
755986
664528
824713
31158
594325
595528
776570
213886
594582
414663
531388
796273
135892
483151
754428
118878
892178
681046
860013
204101
547846
113490
446448
296474
162704
520448
316911
803801
139752
776561
354211
880032
415984
351282
610485
553677
794089
126710
153217
99412
15649
643874
263031
486141
677865
252565
623675
165881
466149
766097
439725
873567
478845
872586
413699
631847
290161
866378
174866
832545
26121
509791
216395
846419
372041
895490
636225
638862
713732
135877
123721
45452
567752
572024
724347
358728
402487
716215
766101
327481
148310
720500
593151
576204
273214
654300
371401
760734
408367
63273
761040
833075
493956
118500
864287
245717
450210
756628
54034
225869
759307
375592
858326
731543
230063
85628
830893
11461
575874
787883
827566
687923
519848
43058
424264
31906
221548
881437
2534
683251
58256
43504
3662
606017
741663
419220
305636
709083
862206
335292
517260
164861
108961
86642
849837
107051
144667
158723
205808
357706
800429
383268
864840
79962
550079
51904
833003
553139
856396
572671
756382
367546
101207
232308
721552
496225
780252
599459
76445
94873
60610
111469
521778
187572
454604
20185
163664
535323
25358
115361
239081
493257
422013
358486
715400
483362
317087
273553
817901
866164
231906
876152
768790
408904
534921
493417
786041
147621
179872
250949
542413
659906
111344
18268
38121
5509
822286
361969
616580
545020
814158
550121
727836
584119
816694
260630
298674
764448
789517
138330
124114
585529
354994
679867
682032
554353
336712
785378
369422
23202
70607
733039
31674
324458
785646
32540
510868
770723
884204
104236
771277
321633
648735
415760
31915
559528
873755
168694
201258
60168
460396
751023
429629
714486
497279
253179
335057
152840
694298
206868
579602
228236
423020
799251
560774
623749
687551
137442
832536
245988
685898
85119
439504
177247
422819
270762
606717
744496
160178
513868
891700
5101
638336
666020
25938
18815
622062
528655
33213
405505
614946
56466
512105
780375
833917
657767
439127
683976
329800
36482
468376
37530
263180
108415
690319
391305
897792
8490
824276
244771
828541
673835
21140
319331
494542
821324
620534
524680
43011
137064
808473
190577
505765
526705
88281
835799
757252
756702
184944
433895
83627
584784
188377
6362
90613
65439
495855
78675
52537
46245
586068
640501
691937
360903
137167
188318
348953
358812
370348
371652
148834
244315
824551
470123
246822
763525
745443
827680
874854
839788
886933
346612
140495
491967
133822
54744
770667
369971
749493
65202
319059
448751
320290
714074
656770
453332
147047
872819
510309
556199
231354
309897
308719
108861
839821
407907
106473
847426
380526
860677
312294
759557
891945
162214
580405
393187
158348
811368
38064
178927
23427
605017
756369
707771
876514
170309
308099
320486
647009
108918
359126
859714
159233
399689
878349
461152
582413
416270
545746
318011
525532
50460
143626
577277
258514
105998
772290
622610
36262
306142
537512
75175
713119
887101
826487
658046
551991
607180
652874
54706
451841
3514
582705
412129
295399
873338
182913
283450
228396
681407
281286
754820
680273
553847
208564
704041
397971
625922
828155
787742
794417
761934
516633
87024
872075
854673
410601
667596
697094
680769
479225
368074
586764
189107
2105
367031
147472
399438
106351
29918
848751
86859
708424
505331
125970
593036
167593
94012
136176
105526
589283
433628
29584
324972
608613
453500
200813
126409
690860
160568
539826
535226
710133
92132
148804
141333
218450
878329
493471
540346
237467
612480
290232
746213
860796
481818
61538
437741
755053
631658
211885
12412
268095
253183
133032
312203
813713
259009
642503
799674
225154
667287
736640
510601
740449
844371
781391
801077
602145
277883
580473
348466
204040
161557
521261
732130
466567
389038
704390
814127
584611
801959
408302
591403
3826
807516
831421
264609
572385
362834
663615
888279
302002
823197
475027
617571
864515
381323
465615
497703
201417
544720
559553
672106
2172
387151
468305
52949
741195
222658
681218
38950
603665
138247
661527
791348
257503
474151
804082
166528
466169
32611
779607
140373
339357
227709
287952
569916
139965
800192
26602
558622
459182
896973
553564
881910
142553
460100
129863
456434
342223
214859
634233
596838
500121
403966
