6767
389140
409213
907096
329686
553669
547134
65549
973723
878387
937585
16395
971206
942331
368148
361565
496155
822975
579684
625342
901255
988424
442456
219788
829230
936328
237377
672794
839568
365880
76284
119716
721687
238368
730704
803549
984639
617781
84523
418725
204066
221276
435380
761111
41695
621389
764556
759998
992550
57555
413031
576231
376163
715375
438656
284049
717061
647452
118142
552385
51434
631086
222881
326962
419561
23444
562152
428010
542139
777276
507267
550312
136006
169813
699952
575994
871304
520816
39477
377835
199325
610048
375928
755800
756844
22080
667390
871459
281140
908979
348350
220673
434799
367175
488354
901999
433056
320403
428633
527938
454654
124352
182747
592219
755709
382275
773755
356153
112373
216328
247010
113960
724401
265322
492845
625111
318103
599711
770533
999495
783535
826289
793559
642848
27089
737703
132624
128862
758767
541954
183
508136
716604
418211
242567
367489
122041
761610
484647
832151
932314
949817
668135
818809
166489
161783
903193
761254
792150
555184
849738
628352
654249
697401
543772
335776
197382
868530
990081
797123
522956
468741
29462
224865
319594
248970
18905
18270
402734
345037
124169
180826
846380
60583
742617
54243
719175
859016
530192
8202
739423
383831
696384
207187
663703
529328
346144
651397
290625
629132
767369
450594
265001
968703
576265
510641
585275
156442
179943
422135
942225
300848
942773
998468
317917
519478
713739
364649
827376
529860
423845
392775
216996
604344
329883
428674
546860
336313
307321
162581
263094
511641
924922
763455
431546
868372
613542
171548
830242
798453
495493
556814
168406
806936
236543
985754
671715
202762
923921
579087
147399
691660
3502
187808
937371
346871
880496
606675
820829
419641
672633
860562
632666
931197
785963
138463
496116
659433
502015
846053
326805
361473
399814
136937
916593
807593
930746
125855
709425
556295
594240
304537
715969
578311
229245
453019
306615
119736
747794
40201
406942
233108
325877
971201
322207
689436
425453
14341
420235
389922
199146
819985
46728
151584
537470
231884
690517
652038
722172
541593
89019
777425
869292
868428
168146
665943
672871
624954
567341
111071
5525
869673
126179
648300
333249
131878
399547
212123
335574
362550
838131
808930
853049
703012
348013
427768
688130
704697
824183
323796
718296
362122
439029
158285
345959
288747
164205
708576
812033
100993
141167
87312
245646
886774
835551
67176
207857
572741
194208
564380
740346
246069
870367
663246
810625
577634
281145
415532
707109
534006
31690
388278
86177
301367
818579
626653
318472
922363
767303
960135
896925
937846
690482
761199
603345
967412
954183
156458
316505
207650
278020
756420
719467
763782
726468
345609
781718
395215
936481
530143
746748
956998
988739
982160
263597
631524
297738
317414
56416
657278
997396
455471
621904
478684
863339
469216
155825
294759
277518
76502
941645
376640
371546
794168
46720
991469
550933
727607
515596
975342
894744
747511
657050
626222
73174
168136
630862
64533
949068
857933
799045
5114
532167
994109
500462
611126
175885
638664
534786
852564
468649
299281
387489
236452
48983
438618
837578
275694
411079
180670
666167
801284
685969
799127
921875
940273
300726
782399
261209
283341
926799
363892
749834
482802
453397
535829
914314
372105
257804
80521
494424
610429
517644
986239
904809
515154
917933
324559
747871
40654
626382
396159
653163
706197
416962
383843
36028
453715
1561
582108
680930
61009
924486
822016
238276
894507
493170
429786
931258
896153
490012
202760
111368
495721
845291
373507
594488
300365
114002
820732
145171
947920
239646
877217
679355
486244
374495
301822
221672
493592
463088
950977
577277
480549
367461
444886
561798
222887
619857
604529
215377
30697
201585
336873
391078
639193
178617
651585
580708
707931
204856
504067
380281
634553
731562
746054
194685
469879
698906
56270
200108
724356
444402
355794
712318
226253
820257
347224
282341
133164
993127
911677
836834
778430
258944
181073
186053
309139
397866
564958
260991
198654
441813
186058
835237
156939
426151
641234
647235
915920
229673
893686
753819
599260
689681
942836
588345
8461
677868
645228
366580
890302
160616
77666
526851
537501
18043
291298
807929
119258
442676
793598
760478
95611
2652
906035
685868
594764
721352
61226
164771
818740
290558
344602
827529
662051
247810
336138
900994
27112
653756
942772
649991
52511
270791
260101
479430
136071
381400
107138
598550
474098
607945
185220
397654
814933
902081
443876
989921
491519
461442
183473
843247
705767
64975
555678
1291
669726
340024
26617
842028
536035
839107
691606
726323
545173
945721
179466
951104
17539
636362
672723
678577
320928
709598
736725
550521
878930
56953
832319
875288
742569
971081
195148
711164
743981
688911
351206
404468
761808
386600
544805
993613
576834
885879
905716
709963
798499
686385
986260
538246
416340
881861
245370
556958
557414
378406
360980
854364
93620
953718
905066
602854
352461
525520
66719
137375
256969
672434
438806
34457
221757
326854
159025
203063
649993
499467
880500
260196
141710
3301
990920
703338
619005
752765
213660
499696
262091
740054
533606
832659
377792
921582
393543
794847
286959
351628
320845
431082
747200
104173
795474
65357
383017
934661
906241
49088
653691
538804
684345
609169
999320
432518
776329
331649
634051
700007
354203
275835
129680
870434
561582
474033
534458
171412
412284
923349
96211
385201
276794
16113
681686
282482
910398
528676
290712
943642
664698
223098
308893
171364
524198
335398
343943
956811
722172
412959
12522
699125
881501
630036
663803
990013
895377
46156
928550
244123
656492
513374
50878
820723
355596
568458
750159
482423
462846
885875
180943
716921
977472
567418
623219
890320
177889
624632
598367
632358
748357
328535
175477
318365
869189
583310
156303
531548
964787
535543
139719
290234
373754
187854
212915
868357
762596
957000
599214
280238
954934
169165
461009
112085
434166
479508
168129
233773
587853
210842
630626
235084
52039
459391
179562
346002
948022
107517
325840
914163
58294
291589
684898
340642
597004
780024
502966
688923
616296
565759
326392
915533
942986
916039
958179
603299
967041
522140
616907
784366
488909
451745
845526
177905
96422
46954
120331
293576
924310
915446
292162
609013
791553
165708
36091
892232
667973
836784
957131
568811
297980
288514
966577
792711
929438
541236
571271
886039
410948
334182
259476
387335
877319
953632
271038
735048
625863
564331
71773
294835
27912
788172
791402
140247
4918
985502
806038
288481
440137
287563
823735
854631
469635
101159
901853
954705
467798
247721
837955
837092
722980
263686
228961
714348
383070
847084
257503
668102
220173
987160
852899
625863
276911
50708
79883
50508
897273
491344
163703
192864
902972
922396
136893
95107
312674
724672
67456
695965
124375
695225
806747
440831
916868
916048
639670
431313
32502
775511
720763
224542
136861
705859
690275
941049
857393
872353
595306
63370
523503
640695
966689
726456
354881
937400
195490
393653
114812
349474
211997
762209
842371
789560
373777
103452
9929
228247
534935
810091
332403
723896
932696
439877
45403
173953
511391
97531
619889
911560
953609
144899
913788
793061
672537
600224
579198
518386
486248
484527
946934
966753
470137
9551
358975
229499
826155
900782
430038
105329
713671
395117
842553
821984
888378
812271
598506
132390
552220
924419
590931
752795
605102
180395
236419
779055
319779
656777
52502
811998
28565
536037
688115
761170
826008
232157
475759
592661
497260
148650
722576
582960
399500
146634
167852
954981
736995
313488
411759
282502
857246
835204
183034
589809
244508
681080
517033
464553
869635
628840
90605
967697
745196
742732
173336
594183
470846
63742
349368
760730
563224
37635
266458
905066
174120
606136
79152
217883
756697
190555
684045
436853
413801
999410
838028
831707
494744
975131
368657
519078
199228
19762
706727
181726
574834
997464
173001
97812
763951
851366
184572
367327
369588
41326
420953
774705
367712
22058
413417
791765
393183
849028
135144
53319
629824
906497
852460
340976
893669
461387
794527
359164
357331
684377
662056
66650
290409
966909
44201
826319
211758
701194
398561
650615
546307
323551
485361
36378
164535
79445
4475
565607
874937
199937
224358
828816
60392
260070
701758
143361
958343
478202
34425
648766
406220
819347
875668
284504
412119
697902
697436
952907
279168
529244
834761
583287
554825
17226
252997
884409
681907
491755
745930
859942
375852
768196
202664
127203
510373
140435
513766
835108
199426
587805
902016
556415
722283
366419
59535
440108
956992
176288
104263
155164
284393
186002
637210
217970
539851
436770
312633
600866
797078
294754
913594
732517
754491
330114
740245
532246
255035
654078
557384
847596
245787
443112
780187
53077
686516
341517
614782
41771
217766
351175
316622
496469
348076
749535
985142
695549
129547
129436
362482
368617
849381
420780
940207
869432
291690
599790
60494
685691
218542
465946
364232
474734
304789
233550
41964
417682
448234
413237
302083
532840
861967
144406
928980
914380
236623
147191
906371
821739
24079
23723
402452
966754
672036
942399
515085
156404
586558
157181
812922
701352
237697
465819
349066
692349
765492
131588
96727
430539
111378
537984
140611
129016
576638
925442
19453
286739
547220
658382
303715
986448
81627
704133
906242
221024
499222
759950
685112
351853
967161
777891
968891
511471
348985
539509
95922
354798
686588
769213
927425
578196
830512
262753
146530
308270
582328
4158
664558
621119
368832
229592
740092
684097
643697
913819
904416
656761
686464
311309
182549
342005
928801
553683
325429
141925
62746
186717
659364
667220
361842
231470
704013
560641
460232
117259
750980
819102
561919
7296
253067
789284
317591
990601
371248
147793
776151
732644
818388
4928
724518
307313
786886
563235
668730
480130
679053
952414
660648
211013
916996
838787
384729
694411
502368
809958
630621
739124
508558
916253
138585
821881
471607
835926
466396
295510
604453
297045
429392
754194
532415
459720
713740
358572
11632
457352
164806
769572
25894
903598
676518
707427
649655
756880
110709
932936
354142
794967
310708
506639
648802
958142
670474
971360
154775
897833
681621
834162
421182
250272
965217
683482
569351
174822
582902
307828
661624
610490
866955
565804
464549
691113
622489
540394
476639
776846
749515
538456
147370
271912
281617
871889
721957
133654
496404
976935
708878
730033
403076
850129
974814
536390
472013
868207
922640
60270
670375
871932
362432
23052
383500
514895
59822
357475
578373
348238
518625
401874
887774
6447
825320
451949
646776
783212
185852
1592
178173
151619
851137
711554
732974
847335
303275
583772
61080
636230
606526
367029
213285
923960
829485
932435
714894
672321
23652
934384
477294
423555
111841
274671
445426
50179
723517
49273
251821
357077
152457
257592
193864
444903
602387
105328
66262
952296
382088
712053
951302
664723
829811
990413
519154
215772
691044
283170
162196
266229
791532
981156
705495
923901
86404
412089
356811
235270
982989
664290
690611
443073
428402
182891
915193
203785
980777
765006
513602
281352
96153
466726
985883
220938
920534
561227
209042
93532
148999
298894
619426
797024
834345
22738
45574
834480
579564
784261
391214
873133
421819
178234
508367
601827
813273
418661
683029
951706
818151
416050
734900
414460
329922
5634
970140
787486
808777
902914
528715
300845
866492
218090
155132
25782
45567
629135
737661
966801
994878
202086
377950
202539
31979
450134
768901
976047
142820
905848
265055
567505
120815
645358
310769
423031
780071
279197
990412
591939
260400
563848
829407
193089
569445
33546
879719
749930
249428
263600
47553
323795
528991
483825
538207
444533
548931
992522
171801
960025
655349
117882
215387
998624
258664
883415
779261
455276
468331
262540
390512
684463
217968
330096
502163
39374
678696
493699
134693
467761
251721
190471
821974
17258
680817
962745
705078
949247
352164
400427
984655
409430
586674
40639
747150
537852
731380
931458
857691
908305
493172
497698
925515
658132
408940
846029
663531
735687
139687
140392
65789
928318
109700
798953
165247
420938
459162
208466
617638
895932
732853
857227
656042
969688
441085
314458
376187
790936
893815
742785
747985
641369
318117
171380
958625
597159
28361
182709
843883
154720
897224
895950
354480
439303
879209
502890
70401
621223
154492
187473
619571
535841
943383
426495
694511
657237
236156
672479
273958
502057
193046
36521
757921
357625
593250
51861
319030
700507
623403
415994
198166
292429
953326
915592
915140
60350
613596
311198
557216
874549
514813
571913
562657
308450
934129
257178
646562
395839
809105
188195
744403
972067
364597
747278
842384
830819
219023
830617
300942
388133
150517
283249
13618
247490
135548
956458
299644
750551
839871
784985
509984
911465
296383
3919
885877
409330
519269
189234
955078
322124
933474
106745
926343
301881
525879
405379
493218
980365
106769
519317
741870
409657
234444
333423
576385
317620
448408
332105
453148
205127
188537
501807
760581
345526
87720
57270
579250
773510
811607
272602
433121
177008
824402
550838
168900
810400
6785
91358
712602
791338
697866
120732
823833
206730
501715
606662
851463
928790
586213
612536
791785
580930
664172
873908
969362
314383
443034
540114
676124
288466
824812
170277
389237
786461
225285
359468
50705
630412
783158
615346
622461
468398
48799
289603
273940
794189
763182
807307
5194
910236
578054
295244
82469
205436
36988
88059
365836
356522
419771
44088
826424
906249
57223
958377
662471
758984
399390
801266
719279
191600
294587
623570
739151
467341
289332
12701
516833
542070
74819
39122
773772
726266
110561
156376
62871
429288
678926
817626
639991
356667
843822
965308
234825
789024
275789
777592
210779
239718
800963
904282
194340
718017
865075
347988
465940
309627
613869
17214
612038
378296
327411
517550
739731
897252
884697
769137
27008
11387
298693
88931
209751
792244
11542
542832
679891
648075
19938
12455
961972
815850
553175
78648
122099
612659
991683
544650
603600
823596
613230
812795
77767
277768
198181
393269
839968
279310
264786
538793
52902
712936
957830
887147
704495
662986
537689
565226
545306
403645
632617
707530
381592
544071
670974
937440
460768
954617
236046
231817
144198
972437
237724
494632
663142
401049
984122
938298
265402
853292
412528
421271
163148
358628
953013
981895
308357
558066
836378
963774
735843
587307
265990
478710
336009
711091
58076
508519
68016
334280
918457
911142
697467
305065
937113
114775
392425
421345
411737
908816
722980
601395
164183
191052
709302
623139
659253
943305
254171
504479
35389
622847
768945
65161
479710
275901
992588
3618
732501
899297
768678
801108
29287
6835
971443
444699
46346
879902
41299
337554
361188
401357
23905
344022
7211
425374
172840
833817
43115
312390
275318
338501
105254
658689
718344
503562
944661
124467
629540
574918
924365
548704
840774
633104
361213
591685
532850
69537
962644
302865
983272
802656
501439
558659
1526
566153
218320
5025
608167
884217
783994
158098
110105
538264
487096
202777
686124
770147
993998
587246
548247
971797
755048
899387
432724
218865
440542
141744
687164
643695
724953
311491
370029
192896
807119
128647
271783
269376
35562
298728
633014
294648
934599
592449
545802
997644
255385
398874
839394
881159
57646
852481
215399
507201
886730
558979
366165
794027
548527
414343
925844
25783
679102
278472
263653
224998
51767
709549
872375
329775
220765
896839
962778
834505
287605
672358
998859
614102
73772
741144
844589
916780
231512
509632
638425
395136
720599
561486
582540
290289
639892
838432
173119
762350
94376
426741
521044
895942
731868
684618
679084
881483
394381
28627
975893
709857
797864
553879
536673
79464
875157
691368
415442
195331
730161
402046
36145
363909
81779
372464
131901
489784
351344
995534
83585
906121
989689
704989
662911
872659
287394
719088
733512
140678
375134
561567
953965
443636
579974
91623
599055
288440
949304
604510
742227
702915
670428
683856
997426
129796
485634
706875
99821
357427
874599
776548
975837
420987
303639
620437
109416
335106
465708
136051
864336
804310
422900
618815
254821
772021
575857
952233
546779
15481
950905
482444
969270
265566
574974
986443
680354
250929
276328
58054
945695
613208
435742
80120
562201
111800
626980
476336
171477
622086
334814
919977
638216
438318
675699
295048
94914
200729
314061
271155
458887
274783
922748
3337
233598
140361
206778
240065
884931
292545
444873
424866
262807
515160
122745
957916
634615
722676
213574
435906
88586
912213
472670
729957
251379
342466
784255
506830
879111
61140
757311
529111
240728
301470
82725
797414
104688
250935
705333
703175
682650
19623
319434
299045
596953
398634
319323
79461
612028
945635
651871
219936
724169
740320
354893
893434
587350
470086
93501
6755
205240
357145
725418
168106
882642
830378
527833
678265
519951
841950
504722
999729
435946
802774
418765
465187
425194
909888
519657
611175
560300
179514
532701
438296
934558
853137
926014
346166
759022
570703
852254
670745
915613
537267
459840
291001
996024
538490
55125
833887
712559
520694
462291
309113
535172
112503
413743
938445
446927
233094
767798
942794
199211
627211
539789
454394
3393
29966
646211
757972
131951
247834
234384
550319
523796
646398
917421
524624
948410
545133
653519
264868
614113
217733
515841
267209
409892
26348
115741
886086
425483
204311
359782
588764
26156
26468
237765
468724
877886
848167
718175
884471
809787
410562
146831
791997
239537
397550
155717
603549
155430
80662
547706
292067
416166
814306
687503
533727
946667
286801
443201
740762
654119
337919
496715
712548
192752
276806
228569
335625
136584
921857
756644
53794
810824
366892
447598
171655
204777
5735
778652
468450
421103
362457
115947
744350
83891
15281
951312
536255
624331
896328
853169
827084
403672
938531
384825
117863
338859
509524
934812
864701
520276
567551
474343
334168
762953
347962
793602
60305
213616
492750
518918
218083
557705
860251
562293
675804
554619
300759
404570
696428
148217
980791
430014
966752
429201
491750
633348
583720
587793
15346
285218
759188
576534
282566
777148
591966
999730
635666
353502
604512
136505
780807
600854
693606
290089
624382
459308
867806
615091
160312
926400
387756
388650
232704
929726
473114
424647
342381
236735
370029
705303
396932
742847
666258
430593
752314
999799
752055
256952
691606
524247
650423
811577
972533
872098
242797
362945
985447
471781
281258
939471
563511
716949
705025
823569
710408
796932
531327
946350
593435
549376
486584
201583
800173
352520
852156
235083
121405
540332
479017
365645
512876
876800
48218
79524
108220
478524
380221
749447
948923
937843
37251
546306
277753
655278
238064
783074
800372
282021
222290
834681
189781
903449
336462
52751
973011
131025
538325
876901
310006
85999
609718
480167
152694
105581
667470
834669
625794
471481
78234
160942
124700
212843
282477
383554
324257
185055
369661
198097
437286
851124
703255
588189
157183
833760
900787
12522
403033
992877
796962
101318
208455
368723
39459
171896
271642
207091
858326
383113
428840
892910
535688
239785
286191
354272
295661
397952
59348
953532
414315
503827
716228
343365
613970
301262
803963
265831
748842
445236
282595
953456
591206
122144
237268
897582
843124
803318
951866
113189
558198
104492
977493
309101
512074
824302
398937
85798
831557
634355
583221
527386
411967
759834
180849
355565
606792
907136
914544
474499
426041
749089
552725
416750
956517
100071
465282
188114
882605
22420
25532
135320
426034
518921
536426
273291
623014
125809
376892
586002
91516
401165
421161
731018
213502
728732
758352
308800
167740
49830
291136
424008
765346
849765
709139
256828
293987
525329
962357
681237
969361
733703
182594
863391
491279
690261
125582
785948
266590
330596
693758
490808
193235
531138
630355
741603
574057
302347
246599
873232
979763
843188
548944
878602
191018
735220
366913
467566
353892
501200
742928
413705
840294
58689
592818
261134
444880
452803
366370
749300
961974
146685
369153
916842
619920
963016
433880
224824
316103
370077
800825
74804
125999
193440
63299
927325
782292
609923
907395
57047
134957
29976
493175
476291
878062
289399
176303
346938
444985
523336
645069
256039
835252
357294
744427
469566
135926
680145
25563
612893
820442
936646
776265
80317
835254
943452
203005
246612
296678
573893
400125
575627
670081
68959
372688
288919
808238
445790
198941
554806
982927
403928
237105
486728
517530
704621
18847
886792
779913
871825
189441
652197
103336
263800
897437
795201
518411
194972
297379
842501
214818
888494
156051
405023
276837
105239
17980
49049
140905
695337
156639
66327
845653
751847
166770
957741
222958
329389
771648
699675
259085
902590
286318
962406
705203
294120
587096
270483
961523
354454
824089
399811
934285
316082
686570
582950
432795
147700
234977
611485
458276
376588
180699
920880
589391
409384
995125
279784
624562
89762
113652
398283
388231
569610
956805
316146
779903
66059
589150
628104
646321
971324
814338
241761
664811
497349
515876
937844
344553
8876
311587
861559
126628
499323
281012
613206
44353
64336
957790
332367
73514
821569
857438
778157
93370
618985
609706
511902
381138
829332
463826
991667
874569
718082
995203
380212
505152
435228
562662
340894
625235
651185
84645
265019
239787
266922
914190
952859
559600
406866
449168
497908
518108
575996
317089
209684
780331
131920
339458
451134
949422
249654
598810
935529
954431
97438
214719
45521
992463
532841
924180
170039
502171
855735
77900
231420
535997
558990
69389
280214
533663
949731
856559
697324
217098
798601
191907
990356
751580
38963
399985
357670
127000
313831
805209
841213
125272
971138
989659
986890
611293
188962
582483
858580
329287
824691
845308
686928
448224
985242
646357
656920
750738
24759
289760
550668
767225
387675
432519
848770
765971
667654
238426
70506
60756
291483
880435
353923
707991
685026
983227
186932
644270
980218
611141
270216
433434
720665
581591
558729
774998
350593
253066
863863
166158
664706
78791
822886
925101
792038
321777
335281
286995
771068
601633
60638
196582
848068
657804
230032
379328
15796
892865
215907
884294
884453
853199
125992
494360
525213
709188
723581
419300
305977
844624
144647
235797
890295
748871
27342
612458
504542
472645
397110
586529
687882
653483
586710
594449
829016
670216
251959
638999
263018
464212
712747
950056
90839
968790
675911
95110
448818
314213
744062
715278
246837
879883
567259
825581
235467
796229
314458
781171
431479
589927
970916
20736
885220
615900
927526
538715
97033
137035
534029
531617
162872
398806
440352
685082
916548
437628
487865
289703
692685
624222
741921
823000
946410
704863
455
730330
226865
293988
419997
592461
886629
148986
596304
579700
214781
969751
367841
348998
622285
728569
993829
397921
463507
675371
820501
290910
212065
676454
30291
504767
16738
785940
673594
809157
51146
937520
93856
190942
683294
847945
480235
226940
297693
674788
112205
190977
133514
793921
261021
420886
43991
104694
567379
527963
674927
91896
206560
158265
356704
333369
274024
229523
404708
684779
291869
697690
696459
210146
618041
20927
838598
29591
488535
172356
53714
715912
890543
780524
859582
468029
197804
918161
1243
616614
171564
843604
676736
476001
86739
654382
938999
344279
604236
268645
19080
998918
895262
173659
17311
782297
644838
698561
833564
511859
971639
76776
195703
222666
669131
538488
303566
95088
448164
858361
33357
946286
959427
286735
918649
148809
90564
804547
765657
584486
366036
136315
638657
393289
959761
904204
230076
511353
538556
715558
31253
133056
791005
112174
568386
685583
823732
458729
738734
353214
960215
620947
85922
778160
675565
400336
446159
671572
762373
962490
718906
896841
523924
562201
869636
464473
296649
381936
707349
340774
918223
178804
766757
343395
843742
387096
880551
645305
370174
181315
279250
936457
985050
45027
717197
506705
951549
197019
584374
780392
236139
211480
942414
616931
602078
622273
486469
760090
288924
934477
42270
47877
914417
864814
305919
481599
757775
804331
808280
479213
274814
461579
711917
71864
422145
818861
393857
427189
603335
507829
865249
21926
291787
885089
228426
442138
803913
465209
997176
450991
104732
772773
171212
443896
331705
429144
303896
401401
486594
680234
941387
592143
658568
7556
488692
978477
757984
7988
388980
994945
450464
265697
194757
675316
567543
302296
995104
993936
150822
278084
240336
306877
923999
140157
904209
349924
72952
486775
989028
928117
447308
482011
740018
334787
629422
976690
138138
533388
692555
5950
383833
986135
71835
687395
230741
440502
350020
40514
203462
946091
963723
684135
271938
226599
756535
598296
95523
737709
665476
592718
297494
730518
976513
620992
850819
875245
590279
259162
837652
814330
359062
812941
155557
792412
83277
488256
710
216527
938565
972004
929903
558670
527308
412517
832961
457426
175225
799420
156533
868344
303792
864673
765987
88192
943924
233054
465969
216497
273380
34943
888278
751195
198804
482342
837834
198837
933449
864570
697612
809764
620048
936319
558223
261597
770043
47298
41410
532513
673401
9899
725115
210279
641361
604020
858815
812568
651131
982329
107184
265140
21147
84773
866644
915730
76443
895180
496381
99460
574372
639576
297307
183065
668856
496282
914650
480507
806767
433986
181433
799225
969995
54698
808169
420640
615290
944396
536669
841410
306345
950164
223668
13336
22528
178641
712193
707587
403261
120708
81203
310638
813808
79003
223206
53072
22736
911736
55045
642958
46073
583529
200537
698365
906179
464125
269939
975045
340160
243884
841586
372513
300625
481973
960306
673922
148581
545221
393425
162195
500816
72211
759071
903768
960516
419273
512481
191984
434798
843996
93250
41401
480431
881020
852951
634258
224373
204967
153229
926140
780086
824921
141810
56409
223625
635678
641692
608599
841697
673543
607546
285798
554342
297979
139125
955876
602289
97957
898626
979355
301348
951051
616199
549472
737317
275518
518375
661148
102261
450413
601132
892391
875440
843349
360144
989904
931
71700
877352
111161
505925
326427
510062
979615
773844
649280
395049
950456
742285
533363
846523
625653
64008
991433
140167
489383
214957
643764
666877
80574
438359
999764
644355
12076
382403
315878
993025
88743
738228
93594
513609
918414
16359
304387
961442
458467
144942
952680
247664
530742
649900
351671
667393
743971
542380
269785
186486
803570
430046
782177
482828
18588
441646
704221
301638
709293
716226
564111
531321
228421
432337
64822
10419
706936
762331
970373
901833
160405
871048
108405
745980
935940
390049
516022
4487
946313
651685
943937
816648
148517
580873
540041
167688
881243
390992
607887
186025
490576
89090
816981
606443
378571
643788
492522
861082
219421
678836
8612
79320
863386
405302
709420
170307
371653
132416
354099
915010
467914
887431
353539
884977
652580
191620
515568
885479
724511
345807
578477
234912
422711
69910
844218
701708
989152
101690
69179
887859
442271
458950
395236
586115
227541
173836
53841
21239
768924
720862
618482
675622
234378
645990
177508
234342
367059
70179
442202
870747
149643
477440
620538
782431
255624
922386
617412
941839
788454
884591
766829
416944
863716
172709
799242
133821
831915
503262
227112
97998
869935
441038
863736
445798
858734
377622
933159
60377
315862
830777
137804
793688
367683
188279
96635
821019
128358
397707
551159
480426
381953
886462
921859
590983
815886
66983
351833
587579
963840
494208
544820
309820
957025
597221
372616
7607
761178
157163
533074
218752
467345
566618
111369
575188
534700
596873
859956
88967
501877
821845
418965
612686
295702
858685
470467
913771
381059
320861
689493
402801
157494
811653
548922
576691
941078
705590
980774
330637
120625
439992
150951
766350
657576
447066
830742
73473
641706
196296
98664
314454
158616
121154
38564
224562
304200
900671
945775
834384
381861
432989
685571
288082
615924
872259
880958
365032
125937
627541
221655
278747
399896
817427
432619
347383
468479
588751
484341
835155
191648
329480
608029
834622
363445
626216
409959
130632
621052
428375
919948
792426
451994
597114
939238
541779
349532
883084
741380
730960
815832
155927
147869
109270
833522
441038
794018
460591
508346
531082
534700
5312
882035
419551
421461
338419
673135
330331
557474
781061
537622
427930
495390
720941
158213
160521
534722
909096
616274
342709
160464
776477
696942
155791
825598
179442
358372
897343
900816
956907
745342
985697
282367
949113
656390
500768
640405
49895
390890
926254
661018
759260
244601
997853
273640
363278
268234
136093
74267
14724
241851
877394
437093
449733
316695
707089
505470
863522
605009
914936
784056
320093
661613
673959
541744
516149
794046
471775
368416
420815
571274
297589
636626
197635
683337
980146
504175
694784
971788
248202
366902
668828
561723
23287
774664
627387
598839
605682
950111
677147
815518
809422
104735
472187
9452
471089
72581
852774
656190
649455
680572
329120
382771
272068
842702
467691
194539
363630
481975
674806
796657
581285
489046
559267
406645
343672
732029
769972
841778
62534
52647
710481
207598
375253
603465
132984
839008
958482
927169
635137
699179
626854
180715
819405
308169
378545
235539
304587
935107
906981
353924
521766
26908
213186
435519
457423
611918
74025
773447
310306
752684
212127
30105
170487
428646
548065
666362
220680
193451
576991
651304
170362
595049
333590
241202
283850
735279
284109
814052
173333
353972
435883
526810
383939
267057
418483
724149
39185
570153
422238
568172
967739
964873
204628
326010
682946
939753
383110
43317
871967
526642
959466
400959
434756
37531
883988
216021
217867
549004
300334
317573
134846
756195
843540
582268
918850
508436
503758
41725
219552
824106
592875
68910
958961
525549
721718
767757
416166
293468
418648
329664
503281
239194
446026
330953
463828
687973
307572
336408
965252
917505
85991
729210
371897
24179
863412
695216
948245
792425
49319
261786
4270
768439
852131
758162
552890
612092
625243
302358
317270
54051
420842
887645
426099
616901
778576
997450
261085
872172
321994
612542
390889
726899
837133
261192
731259
427145
479902
591927
890866
474004
880977
732689
404144
293425
316828
575324
554825
924378
349655
19673
588423
95137
768338
629392
568792
175001
461715
516103
542293
802643
635498
966796
190127
79238
706355
335090
56568
456904
562216
593368
754443
598521
899232
610468
833690
504895
398568
658831
134674
920107
74428
303066
406445
409082
381859
886879
268883
51960
851940
668610
384046
166272
324520
307654
609353
504414
807534
723900
341155
948117
750628
550998
36310
198908
605801
821721
637855
615042
743005
187313
551753
791571
640289
620382
915067
875475
391600
332685
524698
710984
331481
313985
354972
171988
126360
737072
188779
333471
769872
238058
220657
126739
16872
31348
536070
836929
683775
293299
586740
647841
602253
3076
740003
220022
114583
154920
846118
541328
637070
733021
513632
723755
792197
748232
485844
447477
323342
411085
14537
556909
8240
344385
932758
877543
927878
778615
174991
195692
497143
877431
883916
897086
55245
563533
306130
838776
263988
462269
929697
409492
35538
235220
504410
992711
556925
852377
205962
10375
123805
984803
574743
556972
575520
74244
969541
70644
616339
426019
694758
654561
291108
190824
306268
813501
563121
766160
871820
539326
545548
352672
31393
124292
717518
291253
905146
310270
872532
737978
602098
924973
667291
998068
379593
743169
502324
733816
713331
976287
3683
550588
362941
948036
893530
952970
341080
964611
52429
944784
861572
2538
586802
577237
947674
230787
612631
893702
385270
487414
127839
82862
258175
615180
264922
623493
381652
512718
562112
936287
765140
385804
180810
427653
41482
101369
888238
852897
774772
70835
817013
223058
85550
942049
700602
994400
26432
331254
737089
251529
551488
917330
126897
62458
319397
379335
591023
191641
160170
179640
262041
468863
871067
239070
8540
677827
327296
639460
518387
817010
926051
48946
816893
261274
702654
252616
241849
89285
962054
815296
898848
778307
664910
28534
283358
938657
71706
77635
979119
143990
258433
261476
742867
350875
345085
827321
490285
999226
408723
621546
414526
1599
396121
66340
377592
138348
756585
707137
195138
104137
252129
487174
235207
167416
75731
754821
641275
178855
941904
988707
505644
730334
448652
152884
682560
406584
769646
829506
717265
472046
673975
79981
118114
957519
848844
798892
835516
529036
281441
722161
440809
907183
992196
734059
4556
132524
437444
378341
980507
330640
365948
707980
472379
101270
117183
124174
298294
447320
610913
596957
684059
817571
2720
670354
946099
133987
791598
954351
485659
532669
13020
475837
415427
923516
332132
656916
374082
333154
802131
487609
264915
426656
561553
509537
513072
308642
930127
902932
32009
870209
46411
402413
676705
196828
613443
791102
101894
38209
386100
679184
24427
248068
414925
741511
770787
935218
172469
676900
330812
900128
527990
596069
946230
47004
267076
520839
66079
923077
266414
351659
752588
95159
870816
68183
465717
94494
339218
849043
578350
766828
939793
230963
778430
581733
663208
106485
9118
427159
522347
620736
588624
629736
2527
71821
806936
460871
835657
877281
536603
337477
480338
859320
190675
705852
999699
264318
137069
709741
393859
59830
470656
676840
230970
821630
977449
187748
749601
226537
763975
154863
260921
347020
265744
392255
177988
727893
789646
7462
811987
820436
857658
73124
218989
796190
922803
978070
18713
931206
728091
817869
435657
361612
466767
813882
481763
504274
297024
255428
353964
145481
213939
872508
880531
720683
943761
78376
373400
11105
489387
425340
315287
612612
642511
157287
314421
166272
391935
726472
428838
855829
403220
720641
768664
379959
165999
159844
910143
583638
314391
395979
769918
486968
985396
413828
149679
226497
948071
374440
19663
564052
377668
453773
486665
525908
317613
699665
50845
872068
738956
891543
937069
176204
565484
216462
325220
440605
836789
56109
668163
553771
430274
827835
403466
907545
991905
606090
888575
963443
591590
461124
89501
836628
754860
996957
128220
582184
814313
442216
522905
595148
605165
543110
796003
268434
958775
110200
720610
215200
740980
446102
490019
141176
671317
242777
4675
291154
828043
314962
17336
180005
188962
573629
921399
554309
721783
913072
504645
916582
724696
24174
16158
903550
33142
42265
934139
947465
124105
226499
605316
963942
962689
228069
791762
293342
245796
839912
505055
655813
99849
773409
363917
706682
386863
616154
375568
137865
559482
398923
369272
310191
81612
671400
315102
876861
600252
717972
840747
501397
42870
962739
638464
182289
450863
590685
251909
370884
274306
753006
424465
965272
309740
361594
581171
27542
395617
474334
253083
692421
997385
613873
989096
346281
504730
182682
615183
441772
68755
153019
986725
719387
356114
378187
726153
106183
853842
328066
39920
637900
593861
384045
465486
522030
612618
448801
889054
601823
20555
865612
530702
300765
471414
219495
590474
415544
36182
824007
813284
839793
654093
402899
934621
105918
65136
241040
331923
39595
214783
621272
41926
119450
736959
842730
226376
781675
191862
941082
56769
406326
914819
51113
989660
336949
786839
772975
123922
115967
374932
421685
467601
772719
6016
987551
853832
23267
128230
807878
666578
377056
942729
897316
87164
175507
631238
226793
585141
846707
88261
570794
464785
825986
958939
987321
78394
764017
156608
68943
547699
116195
218984
43302
103306
33098
193408
201572
953882
249262
989702
881137
401082
677452
997381
121961
786118
409307
794220
426477
587719
218153
968970
277396
603010
536292
600233
339263
169242
772149
291588
236939
12258
929863
6309
197663
154883
8678
820192
713636
61255
816066
201253
533588
128000
334674
62086
104620
238551
841237
830406
900667
138100
357491
414810
330141
99783
897411
835327
417153
49074
48102
735479
754597
818195
538960
861729
687972
770609
573735
857524
517093
408642
682499
877528
823413
58582
332246
865121
302447
582180
417125
423464
395416
676207
55412
245704
189191
605269
340160
832370
458177
836596
286950
349742
445411
536697
608033
877103
82104
835462
887088
443536
137067
306111
916310
662257
659926
853938
463995
874729
701944
215009
782064
179814
117765
592301
349264
266344
879704
303776
681922
65558
995268
35478
269722
10492
646920
289033
383903
48418
156256
209016
544295
915722
737784
573748
964703
110341
914620
208199
802215
756914
487178
891009
388634
836500
950089
661856
25323
17295
784211
280475
16171
23935
374798
694027
444967
390005
912536
606775
735277
160655
119200
796218
87471
908979
904658
634195
663745
96872
395434
49417
148221
657937
498090
71225
321606
902214
537959
216957
538921
593488
915261
418939
401119
46977
877602
537159
847279
597358
530968
614582
975984
198731
679100
833152
549164
522785
842940
392465
688865
642094
582694
525164
985121
282265
344603
17404
973401
244368
869474
919929
68462
271936
475544
251187
834563
767152
636101
270335
3415
223803
415755
179259
664588
869736
505400
391231
223042
266599
898298
651745
646114
730602
97458
89509
707319
827934
441633
304576
50486
462149
440703
626311
954590
886706
127210
822201
380666
32096
56636
372133
306180
378094
361461
414073
285732
971387
951511
710825
403222
394522
781393
251064
964265
481074
996947
341990
737763
135605
85440
912630
783362
721979
101890
882779
724189
947706
868791
441535
33897
48228
5192
927983
375896
159261
702683
182054
875164
486232
172574
753332
964874
18189
212484
510026
551577
441049
351437
66085
791113
145969
901821
384021
16544
993412
784110
128873
630351
441325
137665
547513
349364
3986
531056
730512
275193
923100
823359
438195
591897
5715
118481
517266
462531
321493
819095
689738
416919
199538
66467
888853
220877
767079
531867
945999
502133
682038
226824
468261
679065
923934
585550
360412
810302
300028
902902
643068
260425
149630
487143
472535
684991
363647
242100
56441
357093
259204
839247
179053
604614
91986
470170
754538
996115
951914
493342
731673
138788
113763
102229
12996
204573
846306
595873
713628
929260
906232
84704
844327
968174
136983
214295
606596
825713
83186
729931
392988
473108
586353
208558
17127
446475
157646
276727
953944
565887
505999
475850
514663
767122
965152
304023
575288
866048
138188
408767
706541
471969
227544
687600
336069
491211
649084
316113
856111
965140
549567
349849
968943
2996
306094
838458
821164
291081
836472
216827
967763
549493
465001
582692
960812
74018
545153
854994
154295
356454
474736
406186
920898
643841
162033
132650
848394
504003
971520
910491
334539
524427
94457
403043
639847
225194
284815
827319
632239
386725
820325
11565
414736
830809
424396
104623
491612
955257
571930
175244
417588
852851
352163
782632
7952
235634
635095
453076
942699
244988
921208
856632
302733
561467
28086
293037
108790
285592
129128
346343
355620
921475
160041
78735
748354
282191
504525
887471
566573
954363
186623
969223
10339
695244
296184
81661
388170
731733
744094
823728
93851
64729
813303
958317
377641
302919
459080
551738
386130
660195
419406
7440
929857
569734
559512
582567
640156
539644
784063
35433
642705
806923
527620
957064
212024
35795
10500
281515
870757
508433
575386
82883
904718
765437
251089
86333
354451
201684
735044
678800
304110
779184
786965
389493
443192
712274
409286
215863
980756
440258
401591
724576
487549
413965
541756
544851
68008
905901
494554
197496
640469
347655
919199
144785
816248
539086
422171
700268
867646
712581
867070
339889
475390
234081
962255
432155
462397
744524
941767
776515
730974
863750
125576
966488
783780
502566
356029
117163
737829
900799
715791
368039
393166
73374
820416
724638
531661
762287
897512
224062
920223
240639
542282
861922
790134
146331
535891
700613
890694
25624
707694
992785
292588
916140
977990
416726
989243
650106
435289
137750
965541
347435
153077
2812
355011
117943
961811
215981
739969
357060
126093
755511
415337
323941
956796
119911
906058
733443
756082
321655
456324
366681
174225
208355
696499
354009
457158
67996
455862
544812
653286
290710
217691
475415
960035
54780
254185
563961
850474
102532
266185
393904
144989
211292
523409
309212
47400
204419
727982
389371
489858
856117
344686
192500
95234
218046
924968
899951
748827
151664
967496
675361
280502
109680
296187
71205
64938
615914
823411
148742
836699
169573
422743
424281
436012
805936
469899
392775
249314
95100
945751
995177
802454
940740
813942
275212
68630
577766
953150
413076
601882
276822
856807
544188
885342
360
782329
233531
210657
404170
254998
842434
550520
766164
787617
473634
997775
900920
322058
736011
299837
853204
561656
423791
602371
219238
19601
592326
251426
901599
473769
303530
94166
261328
639172
571490
570354
300097
472073
579323
643737
443297
604934
290642
556246
768791
634586
247471
47961
318519
65539
749964
568079
565456
345413
464371
453660
108194
371635
756677
876280
796653
242973
802070
128355
429348
225622
875766
154502
279872
511648
903691
998248
997426
731254
314330
908297
661232
470070
96100
424671
796849
647274
519853
365162
257843
925810
136984
970230
368505
584207
603502
409453
235987
370958
120829
301590
822869
587407
646941
239534
568873
655217
68430
574049
51329
632411
372349
55845
348580
993194
28901
683380
138602
955378
78610
329572
913603
260851
524993
861028
962609
127130
898468
444821
471190
390384
821953
988802
945127
581347
690362
738750
619584
608431
82919
195353
176274
319913
15839
517950
571127
776872
650774
343916
951910
216272
525984
276623
140994
195516
703444
73595
815373
566152
39308
788356
546554
465784
659208
381564
614239
161416
785394
577290
660873
43088
28028
881955
359786
156372
788901
940200
888877
986598
82715
349404
954090
198008
676539
123072
912565
45186
414068
974029
213585
239564
492873
278670
254786
446169
78389
609815
603456
783792
345704
149157
913607
763079
754160
296980
737356
597007
186547
470903
527562
42263
739160
609815
481977
445277
585926
824907
339744
586808
836292
854257
174530
660123
291200
281670
145268
796998
674347
917224
6094
747215
861441
298597
588608
443337
709734
843775
771708
592782
444460
2430
631761
997550
703922
404658
81496
418740
958886
775812
584327
592081
392298
246776
616674
31272
615828
953986
621010
186037
437648
370369
419790
595995
675809
960092
49013
552776
707332
604728
915774
684423
65909
150355
928583
476834
381131
255808
754761
437105
82686
284223
936109
513667
909705
213880
656056
776104
22890
115092
473697
268698
277959
654265
724611
7366
478122
584352
722285
333882
885677
380180
141463
307116
49649
228553
798448
35300
326536
626774
737362
687047
962419
158224
798487
353666
203845
862597
999109
246031
723750
953618
991076
94567
467891
918049
811313
421380
680323
477635
143915
548049
831301
151014
370378
15025
305925
380339
723727
756457
706637
190214
547639
486827
727016
525643
454665
946752
952258
350450
879439
540305
571819
825998
665953
811537
330874
59855
387100
377163
509966
57882
365234
179459
157680
124994
64667
105804
387924
672870
660842
370982
585342
954599
49786
585041
557250
539971
290887
327474
603236
215059
25625
792673
39517
340253
215898
507469
300415
839831
149769
689804
470320
442425
943879
937411
694994
625021
392783
263023
444035
445686
822915
351309
354816
279242
625441
360236
368100
837838
185812
995853
511182
481981
238375
732404
385057
113875
466196
767694
707046
654348
588411
464446
65996
17908
683886
749894
490191
110187
686185
729422
322037
73463
353183
207444
313973
846598
71663
277681
692979
653374
487733
397956
138726
325315
933309
228797
391131
300485
929043
370056
132882
301890
668854
303827
281222
890847
703723
473854
130251
104159
85421
883614
24911
466557
408962
242158
521986
686444
541992
541332
126098
880361
59822
43147
420239
408441
423904
979249
711662
659780
598811
793903
781289
344718
662014
902080
421763
156878
475969
211168
195882
641901
248223
282195
802229
18460
685423
507408
799436
830290
599441
839432
515750
242209
396867
97942
290221
163060
555603
762564
855871
76135
803311
703095
930510
978563
275224
766585
160423
148757
423861
259553
103824
689129
443204
203425
495049
741992
735467
89324
37173
762955
959725
801666
330195
827963
875448
518425
824036
9991
14683
868521
714993
104129
395028
471892
533221
530806
508231
456881
593365
52103
842315
152820
210401
80104
574751
787131
679922
885109
343866
339703
522019
471660
830080
66293
676348
899659
108304
659272
59865
772999
249914
510933
791721
282854
194574
4987
769234
368569
746768
918941
205682
918138
441223
434189
525697
460862
207988
316438
902866
800854
664800
690790
151928
161480
323855
607894
942021
934885
817680
355928
818542
616135
807350
966012
939594
673385
839521
535007
809529
598819
129845
656624
560353
76864
729581
937184
885204
136318
426824
422758
359630
166113
864609
547372
700698
764532
52444
93337
738131
391645
394620
548796
884488
272220
794258
726930
288761
583264
623825
8500
82494
498502
703676
743776
994567
463598
923776
799585
313854
471868
692062
334494
51465
36264
109696
311229
939435
402947
309357
982002
817290
453703
460888
995048
668171
664025
534163
736522
714393
514141
36961
671406
587973
383862
202152
608094
196039
764185
860229
17669
36835
329676
663418
434547
452583
215937
510595
803021
258513
358153
947974
366804
357773
752951
567784
260816
484379
849298
991292
832408
458767
263733
130134
857473
393394
562631
679358
975777
597382
88019
235968
217150
493479
863235
890784
57752
104077
498366
411179
12752
211694
830427
786025
232436
772928
72256
512047
513576
155420
358492
582353
204850
361406
865405
549492
976161
595945
372558
350401
849563
552360
394353
500725
480770
383471
477429
953045
949955
719519
769908
117695
51451
109800
204748
605660
650629
787849
254264
206898
45860
968499
438090
274070
903498
628427
616647
43582
154435
368718
753759
735221
385
781136
446407
593319
392580
618013
565109
80604
516069
347840
270583
554690
144000
823970
819505
490914
458044
139593
443505
137461
17401
121538
588528
937232
618516
791706
298024
507002
110745
218182
874700
945310
525126
662818
67817
166044
106168
434134
990935
160057
246133
335317
981403
229943
725077
900095
463517
48192
674957
897511
403648
887676
26713
941422
7715
150018
863430
789006
291700
80042
231961
613043
742956
306113
852575
731587
312426
300502
662290
413951
286320
673521
381285
24705
36916
740771
478125
719333
539428
833337
537388
603332
396986
898762
901114
41628
329143
94320
948690
521355
112446
719123
366134
406202
516752
704096
397248
601879
99936
646041
781383
118010
591635
667271
790442
155369
231830
72970
91900
518839
439067
439697
786380
416903
590001
586596
701711
415790
429118
999454
324268
178550
452700
339577
105636
111743
252238
655042
275869
515393
666782
598699
3593
590892
891284
524223
668663
484208
650964
343024
960054
7640
487061
727372
956257
499921
341306
788750
561292
307145
783311
227921
262026
9203
221857
43679
145880
425959
704377
646056
311977
415269
384759
870030
172878
997242
348872
733021
249986
754747
811524
496472
598287
130158
776294
878
534497
150601
760937
119500
737189
112018
539579
777740
5214
407973
870688
724811
938180
766932
243430
296920
979288
511272
140161
96456
432137
228166
131458
591782
989116
174445
510456
286023
971836
784604
375395
105980
22462
882001
21201
40034
882575
510123
74712
975891
479772
865585
938927
822271
836446
894635
759657
533525
953312
502958
433486
805786
915246
56310
137687
908445
790300
403691
569670
787585
991472
394694
75232
827769
482221
512909
455240
418387
212605
145274
816506
104683
250745
