9393
723432
8548
253947
569517
589000
19986
288513
967778
310278
893990
711517
993455
117169
615699
427381
346160
649208
976480
924729
766088
143141
185685
960237
935201
239033
852687
599765
894545
222500
160883
665788
966808
70945
207743
571488
325126
259692
261500
977149
947450
706593
779920
315764
12676
853682
706736
929176
617004
858821
570226
248150
373516
11304
980032
630078
422104
423986
181608
688306
845182
487863
978065
83818
460264
759527
669833
469089
325855
130627
649081
47711
255433
938557
646586
677156
426515
748268
595136
514542
349033
934057
803060
589159
706978
96265
502880
267311
152570
744695
918596
434881
826935
327660
573701
290756
639916
169294
424133
692400
904283
963170
535630
265243
944373
797616
599271
646432
452350
308466
918153
436970
108364
856184
711531
158370
32302
13915
521786
423475
916010
242459
600485
936758
57566
205592
840148
895
743431
560490
715448
168003
623904
505181
85885
433188
199778
754380
263069
432795
8298
307480
573902
378049
590457
86150
478235
438394
981205
138419
202769
206335
122956
658164
67536
659078
929688
63118
382465
164239
353438
337422
965670
648077
602769
238151
929036
341872
730164
285030
13854
46091
854972
185203
213268
194535
961107
916006
910216
936867
39993
41380
873961
368134
432965
803989
206920
652323
531850
893602
822736
422184
33940
984784
498771
167299
373778
594484
468863
42992
133581
465618
440815
277539
996758
940054
857501
972495
321855
781870
395062
171666
471615
213570
834054
231037
327929
721105
569747
88067
430870
416553
748165
257533
413006
548995
836418
282711
180038
99320
109592
119643
47764
255972
331412
189784
215262
311958
997807
770606
649184
992816
938792
277305
34252
287778
78189
322392
372619
234365
963187
331545
777378
77431
913957
384450
740976
759226
724280
191230
643347
949800
400925
798691
407467
247728
691664
145500
182390
358022
336974
448504
21658
970370
165091
392590
584194
217175
101345
265418
838879
972846
694125
652633
25424
827422
442803
349101
378589
144394
245305
81069
31260
2520
549713
575037
969078
422090
34152
796261
803716
901114
496636
635232
288147
420278
912683
87683
311750
634678
651878
608648
533403
271030
944516
571767
557062
32564
959027
337520
375097
855240
147337
426199
864581
165723
687289
63772
360666
986181
21473
577254
592426
822087
948351
168283
958572
433121
277700
735950
672125
167826
46209
747270
54560
306922
478142
876967
568166
646477
235690
259584
845481
351558
257708
965680
992626
814149
765079
527733
948346
604663
926461
776722
240846
257600
230426
418013
666571
131672
868657
794402
687689
385599
851893
815927
703765
996894
995421
210398
597590
774076
63770
491152
117520
23449
144869
560620
590663
510507
460593
534844
228091
808050
513280
496800
902418
59834
584786
271961
174804
247085
244792
512564
494288
700754
229958
222480
309531
316774
205158
326030
415672
688213
830537
408661
63507
514197
350649
415871
755944
716896
391563
290852
550209
378060
604464
705409
893276
776264
297834
200772
148395
12917
312283
680758
840692
969502
129272
55109
738777
994134
191517
433197
719602
949869
803643
614595
136406
428110
287788
564894
346041
460024
242343
134562
336559
98967
748687
826730
333199
374974
363238
500369
856562
249604
903838
159646
315739
981304
656528
744841
804465
175873
334406
276654
926503
399511
542642
340941
172412
903512
806210
621244
964830
888264
649419
192106
179498
813032
861922
161104
173454
359217
561290
968566
60624
250413
570887
30942
946855
96947
167441
52369
893191
787133
172260
688069
936890
153895
16244
190696
447018
956231
6334
505804
158075
200739
260794
161007
819093
227475
681901
588773
451455
307380
696666
954148
59111
694342
337112
529388
108030
456611
180735
728529
472768
192541
269180
423078
963153
219314
428740
991944
497475
237294
492198
826180
920180
631774
678392
900454
616532
411052
483379
939551
259333
187740
285467
127826
755739
942242
533782
79547
250115
139997
562399
146236
221631
705396
959058
535174
812047
914060
203111
440928
453484
528419
969724
682775
214317
807372
319626
406083
487565
787463
286586
260785
194052
614972
884304
756466
335441
425300
531013
630207
973273
994548
271091
540679
201769
13655
610410
355287
715864
940039
189664
439461
977672
200760
448324
192442
352779
411777
194675
270841
5089
40376
810116
169487
619552
914152
966782
731897
675821
802290
747049
511853
921766
964797
602754
639206
588066
584667
415368
786191
199376
812666
998643
704971
550780
796995
558724
504223
521520
520402
406711
563069
321527
711507
204438
102766
894076
577461
860263
488538
170450
823630
873606
206199
988173
442635
512717
62988
408461
855890
568559
424609
397338
390838
591076
525829
333931
223830
539518
918203
452353
112019
665947
961731
580464
161259
307827
266880
925886
142839
230033
257355
836644
382461
477343
638803
889010
700467
757146
503918
840526
404369
388388
128961
440476
314257
477240
789320
924666
551494
405368
496451
919202
247318
141090
570494
148083
640662
584801
321083
694153
269120
107392
110525
900488
239827
686585
220211
984376
443400
242796
673280
35210
418540
508075
996579
841081
991775
173362
253000
657356
743783
234868
842474
800248
394033
161104
374499
431970
438438
456162
341841
934721
880294
497846
571367
84578
584036
483096
606413
18053
764446
130695
58357
595109
246903
427335
557628
365333
529778
265942
23288
928198
740365
672758
889124
480485
483832
287081
343269
839841
328688
991419
554552
183498
571645
631353
204283
922069
133316
431935
626069
101628
284170
762607
967170
383682
52806
133822
607422
486996
211616
283368
212045
352011
789772
453700
305957
754766
181182
783474
659961
521877
322633
960112
312932
75912
823384
563724
966190
257094
138055
401908
894333
586369
791455
726953
864794
603462
676908
85202
157343
229722
851645
626093
382139
590784
683704
303904
365986
718424
655063
426734
276627
703905
237315
598341
329543
651167
221451
99955
54323
287832
344577
469369
142522
244536
970609
714808
965107
786964
703871
261000
475090
172491
831132
173288
203701
464969
372837
217167
46349
60261
758872
262369
399591
157034
888499
930429
637654
527027
936747
3315
384703
246896
407557
198163
201665
756677
80533
162528
630463
376721
442385
542372
341643
392715
910673
275101
833968
285577
255014
141461
6620
794075
713172
150351
784488
938004
231341
707677
353286
432232
629771
591759
697798
689777
911145
70214
283653
508364
301983
586342
124914
283424
403768
259754
332158
376255
691761
192465
926048
887268
943057
138038
317378
490652
549471
193533
739403
749634
92549
869545
168585
191203
130047
521995
164027
420608
544384
292245
269113
823729
135009
703565
462785
680358
563078
486685
378975
61321
985680
824391
106552
914943
835768
820277
615475
431950
736718
568878
577923
892120
883023
236389
129045
935558
90012
477228
747283
378816
81565
883974
874643
861272
719217
278489
807008
30662
569744
17858
227747
783886
733440
628099
369581
425790
5040
846807
427811
233043
921653
307110
460166
63356
901982
593812
592989
447798
995446
624308
35586
392022
549589
913499
924871
430117
884067
205839
897411
998053
355179
93341
855548
775218
800343
761225
423218
966852
337102
145312
987206
869905
368231
213546
814533
135631
458056
73980
540310
699095
405087
425513
698939
791717
4028
210393
824007
697468
89290
384305
512413
139430
624489
774322
134944
240793
419689
769694
664956
778742
218788
256020
700432
240363
707128
449917
336759
748663
327135
961247
96178
355725
743021
703375
610547
764370
721126
258691
713992
554881
62650
860357
477027
801070
745183
679492
525442
311464
543816
144837
913407
311351
830791
307767
559286
98180
89980
257379
798606
460760
445433
212994
273190
675837
803892
27432
497118
761537
318631
240543
864831
941144
844168
533199
638856
443873
552672
725784
978198
641409
99019
360770
834351
349356
920523
728204
269227
971266
300872
726049
884799
232661
292136
502888
510247
727689
745479
452154
187119
63637
423379
201263
718815
438438
44039
940689
37569
172194
520066
811506
417168
427401
958467
879130
639423
547832
829124
488472
321059
2056
854320
254777
323261
338707
736193
364887
495272
129046
343162
60425
551643
919090
685950
554360
650588
243341
990668
410193
911554
560917
844760
52886
466213
558501
139142
954191
897380
446848
416325
598367
231122
837433
919686
573809
527229
159733
925528
441425
719261
9929
666338
727383
912406
771709
342076
773374
381098
378418
92394
806738
963454
849631
415669
315848
523719
572599
684072
85224
265169
59687
723108
266789
757228
310011
232097
39437
530675
534112
91329
865051
183354
12868
598482
820650
142355
128858
153825
554500
172797
827705
540277
776921
913834
853284
729967
399307
893868
390565
997500
171110
233467
841938
663028
83757
250405
267057
411538
778959
566419
408760
107344
613433
582515
614637
262815
669957
847879
34220
930240
486160
613322
396423
871746
361192
313722
658183
108696
95460
618247
340881
538326
246799
275670
168804
738760
31228
531442
92671
752111
754813
159568
884767
317081
95918
511421
772902
742556
227884
112806
148631
395055
320164
147715
527294
228132
330822
776098
263405
894598
672663
265996
314720
228107
700006
560405
291394
918134
515478
935941
475721
321356
711706
125278
791932
83312
197120
114250
606933
255837
827044
905763
919169
470336
651717
813598
292035
989424
311476
753685
778617
46923
431528
653231
407735
86510
226351
518446
350288
149840
646527
171604
387379
209595
977515
16435
141553
154537
552049
854800
337820
76151
834031
532979
323595
783304
782774
659470
306747
168313
500663
931911
116368
522236
134554
292068
594169
163091
911918
554898
253617
195243
55483
154706
173601
893139
630834
377537
944610
302807
310982
116034
230049
456509
563348
689034
866588
778395
445181
816903
985992
214163
368020
488302
371605
215725
476275
932448
822281
180175
668712
550392
128777
975963
540685
946227
438967
878309
489589
30269
489972
713104
37762
534420
276230
299140
153492
683867
471445
503437
223516
321277
557264
896403
433102
614204
564845
655794
975989
768149
789261
275830
84960
474834
704061
41332
186362
216236
78169
426631
662520
197978
602443
644070
130539
98298
399537
796191
441397
620571
688989
877170
386776
586405
414133
277708
313450
902949
621627
710111
329253
670201
72039
334042
308186
920981
198513
518922
728326
356975
615211
44493
209149
531021
197322
938414
506755
981033
497413
783266
511610
912957
318293
787486
805301
660401
360605
217555
111786
320479
199268
561287
280070
797055
388541
604305
695963
136116
658056
832113
588405
960690
977681
537610
395338
650890
847509
608444
647055
687251
904869
711138
276519
557687
828260
187365
309238
455575
612395
900155
393620
754972
200843
210368
370078
970523
731186
973807
113894
908132
865254
220861
57802
756840
873071
379026
639074
948036
777938
983845
968851
319406
633655
166770
84161
393338
707372
734107
263073
988490
107650
23577
118444
534480
299989
799005
273839
526593
728938
208903
484927
211353
113584
258433
502026
103364
953001
707322
568201
931184
643618
803771
42450
804589
678174
12519
357066
663101
548881
779091
967224
12286
770824
300671
128628
72625
473062
844977
945726
62822
750792
71213
855083
961478
38986
942419
492729
584509
481379
860373
121220
895746
480299
387538
653202
692612
548222
754516
938569
786418
678648
900835
693952
110119
406111
882820
461106
449585
607521
878161
967375
13436
819570
566518
423084
530272
381335
912517
281243
613636
568449
350007
858134
561965
758865
331392
738901
299879
803066
398414
273919
277646
452997
304925
262909
180857
158509
448313
478377
121156
183082
440786
543205
604665
267147
100981
439241
598299
384956
660845
199028
240718
614440
274101
412483
613926
677751
636696
591456
620746
394104
468903
913330
677444
517467
316311
571122
418601
22677
115444
593373
530400
381926
69894
278277
219536
101879
188415
100931
571178
351068
999837
981575
350352
998970
587810
957200
593824
108162
11374
966519
904802
976155
647414
300773
598474
415454
640355
728036
298921
435771
798217
428115
494519
467897
578690
185972
142901
764634
999463
284639
784834
574556
940906
470169
31740
431004
910355
360704
827921
130134
570069
39133
132449
478279
508172
884700
980049
59635
814358
177687
313647
16194
641483
500814
363517
398534
771034
863539
683228
498904
174401
889058
986839
949024
183528
237102
600840
479154
92827
3991
576939
901269
93091
136535
91005
257696
388799
547227
711824
938814
427844
327823
908590
255504
415054
379474
372327
804209
618338
381129
641914
593173
830690
916623
475932
243594
342123
588746
918375
409697
419663
640793
865314
534566
298538
349673
316393
447818
424675
838887
662649
416482
853441
362384
71706
905288
732519
462052
993641
749151
157038
469497
224769
368181
252381
617067
968582
727873
38087
41137
588941
557771
571138
918731
436779
243499
189567
569047
766169
823977
488907
48195
13057
183044
524513
299293
189608
349902
385641
477831
869751
245108
11985
290374
268327
872924
970503
532921
705480
403239
729616
558950
521391
104406
121416
74352
356090
110664
833078
653989
710977
477729
623115
978676
411163
152583
43511
362427
38154
125126
216041
360639
130628
612307
640417
54581
391967
874606
459891
959869
350488
582304
86554
914158
174079
321316
863030
125644
802499
58274
213539
673430
939094
459798
661240
691516
79356
193168
804377
180654
426934
939028
135161
261520
487237
109409
554672
320906
46621
204495
579829
890811
482344
140113
906808
677261
743155
286938
666911
336547
574777
958557
132698
861871
630346
198892
762405
955681
97240
203586
674586
686586
206750
871452
968944
802431
612973
345345
912660
913800
358485
168803
892770
825720
362476
499038
643200
909959
101118
4829
201559
662586
591761
396956
569967
450612
608531
987271
463846
532838
282530
154434
347853
875107
218424
526658
163360
698318
783986
992856
505311
685364
483771
929934
497933
614262
40857
350826
602692
490399
63956
993296
122355
403092
300670
738755
121398
763241
263204
627724
832208
267856
150095
763059
599880
712556
186359
848234
765597
5764
873029
865674
144486
445203
209412
985460
292043
98812
959971
661401
10778
41754
506665
375510
570951
30773
531894
619575
899331
833554
202801
663645
782071
497762
919891
296378
985821
3802
135183
501624
618939
190946
536797
650233
513277
152807
999394
68410
457519
339275
27646
732945
428116
140540
290993
342741
341029
449890
581674
386460
994281
189618
773358
352287
911085
298976
282914
7546
473505
860913
554933
820816
578575
824174
756780
615500
704185
146996
999627
596226
985357
187369
220701
326707
548679
513801
394401
601711
190627
144350
551953
479189
462910
29454
726799
704758
567753
954894
85231
536984
198248
129717
769179
257238
744877
257259
155367
362853
514027
866816
226802
704561
268858
279193
42997
614181
637575
65092
145579
809546
820821
656301
689181
82311
845524
824490
173065
171079
501212
359857
704622
208888
375430
868905
18999
621743
750311
796637
632769
684904
165098
576781
846603
149867
633929
540767
579705
738059
128360
405683
399557
894729
582734
470996
45699
11733
144256
602057
878031
973748
514748
610764
508821
514109
14543
885138
135420
83517
194644
310281
132016
464378
430217
903712
701322
345877
293071
79167
471390
783304
729214
149144
335714
881999
818210
330261
656438
94052
363479
721073
616340
602722
962940
535075
490006
201099
274647
287988
542174
60197
970245
428466
953701
485695
216732
541437
279652
883345
464863
972158
386200
776257
557789
227512
457014
152322
896102
174262
521835
911255
92651
457572
66254
860790
572657
406458
268325
487815
104946
2771
363281
930315
284752
661980
649751
999194
325494
250727
968587
503813
786317
123295
862811
610202
46552
101654
852405
592325
431277
904315
589718
554515
618705
305447
595888
717522
689454
498710
49655
299925
945011
466739
279177
22484
155593
81483
238008
649007
479469
961700
911029
203795
374382
884711
847706
31669
680581
280632
889363
825980
166540
963302
92458
677947
466397
315966
722287
582812
847816
88954
305216
211736
357296
635991
971323
41378
503746
947012
806525
539107
298387
687798
465621
727584
729366
229016
988746
553209
603958
349728
169605
786699
520918
867965
850397
594164
49955
119788
912829
905334
217746
553834
856372
446133
137531
822916
413465
672346
752082
382282
791513
375578
157502
640354
239583
674129
287511
368760
975902
812424
25921
889235
816830
789909
898975
42435
897824
186146
367158
889655
510416
837766
924256
431339
844806
28175
841066
164478
751385
622817
539274
450081
546881
518135
410624
23916
403655
508872
848199
663371
448971
537350
946552
738389
511281
11456
19324
538237
140650
828200
59436
567329
131802
997998
210503
706432
9771
899594
303439
51849
382126
907737
389248
403278
365417
722335
595374
515799
481921
287787
35834
169875
690821
376344
780336
699113
954452
15535
102272
735405
820269
123242
226968
63919
477137
427924
506522
29613
301655
932236
576895
223592
268876
88168
561608
722452
13572
856437
904604
622632
907394
573789
218115
481110
502079
268898
201149
617621
662363
73990
560320
184793
976413
198221
577101
528228
874280
713626
276206
28470
835325
157110
959246
656672
422631
172144
341236
845495
299655
629086
672734
73955
52476
745217
491702
560535
926766
262727
48627
520283
829240
149609
580495
595013
683504
783157
647904
882822
489044
623270
900694
715680
343314
23215
758800
284533
586803
985047
443483
200187
770086
971517
226376
994700
606949
980349
575208
446298
446790
839083
194342
833024
944928
89020
78722
509619
933144
299269
77606
715543
950087
69915
209190
891886
674441
355609
700697
414891
88613
234943
440270
477797
824596
881527
586349
860007
816368
503156
220524
533668
190907
717043
665578
883912
253768
479587
709547
900009
675657
796129
916465
471452
57975
10268
529843
677732
21208
277848
232829
7302
409776
563790
818147
111544
959494
791152
632099
581751
100689
184969
596886
79544
645248
198723
761619
5622
418147
814019
698849
128426
475065
930606
853718
65625
908886
152015
67920
106183
159921
480849
309647
166793
505736
744550
893742
545144
946224
526922
568444
795650
147772
243874
291387
899802
280201
313598
231413
241231
801509
704510
84725
892090
355802
180368
617769
763666
135194
146135
607826
615066
223368
227175
526501
948217
647969
380525
73730
738922
719749
859244
436494
992650
223590
430818
536943
739662
162508
667273
607267
813399
47234
953657
526653
792158
393696
648234
226046
934026
978934
620504
640524
926945
329618
479743
444433
474778
178351
750598
874099
433296
555066
997176
345131
236435
22721
215341
220229
287833
98171
122055
567219
131474
636718
158552
908365
563673
335169
715553
957161
133446
162014
600373
847507
83936
416323
504317
101993
236464
237542
673044
185814
133489
84355
672338
295721
143459
284611
523430
149777
994494
629770
51165
420727
529284
96157
237055
894520
995759
895279
90200
107325
129610
811335
835540
846649
418908
643727
759940
168447
735358
954491
515261
12350
367950
20499
782687
145626
96252
368351
442291
554983
951298
179055
6510
106692
671664
633476
389139
960978
734821
894686
350772
18128
478938
507683
448984
7189
845144
388713
746808
996584
990730
995488
156644
322815
668013
204895
76355
779411
686563
625929
960887
714460
993447
978524
411039
380206
528155
554774
496758
313456
72318
781123
787288
437621
884985
160616
106661
879416
755352
840262
527614
702457
580310
607051
744557
860590
821265
41498
846305
386152
777308
283061
775510
11524
27315
180997
181011
995273
48137
463751
573261
730725
452030
571538
803497
472895
464812
941704
476063
758904
598881
284057
918906
497540
286631
181871
723580
583902
911550
960826
246814
879021
408811
536728
483956
119025
514729
692767
987311
559913
566654
887819
4156
427013
27305
276863
681099
72195
214199
887161
526058
349097
806645
726871
61583
276766
181440
573312
723252
610980
952824
15473
6301
970037
872915
192996
426485
382394
633742
733790
185046
805474
199102
40022
386472
642725
388740
551229
709345
406
962590
231790
926186
9374
492379
20788
955746
426266
831527
96498
882619
313491
989508
923827
925506
354390
951513
586959
431741
110000
596068
219574
643821
724552
581068
622108
708531
385177
341842
536385
291023
860426
559589
961372
58307
715947
599700
680035
760214
723470
942622
212538
771636
783744
274341
179893
124851
164387
937409
912140
209456
865513
288177
673882
148184
443247
531629
247058
128323
930355
469591
316095
479226
673332
518479
776245
95001
26469
596582
648601
376528
587725
608362
415690
331139
31934
265567
225771
626193
402159
885007
864719
582706
249337
872825
512191
116986
511082
192613
837354
445114
892938
97815
598442
908742
340904
374946
626159
468304
208415
811859
825866
641011
939626
62734
869080
56844
138913
316087
624841
716483
674704
963463
893452
850599
198386
812350
52185
540087
474319
927799
708122
365886
57327
561815
426359
158230
314106
986463
139964
627212
985645
704674
510313
605092
345467
390416
47127
554739
40894
280048
813954
613099
874968
235884
986423
703092
258603
917830
666075
135860
834224
247145
560597
850545
842360
6618
730521
990670
111229
95949
175634
283634
448740
906772
732076
292870
770386
936818
839099
373212
204264
98830
274571
911085
812444
344771
128901
4603
826741
74708
692666
242389
321443
105405
258575
317369
945272
841316
426821
90003
41991
836079
814180
947108
903640
550575
790980
324926
198405
61561
626680
173867
612212
853526
995479
332078
658992
303376
526952
195169
364902
837677
654761
962173
940858
578616
449788
829112
201092
792442
159983
676041
683179
465160
408487
980679
112987
370102
781544
437615
763046
526249
208194
244484
477941
476682
125531
804177
278760
611543
175126
207562
715154
473107
7390
7825
430666
464030
937553
204756
588591
160479
304331
1107
272828
494621
526989
880127
861316
800237
454282
672382
261194
905542
729550
350668
851455
217968
16075
196347
53208
928411
902466
871131
288780
387084
871242
801268
557351
290610
962752
210032
869902
995543
545292
855766
143376
211570
566731
107057
396580
619929
253278
205839
275653
985363
43599
864229
18343
383564
453403
129040
41172
651362
213536
798902
806568
550044
198820
273931
144997
703930
752447
961007
23860
737831
201703
407221
171449
396747
744918
210751
711889
593725
49818
235397
33771
733462
76216
262964
595904
796768
797246
726771
535920
535470
26020
826816
913722
307013
958494
985849
104024
294328
848001
20919
247605
64657
63439
530453
782988
601067
145377
824014
801694
402525
306992
22020
972880
257105
489983
456221
68446
983282
309289
963272
957248
219203
883203
1630
542040
217165
816685
364003
96148
832177
863354
742763
202854
267675
584313
472025
360541
552151
241632
627651
111008
311037
940372
988529
74503
816776
969048
383748
52630
724869
773263
112116
304087
692519
866799
506482
983187
664503
674436
226860
715116
331944
957406
337839
379482
902089
590297
39334
467520
988627
23943
156224
442730
640802
838588
975024
225510
441473
252533
505742
871164
625118
501285
77339
844043
867420
599134
651489
94785
79623
832920
558969
401782
621475
638434
961126
220134
351581
244898
122527
598537
886051
406730
990699
352337
208847
818330
582564
576959
854718
821835
115229
954659
239808
951903
542112
814382
411048
429315
318352
995573
965314
980637
506349
646021
740068
511544
267894
329437
763357
562569
709161
41036
979787
985246
857766
91880
408393
821026
92210
282728
714756
369167
378134
970079
670319
348848
317543
843605
746637
159698
535393
697156
951467
842247
589229
217324
325424
96534
987138
444243
833484
211970
715175
713949
581390
425461
83351
786627
124370
642057
570429
784883
616407
756468
875550
424516
74479
395149
91286
580693
382415
21759
924858
257537
719238
100041
102877
486016
731275
235951
220974
4829
511407
899969
341310
986831
790065
686853
469152
644663
68976
803523
935401
962485
890747
951790
259223
832039
320324
889834
859918
332352
277556
675902
280637
969344
889112
911640
415648
773141
846456
155319
989790
970766
522056
463737
343954
574136
95736
976513
72423
850071
272166
443204
856860
310787
133747
423345
991015
388572
8243
570810
793846
940651
601470
460676
83664
422678
843620
412903
742554
889088
448445
368290
954294
786811
774429
59934
602502
442666
697319
438045
794318
489080
57593
477887
35063
598319
81797
314801
64752
373366
636031
343986
753263
864874
111922
600515
82326
668055
997614
588139
946864
151827
291036
397476
866970
528055
234930
611046
248318
277819
794369
120845
518651
159789
657131
70313
215201
325454
183475
339874
459224
247817
34221
124102
720288
660368
312020
211953
326898
319381
937786
223640
300870
561187
406362
405618
651374
646038
974601
316099
704672
283133
77579
265926
346641
196618
212738
50358
809852
922484
550914
843705
573569
840618
591487
643561
431211
505011
709672
333761
269002
175270
656909
359329
143871
518147
879418
511614
792598
123053
811944
902185
993933
832965
258057
675898
127347
931172
194882
156185
27948
69300
123765
518120
164881
452268
684923
905680
859508
893734
437681
206503
864129
747678
977450
980347
760959
667465
935042
500542
290166
998480
678674
973070
668331
294951
180991
565023
469639
665934
364909
711
775318
820004
81937
898149
111595
111331
384037
122287
513440
446076
976308
477911
222842
472400
651669
50138
930092
736264
628212
832997
954802
303313
417547
582244
491614
640183
559857
977064
468080
200733
350217
119667
479965
849111
183515
963363
384754
429924
908671
583161
904530
12619
203765
272134
134235
597968
265554
685361
206311
77715
232341
499367
849391
46598
433944
935775
678857
452105
327714
3337
73874
522980
796057
646866
656230
953632
638869
487766
492236
800258
262543
755107
26863
600101
516472
733862
301575
468979
623014
508789
554135
243392
132777
75320
328527
995587
230460
221493
436241
428785
929175
895606
499856
50680
999329
972952
73557
774869
40771
592627
679900
968402
718808
829217
909147
889759
826304
756461
933858
357004
966612
405658
488157
580833
614516
883853
516599
442395
311611
666071
26265
996483
491092
717539
15824
39211
217126
678521
369805
710664
379755
400684
409477
301927
997598
203430
79481
927182
143955
864846
467792
169584
358432
229075
241696
506955
24313
31512
704587
927906
520602
267516
165638
900242
737693
923717
999925
606292
842795
450728
79858
14670
886543
991415
240557
918422
713830
191271
815469
954436
973875
635197
678389
903026
766671
6997
894593
323027
859709
231055
185391
337709
66332
526614
399547
324020
784437
58958
60259
822596
936628
78042
396201
635131
188660
72135
54711
155057
627
665880
692572
348310
328037
400238
919989
744358
148836
712724
365543
640075
330564
80037
105992
889871
662341
115418
324957
20539
872546
385204
896190
453265
9606
624706
861142
789731
712350
106768
3847
219151
50185
668588
885098
217176
583980
425942
337652
433441
116771
308035
657908
313160
618578
896910
758136
756380
872345
413884
888399
905277
720614
79658
99050
863183
547300
232405
470876
149146
882321
3846
866113
310593
150381
247128
765434
783837
928974
308391
561814
954102
271248
480663
290188
51486
838250
209278
689637
798441
920541
983535
401974
372748
529477
811428
921483
893265
113874
356359
965920
338420
599504
164061
224136
892574
220578
643920
419441
583611
648461
5591
406015
387322
732848
621700
914580
570080
597714
668841
999473
517193
741204
425640
117494
847997
956997
503894
724549
580395
385556
243083
729605
596101
967584
439881
887298
336055
457644
99527
231154
775429
451566
442265
760467
995328
956870
595453
283695
351908
228300
716612
355393
216401
140226
692762
198706
158500
327848
926517
138748
684850
829615
522454
258480
685792
846597
167295
332562
876066
735887
751474
998114
588302
771701
847713
645302
598556
31958
134775
339970
918845
679389
674817
129914
766100
548779
268475
539086
108565
845940
956019
255636
643129
443622
263452
724420
383707
138947
946098
676764
359986
280720
952004
148708
397164
6117
19491
172236
150819
360869
447077
169585
745790
49288
974614
873278
159975
888916
767741
108527
390500
361963
667014
467953
459092
525757
275025
272166
898505
935197
623126
314628
209532
645297
197554
424733
515825
697860
32723
698617
90984
857654
223805
431903
363517
814099
875894
806707
608285
129408
19924
661945
312741
372497
124705
85624
693464
570808
936040
212345
736317
777817
893215
22830
952723
764665
58928
698672
4850
271124
744422
242721
892864
108749
82608
915057
744908
143552
388309
783419
940874
371764
474357
845967
86764
992492
523384
371339
202329
99100
590485
48034
47116
431865
201217
278847
642508
509097
723186
707138
843715
610906
227086
189544
391614
239790
60149
403530
625216
947540
168040
557372
29379
142834
990420
798358
192588
544830
863487
966479
875881
676524
151630
913156
448970
191874
745392
529497
976186
216839
470827
17142
438008
261465
62721
192435
308342
557022
53950
122830
654765
976915
935905
748697
133979
733952
695461
14705
204955
221388
752426
638504
28063
449261
173317
295364
202827
212023
232801
576161
14065
176982
731984
294065
138085
403671
500722
12388
583933
312672
184064
659683
322151
687680
100150
986037
138535
295713
96411
387717
181739
975642
515054
65851
917260
189729
646574
654406
61411
856158
801478
589563
690118
287962
208724
416919
543710
214
574293
356960
878374
146808
234606
295786
193538
192161
351513
745590
193914
848474
710186
448373
62097
257836
9661
846186
336134
471694
779711
906733
756070
587449
629205
143115
699852
953624
27308
248139
271095
268763
982622
238604
362950
300331
916990
496970
151378
908152
332160
465151
413224
113901
13192
550758
561442
596165
269965
509466
397920
422007
503722
289245
804904
426957
290817
294069
696536
187603
342092
930545
604036
126762
480642
914378
710640
340924
794785
586980
720299
745994
891358
158644
262662
327648
844199
134843
141552
53226
303569
368816
326447
888929
928483
958459
991549
821022
671294
846750
217469
151503
616551
740718
25688
193095
485491
665215
895737
790959
546638
289247
425121
673498
447719
567288
167783
807671
806204
704025
379408
495775
781821
729038
508038
866958
556960
132331
1721
208367
274561
81832
467663
607056
323251
887782
118089
179637
288679
385488
609907
268360
759991
355165
432263
204334
356432
131377
848096
503668
925434
880611
123734
190696
820742
129177
932666
854597
933843
418448
795823
963334
571708
118648
349923
31003
288225
32124
505833
290617
903185
848607
585589
882252
128273
511298
961651
682504
317643
15042
89092
785821
309334
757822
272277
279689
718750
197430
576862
788743
84912
135823
270133
940709
581413
874355
966796
578547
388904
651413
454925
528215
483557
750226
470416
854142
277007
623923
563767
104749
502414
500687
536935
763701
225220
297037
983971
96517
203707
769031
77766
591897
841773
372107
974173
592913
620590
8955
107295
611420
92666
159252
97546
38675
544471
558283
641690
230370
378918
568019
330728
320801
556300
920060
897886
844481
79799
54261
126291
264865
702159
518386
669063
746944
957307
1705
182076
492557
869005
48950
918063
721691
669067
871134
410098
430064
523355
107952
604583
336445
397962
895367
259931
575335
353209
438637
447804
755907
721252
337370
863160
253217
85200
788762
316852
870271
720977
537420
601894
9119
456949
562246
526608
287475
759057
690326
137306
901620
821350
970723
199562
937105
155055
625331
584418
944133
143241
376646
142614
873985
871103
823391
739688
612233
18289
1634
306722
959643
684961
230425
242671
423689
850523
315472
750871
393576
715966
124705
633110
639073
671978
535690
491671
523812
88136
900154
419346
824509
418096
481515
522495
466367
198779
57512
292981
701852
624167
361712
481700
673111
439200
716339
181099
132432
923505
162425
375319
447550
787143
154338
33145
792636
840989
414024
50787
857018
219465
213888
662591
640084
235875
540736
667979
822207
525965
379418
159797
166303
880548
461734
225742
86455
177154
876927
257006
869880
679660
398564
997029
611642
485599
299198
893081
819080
317426
72000
233857
86805
300904
603946
407677
599821
681684
76969
884367
683271
288105
280409
324730
833430
814558
215658
901877
579775
81530
84384
733836
439172
210689
683124
791124
348383
736891
537624
707593
922827
803165
270872
988934
226427
362647
252764
414623
220462
885753
932618
85214
626906
576642
220552
603609
845573
399239
920543
3180
817075
598845
857467
51481
945786
304611
139855
75128
461937
543054
523029
764380
312071
95570
218931
112133
622448
211018
699257
223931
935929
562885
805831
322381
299325
373005
229452
78118
763824
730453
803433
372872
175128
17598
318451
217064
669020
806150
959959
661862
991477
62030
520537
493288
553921
366726
497717
444626
261430
976887
427686
295779
404723
174828
741380
15151
986290
396030
97864
602101
354778
487611
376811
522780
879793
935282
545581
131471
338863
627550
536498
945842
345581
818605
289031
150463
809981
852139
282178
784194
654995
31376
968198
825069
355232
195746
122021
874969
583167
788296
385633
644634
416072
609389
828107
668093
75267
610765
726349
324896
501559
962336
297219
974446
674208
10719
101379
866806
589182
821559
818621
926120
12362
952201
505598
32619
325252
255324
483919
365725
967783
637920
340602
48168
735358
220576
119660
278717
986320
9283
755318
660849
421367
698558
519790
89072
514383
136602
161010
678626
897417
57373
582156
582168
442207
988120
901681
99507
292258
646604
930660
121298
674543
535482
346424
763701
55360
839302
671794
699763
209694
961735
83724
129044
972916
969582
714646
67404
157120
913488
222072
471637
518882
131473
888146
428903
121879
410479
872964
159319
616127
613352
920393
251465
36762
999113
150526
697235
270481
868117
723649
615664
484017
369422
562676
312414
135154
551522
702817
933781
706294
66229
122296
580132
497997
58887
19635
1385
750645
911938
869402
449900
585183
453091
520738
506968
113900
738498
39217
16920
113143
783679
760765
805451
523467
490379
989074
720995
410485
234704
581490
656223
22261
211262
35798
208290
883854
913396
841491
199856
584765
408647
206616
424902
143878
916017
553172
12819
505257
499609
119988
989718
424500
93946
718538
839765
42546
467379
612425
570999
361857
107179
999021
576959
808385
290335
24119
761381
126184
205450
28630
158163
371059
471344
480866
24825
707447
1350
852353
828045
628438
101185
707564
344162
45709
59385
154316
101732
66601
774010
991550
77934
140441
844968
735926
278664
543
1484
339903
999104
348321
738431
166496
306915
182428
480049
172123
555032
289016
16855
767759
459226
720758
51951
882557
678993
391685
214385
711719
684171
146036
386067
648660
743963
65859
365305
111665
504334
299538
263416
708689
844103
591803
325318
465621
634870
700923
989439
980839
43385
484747
904982
812960
814927
370829
555798
382794
881525
900130
70932
651711
643359
372632
452788
171440
414036
647937
486612
795522
709094
137310
324312
134418
587469
970682
336531
479257
243168
951828
948622
869163
368367
516725
28409
73562
81215
773087
836076
889271
493795
810214
589784
963320
645491
521560
726094
563445
555180
824535
500523
312461
534820
204296
224160
715749
658216
477348
689946
271568
614131
1644
451730
933963
219661
519417
124082
246431
489023
996145
11362
226537
251950
332886
513775
737334
936988
322552
875224
42504
788214
510091
201588
18486
47514
345171
966915
149615
77162
534523
155727
170654
689286
459910
826558
853482
378281
818461
167607
19349
68002
974086
224943
153924
508012
118133
756047
119645
191148
275005
75716
701900
995464
843871
312674
254625
250335
662915
627958
114771
474792
649733
168742
37544
498410
141158
482951
780268
443605
649251
53308
918430
324924
60643
809413
711467
726768
532105
748523
847698
325818
363305
647302
390630
262644
847064
466154
970418
392068
344093
524204
826230
440694
12163
308628
956496
826741
916240
870305
709622
651046
606224
504755
626784
261410
240906
384857
934659
512206
911060
427063
562807
903064
610435
220884
652665
494863
714170
515390
42381
714783
790563
450330
986044
208040
995772
901900
539387
302395
723785
743871
327020
365552
760872
415441
287293
447015
938625
148766
91183
160025
945307
497000
574769
310554
466380
601568
852586
735981
996873
336595
512918
251651
439707
912244
3080
865874
219251
357122
233165
489231
287380
670998
396465
51272
379630
1675
145819
915295
448331
426570
188371
674278
138082
949808
467748
394132
838601
709855
294813
645730
553032
59102
138673
194757
374729
877613
27390
873736
61291
360490
45163
14405
25589
617241
529706
884351
859559
123988
276637
566175
995757
799438
2645
924554
910765
409221
674805
224923
702591
88068
561909
327362
675580
753298
244866
862136
688879
170811
155459
489630
503785
66104
885943
603250
151345
1341
45434
456364
296600
616991
164646
907643
972137
878241
961430
169175
684927
81306
311942
161027
223666
484932
846486
633185
150057
63331
856366
620337
25299
286799
195323
598440
175601
597600
944470
730601
382410
248310
242054
957346
173506
853155
304412
336454
149637
301941
612477
202594
225182
115747
562557
200350
458852
136210
502181
984147
459347
297477
781911
955267
485240
784032
373641
2745
142534
930007
419181
81342
488391
196920
629617
194741
229420
602449
655970
758164
750533
865791
167659
32319
311692
120148
772348
824258
700827
90788
653638
85547
851646
397868
942370
498562
646499
227104
184401
917863
316078
664720
961246
241862
350697
619766
255200
830328
481817
224030
215580
648057
850347
390322
412167
532866
418765
20129
610984
616003
173018
69292
862044
607743
653741
949645
972276
751299
466583
192068
277688
125508
222827
151999
957391
102612
859062
663140
405686
551169
979148
251903
312430
582218
183805
523907
622771
596543
461479
7039
427878
239156
79333
564382
980492
377441
349413
487706
777967
665113
296088
207039
777506
815333
360002
88344
524898
7933
353713
785016
789528
589346
476938
632742
118396
144091
382846
998694
237011
392074
646492
511328
740120
387049
390593
375472
130297
952231
33962
457353
336312
469721
293162
337222
319538
437918
878902
395983
731709
715092
904094
547428
841194
463153
589847
4873
818345
850239
421235
369166
145932
570998
489009
649082
849124
445047
501937
966868
605512
738403
953984
439821
319220
906902
948177
286989
485261
892804
370829
995480
659522
937070
649601
135901
275663
197888
318134
563995
58907
804426
138398
426096
221378
549209
254058
145152
73069
123825
692345
96830
709084
426602
521386
384538
573189
645476
395026
499207
406934
662569
431881
23976
724695
825373
329695
537046
896427
702692
919276
970064
508725
83472
453509
387456
401432
219909
727435
794854
173462
452652
357021
433571
804634
166992
510765
786148
424657
70040
61552
771625
252594
249249
10095
397489
645919
36600
654011
992260
588131
725105
768446
840925
148123
236967
109740
535793
592178
323472
280151
500384
848453
129211
558242
925815
816229
284265
567501
286496
291322
348806
426736
517671
463684
203970
818883
204393
898621
124560
600218
207707
111771
379899
47790
770740
833777
936992
141461
796088
611253
216012
393364
133218
420252
98610
963531
513134
656354
412041
448270
254080
119270
842496
117012
478900
839985
262687
565513
541059
652631
581564
682686
95118
117238
190230
973632
65995
429276
454289
904326
727369
365957
229454
378692
618401
654721
815974
487836
303419
291188
167108
121332
821178
707831
726940
240162
434693
311773
173260
442116
244083
229264
787021
148909
112274
729497
866581
688954
293716
792446
55501
181122
807639
203973
528426
9963
361168
709655
509291
290330
442963
381248
628589
50178
251265
696723
571182
443870
108878
206442
210396
653753
450221
139787
958041
48618
389019
711847
16270
857310
645381
263164
423081
563086
845143
916890
976884
546575
215587
698882
60435
122375
420969
690153
553178
853309
411273
637149
998473
728202
426434
489791
702053
437932
536550
545198
105459
394170
903900
941188
74388
856625
760209
622394
414520
292524
584829
850919
83328
472050
573518
934117
148084
899306
230195
356180
584605
147369
25094
627064
400897
982764
418070
730686
890873
957665
986448
781020
991856
513759
740682
9430
616250
674423
553453
969948
680718
282786
924796
866641
890338
271385
733957
298982
263522
656068
380258
480997
558924
250058
515564
481354
253227
375879
187454
360523
225325
267740
635809
368825
29603
659424
617497
751358
54805
468339
282059
524422
467072
377523
327945
275131
393646
760072
72572
235368
119152
308443
701677
646591
58745
131812
693104
531574
316890
853983
264685
270539
502229
703584
230604
92777
213601
677054
593980
702435
621434
631851
865
956317
528417
460260
876312
8650
585399
582723
877159
861967
413554
667314
35270
298438
612345
129146
934724
960607
672098
976697
669592
671202
20742
696178
913733
497488
994045
480254
567400
613863
600891
303265
190753
577923
226694
64888
520604
545697
379795
263374
15995
319615
923836
807565
326754
860640
756193
939473
275102
283243
476568
927512
943027
674995
940562
140374
670400
32658
281995
651621
397713
962990
660333
216410
973569
582749
873282
672947
456074
874405
195604
359980
886571
117980
536292
788144
959540
880814
513411
992045
988017
779901
101455
409216
691761
919267
749709
640208
957490
553618
715104
717047
403370
873821
105444
380122
270068
658064
672298
93593
144534
693945
872016
686946
968299
774474
538939
46880
525425
874262
546356
387793
14449
174393
542940
100470
650439
101781
936525
791267
938637
501366
605199
161910
937000
65559
426868
459172
708142
65214
359505
13999
626227
334146
823129
674548
335471
389101
917783
309984
898893
132476
398087
829763
979154
199427
47506
29821
387944
719853
738533
405460
419655
922146
276845
603944
233727
760321
806449
624253
408676
223884
540299
83384
765270
716899
107524
730981
774187
125993
365899
45493
200252
910787
604178
220549
21193
889791
241798
59929
949065
722193
611881
158375
742483
166520
473293
577168
51938
618879
168494
685162
972616
633311
723309
781944
399410
584833
474853
355771
212372
565474
296236
78561
95089
769680
442472
635868
147528
894097
894411
289230
75166
364322
261292
277152
124773
460701
153411
185074
939526
570164
485185
438316
25552
395545
987658
176243
972412
902592
974672
641336
400924
381052
116301
587178
851744
105926
356956
350668
949637
350685
502389
949345
974619
362247
423299
200003
245425
641013
872356
201363
259871
250564
947133
454090
734575
75680
829494
73966
939944
394563
222169
558625
875257
566811
408451
841491
964031
157514
183108
503000
908595
331143
254937
834389
57779
413217
660931
47315
275755
695204
69571
72629
490464
336980
969845
758342
497113
516950
707590
32428
723498
189807
866388
179962
69854
858915
502880
421665
335744
780159
916530
646917
899654
429747
723722
775086
287131
432983
428030
326037
352839
565006
489589
983071
666814
809800
967230
986470
700162
221729
768206
250098
19573
799655
976980
104198
876735
674809
341755
434071
644888
148554
962940
426776
481522
822405
930396
415856
590086
94731
243145
314829
302266
271895
313933
624914
615340
854915
59117
300844
389854
7523
752672
279170
526078
137103
535343
433546
742480
410047
834150
951289
687930
712847
251572
304082
770668
53281
624356
814688
174378
764385
453176
649791
835767
140580
171103
161684
880607
630250
62164
427932
756705
261570
18835
235618
23992
738060
360631
789195
241861
638362
887669
835979
452827
727024
928047
144122
485862
160107
454070
666113
4216
541374
204703
205422
161778
960151
759552
446248
343435
56864
767624
327996
498496
84897
876024
215829
7064
89794
238274
42122
673683
120302
996284
723154
204783
770900
361601
51347
421142
690695
348645
863319
793511
342917
103186
627103
325599
857429
734275
235474
147812
539977
182365
49870
318958
904163
452133
759776
85010
357460
705378
468238
584172
329568
119312
98897
686313
105629
280830
580896
729263
476378
825669
297831
479977
995675
850917
60695
609650
879043
435325
855894
318685
779979
474983
218327
467615
489326
259758
520773
385690
923495
882028
233177
25158
722514
338629
308556
977214
859311
223802
617126
829797
231238
992938
318452
281715
919972
252715
180823
696031
834755
167361
767865
8683
931591
787065
706523
931783
504485
137829
949066
312547
972254
730548
621553
478164
558057
519597
210439
821666
595183
18568
562857
578668
39088
345641
624002
300088
337731
651322
834534
725659
562106
419236
97086
180993
918436
462121
424670
538906
399148
983521
214707
784673
371166
942414
792088
644106
460746
782942
987911
713352
775297
708862
810092
29624
633532
486358
684501
123309
458525
246884
16326
315929
256077
667320
613674
757652
964932
976138
777443
841868
930791
637619
693314
799434
113483
736782
179090
415261
952471
300460
247247
996773
926920
444782
5108
555261
434959
26051
47090
976326
934613
780735
491260
344141
638302
537108
64127
687640
414411
318511
335728
332882
864313
978417
593021
961360
90248
253960
387109
582015
890870
32490
986467
563052
449705
818670
144070
396464
576843
375175
399324
936822
483407
652317
36876
689451
452947
97609
81667
709312
346334
140013
980871
473055
466312
103663
627943
948072
227641
24016
346387
950822
163785
240172
915336
594643
929351
133264
266787
316676
590869
715763
804631
664818
491505
433107
692922
871399
122254
514030
835002
221954
185376
220313
459500
501478
561783
335487
480005
811653
215171
768698
281633
968004
970294
972167
933761
133452
608391
245865
177234
906605
466898
478109
662440
682030
786140
231925
368266
483445
696053
800532
837222
531535
854902
382405
410853
158109
451050
731640
692825
282460
984777
409305
170515
369231
808735
326158
575826
403531
526988
181262
729494
157279
666084
834905
134802
648478
191991
38999
455615
39434
673514
480337
493133
205598
856900
46726
575732
153463
389125
968747
353961
908385
715376
55043
851949
818490
18602
70358
193983
88005
657339
935121
9650
199886
214513
347130
454297
705205
33379
372365
999646
327640
373587
280504
257650
736929
379949
879344
190558
388585
376236
150126
790969
98439
170076
386634
140466
89082
513082
268722
978061
393262
224439
464391
279339
215854
397147
562004
378305
912359
192903
419371
644011
399765
824851
315806
532633
865421
882709
949015
595751
248869
27139
149141
925003
747075
107888
798403
106728
717761
130866
37239
198079
452922
118565
933572
684421
62772
532296
213628
40911
589866
213572
447813
713513
681972
138637
758230
691143
692373
607330
592783
316627
321121
300654
164531
736357
952137
864593
288451
462225
102788
662264
434743
478105
231644
396008
631643
725315
586899
731931
990149
853062
884272
539137
228527
205982
786281
950631
962869
421887
452974
150133
725036
5798
347984
275281
458460
936586
509772
622562
107292
462961
304056
396463
968457
32288
441673
355173
112162
557867
684222
455095
256451
382122
74669
52640
825724
272140
345896
829380
144846
37573
499468
413172
338753
407139
187366
719632
306533
589055
535681
947847
285411
950030
90896
55675
135934
611799
737204
380799
69420
506815
917291
850946
506891
214272
333719
498437
784322
572472
132646
687880
996277
201565
171426
743875
64676
17743
231255
323408
65121
550534
634396
721894
206700
974570
724672
505151
261612
413954
437843
650971
339660
926148
978702
927582
675440
345355
580575
620693
619603
220198
100245
292886
821567
683852
131429
226629
759143
902254
640215
690483
934308
344869
456528
118496
289738
526923
87164
13601
238951
538725
235543
644957
703768
821117
743065
608625
175879
554575
272572
152628
867396
117593
226027
679188
645439
855445
169609
325983
280672
688835
357402
927134
419907
374047
189586
909980
518739
366515
929272
773124
50818
120005
659575
193704
880418
653616
583873
33822
315747
790288
870560
5893
887529
296663
442011
145253
839305
408317
55361
681780
197089
586708
421909
992373
974737
528633
887702
171451
213146
857830
981865
322380
260881
357093
623077
102240
157183
621791
311547
780105
440344
22291
177600
441516
227798
202210
684569
251949
687666
133894
759810
190505
263167
846947
741499
806941
757219
70198
800335
26852
97842
37930
285058
458205
832297
253641
916950
961899
859267
508559
376378
810325
483195
106203
900368
761102
610399
979263
484377
304528
505550
574262
725440
271265
828814
983221
903039
477240
700044
109338
56242
145913
95665
140993
281526
435995
237533
289526
530621
985386
358082
4356
692658
309736
148448
179756
51203
594063
158744
572081
420240
419442
663280
666512
88238
868929
403298
501198
187607
179819
81697
192169
313714
348318
453225
321712
644603
76778
608065
283822
887439
966275
950160
566082
244055
315557
179609
522122
638286
737810
214037
154558
433328
9015
260396
227097
397953
740013
797199
584113
8823
938779
408052
449704
184325
442424
589039
417467
419460
777518
528042
707064
743424
941210
374017
913804
277469
234288
580348
879738
516581
914108
294122
496104
5295
818243
543382
11091
709100
410312
354985
992675
457745
383850
927644
986522
819164
138474
758615
262181
284614
428107
351467
635541
745924
813010
517481
351079
310841
603053
888925
385983
239483
307312
707498
371508
745856
575674
554307
546052
849957
415286
216260
84648
16282
335997
809835
348675
137774
745433
409141
202484
290035
198885
908633
671243
492110
160144
344731
304791
729437
705984
182671
881949
38533
371603
825963
422630
327895
934784
170439
606192
415134
728540
733043
81476
180935
86265
22069
34663
186861
942313
416541
616490
617473
169440
376327
52892
698323
203319
595565
335776
614335
81805
423526
282009
91254
969160
528767
867841
897448
676601
47733
781273
485195
440350
432076
356475
287755
305920
419086
249163
723470
300413
495779
20428
784674
958752
733514
667215
614534
245868
573554
623686
741138
722936
919159
922230
727747
711924
174588
957643
184039
751881
700577
980165
553505
206047
584097
486416
763994
747960
884043
732530
346181
912761
977179
341406
937228
614857
478901
800357
288028
336658
771837
20748
392650
231205
419477
469944
212832
281466
908532
983686
700360
904661
67167
316535
761876
846339
285447
873737
195432
96260
812416
153185
46981
676355
239641
196259
67954
22208
705052
789540
170313
504910
620515
161527
629211
246840
681557
652644
466945
821631
398844
713847
158656
298879
851396
478260
696280
233839
761107
132136
140521
540679
164159
739290
500483
361468
26224
885601
356616
535847
597908
349455
155008
570372
940856
592523
569209
703253
88202
776956
558809
792934
941352
380705
878338
693676
677412
446270
589472
462343
147351
461041
727506
983463
727838
440611
2738
235658
449334
746778
371779
715043
743792
864298
828150
656215
200976
343307
447385
387808
382088
419782
842525
514196
542668
30666
508418
556352
955282
762523
116385
73390
815976
397930
325397
102406
51121
231551
663751
860369
329213
934611
360277
251032
312772
354554
731231
113771
863871
197373
879533
844734
839076
876806
677120
133229
723964
361076
159412
756704
428514
696463
498318
794505
956122
461397
638184
881802
550539
591539
20662
154804
738395
430223
529652
347051
631269
860354
738542
346213
20569
790051
290539
649425
687921
946686
45239
186644
950668
597860
366412
231726
563497
248028
265308
654843
534145
237495
487358
614614
836672
28481
166258
985240
395810
444948
418195
586814
598311
564998
127128
913256
730098
955202
999750
443134
321988
309108
819702
686829
717327
279390
559742
682639
39034
761736
778239
710633
511088
807764
664843
405134
669541
263215
650993
636064
266855
764900
545382
26358
491036
720587
113873
83866
481054
866270
116850
339049
790064
369323
543664
830749
774747
950054
235967
824040
208617
828246
990891
180726
503613
620528
761667
913941
64013
587841
449380
191793
980414
647236
829793
807032
97499
993683
601548
120924
490801
909754
964260
88759
759049
565736
244187
72392
12290
988991
185538
567259
982923
215242
389971
28423
153467
801998
648795
864977
188941
237881
667202
251758
451835
951416
320120
573606
271413
998628
908350
46612
642622
220
891790
169162
461412
209390
759400
496913
482458
250414
486203
272206
266803
634857
207788
149632
5821
328884
482757
245861
350904
3741
796733
817404
355570
273091
79200
315430
748800
669122
255451
721510
129691
366086
519718
629767
310740
368257
131790
460317
80629
708279
389534
998819
398262
573110
329257
909188
448985
59044
363447
590453
124514
790576
843594
316031
836470
116778
962891
627162
484687
497327
656278
724533
286042
489533
570335
311379
985710
636261
515071
14479
268968
108766
169439
761600
11111
955893
922495
283511
810145
270818
869540
150885
279904
613687
870812
215386
5341
849138
421167
778088
186295
29489
145572
710118
222480
837
349932
792464
116741
979806
147183
244876
717127
561702
732978
365511
965019
295211
345506
802366
28842
27700
893248
570073
275013
346100
349096
487281
640442
945756
873919
750066
882635
680011
344760
984476
100433
79649
48196
321380
22829
116209
869588
681079
692774
623445
193164
565086
666532
221019
678341
227772
322952
469916
385407
476405
996006
836269
153250
14889
255008
214767
10863
116766
141536
351106
850760
559100
530865
974230
622616
410865
403899
773409
98208
234421
16089
253293
851231
33831
522905
591433
80413
515670
530511
545823
752725
546205
160598
72294
233981
947174
887076
183150
182515
826127
453897
952664
575557
488745
938180
962216
918557
418397
795906
30643
922440
757481
829492
392178
911969
591432
721484
308665
773278
285808
542163
572097
747126
488373
838698
487329
837742
931595
640859
492572
198911
856808
618203
15123
262054
104904
271198
880283
988808
756106
817943
703913
721215
548984
669707
382186
772037
45028
658257
746032
913980
385069
245928
299142
7255
496801
250420
860580
81833
712188
81239
523326
153992
843279
874024
398775
81501
17404
326291
677107
67019
635614
182093
550793
809018
447813
231154
877528
524991
33567
724668
593265
446698
311858
595298
707185
575723
174021
165067
359474
979425
867551
798061
929688
435713
927719
519431
579718
858143
175018
384887
502515
355100
507835
658808
716247
82605
970549
588284
276223
490243
937180
161826
567616
943068
184866
738708
503816
617574
889925
28416
661072
819851
103509
274481
919725
885725
162324
277385
868742
793696
563382
430429
303584
268270
390535
641517
965077
795787
554476
305471
577828
475078
175169
403798
608673
420808
703714
854100
672333
532732
62661
723689
345472
64219
914628
121335
28291
824658
687481
629700
370362
884435
863811
228763
505982
173941
407205
150399
991881
720457
196940
973133
696458
27898
667121
841133
4377
85600
490453
332276
172485
302369
456361
28122
655880
14532
702288
870291
634460
357780
943996
899980
842086
968941
978357
373507
620497
522854
860856
82563
811958
50138
298300
533307
232567
38997
166288
655226
386283
731160
102816
247114
502707
294666
819286
284966
661483
998139
745244
812888
226877
800981
530368
885876
261135
755873
868593
423787
32924
474035
937382
319628
800
657076
901214
711325
281773
234442
788802
171026
852251
768230
330214
338088
55005
206377
153262
189345
852398
972851
208525
882012
805993
1610
708585
625872
291384
31460
809691
843429
104677
879314
329362
532655
498188
477385
682583
40711
669745
984781
767978
469896
245806
140668
612428
116131
494853
463796
225430
756832
875796
418466
357639
932082
256230
328680
136731
715381
490469
977834
925526
901702
103918
310710
136608
458943
6141
864205
211018
674061
93319
621330
84334
396912
111975
805070
322805
416399
31856
406686
711283
53046
31137
779770
40044
159789
855030
492514
53882
888182
384411
540262
655430
218914
800251
512787
236212
261712
173495
167029
22363
623619
302131
485518
255281
599391
456970
646545
206854
754240
2849
768091
645415
491511
743065
326767
659363
54370
980766
968364
789930
532711
282397
421582
534672
11917
955346
152605
216753
910711
988799
17397
542511
402301
768248
969459
935127
959848
504475
310841
70882
62666
476574
937119
438167
408888
146241
239350
998606
292198
695906
445690
309455
473693
508143
674579
808472
500827
26166
288968
880125
194759
25240
520641
181098
61711
232796
387703
838276
740064
804831
119802
691438
134913
654441
164766
232680
208461
491228
821763
536145
644555
143494
717888
466061
754027
338709
405228
523265
179167
666026
524808
954683
657108
312134
186700
370607
630604
805985
774797
760156
825242
438937
354119
523854
95673
809223
970957
827836
297352
917038
6922
127057
58662
367949
597683
225352
616614
778132
8459
287984
565359
536371
715346
179791
228147
509389
570763
710947
401290
976843
481321
535812
522666
960589
619413
984421
512005
954428
396510
7033
75647
12027
376062
177202
6603
367420
371077
827300
100897
202031
678309
94344
915742
785556
137369
150749
329976
839346
881906
706601
681883
78240
728447
645278
649765
917184
612312
662487
500219
600652
587143
752961
300998
486728
370132
84567
138318
603159
695212
753733
126769
255274
738029
807150
386239
1875
567120
567817
514805
805240
654388
896678
461909
308770
510019
691215
889246
272373
289987
655241
21485
758970
255099
482682
825264
857048
761791
820516
235202
707746
132891
602511
389417
555209
342680
164549
188264
219122
819310
245623
189696
503523
452358
708349
314826
660886
904105
974267
851882
210864
766731
636191
657073
449547
309294
299526
353809
370224
155637
229246
820605
683040
934790
930342
708829
746065
648858
513714
95147
912758
194724
559371
940525
369975
604507
670483
926479
758720
666662
555142
857308
459637
352355
111740
539609
71747
428500
970955
93182
555602
232679
918089
136338
362391
170913
806063
92130
809861
578918
56473
622685
48611
388967
36969
811471
552377
423080
899724
311416
282020
398189
865364
553288
474953
415745
91333
378426
214054
450210
668523
806986
272900
670220
833320
906900
682697
77024
528780
799627
277546
699505
732253
396690
736637
924268
420662
667386
618860
649057
397707
106073
234373
861682
222986
605827
596719
808470
782173
961064
292792
539019
335692
825546
32457
609750
106688
306201
416955
554104
892962
254508
114882
759983
676386
194654
224647
813477
521748
224259
892820
636409
6260
582534
830249
873577
544138
874912
683115
244377
632105
912375
728764
72578
817745
463761
812966
963770
391220
711987
618544
144411
651094
727322
90323
214355
413837
337941
627911
492424
413992
417277
672566
344294
468076
222803
160914
927750
828729
530292
65410
690172
560588
864379
338231
634109
652254
876403
118493
688875
565865
793591
460590
997055
170442
445865
752224
952146
948418
627275
96831
820936
871062
986045
110229
748185
916439
562707
28229
359805
972796
201938
48439
130228
439723
785608
810861
493551
72598
354309
565684
930462
962114
740217
983287
342871
91171
676075
920750
561824
169188
596052
426163
868569
757122
142678
877301
764617
954072
498204
491909
211715
256885
70543
796686
956852
828777
499185
500130
646220
704735
58010
128495
617351
828644
953357
491024
507863
276678
901303
854528
770480
185047
372355
396649
867119
112401
64604
522138
758376
775507
475776
748184
120395
62986
607166
184267
120305
893355
652
137177
470921
26076
61447
43920
895322
416050
814343
570045
403252
216213
168798
252122
834295
460160
407854
943715
817023
675557
699172
712201
596011
878573
596181
525696
488393
594525
507635
997811
551455
61716
742507
922519
978264
903153
578399
760797
75978
332305
883323
206849
5024
334198
116342
608128
203369
812163
233639
993190
424059
682787
523777
37445
700037
721290
53229
394562
678513
497876
439619
717705
729714
480201
620388
573920
547631
407746
302774
65945
908171
936549
330914
375505
588299
871763
305974
653689
825667
82948
254902
977369
972912
741704
182098
682155
582349
551325
141729
810679
617745
533505
103185
39965
624046
827849
203064
254337
940723
898913
835145
815699
970897
19553
268834
158073
588666
377863
647105
111708
30437
89879
617879
237644
467310
276876
337461
395409
719835
541689
477731
360719
170426
38785
774032
242069
674597
190767
730147
881666
758248
351027
379695
555668
943161
277818
426566
613902
522277
106601
35108
527813
462156
805941
888972
717576
439491
40801
852273
277930
864343
920981
907850
165166
501873
822360
243272
892877
117333
43306
29156
261478
550980
782785
966865
195971
453250
249694
366737
680899
434930
35146
547172
344298
700445
841650
878363
390721
126801
31132
575050
919403
526694
581317
771163
227974
845404
483289
815679
200954
589920
197966
611072
946849
458349
521566
354163
644243
466704
551263
761225
378445
547268
76608
889412
77629
60539
276898
181318
439788
164478
218768
532100
402760
992875
906333
574810
64077
500702
342169
2681
350160
951083
653423
652219
762344
423239
443550
79255
430521
531910
897234
607984
12318
248574
288991
994248
527922
811275
745433
241425
786171
329132
201170
264804
64820
264395
569585
77899
746742
241370
79659
352120
419458
83161
134817
946073
555501
727028
301846
796419
590441
297288
607307
388555
561899
706374
604217
583412
37310
644848
771755
757250
240676
653633
807733
84333
352292
136809
377108
925361
975413
947574
151524
114562
575365
915470
437240
232925
342310
152473
433561
270522
318486
652027
445854
424414
867561
637439
237285
438412
375509
623823
233067
305051
435482
818720
209742
756707
129420
707306
314204
162257
945470
532629
885527
37019
376973
730415
699784
453005
268358
941402
998972
417537
976501
35971
667551
755756
33035
178252
66420
571221
706987
281804
622703
272226
344593
432364
727663
817867
695455
85874
185435
461551
173062
160090
485656
927813
582541
559584
384676
475563
898561
929307
468818
617050
297401
954819
363618
702779
111621
14995
856892
618770
218035
848522
987657
6808
167293
487755
44911
351784
606610
502820
491559
872591
991039
623979
5628
218054
839738
91524
703330
38843
257163
311232
741808
973195
649816
82720
14011
367629
621835
933111
390417
588616
760034
563181
504079
924868
636562
388896
86239
620606
724185
521764
866962
93749
843359
699371
327830
908705
812040
924224
329236
329539
261721
715373
26601
814871
948868
635581
536446
400615
85265
724508
856454
410169
152619
79514
406739
154089
788613
573070
368022
1233
681639
296151
172273
651300
956249
943550
209658
612378
483114
976439
910607
289477
423709
424327
288593
824259
438577
364479
214335
223436
655500
63398
730863
837099
986691
57205
556458
618890
771849
119163
431397
28646
512433
414881
311000
53409
291489
81992
688125
817206
733845
211022
517031
398279
943117
256880
977533
175698
793365
205321
317777
967618
703855
223417
916449
89890
734494
197857
583529
857964
437073
534602
845410
294720
180459
176997
570523
464816
138091
426669
584563
729080
933821
484393
787760
379467
487900
244621
352640
950024
705634
614016
217929
804555
849005
148921
305455
333216
228720
598146
512482
668883
999827
560863
776672
100963
205832
37256
687118
258517
757164
715665
433007
983140
99797
289770
497662
768085
465534
936387
506798
526569
955980
106952
351036
670636
590588
465674
218413
475243
383276
31165
864746
903362
516674
59486
965492
770515
873149
513453
147909
120851
697878
566872
926917
835518
486866
495736
21029
885419
397671
399412
119068
734266
158792
872515
453820
769513
419407
394768
683184
834438
446598
479542
111828
187711
499027
14762
562865
295829
887933
682872
340756
66287
781087
836646
371337
740683
1320
593013
402361
740623
401355
528197
324509
13118
284810
202392
648542
854982
884443
958767
8587
932085
914868
80400
188150
826636
791864
584233
628652
194668
131902
689551
235406
940205
139578
174303
587984
441742
405962
903877
553934
855814
642527
886555
795974
720313
146502
444841
152246
585350
750930
221899
427155
864893
461416
452912
387107
83182
942823
135038
523320
87324
448177
840659
945289
864081
925979
318055
793070
897291
150893
848845
543991
919956
412438
890072
943210
675631
791215
679642
835672
913134
598890
273416
836251
705185
558743
855929
865838
576617
581458
106061
673449
129322
459917
681003
460823
750431
691766
168546
91574
204871
996740
979761
880906
431613
888931
136226
422046
138917
308090
693008
602584
95298
414613
212298
673720
997541
633076
695504
369709
154560
158063
627002
387412
550873
386180
722040
688526
563930
303103
734644
297084
975429
296069
782740
18777
170500
644540
911387
662773
59550
477338
798063
971594
804230
269769
907829
891901
250318
329780
895192
147250
366713
659953
479593
822796
502765
440267
567265
949056
332167
593194
595201
819028
606281
550881
763866
277242
174254
101076
943593
675907
372447
545860
765978
347586
826558
411705
826925
33470
39966
442123
616246
117523
380118
818124
946558
905893
237931
290709
208456
715650
902570
35116
461998
71699
456023
759119
592169
564479
478591
829152
881263
491613
500650
550892
471862
371731
862701
474073
506519
503760
757404
787372
873294
776994
45084
95157
904606
370228
886869
490264
300049
40424
252743
151160
127837
819853
565108
742913
688866
383613
395387
950802
337808
392854
839045
966214
618598
117715
848856
484190
158101
330438
156489
909772
950851
678964
755470
425118
354219
361613
568753
483909
22625
992134
259553
524418
32179
529749
696611
560172
841195
322184
135910
99616
309362
520579
510067
929093
789903
915604
994179
219642
499084
152372
773482
665439
748025
783325
721266
473085
62666
416962
259907
617555
473563
363568
439869
867006
859093
722175
889960
283460
778856
661492
292099
549372
707448
632375
133241
626270
966868
734507
307697
165411
3745
761263
697668
470616
891349
378865
839306
777477
807327
853034
899853
242100
32356
488505
182751
272288
458405
298208
916616
764092
225980
18069
342871
802076
35845
4230
317657
326084
955482
480301
258664
303884
93558
807051
500379
307948
775803
326852
394523
961066
281294
783638
672981
334557
416608
197495
338827
170908
60808
866955
666950
508808
915724
719487
436710
246387
411327
485765
651929
151404
630468
917548
508394
250665
198064
507034
129649
552719
955726
975273
719081
