2524
349632
524302
635328
632871
58534
405036
748973
141952
566637
518144
645483
266572
701671
433545
903387
75329
303722
557268
14102
991041
727967
397510
59911
419503
761705
123896
946914
871973
295087
388348
717701
864382
81096
383551
874729
622990
604674
485063
644785
608079
882267
241535
560065
947725
427265
28879
703713
651824
139234
670323
588214
300687
878666
322569
817718
782855
505548
561740
973976
931920
556610
251821
777259
490906
32498
433933
856643
714339
535437
692949
201997
648664
615761
192179
64196
992357
261966
903345
395900
656539
497797
225459
315164
303421
649643
883341
606569
478119
595150
796671
718333
655452
749455
41166
834198
969770
416077
62656
117130
154812
309282
449523
199640
942012
89223
947354
357595
167523
566035
782677
36376
94430
896800
166508
254838
283742
126350
257577
397005
412285
329377
946639
841238
221256
267526
621114
666243
434989
151923
530324
7784
41602
206636
490417
283862
83503
586657
598408
904969
879482
92276
643919
159863
844013
862937
770162
535688
872678
910871
338287
893349
656635
149163
528145
347178
55431
756683
112710
219509
27606
378376
909663
174432
334889
867724
911781
339659
526886
40003
646482
734610
889631
654039
571635
476574
506237
139411
478616
347607
908873
824745
113908
812279
412182
315791
934168
877498
640783
510979
914247
791217
768089
478192
123893
360950
579364
598057
104417
171066
589523
329554
433804
678778
983301
295901
768468
272721
788992
771762
180978
701478
840570
226728
252941
145221
319491
180144
917240
225356
612818
626386
273487
746492
494122
445583
754089
530287
916712
399844
119546
912040
80556
88304
757704
337030
186594
636973
513480
944467
659116
551322
305621
150905
107630
742393
682828
120468
902581
761396
929926
699235
627524
871003
743987
403031
822333
612616
979343
818574
177961
482404
317956
942553
966756
294210
696604
504313
76840
997801
195617
668777
291124
747439
334484
28629
154200
794560
650182
25064
764832
598974
195350
567427
102490
922371
554759
341833
744966
633409
973308
391191
411994
633611
273299
84433
112239
980844
487900
452824
451787
470965
327669
658647
587212
779093
128323
390397
552237
512864
226191
759109
17080
979378
635130
514608
180744
321261
896734
591445
897658
147805
786371
942606
879472
233853
769467
851476
88577
317715
846747
64165
477952
840694
151702
940769
755624
404208
190263
375413
239329
25918
195259
184430
679729
436276
560072
564911
469826
308925
508110
401790
462155
800960
167865
352888
548318
163743
725072
979301
542414
580057
107821
331622
34171
609679
94169
397451
878524
972260
674883
208833
285607
648957
68701
271080
127744
690856
185556
951683
618043
897177
340010
440585
642031
458767
4721
504344
54618
158101
440934
460425
149835
298980
389735
810846
828656
227749
41426
102040
342012
521621
466428
268006
840372
741506
416267
940087
411543
734642
942385
617264
633256
240162
906565
866746
355097
811884
85695
385650
648726
282626
676560
342724
128235
6742
131484
793490
547730
911388
268693
598477
66333
293031
806325
594535
156860
656752
675544
802143
457260
417974
128691
77691
38845
853439
198965
604372
498813
12092
63800
741643
574086
176970
16932
131225
367649
325909
618849
560069
745366
246871
222134
474350
885650
506046
669699
182664
665906
426348
991767
657956
339122
795416
259183
368359
772205
520273
382028
232092
301584
795363
129839
592358
980319
34962
199092
887886
439715
137283
882825
774011
313455
384251
117897
747263
244366
780542
658489
66317
774924
791641
437405
632905
914845
231548
369912
936376
338669
594303
989343
720151
959620
800773
465913
683271
236309
383934
565525
451045
4068
26310
489896
954936
274643
367787
132642
642820
722887
624972
512747
731515
519547
133852
745791
269587
951393
459910
987683
581171
387824
603883
417282
848262
712527
598150
959081
386546
326620
855921
124508
287459
445209
455424
900563
191233
25075
286155
90900
702272
134641
118730
334766
360149
169526
299736
973583
352774
97394
820570
440515
374490
930795
23865
335817
725936
204452
976971
113236
115244
98855
52303
122779
529420
357748
985943
588893
801048
383366
944640
776629
216376
517950
726685
202453
751968
621871
646322
95522
914278
444037
999900
578028
14195
365458
996238
110792
706136
865718
172918
221132
508664
594347
302206
806951
226211
294827
389422
246682
748932
285694
193582
29015
956208
411747
242409
273524
372254
519322
628302
175180
166454
867212
432624
87603
320962
920600
250893
946771
434113
547324
545004
250984
196058
229787
932575
664532
100782
979376
841256
232287
690758
607248
654904
142351
426411
248149
798163
50016
750677
515821
506383
853537
582907
23549
140666
834923
554313
711795
844443
557694
544304
143207
386577
25913
945943
643949
464729
337334
135215
680441
389291
653120
545380
629807
261507
631922
670127
610631
265213
199021
136648
38362
245465
831797
875129
996875
816031
833000
387918
699860
197276
623517
688617
432684
154186
568917
713906
780882
420685
981792
112363
954233
471962
241872
243617
766480
358258
976914
694462
256237
877516
566446
153020
228565
402961
900955
632692
245738
824129
104767
253268
875506
465011
774659
245487
41472
183161
773392
690479
121857
990562
948840
51685
262821
907673
153827
618433
801767
583146
23684
578461
225403
958309
746999
961011
929684
174235
834793
343024
103247
385733
337668
342624
797503
77381
911494
196808
41109
631748
271869
796562
415404
727994
296225
568547
343087
319243
754125
890697
454184
760975
333340
972688
42853
870058
330844
70643
820617
42650
764210
140144
127020
810192
333706
333172
324336
775029
339064
300086
634273
68557
15856
949984
614600
204729
38622
29607
904269
382422
358819
296124
970566
224387
509805
412122
228128
936513
124722
629696
595368
70387
545801
318521
517815
292804
218789
966678
732088
231975
433070
395774
27543
1146
86590
73948
221256
209604
459125
827894
173873
771101
286009
824158
428469
983917
184781
20673
27998
718924
278669
841820
289510
244809
546371
157647
224738
796166
545642
350346
542156
77889
121085
493476
906411
498861
929466
164042
641121
906686
896888
806804
255825
861188
442530
65331
266475
325359
819663
996295
7573
715313
576511
895885
233847
432897
388981
544438
929827
12027
639660
851538
669792
800356
280567
542379
999634
756812
8696
613487
396935
341580
825084
287428
238880
902255
737074
170560
359066
452397
746118
520433
667064
446610
860895
475414
475215
38398
696689
840945
424877
341701
191167
491700
864231
203574
566577
464216
925694
721401
983757
342221
65069
684882
823253
891980
280786
242178
610621
82440
319414
876684
89032
899010
662523
835029
138430
844668
438945
70821
281484
935429
31157
571466
319544
901427
436950
910555
541823
805039
416037
624282
985932
791786
324745
242035
676439
356078
279195
437793
229785
67791
993909
304112
248231
160448
372370
649181
623154
449410
123874
80665
749146
382134
829613
17452
269290
94868
732449
3511
818164
263988
434874
323154
671370
469322
410700
69523
695766
588079
616432
255024
346519
783834
21065
497468
909753
852525
133298
110605
525519
643371
440902
924735
98351
397384
450315
332817
996202
936089
468923
544236
16806
193707
773873
642180
21402
939119
547629
939223
355110
880787
491012
267603
369805
96555
647591
471765
583184
910734
371021
181515
492264
413054
51392
430394
801119
9791
286849
268059
32651
6536
756057
330785
158184
657623
281790
846294
370321
101663
951582
7203
345435
272093
773962
763502
169102
785545
190594
633246
603137
561959
785945
915834
562897
711868
447237
340847
328445
197598
590085
126320
144865
484581
80815
985080
419597
295358
797909
49707
147714
567389
133267
183514
879816
959890
952
249957
860847
164533
109775
316475
787616
881404
499081
975102
227998
276267
14408
708417
542815
82026
52298
269939
818369
7922
290480
276821
355243
359457
204074
627495
913665
866990
317378
271841
350723
94838
823809
684445
39299
72053
758465
912274
429697
417552
285585
822138
749412
149326
240062
634261
248471
140455
336068
158471
84478
64437
674513
392797
902228
494855
467954
724909
108515
207381
327325
326491
401502
12941
663258
918712
957726
679692
875470
550340
978808
888616
703141
981460
418743
588202
33947
710799
477755
344793
544488
987026
978733
849521
141766
311668
430749
173299
582880
122595
62779
966102
840728
713837
670255
682459
304693
934171
506773
219518
108584
150712
120728
561480
857017
42863
77738
195393
644307
621266
902493
581315
119784
405111
569313
717290
751234
91453
998491
484968
819048
846700
688926
345845
241129
521914
78728
368611
695176
28714
855739
110863
344323
513551
30839
538612
59970
149999
126033
950233
622681
762114
144978
799467
199610
835802
2927
934757
985338
876956
230944
937899
453054
4076
466015
349175
356802
478247
695486
930858
650757
572874
727525
875460
487573
65200
895271
374639
547058
330232
758081
947830
964962
473477
985070
442131
401745
326366
120682
611621
860386
336246
373249
196352
776086
944135
687954
135391
730391
830295
725861
690804
281378
37533
918246
517344
243663
904188
285182
535486
667071
244078
720141
587290
268641
521404
146757
186624
99168
966505
640486
612910
295917
202607
418898
859691
31396
678497
873804
959217
841054
864943
108881
30789
907858
623688
417811
174760
154152
339994
217166
219877
645212
743221
296457
951051
131723
410189
13547
450805
25438
968862
844024
320197
321232
310954
991718
114799
244893
431070
441696
942577
792008
612627
495702
661217
500233
843632
291519
785886
118674
313516
517740
507048
273341
495281
750090
535372
437012
175388
661684
660856
501244
702689
379315
88237
442686
190668
304723
847249
403251
223906
708323
264676
466956
870374
162056
4107
320764
377143
646270
477512
432130
212182
521133
252363
171478
220934
509283
270049
943471
359756
567476
349579
376815
938838
51499
582890
495340
734648
225068
887637
590556
913617
21224
381389
733660
409484
204091
212680
55581
108034
874149
934825
529964
181245
874915
570769
460508
644952
972009
954703
344721
986242
116095
950963
177260
15201
729205
69184
40910
457491
612100
971391
341643
198159
667587
81200
985581
887658
406594
921628
405730
952054
980615
559558
281475
280645
809763
871935
620609
543243
310767
337113
987438
393761
170024
941619
963750
762534
239140
907700
766424
84608
696113
415507
84788
335808
530313
603154
312435
109284
787059
535306
526590
734325
190072
609250
671100
105361
33408
450521
81019
405699
510026
91779
671354
710286
988037
292945
783184
285321
408973
772168
592701
475748
83013
541460
284748
154632
520589
976886
8801
826653
99552
312024
214117
374501
86989
575809
445962
800389
539664
275299
642685
293156
469325
669458
527400
97516
236520
557583
448160
601134
33027
108099
972850
879458
61333
265991
126085
192396
626916
71840
678956
536505
981727
469896
423115
284968
132506
577895
987874
506502
459878
235297
115899
277458
691852
850696
559212
371232
285926
913778
421770
4217
18971
894374
194922
391135
371637
470768
864149
290478
387809
835860
679751
686685
676098
23391
146788
396900
134833
508953
315128
749688
992982
682902
110953
42930
202204
588587
230076
360526
730388
327678
418240
869326
940968
580471
711067
225662
245561
958163
847151
350931
915544
144855
708776
427181
878110
772257
46564
915708
578793
100953
923200
712318
796211
270471
854459
652710
369744
882559
647818
937048
28932
640823
690168
728849
388286
875705
987190
873508
5365
898483
624134
318623
859934
939948
181504
869388
27655
923025
992256
835155
556307
874606
428205
931645
454418
665656
446118
443795
608316
130694
376906
423397
918923
357344
580644
175718
491442
132336
477234
391541
933117
118038
174993
522743
374086
8407
753734
726239
407249
313845
836139
984655
843461
521625
794548
912728
861000
174701
108445
472478
497909
578502
299442
900439
16509
643775
598458
105010
472727
646113
987137
191764
569573
944062
291777
694333
52901
888541
149356
42313
101904
951759
548313
580499
258387
460896
881672
717748
775527
564585
7763
768361
586447
958786
717812
861074
189293
806550
405357
715927
243458
34319
745176
448421
478913
537647
147467
343190
422606
65536
166119
304815
183896
538852
585982
630403
67599
506566
895134
404340
809348
923953
35454
557017
809757
868223
826372
664827
534257
851305
293681
48698
25606
47614
345642
355853
796004
70959
336164
294439
370325
323975
921322
677236
471804
696375
820238
776578
673168
226383
771242
407613
358963
592073
160466
258515
493555
629376
490200
953334
95196
872702
543354
987520
183671
492082
882540
750000
723172
555968
231550
551762
59279
678707
340907
32125
736466
923022
402429
737398
930087
346560
982367
836594
810760
224693
127617
487289
71717
340361
523682
350310
381633
336727
269245
994635
237546
937904
440274
417137
38419
484776
849487
934781
365775
658634
274011
139246
226476
604011
384256
507714
162730
814172
759474
779768
431895
993337
407040
860593
255752
730078
563606
991600
947382
964601
180588
343168
994418
119995
905167
766261
677062
957928
898058
428618
285482
168847
14449
718249
542496
237971
212041
223178
811501
422439
186263
296115
81588
757976
842244
742877
953264
397316
121962
986871
352333
90920
830781
401220
83684
805143
905048
286815
651857
853255
946211
307615
312435
574854
349535
548629
249344
780042
458382
234162
327618
224357
259586
644166
772082
438551
196480
347811
317487
822717
618767
227744
569435
41640
713827
61881
192659
540425
716833
788308
981129
966344
681743
585694
401791
430579
983130
993236
516769
170067
526082
327326
214464
312987
788774
647509
755687
359866
234215
259877
218780
666512
594620
996750
971124
633468
981970
159108
254355
64340
883934
425271
726464
962606
418688
659117
741793
944795
616853
546378
334487
526068
909593
287602
186232
4556
326647
683845
755813
893445
282672
313609
559752
904510
583139
20838
179181
562282
362814
94922
172537
82876
89090
536813
398155
980862
14188
243182
723949
640385
725637
409948
854006
391983
108616
509714
669376
420924
841323
941306
76930
941947
426572
376050
110473
798925
352441
227595
781464
462004
279388
870702
276824
577477
867841
304217
659517
597564
747334
50375
238776
104873
154974
446958
272018
330569
66497
950114
708780
794992
517812
716567
342160
720545
404976
519555
442035
609344
584498
109538
788169
434270
136990
362515
569797
223220
93777
125024
78828
828076
993026
278811
620693
64600
314387
646755
258815
956101
97274
95750
412943
920746
685958
45632
142500
995323
952017
614178
961945
687579
792705
627598
242390
535982
878394
549599
704147
77260
239012
386917
631083
972241
694292
809421
820376
517457
258009
196576
673553
246825
533734
338658
738493
646385
41687
311002
862738
455117
708897
695922
629647
312675
160987
337140
21138
384806
640419
856052
497111
508305
439150
925389
731021
144176
505712
180739
971542
640216
812324
352200
497500
526135
315064
432794
617483
577478
831065
730569
837230
736603
514390
401750
773865
975194
235571
987767
339728
853388
646157
609208
429667
945416
300773
848507
15976
966477
957322
919584
956259
336178
558311
882240
315763
10932
230119
644114
300108
855919
393088
306544
231436
968360
815651
82356
459260
721799
858430
829308
93798
587170
296684
62158
264782
220659
95163
208980
143630
46764
289623
420424
462801
942945
958871
24107
886188
94116
682020
662766
229524
18095
730690
623412
253312
353721
522940
47087
536668
596267
698672
973351
741158
225388
949364
853081
650409
410969
596452
298044
503124
167696
472586
344159
107447
744043
791592
366446
740377
226955
977572
724883
262904
92362
276945
654968
508702
566930
951958
453931
791708
173516
763965
395547
472230
190960
411994
839423
841546
561275
338709
884758
646734
128511
732247
598281
819878
993492
243149
210540
584463
953836
334236
300259
940939
193988
402081
453089
399161
442807
628323
266252
162512
510189
157080
26173
83832
725680
541776
172643
472453
103071
615554
207942
831121
398139
908466
672937
586868
325982
727291
989002
339554
743116
764734
185859
940066
875746
919463
714770
885799
479723
245081
501750
219341
900818
361526
448752
76145
337713
690956
682409
284397
572488
702495
782706
828207
903497
673103
623781
779700
581903
429862
581675
374374
159663
679232
132504
867472
459623
463191
812656
426362
381364
31403
417357
968038
403391
576074
719640
936677
494391
642817
246644
550742
958394
985311
926907
165756
563948
677474
57888
872571
665130
191873
623412
181359
578777
12309
746564
944490
575128
799269
318303
409160
117460
176204
535413
660655
203193
774601
730266
131048
432966
492451
758442
941205
29881
762103
167623
252046
91754
527520
86590
162972
233908
857985
872584
212241
725453
354930
572012
163586
809527
524740
694594
531299
154127
728371
671186
864509
295107
782119
337498
346190
576417
436135
627886
501693
64842
885979
883898
479288
891525
204603
248675
628332
391792
675610
473356
320608
591505
742025
931125
464559
15626
216745
807933
288224
301291
35537
670856
374883
422434
428951
389499
793195
805581
87231
946148
655074
721456
244926
829495
14926
807426
281321
113075
72062
793442
126719
729636
200432
857895
994127
847425
573635
149716
420488
413365
440275
468074
110427
667195
615094
432280
851919
519714
507858
983502
53537
86384
768473
761711
918805
310179
800611
2085
131997
237458
824102
136014
228517
903603
980628
564116
34745
792694
58002
316122
701588
426766
943376
845970
150214
209231
233033
305707
971776
967154
547353
787048
721023
614070
774198
466892
206227
273697
108236
68785
389131
642789
90617
712569
783167
911453
880994
413595
925306
548918
174064
858271
373826
398891
569323
254693
401668
295144
283185
120798
790625
583056
86482
208990
266319
954266
324491
257930
361261
