9624
87672
540651
224962
644023
854594
898162
239139
702651
376599
94959
429587
132388
616874
314148
712527
779945
695788
647630
559740
414691
889898
326718
468984
262136
98995
659986
424946
619430
899287
242224
252534
605545
388202
174718
178144
621929
880456
273089
873906
44674
774451
833265
720673
528209
183384
660053
287241
855960
323152
213088
863744
127151
420098
181031
746600
550632
507301
512669
733086
652252
480484
522990
559728
728246
189434
404596
433420
230716
768540
370905
1683
553046
819318
432266
865420
167485
784173
100308
300309
355745
64324
515743
709716
286262
67355
542595
506795
764060
552849
596202
873610
800874
445194
24036
29758
639991
193739
163553
890568
718468
129730
123695
361097
833001
590371
538544
821113
720091
701293
532214
761399
312502
866124
275678
581274
498893
760855
806215
334565
322859
531993
434029
196025
806949
270701
101959
542085
250494
124354
210201
408121
654518
403326
235638
581976
674032
777951
715349
278092
380991
312028
632911
486483
779820
401931
813971
595222
487238
391771
219142
650331
111207
430273
351162
34224
868991
407985
123946
422984
187616
878370
605039
347555
402501
236564
271234
651781
793119
524493
211215
675720
222909
161566
809074
114765
628567
118373
341328
557902
891063
226156
29333
566415
402885
410926
663653
281267
140238
496378
300737
157675
260176
817040
375897
162793
345413
399048
91816
383123
287785
334450
227440
756979
851241
224280
339475
286058
500074
486463
870059
868581
447571
141901
154791
302952
169753
165316
563010
897606
714117
388684
365121
177203
627843
49679
253705
85649
542858
377694
31227
342438
609987
696913
700493
80239
162775
877196
335878
674509
104602
886429
874838
460766
601422
146049
610160
697479
745494
894150
461285
859981
102680
261291
772381
180131
654509
69348
397172
774813
627720
488346
354384
447042
615232
62767
534235
108033
641244
80319
91137
546299
790554
213346
703846
739614
463453
803598
887109
455729
322929
416025
200289
56331
273723
332860
311690
408863
321569
498482
224271
495378
465843
816960
502170
186860
581589
485488
279756
278156
656683
871029
731157
528406
428160
149171
707888
591848
266834
26518
261145
499883
571997
157696
283116
274213
242498
568001
488507
546315
873748
688190
161548
125427
720544
715828
319213
783719
756758
79990
81397
608374
283384
561555
872312
879332
94717
406515
21766
824482
217219
808863
783040
156121
407663
269792
873560
784287
156706
722239
352517
148972
657530
792908
602144
396934
265665
258299
20830
58968
524087
281608
237673
581569
790839
568763
713533
509257
708904
887878
559869
241454
178690
356684
82223
670461
831323
9788
217851
300957
488909
224794
880219
467588
175782
666015
499871
643597
54412
532183
175552
269473
427467
237576
544734
546258
67740
81618
603033
582023
184883
567570
716840
667313
384517
294848
752890
751325
752948
399481
148743
487138
102105
266167
619409
855226
785933
596219
770108
435821
216596
658957
323047
321128
335302
682298
538375
799437
869915
691773
3231
117508
733587
338136
331517
8815
116415
737857
552084
822140
203087
449722
462865
870771
640953
741784
470076
561039
579747
283141
126765
504394
429901
620833
662344
616144
128766
30660
234935
799254
517673
114654
599491
110403
65563
695839
421359
479916
128740
368370
833329
682430
92896
243300
715021
789108
461569
216803
312719
29641
357595
470017
393349
84007
488748
542552
889911
461502
694533
185927
787108
98384
868025
55450
74362
780201
44769
543465
783921
113739
70121
848919
21157
499080
865915
683194
451151
824617
56166
563322
838495
135275
149738
681010
650103
598313
359747
150228
140743
178484
492752
882057
489568
183328
552671
130998
805495
157720
542038
544762
114105
505234
151904
539444
108613
418652
795987
219105
558251
257974
365306
553347
10431
272505
766692
850237
122553
261045
120296
252218
315788
587832
864082
809774
599521
372778
438031
473044
814607
99062
421265
249047
141273
875395
199583
82604
310117
662721
42332
421116
352948
607006
215827
738624
544707
347128
396604
688101
204221
271501
534701
860559
90362
665166
277376
358809
270585
105554
789405
434586
309301
637990
845380
583779
665799
15235
879961
560325
870008
160600
436300
13392
287040
451910
564611
655415
135584
74539
397127
657583
4408
42453
709672
789141
114566
755672
749134
343919
274557
249243
104349
12170
753918
300333
729508
515427
478997
249429
615074
436354
179282
563207
476213
622305
77218
197362
604512
430602
4169
378326
336184
18654
782975
820531
342060
88690
674564
171644
754543
630707
463553
855018
197348
154922
402429
371278
562980
480187
420856
316190
553614
35463
311527
630801
266476
753778
380685
151718
572349
196383
690835
212669
574405
249943
624644
557257
176782
442120
729511
620349
59352
877930
556505
362084
561252
222237
129542
891981
847705
233934
99140
648579
561809
141368
885292
816314
701252
899527
731446
295941
584463
159128
34993
801317
416576
724061
198428
856220
506048
714941
543939
414752
712509
530551
233337
248298
739763
544550
220078
692718
387159
19200
617357
272037
257344
867769
529301
755271
410642
305221
206130
549492
229064
173051
584055
67665
602877
890997
660346
503600
347959
366035
295789
292551
306801
761983
733364
266915
494916
416427
758440
38998
891729
735031
211271
703371
42605
844334
174101
85882
745770
869424
315891
46071
716958
386283
540698
614117
134545
366114
439380
91176
380872
295248
794360
874680
467561
518021
632448
260305
554795
878255
741768
763272
236572
243988
561573
733240
84750
694044
761024
526681
781087
486219
309614
171730
254467
659052
21069
210790
75792
126217
366717
339050
759014
269590
843096
95638
827609
475374
471536
659802
487068
691894
395075
176904
681100
194621
216989
742799
593206
43717
14059
233384
522886
69563
206967
61897
492973
636033
500357
480663
37326
710221
404585
145432
632933
484363
228642
838694
528372
34590
831255
562528
354636
159651
808173
802330
213940
733910
306114
520213
609401
689422
310793
527754
80307
21315
157218
444415
235247
76336
605781
646908
505310
627891
385675
119799
149305
121138
318249
646699
423599
280408
257898
647175
795213
418972
892824
198051
555753
565986
414407
645902
563115
447899
798030
425826
846329
397352
160611
192441
449213
68476
460465
58425
531797
856831
619448
841227
575702
291598
821826
450345
145726
374624
51806
695701
666677
262212
410746
474886
652927
870022
764385
643069
473761
760976
793903
587191
757613
166413
301037
490651
54860
588521
9326
826611
307078
212948
774437
300087
604721
525413
609504
457572
522004
481787
492677
823148
567287
152255
154535
521415
800201
813445
442725
864264
683693
653297
181823
45386
878786
19863
421142
791177
171406
408635
97727
695053
893510
576470
427428
317760
161053
145850
659256
11361
853286
763885
56212
264337
488967
59441
852274
449611
250396
838788
716101
159569
36453
277635
856339
810305
769358
570409
496145
686630
853977
632438
777433
380203
888425
227915
23242
680522
260877
222129
29212
55843
77160
838681
738751
99496
227225
747166
753999
804373
304012
516934
793942
64477
856220
777032
513662
269951
487651
438216
848209
270968
786751
597118
103695
683345
817699
766644
466795
367801
621367
760462
176387
339982
726445
874339
655002
187701
873186
9610
878323
242313
320524
721168
228972
436688
886662
171013
826805
527720
711957
107735
757643
368385
202102
186007
374102
155300
691111
610455
425755
663793
355214
20884
814558
527687
739338
698641
174585
206555
82388
310969
108209
805260
758609
849382
148315
210701
696407
858623
514443
891873
602489
188283
534772
182757
58097
158853
40321
365127
704714
277752
51022
210613
768103
689129
371396
231024
246674
209892
270031
466976
440165
325871
61374
883136
687119
638155
155095
484985
847683
525400
94388
749581
123939
798168
503102
613226
69029
374316
198084
774399
504991
865210
587672
463050
253780
425232
82854
647983
480027
586082
799826
765030
301896
644816
626189
335083
210521
604867
778835
147065
529695
3670
614437
391280
379911
314193
743166
845042
234564
362864
748180
860750
867323
660866
189260
635796
312203
883533
170458
372392
536790
746671
86548
578065
868209
202816
541394
269137
295908
216275
529061
843758
418686
669467
86065
623375
391608
15786
133192
586435
134500
595669
335684
867130
1650
316211
22592
499447
463390
125764
157747
446749
769882
410734
81003
479655
863988
552931
823074
412852
83651
1471
695808
889343
742995
625485
159020
478412
219211
476264
630320
164383
5783
516479
527496
549383
225271
104658
757606
119927
851651
889177
82182
846964
748889
876932
472393
398826
586917
863005
551792
456954
14092
324010
838871
422638
18196
806190
284299
97262
862099
332367
717833
699114
819731
220434
184469
316823
724479
275490
367860
350455
547405
615056
549990
515665
162184
846997
582595
667295
27128
359186
425233
559110
72464
267608
474911
232833
707349
430596
652610
892406
518118
133634
225641
273994
741515
465042
371838
287504
138046
423112
777756
561276
401008
346733
170120
507286
25082
540227
22829
790858
789090
74406
618168
588029
500806
611822
265869
365050
251336
199217
282851
417833
472629
219110
616771
64001
238899
7971
280600
418229
362247
486376
624147
323818
148897
557172
476415
132681
528965
684213
519963
527023
535542
259998
44409
642145
307968
454000
676307
283965
704194
553147
808101
301804
146615
94014
614410
494196
622304
129834
589078
851146
357615
616036
297389
152741
804434
211466
567263
568333
578202
127373
37921
654097
631784
304156
558793
224984
66739
474049
362886
262448
95128
226373
493369
786211
205374
80910
42132
658663
621540
247305
515309
467796
364650
684867
778526
447696
464601
26193
280637
859430
602640
215151
83187
60982
597548
446245
24668
96997
458131
410886
216410
811893
555261
513042
565333
396112
895455
870844
8435
14718
355509
898661
195152
327030
119371
235079
208762
894864
88809
529102
55788
758617
192473
818848
658245
732192
24630
96062
408836
251373
351827
147106
186947
825009
807556
640552
726669
48569
425837
32617
169884
175964
324102
499523
853107
559444
843239
350164
518581
851849
140726
233893
310209
291305
621258
428100
780875
33460
718458
83529
723767
713491
868392
90874
526932
354632
439715
677706
264115
26241
508157
507580
20323
211430
111307
538309
860491
429330
269394
333231
340099
108703
253172
231674
872431
254778
13334
663294
235032
792565
189069
131595
246313
515291
543045
80497
819235
157822
471054
48700
208445
573932
177667
9719
376924
310848
524984
794737
657387
769493
841375
224220
280951
883254
806967
295634
13738
29392
244658
535282
838530
684521
267906
824969
501933
246121
238495
537164
703075
77878
318711
778401
288159
488831
353106
511262
708667
421422
215137
110601
443720
834528
797219
739966
530471
439729
480020
271567
882887
572624
857234
525030
256763
40914
21197
132869
7191
540130
477578
758607
288679
304214
559732
230879
367788
839356
381088
119126
345300
636276
228859
369138
266805
226967
78866
555034
90917
345461
314141
14326
292569
623325
290601
325019
318776
181845
189154
98693
712348
811209
153881
591740
218852
422976
292471
111929
447225
608522
715614
851330
677787
468853
343768
726673
663558
789055
639519
403507
395719
281702
299272
591884
41589
327195
808685
37079
428430
141205
209173
381803
169519
789890
867841
313530
17391
445528
608342
612019
645656
82250
218595
457095
690179
464534
554478
285545
195408
338459
331039
690734
318175
57928
26376
37203
588782
334095
127343
264670
894255
492536
759194
731645
48100
822258
20694
876363
751706
842148
548420
849713
646528
745858
160897
116777
348386
479963
239440
270269
757990
351375
236454
505902
214338
202270
41393
267729
393464
467516
488230
325107
605360
522944
788838
381278
877648
323643
732012
374227
518778
722758
886741
320919
425218
409141
542508
36427
689547
48648
11634
77683
783549
885791
664263
713752
809188
333421
633271
767144
462344
835078
16996
43675
858725
623954
887051
742417
139910
227044
488054
793527
274243
737347
712926
264969
625172
306919
684314
791377
131825
18048
349640
512077
697992
325104
142583
430767
66041
126905
359535
503934
142833
209297
42269
233081
748898
626642
468351
583420
784539
719022
591688
101051
119401
376255
61617
887467
680266
291709
867901
78912
586697
685512
65382
14449
874427
90821
322249
594968
617493
197414
483915
510325
739176
533026
517223
36562
509082
590180
666645
725121
112194
19390
726776
414690
216896
53662
155716
49025
101975
140217
816169
452668
875303
723940
866721
107554
204875
193858
777874
187478
843116
657272
840833
799923
144160
344220
685556
323626
600163
318315
609281
590694
383216
817561
844248
694961
13372
625540
612777
410767
798319
548193
854676
200712
429055
224536
705772
151427
855883
738572
554342
384174
610578
825554
440868
394779
526349
478211
282776
202276
630991
11020
235159
67694
757208
234435
826173
872107
354320
92692
83446
547609
439366
506393
813776
605353
528901
9160
191259
267546
854896
712550
578553
20740
814458
695097
637672
105616
231012
218236
581897
212804
828500
460427
93068
527901
576430
857310
271514
541173
409682
318131
802110
798180
521810
99492
627857
846626
277901
579895
68354
753322
311469
467508
678238
556986
876602
368401
205057
759864
787513
510889
490777
39951
722724
467468
882194
275703
180103
151280
245412
574418
275284
715077
369590
135346
812804
581
391725
120216
514347
603626
313493
267127
805718
565818
771690
407415
111460
435070
637155
311766
348638
811600
195772
59464
130709
668211
809343
17791
713462
776348
566511
807367
813964
149293
131696
573384
727474
108739
899606
82702
156307
748293
845736
487301
622304
467197
746320
614429
87565
632611
29827
234893
750857
127733
736903
481012
306265
562659
433606
416123
65840
264678
104974
371127
527244
128401
789826
210218
83791
262047
21184
194889
152120
41580
85807
290744
375551
717504
888005
577105
284810
432422
366899
247683
357454
209946
14862
494679
670373
655137
115163
809358
403496
619923
236790
481991
697513
654579
772830
691836
176656
344639
464033
341516
133392
428450
384511
654548
190789
226759
286685
853430
566093
629257
436713
835835
689888
488357
782373
350292
625677
182673
618834
733916
717010
227622
361594
60954
695351
398840
593754
109891
127464
522022
585642
283644
121101
334765
645995
80988
578728
63735
41804
267152
146667
619409
855384
762457
307443
660730
543487
218320
551621
82006
132448
248105
294243
685795
722064
612405
239114
171396
864073
90657
103820
264760
295634
3772
565029
197039
487687
474486
35228
141651
676709
108228
323128
847777
769428
618465
675100
656283
593841
685486
516384
350262
696567
837625
560686
215790
90602
898139
337910
897242
180223
347996
631086
806106
305675
149041
25610
598285
29671
360165
563028
871391
585597
483158
203880
231071
197809
648150
848878
151534
716015
784787
451220
426003
563501
560624
725255
340492
4764
368657
135887
304191
314801
394966
841381
151503
18634
352703
818033
753642
253439
207214
39012
636639
891303
262697
699246
613421
520644
533246
529277
296342
332204
340098
845364
578418
782133
888594
479011
628320
688220
91675
707209
567063
312753
21332
579810
772987
401923
668137
849710
800204
204548
788179
352481
705720
117400
879458
592928
65424
874623
213788
366782
408343
381181
745183
550515
371607
181219
733987
182966
488238
87739
339804
335991
746086
696021
693243
799100
688163
79945
148435
703637
438517
268424
581433
87070
63469
503844
768164
160529
666539
376856
154900
337349
59350
748789
742832
422247
147686
78507
246631
657875
794075
210192
888024
494095
265104
153040
171629
778756
91369
512625
107714
431482
561930
71841
840388
293807
296162
557054
812404
218484
547268
273666
348490
833476
232022
242858
622039
407458
756066
570081
525795
212174
879978
228397
272212
791299
202232
536694
234544
414384
536724
876686
489626
227153
819374
239298
140472
522281
416603
207067
895669
599934
247389
301457
811810
527154
52155
285165
244248
481337
1552
496473
584697
41084
430591
299559
142996
688744
69380
599963
418214
398835
271461
798421
455966
40910
333287
176959
674617
408352
571197
864527
111724
715716
450331
436057
737281
632032
22058
451605
526008
283200
651188
39944
799854
229264
7774
41874
209595
399219
253270
70835
780277
440802
539393
889210
246002
394084
483671
444204
28395
540102
689067
523117
511965
673112
700898
474255
39177
286532
515077
492916
48794
550891
381938
762049
725446
106398
757580
734401
15470
701654
845330
732210
645248
607952
416429
667121
306844
314217
800131
336381
501779
194801
331401
674410
342923
63375
717366
169221
116991
136177
303922
419967
357955
470414
299693
359800
147237
591867
786476
60649
220304
162598
585918
92013
8650
372914
19981
497613
61821
405391
583567
871527
728787
821397
830012
858
8186
174301
217754
714481
484839
720508
417429
57033
5175
842365
317354
476577
697744
8698
199586
495549
479206
733527
528220
456407
607033
154875
728419
20323
898972
506283
668543
371932
176464
408485
860711
319568
618575
836982
524116
816358
666597
59224
245584
155847
481945
778060
22477
797040
245545
802960
442771
379538
30131
540669
449201
127812
291920
125663
210901
742118
781178
118002
386390
431442
258095
1589
124142
582209
783086
132206
431942
645784
804253
442906
542185
193997
812909
463407
449274
649625
864085
565136
606722
874396
342044
785260
398465
173320
191667
862387
18182
887307
109118
599510
697913
730428
576690
687674
41302
27585
137146
431032
408532
64123
854004
22965
475747
119631
503736
236121
496789
874801
721785
424238
153139
671599
675076
67127
310512
266967
259013
384682
30970
546822
691401
483788
412364
218254
113534
694375
792993
524931
797175
760426
470948
144707
757196
157117
657923
747808
419934
497984
845761
600907
869879
192959
215498
198782
683184
871540
422209
35109
386412
302041
487510
613482
81986
681704
292371
308829
285368
307409
272085
551644
252458
170359
9272
601092
119146
317607
574891
883028
551010
787606
156259
753051
702517
587446
374732
527774
575971
675605
151769
526599
663659
78451
852348
670956
624779
735549
643250
880123
640962
686347
514294
145376
497783
444210
393237
761971
244563
675078
343425
146241
205577
859312
667775
418645
612693
298120
811388
331682
95970
805360
733884
553359
213990
259948
613395
317856
616456
229473
759340
66654
779170
849513
741766
274210
670689
157808
420383
450915
762601
177903
469929
77081
826390
735107
409017
29645
436797
114984
227038
645439
498480
310519
434606
21171
90721
684889
520156
659994
260126
898631
667302
41464
640954
153472
899659
581207
131373
116358
114874
581960
763249
5269
868741
140593
269037
480993
210164
436023
698767
124107
647830
538921
301586
620735
136851
747206
272480
206189
203101
90605
286256
395234
142788
558367
619120
29059
407400
547027
661662
725542
569737
290838
635920
317613
332475
276476
898676
274623
295894
277704
20849
274948
44457
760819
569548
325180
605646
536956
280615
563581
295833
453197
148099
587912
462442
179910
62151
244711
621186
659625
792185
569445
837874
667585
152072
162569
828910
718223
254188
260817
442497
864082
837734
633319
17914
429682
450017
713506
725892
27786
215322
67836
623924
543312
500731
632427
207259
187618
828450
140799
774683
136622
363073
359127
117431
357501
304767
431104
382627
505726
344860
467594
284954
37547
477297
358025
485326
795706
130166
770949
752569
677410
328413
36894
216691
160200
105531
326657
435869
606885
632807
125855
414617
369205
729211
238960
418653
861599
304824
49027
599548
551420
79878
91840
6340
326342
508248
361245
347911
82398
75566
756825
631569
302650
533044
856536
230904
246473
534632
522460
894706
65092
694201
127452
651040
438836
735498
225252
125095
41882
50262
53288
578111
565310
866830
298310
571525
681431
490846
276247
542667
548051
759053
51634
67567
128517
166435
13086
764745
810377
549861
218033
596222
551796
894075
104969
15058
219004
351123
824646
238202
56929
556127
421891
461456
784472
806553
549903
699807
535410
659942
92492
559837
494381
137752
302019
715353
220279
305902
283362
603818
21562
898006
292692
401287
588232
68659
133371
851381
133444
806554
233868
763419
236906
104757
603047
376241
428733
26154
522353
812663
463660
794742
430768
860450
64159
34547
887170
596177
62340
854233
327482
486334
571248
517057
405785
551375
37268
75268
748869
649132
252222
124130
699112
779660
705225
705502
248904
514376
375298
573798
699230
183953
767543
820881
703957
141405
798590
53249
583073
390396
16320
178376
209978
153192
838593
605927
236148
308731
439020
612786
898299
709372
273215
451375
593264
537745
23280
311357
215803
515832
445083
268017
765835
436304
657961
864635
166898
153458
752862
649159
611734
657021
327839
170304
354581
633583
856030
837871
771224
207951
535972
767073
335922
232647
179834
804262
152758
838416
463604
243157
734515
245317
657051
259726
303533
272665
362837
24984
117272
615813
387794
829544
742963
842138
614390
571875
441791
629940
364478
590202
685787
470255
740113
290421
503806
459603
613061
545899
697679
755659
775274
87052
97956
770036
610615
165121
213782
384849
67663
730508
403837
365371
85071
696937
193709
34357
796248
143894
760237
125853
700211
815823
535727
209055
654982
489585
796113
551747
654321
142465
495151
425159
826789
599525
335235
682248
386978
443983
142619
99129
629035
261307
518388
553526
24105
653166
14552
472659
748728
348221
884466
689549
153362
696464
10634
332802
410806
451643
423329
721500
408213
54572
305962
294408
439321
71236
384931
53733
478546
699804
653072
515192
472190
894121
729650
179517
264243
213497
142920
305047
142764
888541
137346
734920
127279
608801
615902
541021
350775
790998
140258
53345
243235
24113
258132
436050
866618
812877
858489
404240
768089
474379
163432
282129
896122
892346
831722
118481
321314
848817
121457
214055
774120
798776
46194
78131
353149
501223
764576
81140
114044
536102
845031
757910
750608
725460
354657
508424
214332
665252
133656
350891
439755
715169
400761
567783
593525
351954
587281
386072
435050
170616
572423
340229
750110
641108
483510
770001
301713
334405
149669
865802
88122
804623
640004
168095
93807
766872
555365
512047
422356
386093
887093
520636
121597
620769
487542
781503
712898
345141
67098
685205
28958
776722
866174
396374
395779
833395
186976
187494
554015
201728
440671
369221
772451
865494
380014
617185
343477
870722
494836
624107
337524
122732
275267
396487
858051
873616
339794
873885
35477
385287
198777
50988
812019
141732
747561
106814
833932
437147
194886
870167
134650
609724
295139
384007
847853
109533
482520
591711
68470
452981
259969
550912
831090
897989
538166
639374
834065
52689
754947
773572
694338
722348
384771
279682
689181
66290
123710
472001
470156
342190
860828
15718
20407
658492
361764
555157
671626
737769
343350
166301
579557
585302
281602
303633
24801
80028
133059
880279
692698
49801
589147
17401
491965
92264
56651
774074
330031
38367
89583
460034
435351
842706
318389
284026
895049
380260
547576
825459
376624
576574
694205
333408
647511
467048
673193
826596
310805
300021
392957
204326
722611
333179
524335
483009
825402
33279
584198
103704
797214
671631
20594
488934
462177
679145
841477
531348
779493
810618
160274
441700
401650
26848
820481
709354
688320
69232
499915
732507
247458
4724
480536
619613
673615
629100
679475
83966
644462
303445
6279
450688
898429
684744
48281
854065
222782
287865
538305
67481
491775
452479
780102
472301
520164
521779
584372
71745
173715
119218
660221
341179
781660
220381
583113
638146
421987
320000
856827
765492
533868
781391
361827
750263
165473
147051
837625
458887
518691
614756
455452
675790
547819
774617
159687
102098
253147
604188
490060
609673
741542
722737
481457
757895
847096
486132
770372
821368
333027
693337
366971
429993
844808
621103
97324
20704
91454
677790
82022
327340
493602
422128
552075
639831
826588
464556
51530
122199
480265
277853
127133
146788
815082
277617
460668
669733
590888
867933
327740
839683
191619
621406
90759
230463
301366
269850
288857
753375
509512
128037
30708
721443
118481
775936
33249
618390
592390
619803
312516
846048
449668
362075
832186
235672
107766
475767
204978
718007
5090
740092
183333
396584
8022
344721
667187
608187
838122
843893
357019
222969
529714
436291
304919
153105
332259
240727
116978
690641
632511
409803
488903
355152
840799
387515
616087
321288
33052
147815
131622
21378
392249
361782
661491
583114
562737
402710
552787
683841
479928
47202
396392
861648
770289
213981
240835
119386
271180
58715
149651
584299
582809
725279
341864
587373
552878
893375
425769
241145
583344
241284
669454
589546
148385
141293
48123
180589
510247
149746
608826
60180
71093
831622
616116
767850
394200
504598
125035
282914
504704
749135
133143
408488
586889
349244
339035
3929
550181
435052
369795
681966
836103
696146
50909
140434
580047
644326
497105
808117
485357
418473
272606
441658
810260
671110
27730
829931
358300
358291
256741
841164
74516
360919
618611
467725
277826
346214
19316
817208
51224
7591
14938
818347
388725
102966
656390
657024
9845
39078
683080
89447
21239
870366
360337
267509
354825
4452
491286
733525
882289
159960
200675
824541
41978
512951
681114
31548
524281
344159
656391
662704
570972
714194
577345
228052
24398
340180
218303
178486
743113
301711
44372
760838
884536
426294
635880
380010
829160
312198
547093
51054
734027
192936
701307
150617
838696
567507
273504
417980
468354
63598
897384
548099
25187
834195
866476
187406
606725
661263
808314
852985
94109
727814
174185
849206
689477
233364
76471
153373
584133
347598
885602
814938
781821
488871
53119
390820
725521
29646
681274
250862
91344
775893
531050
699318
87811
34188
229296
577915
452495
528332
633324
519116
489703
435056
765436
774940
65522
628125
840787
408753
580564
861506
419281
772955
844827
393082
17796
440450
69129
592366
587483
661848
624088
874104
98403
712653
345071
864163
376160
672994
371584
79278
683850
569141
96122
122767
824001
692283
314706
154292
681166
640843
489386
321540
245463
643671
599739
754469
630142
821270
112580
124054
473240
551805
501550
854812
302053
873036
449787
45851
372369
350372
446635
655802
72870
124502
94251
222729
401003
354391
660890
193182
192765
79631
81145
339674
241992
337649
296271
410763
198081
752837
781686
72778
179204
896865
192805
716261
837862
12982
541595
362423
117078
537447
565413
201459
178037
822068
474220
755936
373390
163124
786814
514078
223219
347393
232215
524903
37494
262381
630828
782000
495169
5459
730643
125454
366163
893769
230002
363702
259896
503089
667363
724061
798563
147726
876577
818718
174346
485619
296787
217050
83807
263639
95761
855545
702886
167205
805879
280814
316343
174768
879909
195801
361650
240132
43600
318439
840410
239159
139753
383892
185936
114015
498344
367568
356973
15613
681781
145086
868283
820630
643186
226457
606737
572771
879272
208434
268297
666686
515533
577301
629055
186493
775343
466154
232616
895515
26432
553943
392652
742513
95517
824898
134402
762852
516701
717395
239783
726072
265651
706488
507963
394307
375167
397443
641240
484924
674871
580782
173487
618802
695469
67167
655617
531416
221022
273190
223767
129182
716087
682339
534430
425851
521475
428708
301826
300166
296885
827884
446502
787908
763983
640656
694750
424444
23757
603675
415497
411751
397137
615345
161838
39523
337420
825936
674257
136806
700517
398354
876978
122255
585801
292175
784547
457080
713615
503744
622692
241159
725574
888798
800669
338404
837118
179529
818039
751654
519024
159908
499703
382982
507851
303486
572952
460917
434684
503851
481252
256585
297273
889489
183599
505618
749642
133375
365584
886475
267028
648279
569820
743181
198212
777485
494752
607933
445044
699783
895291
687717
128445
321252
530775
481055
777721
469945
846530
542862
826611
735670
152653
775719
767310
34152
29184
482221
459150
611671
219607
865851
818535
599311
302526
225465
719521
625277
11396
146738
631461
87087
784287
114588
509222
661054
861756
387830
352590
586663
661281
541936
699716
895348
471521
91076
144631
646490
668794
603650
237674
52700
801263
354505
360924
463148
273565
235218
466162
30513
166621
750054
91332
364709
496853
541296
149089
420181
292218
95917
845823
524780
234343
569888
3619
888393
613427
848962
664553
560460
374673
328343
221265
502736
420873
677051
241702
373330
300207
723227
335116
18511
116797
456096
745509
270444
190482
529733
102817
182095
135942
317642
233280
301099
157641
27522
378340
778425
499351
442791
168792
189441
696250
132174
737271
531800
750460
80596
547930
246627
359494
880279
156098
131802
316506
29793
302622
265192
257642
894687
653689
252015
873364
542257
825412
664616
80282
477210
676284
431272
155906
847286
146711
488414
692519
49739
622192
658937
845177
680280
410156
599078
114936
303243
371464
883670
23816
684815
275201
171614
443921
254530
36096
198361
55766
454308
192896
275624
591408
754347
660989
75034
624711
783892
774683
568070
209452
171796
895472
259733
378614
818636
25135
843741
501975
552763
245554
776551
676570
158637
815779
662674
298459
292625
32135
163697
710594
87689
418439
359471
98142
455802
806237
332403
748283
504484
891607
446078
82623
253259
688907
816145
875270
382483
564952
532140
843000
91562
12596
714545
530564
307648
394647
562023
851324
532914
149475
219707
67692
138947
134831
301952
742360
565419
833551
281527
5073
837098
587009
81098
732019
461013
730102
146674
542430
764465
488570
526488
406671
247070
182978
468216
66843
789898
26514
547106
506823
377159
683913
675323
633831
598038
807401
70304
125137
254626
650054
723722
800893
219146
896363
278541
298428
17814
650723
178842
348273
116715
519659
417477
143952
221945
539025
211489
397362
667889
491656
593030
431058
158260
201548
532661
540999
207527
784492
859474
86366
405635
777561
247024
713268
78184
605225
611787
526733
466
814216
552975
581140
516452
399804
603670
203055
345280
558324
598254
823421
331704
736780
322936
73647
602399
105663
874093
739201
371929
326922
111163
328532
358801
598361
96589
392169
394505
144240
617033
450523
768684
501016
33683
324218
670880
102340
218351
173920
838999
573727
627428
737745
60420
572276
215484
363572
658186
652152
849959
315848
644560
621816
245567
242821
649873
655771
439046
158961
115056
80372
599819
794683
597289
131463
287244
493143
72387
774389
617973
805942
473985
111846
494887
301346
851032
551057
382356
73779
369242
720715
648359
894257
882769
840842
213056
230342
771399
7860
702877
183743
516482
442409
586260
762943
806381
578921
366684
872672
687377
72228
616172
542663
641412
568221
370331
462146
671192
870842
139367
361793
313779
316362
729105
604015
360542
735635
25861
760267
705783
252279
61815
77255
150306
397410
16777
374236
478492
702355
260873
67208
399183
557572
481271
80645
564738
811928
393733
95559
12168
114625
463927
177202
667481
275755
776233
17878
555165
190216
793328
337544
768036
251448
759672
639166
104531
728724
566285
185894
122778
89239
153206
732164
17313
221771
295707
406950
543263
141324
260231
376133
500205
445402
695176
96090
537167
789376
545491
360539
120178
814364
804485
374833
134644
499915
631013
393879
449276
10226
328901
747409
409834
81451
644294
619174
471593
236330
862587
48220
501761
238411
295686
432783
355273
353563
485887
287757
685050
226655
32276
896497
648735
643044
279593
475898
818601
139236
875840
562599
113278
885906
423444
193873
204497
111490
149663
538629
511021
649592
21340
532956
773547
556107
153383
318745
426467
513238
517152
524735
434462
876923
801838
560877
227050
191252
118048
686742
494087
664087
601198
490209
879039
396613
116287
382554
51027
358160
712388
564979
265488
40551
48865
643387
73280
804127
530316
768888
376668
352959
762958
79812
57375
195208
68870
485698
625398
567743
586349
227387
834612
328729
380308
859353
157890
41090
597705
389280
874516
676105
190745
77604
665046
155308
215055
700651
99429
551419
75706
184319
23738
639052
448365
526095
421377
78330
777728
765316
479208
176890
680404
575036
619026
310109
196852
541092
734636
720635
226519
97014
432791
779394
793506
213644
705700
164186
25705
557824
146590
610868
719094
689891
249216
38735
579586
427862
353031
96774
681089
753800
475010
810233
880731
340460
332775
420374
106804
750998
292127
485349
709996
793298
870081
298957
641186
403552
54492
254310
638036
573424
314766
75132
572418
368055
398130
877724
47537
636331
846230
824158
831819
68769
177418
729936
532931
501440
55253
694267
183510
456289
19873
62131
168397
643526
270230
659488
440351
667668
568421
724612
10772
792750
359322
347337
149796
49263
228085
797672
185053
870564
81266
687896
62595
657988
142724
240050
568242
425644
805920
458621
165856
92187
473653
300602
22206
840391
209786
383022
467516
882939
803584
14407
228716
577006
105191
343021
848702
380608
631212
704327
552299
141651
247391
384743
340366
174308
89874
131443
283948
566917
431246
325809
106036
25528
864448
786318
774690
580105
281713
459147
735293
306889
636275
623716
210944
793091
252694
486942
214262
412637
427419
101069
372062
811085
384896
84831
95982
395125
159962
285609
698452
722077
46625
287531
469464
378539
18501
837314
20925
78305
896958
776491
280710
706323
359841
594191
677141
529155
80334
162895
479407
319131
324838
47757
778779
690534
234458
266004
292201
335724
200383
530118
815279
755464
519134
397952
617934
769064
13864
517003
219444
114625
527718
488130
137659
345164
642542
750971
64847
890944
855538
525685
806380
235053
753458
433884
264613
726738
89649
87579
266849
137948
882790
40382
127136
504124
525385
508131
428572
323524
624557
764989
586571
218846
726669
469093
449760
473256
708351
372445
486609
707567
344261
849762
522355
256391
418786
480814
775745
727813
271177
127110
285436
54650
333137
291175
830796
183436
662790
57096
296037
891858
272025
111532
740805
816523
104247
476966
598169
476188
768054
186345
556287
616165
208428
323659
603559
680190
639386
841974
622066
209267
873478
123883
463260
309465
46470
505395
647447
622444
72408
494083
503213
320742
384207
242635
317062
165246
749191
288251
753450
711611
518585
428338
55262
290580
755051
811909
288107
686341
544703
728361
633309
614128
547499
750813
598855
615885
726377
734358
88451
817871
496964
661192
126103
274069
731091
112302
765556
503210
823490
435927
895223
286458
427244
576013
49554
30705
389541
850179
204645
775921
318388
419418
350598
116303
223133
245904
729760
360971
878364
553574
891991
466891
715854
39916
707209
448179
115049
327435
755120
637474
751533
539118
168453
71596
67794
361710
865086
832304
86112
655065
295096
71413
785565
180990
244304
869126
237024
535640
695850
459046
146149
73685
88757
467634
151802
672545
777574
50706
406838
894356
857408
360892
398121
603156
676694
175621
874159
178984
495623
697380
296958
167099
4168
387942
600318
383113
350975
653479
245304
201577
759595
239219
463495
481367
773121
67641
536267
683933
567442
723241
532605
887037
55656
706826
44477
309854
79279
354202
64231
549680
538032
726915
743940
593949
379321
164502
871452
95951
771160
383687
578185
391704
835750
21125
687334
280930
650528
310868
379207
41651
580049
778537
210338
226012
383372
187265
182027
461822
221684
362207
828446
986
107390
505088
183637
683060
421134
502684
355770
549091
386303
616763
497718
338519
757855
671665
579143
631271
10486
699928
181232
51095
454023
363304
188266
782755
603950
14006
38776
700650
424554
310566
292249
123225
481300
462094
771255
449202
325901
730793
495292
852634
450999
419413
891748
107420
556057
184554
529229
167197
306598
126070
533771
374525
856215
488378
408792
9222
552917
572411
594536
195477
87667
778501
106843
415618
424055
664931
446956
344045
715097
591827
165383
716231
522564
601930
793047
549914
389978
91812
769532
150678
729493
559685
245275
564921
263143
782577
616528
407323
422979
494597
888479
172723
499732
732368
213832
416553
754475
705009
239289
366168
804246
642382
35997
495327
835148
329966
700050
838085
640069
212532
892857
153639
37734
795960
855430
358368
340154
595716
504439
261907
309820
799656
802977
81624
599602
118106
858277
789121
346419
75373
72802
745799
491368
737037
578436
302646
5488
468597
204539
654834
21310
868173
75078
323524
463389
726467
857166
232197
140020
645412
567599
842629
351653
538967
174353
435512
210607
574775
188213
620095
138387
648523
660043
853647
755891
762052
832384
779583
270646
53330
788212
363475
657289
886083
156617
145792
277472
564025
575864
554363
552090
311175
2622
687555
313153
1000
174260
21608
722544
272636
437180
161590
292144
560191
699639
417154
589723
836296
822227
734735
773730
477051
560802
851358
774730
34955
677830
838256
277200
713616
754472
14936
103566
704993
109032
222946
161269
526862
74574
686555
834202
854076
462399
602523
860430
240893
704043
844502
589733
894188
46243
273146
14295
689443
48841
34597
491109
764857
604479
578823
836916
511034
828513
581520
425813
207428
152655
330198
670949
499804
679139
525060
607055
586508
362177
346274
521936
291801
604427
23325
466035
719524
451540
227284
579450
426813
344204
422366
559198
313791
190778
210363
344334
223949
827145
538677
392915
112935
634745
783538
606388
461832
439030
191449
265045
247038
318150
121919
772538
353671
468891
559885
595338
10373
396328
778736
455983
336158
750480
156764
35513
851539
867099
333693
651394
538939
160322
183996
323372
857019
321225
734891
295719
573444
620204
899853
754575
870057
382162
667077
20273
138331
775806
442009
106446
631331
799845
714338
876024
584347
676538
679539
238394
571785
430660
24868
12341
225401
617553
506266
819460
1686
343076
116660
650401
713061
601833
330965
683296
579423
871625
558793
651033
71464
189786
260725
810819
609424
228654
58560
890908
674118
191435
343576
115525
141652
11835
440578
781674
54619
434521
873122
555264
622860
758732
746403
812646
139711
28913
592835
21006
279796
360464
868862
430709
645124
323601
222966
465294
70211
203303
452892
629501
130740
326538
529213
266494
481288
210723
684
704998
395701
189536
815272
402370
568655
169383
61993
60124
277158
262855
839181
493787
834460
893003
67193
749130
418017
384488
453774
796209
466573
675957
98922
201087
877241
91802
760056
342090
664378
407456
404149
833261
379259
667848
171136
769647
805174
165464
276925
75172
677646
233521
456197
391213
436876
13564
313134
227483
889045
793826
507827
522993
280420
77435
346528
82727
747593
586430
756316
347691
270717
742775
809522
462594
825377
270262
879006
697035
33138
205924
35281
420357
492619
442065
427009
717735
632248
798889
498609
289549
787794
20133
35864
359507
886267
269821
211152
269401
890360
674651
634813
74342
290534
741515
630583
366729
722970
191502
76790
398011
773817
781518
630234
113120
470225
381580
362740
106189
602002
689909
344629
492643
420045
154611
396913
298489
432999
182943
839982
406744
606521
572213
532047
299327
695336
753536
480184
485831
404252
310164
169405
239713
678623
276282
246123
737596
894388
488421
827571
8194
747345
230116
396782
191554
830234
467313
372594
439176
209531
341958
419792
402920
614242
681647
592166
732667
264279
874042
761960
193440
886937
462891
534566
869859
38807
29388
860282
690106
217959
733346
430416
530316
668422
315867
12466
845837
271757
502083
27215
565317
808524
160565
435560
724974
529574
656494
274231
716764
842472
693918
42939
534295
764391
215672
63524
115907
2485
897065
468440
380065
186496
206853
345184
832654
728103
453276
477907
805385
439514
757772
469948
419186
224941
243568
738058
56078
525048
245111
242612
419143
103854
798639
261447
625808
628920
1119
574797
198311
59054
794772
837180
595379
207057
209747
646712
136716
293128
114478
47750
595961
46772
120818
815630
254933
3602
720476
394923
255499
720557
112491
394931
696577
362366
31793
226590
112177
459361
836516
760949
581425
65525
126865
14552
206900
405743
341680
475275
763018
125276
829394
518206
746530
780625
365847
27512
538864
785104
255740
432447
810282
733882
296401
138535
605132
424171
54345
556821
365787
523574
258794
175662
71207
871070
243685
682209
306569
648495
125727
429
98092
884503
178766
406416
614664
434468
247904
709582
65545
39098
571796
597338
358830
583633
421388
37220
426894
433449
519450
342783
208565
665355
5687
388461
770699
650782
869778
649354
715414
317923
747302
478834
101910
151277
189989
543248
322926
470016
138800
366372
233410
441221
617928
40015
306204
15367
79807
222846
228137
579373
810312
832881
29664
804372
264749
377831
478531
72233
145087
673736
141598
102464
230983
647886
699436
673459
748667
123249
260632
254459
42509
541262
556321
490212
584637
117875
274839
163760
739919
113674
334179
447594
660887
592191
674051
385925
17617
59279
445202
303953
781
871631
344805
606970
746151
276854
561650
283325
798517
688168
411052
745383
620089
176992
649097
17739
378294
172922
83460
790784
202752
193818
286622
794549
370444
216796
827424
780210
570374
353689
43451
124012
731714
724050
263248
693861
852426
137469
252460
8318
840629
463849
278571
167193
859065
618191
648990
371119
677783
641943
510470
656171
202389
117668
366336
837345
653802
90653
453787
143983
277266
403193
225348
417678
358240
502758
383491
180308
606611
633910
666974
299114
600961
230695
274011
202597
656113
487054
262083
190627
398597
144831
852834
516708
589620
26363
762347
499171
599893
79638
447609
670095
801463
598403
277104
428010
495342
578047
421953
445853
274855
850359
550124
653302
800957
551287
267200
240991
756772
651984
829278
490524
108099
136261
167548
572289
442655
638291
563077
368397
100594
200826
238621
744712
236474
116684
429795
13780
329357
828080
447343
248882
142794
359827
859482
354485
745452
193197
414045
174619
743064
451147
366258
352909
362709
751870
310487
142676
392027
566112
589713
166038
304227
612606
443916
161580
46367
773670
133216
254657
722147
64590
2192
735305
859840
48671
422892
157947
328178
329084
867223
104461
447311
576275
706691
208939
847199
637918
706903
623731
674443
778870
66386
390415
439342
381910
772682
60336
184873
718535
51053
602084
568147
709197
477897
674324
401581
302381
407591
193629
491027
115641
579601
326601
210094
644090
168468
149224
421446
471673
570241
523408
484469
388746
19918
188431
846807
470389
278234
287272
498717
324258
137421
175538
515329
69728
507101
551817
649972
676243
167789
679182
399027
395096
538448
573602
315352
664469
792363
170651
230925
250818
450713
746400
820571
797358
830824
705927
331233
14064
313632
500264
460767
641771
534724
188126
320818
534460
595121
323514
504218
590787
836451
84931
436375
699468
461559
392974
106099
525145
434539
852373
712088
588046
201378
703831
130882
203192
715780
877229
871663
672858
500001
874148
687411
528982
101942
701212
137705
297173
413992
562268
764163
297651
713774
859855
850882
255370
740523
644159
589857
107737
582424
253772
510540
160208
188448
777257
800494
466683
292165
346612
100648
589961
14785
521328
651165
596503
547879
706497
836522
571198
39335
259459
107891
735638
263376
491239
86777
391557
609423
565322
759303
789513
175382
472404
826796
29949
70041
87594
24003
87371
790417
145297
644461
439311
829187
578240
228448
742723
178491
489952
325209
765100
66194
760739
643726
308128
725326
276286
382270
167155
533640
60548
604521
607293
628617
858496
225788
752713
170094
785646
603236
355068
603179
349431
346180
46432
610828
423400
393538
5581
532822
437678
18203
310867
414859
601200
621847
116102
218637
578344
706423
833446
867482
236703
38571
58025
334837
889444
23008
872583
735206
531209
877398
564035
343895
495483
333552
315633
28415
110363
45797
656520
498428
825502
522259
843046
819449
158525
403955
63450
309647
274970
226183
250930
168392
33680
663728
410561
328894
249909
50749
739981
688514
159183
14877
81042
444089
891088
855253
648790
223521
850511
417677
191018
50001
164964
856933
777562
488222
574752
510790
68850
839066
61671
645427
54412
265526
231339
603869
137754
601256
806502
751926
350892
64617
454387
270173
463871
876437
299658
876408
834019
578709
178038
48704
579527
300185
351285
37078
790530
661118
775883
223923
564385
778416
194659
843358
742536
395593
368068
842934
645287
123512
304427
655887
520539
412604
509611
700602
850045
867471
756926
742492
329707
591136
611942
40224
516881
740888
551364
75529
147700
59167
731188
320128
335323
697975
289283
766668
180762
498725
523471
694943
367996
520816
224121
559788
484236
823522
576009
866359
575872
401483
159359
586149
847363
724261
169393
127091
726461
562195
824582
316994
417537
180162
822925
772591
679348
213169
693947
70113
812437
112429
472415
363740
46573
143797
378084
746674
528915
46077
49570
490361
151260
165005
566273
420632
49950
165033
457868
362810
403072
29068
803758
288357
202240
284333
339403
553893
292480
140580
897693
380034
650606
209222
876170
587120
389998
516331
300414
74532
151846
546897
598987
101444
66725
498841
359353
225207
81745
340943
720555
570684
223149
53896
323376
347479
15907
28164
449539
505830
870675
552530
684352
737105
576024
465043
275714
517856
34707
1014
60190
451110
453783
786083
642166
2747
803344
172436
483163
148008
411792
779036
42274
259356
826392
341291
507969
717595
419007
620906
462375
441813
590946
88449
685749
596629
417800
705945
569309
872752
520305
426043
500245
97949
71898
655542
237112
725348
591248
736864
822937
720975
694415
306548
641381
406237
601205
145082
26004
434677
777992
463844
702700
152600
24512
499412
30546
508047
289298
736507
881549
2243
698490
826012
283449
698284
830789
887343
1317
572481
774840
110850
699850
241294
543329
724314
107720
766980
223320
66743
218398
80394
468625
343061
240805
275409
11233
749455
277674
535653
773961
224510
378311
460735
774884
396958
631677
236055
653386
619186
210928
865367
388190
200126
303551
97643
469979
60178
424670
474837
30933
647783
661714
178973
286223
739554
234568
535557
851609
599125
208914
440282
182755
607589
42367
333958
598530
181670
237686
33251
502525
315426
415855
765162
73622
882520
173006
146569
488304
875041
871837
613235
385729
119919
885860
679666
481365
111086
262152
865943
409116
464044
107965
887730
310577
819669
627593
363293
886184
616406
736983
114834
67956
396163
847221
676381
128722
555317
567435
66381
134677
865259
511831
178244
39599
145
730249
268525
6296
738558
832440
882701
228222
688407
833248
432626
682538
670193
55609
243464
159690
862612
636245
819178
367649
52699
426293
646582
174535
21303
749064
179417
299550
170515
88514
732490
103602
425363
136213
449427
466668
662357
518798
856937
515572
107962
8014
247261
399200
616094
594787
20970
520029
279906
869027
752431
809016
540235
249413
461975
423242
400611
59772
633587
445342
208862
113104
179786
769792
401079
110586
307239
2212
634168
337852
457104
353200
515353
187835
209527
653448
62655
161563
314953
448916
616774
22485
359459
400911
556953
556151
390245
799726
613950
207640
135935
85098
484527
308918
651336
286221
871427
341902
352813
872757
5931
218904
472998
505736
829400
414588
433924
362677
595481
122357
423
465314
629954
458688
500364
605400
747497
724416
584707
428039
758922
661874
663711
629142
757483
329512
259815
288587
668665
289637
252009
422227
370737
667412
175790
596111
181211
62277
628969
760028
374064
399556
686889
58557
401404
443415
510861
493159
794718
597845
737559
539049
725037
28702
341945
294389
432949
349914
597740
513999
453183
358770
403840
415282
88046
119109
757806
257017
58949
134760
899561
129873
719975
863646
141106
527320
783958
665775
539307
654993
821373
192968
27171
459336
285449
582798
314864
496124
465490
482208
174779
122318
349335
729161
417109
170181
830023
439135
513992
616283
216604
591803
773864
285991
705026
13045
836040
560615
446454
532603
229224
464138
509001
718542
579884
788568
309156
696057
871241
738911
599397
315150
460984
183259
402599
688479
723597
844160
177600
744502
897473
527175
674116
359730
407851
597779
712038
652670
829485
675583
480255
104623
464010
431174
328647
541946
27734
641774
300864
823760
492518
888081
254483
376248
338151
672970
801746
768999
484074
400569
654012
20638
884092
165331
516095
801215
34484
620777
315703
447629
417958
480946
54292
158336
473493
442424
341595
504226
495141
29148
744963
4457
354861
354823
991
787057
624395
667183
255035
657142
869234
146754
391712
95850
849407
103314
332850
755225
84906
362652
552408
24695
538487
695382
531515
104129
786315
390965
506279
143833
67068
298872
626224
580760
325058
349269
296270
104463
754025
327486
431432
619454
531560
782640
320399
644464
198060
133559
707169
519729
159918
635265
91918
281614
160131
544382
235735
413767
727826
438288
877234
107379
602496
339477
5546
104912
222919
179886
225028
40708
318053
35116
288540
270518
450225
307478
355725
827747
109384
872729
512592
502685
620646
456652
67196
227846
74352
393790
45292
56933
194605
172351
757374
765315
394773
725096
556087
214341
28482
368039
303236
553062
756227
501515
65563
690000
170704
819049
472640
749046
202679
677961
90147
150385
496789
461104
169607
798549
526048
76298
202526
876080
12865
347219
191375
232862
309983
167427
501594
788204
39350
792500
534674
310343
544295
257233
81225
616224
864585
552797
385065
714014
131293
179132
552926
795008
463103
53506
136850
136462
492504
192982
519248
439514
400528
862499
850762
546809
25025
850843
218902
461336
56487
520200
500307
463676
767380
354065
845769
237946
684096
484485
804559
870448
118397
573959
601830
826718
584424
675542
459106
226917
535708
887671
296136
351034
608
464609
136179
794726
209121
801253
191697
419197
152858
663160
896523
461401
253999
878239
259681
360755
306010
318070
123539
202270
17788
602620
520093
770496
428917
430623
23194
186285
269871
645407
654473
484961
720149
35010
409741
869242
854081
474580
859246
381040
637810
654360
324445
15378
196188
491311
728372
24511
101081
371683
881276
172317
100030
721713
246280
205753
333513
471634
844127
736252
553270
683876
385591
410437
583857
232985
644573
358377
64357
313596
801937
731365
4307
668027
162701
498875
46623
883989
114534
211760
460164
718018
165132
519265
216455
306777
356876
385021
286633
549282
169268
480580
127989
683385
890646
428538
848026
443611
735238
191751
548691
302353
589086
690542
653666
493462
505728
859368
787387
506726
769979
21661
129500
153637
49287
248638
417434
254153
831115
284737
46743
401252
449758
269594
165744
277106
807274
611219
731027
578396
259948
573800
267758
94631
778008
268321
672321
200444
605658
497517
606549
182421
207031
420407
486343
439040
483186
383624
868637
244115
88938
302265
478201
158572
153729
832562
247147
377988
228471
122276
147488
601232
736373
709344
787193
470802
760901
120018
816919
460067
657726
93757
479089
424821
16702
540820
372808
153193
350161
42674
605202
419692
727534
285015
806578
754414
646784
397792
363401
386049
720929
589186
732006
668650
214754
426850
833785
868711
344744
36532
20613
889853
176689
652014
543059
26460
842772
638312
720995
684209
544967
222194
63774
845001
83833
224050
42215
168349
863327
880632
65903
46814
723020
422368
613704
899166
595450
516068
357041
377561
462661
338939
289456
21598
500406
407378
59967
334046
533470
567077
469053
683567
403256
277083
421636
313853
828305
826939
686779
242222
112451
810126
874753
622832
305757
321810
729386
856930
251070
45112
697703
436636
401952
672316
685405
891611
515250
249023
603096
224205
136478
559842
552153
207413
482665
871776
330058
264924
231864
391592
344530
793108
123728
172630
184227
669162
831638
861933
324017
611624
440341
555444
88669
698916
547229
636842
886832
106504
108681
78151
333827
888702
535065
478768
84411
855992
663134
780086
422034
803802
133268
706508
665648
236261
94857
826788
274329
834528
476476
380165
369663
298213
459265
725610
268536
450469
823872
601786
848235
845849
463773
459167
485764
316230
878483
637221
281127
49228
266138
553650
379649
680651
163272
104828
426970
417714
230163
604651
6726
837510
681811
829292
691898
520236
451302
90863
642012
709203
387406
107711
388404
424033
360789
709659
404159
200024
755376
507157
592098
431236
609505
206470
92187
887332
451031
442923
628434
709714
646353
314977
308527
131921
621247
98937
494534
18354
887561
117079
685645
430339
715081
867917
130606
574517
371635
316303
878679
594888
206741
482899
755119
831125
581145
502663
175747
446615
270919
249134
194239
732151
669127
749016
754904
647219
128197
233501
293701
880555
140589
830550
867726
591239
628918
639865
300157
289512
361371
787695
762289
30858
571204
463251
293266
385426
362819
458409
681727
655450
289819
582584
6050
667638
780699
92261
143333
805538
724967
570190
133917
405034
491703
453024
29860
415669
17177
214070
726854
351247
633554
702287
167122
476274
198786
673641
603440
898576
494854
581696
401393
683840
252950
558365
73633
322722
541806
783965
432089
573489
860426
473503
846193
886500
719339
890729
700947
346592
70934
623928
504780
235006
715324
591362
713755
343028
164276
39307
52203
366915
217923
693567
742974
78717
186526
537522
370239
597200
64647
435442
584825
363540
132659
489797
688134
885965
135404
677701
554591
821916
539218
120180
322387
654696
468092
284414
175731
190277
118268
63914
579241
522495
259553
368924
535657
408965
659062
530570
141888
99572
892999
128857
413993
484639
336548
80083
175135
27736
568062
427815
547980
598782
511823
35486
284543
343714
741750
124149
608284
468440
684992
795708
442702
307703
481346
91530
575288
211660
804802
447578
128585
888834
533269
374790
483181
73222
698243
658430
262752
894362
179943
137349
606077
884568
657170
744457
719317
47520
516111
358365
637723
679904
16034
80852
837565
753344
485386
381404
80621
799591
9573
332853
643069
844173
227315
50285
120872
444541
316306
624953
118285
65126
94408
478001
454583
561728
385952
317577
45912
18806
156939
885096
40692
814611
72616
602407
392377
120237
815966
485479
422093
451753
289573
877007
28800
644649
390661
661089
11360
55193
22455
686168
759883
321682
428327
146113
829022
106760
802523
434098
294636
455191
8269
743819
478411
16805
700244
593928
484297
778867
569537
504160
279388
281477
799877
711741
675478
578668
61680
104504
448023
102317
250868
520880
435804
277104
196424
363975
434486
266534
885864
505178
584246
525047
830138
807098
289988
226664
795436
251275
252622
283366
685528
735865
38813
454833
256009
218482
113796
159656
48856
568997
229170
101293
776143
751668
203911
608564
373070
371928
879618
596045
3564
708818
469561
168556
890837
85577
740706
689585
681170
504581
379694
336377
443495
188295
884886
803009
277685
403395
133133
24370
85248
136315
299892
751053
59818
658137
120493
544243
527550
574440
746792
790002
457257
749520
182937
801352
73763
235308
594794
852917
61836
555722
86636
597313
457489
156734
615369
784967
569517
82467
747669
253757
537644
654959
585539
126945
714603
315890
690964
655745
647579
591435
587466
286535
830277
497031
658586
148127
451367
141943
196000
681287
432188
439468
280108
230546
111354
354610
601467
578680
738357
669446
883553
76446
551841
279670
774977
593917
511765
277267
517311
404754
219946
798197
131724
704994
795682
33452
52641
442343
708294
192798
801575
463163
218632
821218
562963
413343
423943
843799
869583
120745
311121
273857
198131
43849
752611
586050
324403
130902
724459
90385
23762
7769
866703
235930
561364
550197
262982
261202
846065
186706
217156
309428
760549
130341
674515
514621
281444
852925
455260
117185
530123
7277
427621
299976
336594
187889
98037
47432
694589
361055
559507
114655
626386
862635
273069
878190
629860
369014
566996
72173
257774
869076
877955
782543
696348
139737
154913
654035
134403
528672
293468
111779
727857
530616
30102
57773
287967
335883
888540
139708
528803
773067
196176
40018
268321
603835
785352
669860
44002
193528
162703
608562
511677
86307
359210
236609
280881
466220
881909
537815
702709
774267
680940
528819
319206
506238
446022
840230
345824
887915
479323
173810
494984
82928
378822
200765
578821
303231
635173
269170
543343
698159
545885
768532
761088
754321
55547
394912
412968
823152
656661
273598
807964
339715
639407
64291
76750
221011
134842
628967
733752
287844
796567
423454
168593
823234
214649
11317
665218
103336
231815
445898
574034
828912
212449
640040
348829
446258
679706
857950
692004
646811
390884
514555
556830
873164
566858
613737
249581
320715
758870
651779
651883
722219
77171
29587
163362
667283
545452
180236
665179
592269
184659
268161
196942
213869
643550
73825
510232
333212
201836
200528
57611
141216
854310
144803
132895
866249
549888
471127
601830
569851
821886
433902
422781
110931
675764
583751
802719
500856
188005
727961
577172
313120
57261
492556
784486
662172
413050
55636
897364
51137
708725
331242
844639
584947
778047
641321
406849
270191
66038
652962
859870
34358
277111
348349
792979
613202
162557
322732
157355
296070
783015
584653
604049
898646
718808
563005
822847
493295
755352
850324
324148
554005
677624
301472
871461
298376
668243
599489
843274
42706
499695
614558
332025
716496
257667
465635
395504
788826
288467
700248
136043
347376
347318
24479
458486
471202
310873
625545
253821
638460
868156
726933
536479
845965
168122
847846
288896
860307
879430
137024
627613
247429
47984
58847
258971
701949
507207
331508
622777
25695
726617
471805
597316
544234
898166
745408
328712
737177
111539
688292
232739
139638
613962
790252
703222
63261
428606
415024
500790
530313
647228
610585
355167
451453
209405
790201
418407
137073
682088
778661
811440
122582
677332
420113
845207
505928
133579
852742
177162
630319
582122
779106
415351
887986
220006
409708
312095
718809
889960
761010
159689
55069
778841
794433
556627
308078
225977
387808
658531
820256
273832
701033
880955
803603
402343
448390
678571
369406
784793
757348
595649
447672
425732
299382
75227
357986
511540
387433
592093
698420
788318
713855
250526
765922
290337
71755
869277
239563
742728
113384
704017
141663
499373
258325
540733
424426
471543
10449
493634
304672
739236
190191
444399
801703
164898
824598
99188
781020
792600
9208
151476
317795
707745
537933
200345
891278
365240
537099
879329
170505
338927
703844
809046
467904
729817
799708
216443
740974
855304
892326
354594
870627
186544
333466
714906
197744
129163
251925
398790
851122
127414
14444
297033
349401
504824
39022
543325
360213
292610
497014
208035
810268
440178
594538
579061
609689
88882
210195
157432
669876
596637
499865
84749
843738
753346
186266
760293
864105
94432
127302
481588
899098
120242
34586
383359
124588
324
246263
359024
722793
746563
528959
519880
704279
171444
633100
376052
767101
769722
714573
801688
578703
761627
328669
858375
721753
459196
810369
665845
336420
50536
468638
754820
686247
359376
568789
708826
607469
720076
696445
51444
61631
176095
707611
809139
732495
407289
236447
474325
127040
488727
320350
569087
151604
204293
774600
549622
769428
461283
147046
801517
63862
402309
588594
688856
829966
214292
789650
861695
762291
272114
64338
52270
183660
1755
154845
804745
64151
44806
122040
350749
467222
596075
298139
730418
484727
407839
808397
127420
553759
189467
361147
585681
20530
368059
893364
182261
699905
225890
508228
360080
86896
352890
77131
679393
388675
326393
357113
289997
21316
824703
751465
141840
297876
332060
4823
86451
238796
858575
43679
792958
53934
399016
774452
627077
334925
709679
613753
801086
447893
451774
83583
476659
278041
608009
676796
786899
336344
99934
173796
742467
67914
376967
546407
17073
179180
711245
209575
490089
207014
377974
583540
65056
62678
284751
626309
561646
728379
558244
299669
68825
555583
539212
473368
6284
630113
722018
581017
353990
604447
732814
494705
232143
74845
178211
700582
839173
356276
203329
711710
629493
789178
456602
293214
355270
311369
43698
23523
454991
587919
642335
477724
616136
617746
333008
181762
652925
227325
711786
59349
149023
561932
161550
274101
412725
341392
833590
429466
187793
402719
439966
412336
152413
597467
460639
355122
625491
235613
282806
733890
643116
427966
109956
70370
430288
541410
682127
846578
59532
273089
385413
693478
748834
567795
115808
162915
869274
545560
841477
636118
470166
368929
118279
594194
653380
401150
72968
127972
284332
17413
826112
334388
428105
406588
800342
249210
413429
833475
261099
158299
4380
529217
333654
216223
433171
584777
886666
50192
389825
783400
495283
611024
129755
318958
646687
838935
634798
604855
94298
175656
597
731317
532370
455855
759243
230588
796794
97018
9754
51337
773833
116401
460466
141360
872418
785587
116181
167937
359886
853678
180783
135381
17093
782619
709155
723195
322028
287188
663616
549401
873177
532914
355538
769057
446738
31367
683541
762323
578451
885685
555973
278473
825037
670441
721392
192515
152364
72152
140429
686286
139697
701396
737094
272691
399519
887370
25457
506682
499921
181340
701885
75130
267112
4310
761255
849918
428322
4623
521963
651829
651205
633950
384312
491957
853916
661942
37468
806285
183096
197856
236895
150118
848280
615187
656204
708822
426531
570419
550826
369729
192658
740419
767497
562507
597995
221992
634231
578782
430024
429467
407506
301493
412149
379178
348824
591427
104664
203885
85594
814691
177292
869888
849391
505981
370470
232418
74084
640145
651576
324008
472818
80483
796819
197566
801512
867939
236743
732987
353255
220727
885062
845760
336397
374280
360455
625134
538824
121862
557351
775457
585836
641145
342121
633260
675904
106533
237694
747890
728691
29880
874784
691070
859916
537908
148408
853248
747423
334964
669663
394341
788827
657884
398626
309905
81152
434497
790846
376764
864686
752146
362891
705350
498968
631618
672374
653080
472472
511571
640774
593913
661852
750241
57343
237417
572222
412392
538533
609310
589841
133362
372024
617912
315063
546497
395262
303619
596623
881174
66207
814505
763468
767579
873002
404913
219745
717331
709108
331864
708569
829340
818432
455050
681283
417022
785914
223677
244650
634739
509438
498635
103234
161075
18070
355722
711326
70714
269504
515593
493567
848568
109261
170057
327847
852758
223302
269717
454924
758336
516362
438304
817735
276435
403602
224794
228332
766020
308789
364078
733525
762794
276487
17659
443735
386601
379996
114829
813653
283996
161419
599511
117779
530110
402317
880048
303939
486517
176805
334759
193243
836860
823385
122020
567016
543404
430975
295036
673148
287302
438451
532144
66498
34815
830500
816131
50994
56104
345135
432886
604960
592537
451746
854018
613103
389594
858915
804690
497955
143598
838793
363482
778388
96956
701288
707063
154335
158811
69642
585573
46390
186841
91289
20535
239511
494824
215097
658902
576762
440998
723986
466873
4099
679143
447371
548222
459192
693921
319890
806082
798925
492020
615736
204898
492155
368500
705209
671407
708335
881012
133337
808296
869438
487761
477354
466038
669910
173880
353578
77673
7152
615637
809161
106026
579234
87353
86377
67261
158545
382151
803102
262582
128483
280827
894645
353716
620466
551959
201840
335998
816157
751916
13871
856953
882776
208001
545515
761411
827428
377923
648923
362063
877050
877385
725178
816189
641824
824003
268032
221653
798302
357983
365004
89984
706730
641783
499171
580452
815135
140346
476946
627226
486380
643861
10416
527821
576649
130430
893119
865072
719429
311421
249681
573341
529147
411256
296454
777542
381282
693113
635059
542106
777667
802206
842911
564182
10566
44956
684392
691588
873061
765457
248355
163413
741794
439557
116576
265943
568948
147484
149291
381299
359676
595003
839918
862885
65111
733396
755220
433625
882124
448207
648136
787167
893733
272087
880188
621706
417274
502847
724679
781738
707400
534127
371526
145540
78145
417711
666818
529707
465246
265550
555442
303678
253007
398767
346007
500734
657746
408081
16677
366441
163554
106778
394434
556472
727527
289919
650375
774321
387755
513938
22019
497610
456301
537833
70719
161307
220014
539015
109884
277214
373609
98345
786713
532838
465408
455119
730992
703193
638929
398276
546912
770284
201543
585068
272037
129401
19277
520394
174915
385151
69597
134667
560258
493975
165367
301362
311795
287758
662797
374305
208849
370980
177659
574753
336035
370015
793652
85390
258622
892557
648535
585921
647111
33396
507937
460411
93941
329464
678492
715115
610901
378984
641684
325405
476007
536037
591338
255776
731430
343729
755202
512945
813445
724559
333591
180937
390069
352189
2095
691520
95907
635755
308201
227676
361342
214583
306514
272122
166038
495846
617846
633368
116064
210336
707572
275804
762902
422729
879499
350437
295387
40856
340816
113388
864700
463734
843682
386102
884114
783188
679156
394233
430628
498761
590665
631336
469834
449671
535263
799005
801036
378809
236353
179074
114601
767579
766880
871452
539699
778422
878652
289333
493079
847927
720061
537733
86298
96906
100926
202523
516191
602584
38953
599789
63846
332762
330301
780282
73102
267385
694667
608120
206363
162372
77281
464960
174835
467533
570045
887058
135362
680032
580772
804581
414013
841217
738507
106447
273667
503841
113937
160046
56448
150557
197328
718897
586539
788659
145576
200614
176047
233185
503964
431104
560839
559900
586296
740068
671362
635178
763663
471888
439879
217948
96324
608937
242290
582636
646526
608160
655323
460655
280959
18625
830200
690678
542093
126775
92889
316167
502703
156191
630193
173587
672596
595399
661556
702388
726124
346371
359036
493957
55674
563628
402886
561534
374401
163477
798393
434794
750716
827724
115462
505158
766154
893448
551019
608537
892134
59029
163218
540299
891221
553658
626839
590083
45048
448451
610470
432353
575073
556976
496835
437428
103842
259897
299907
272920
503808
809820
384567
302000
71239
112997
59881
252925
55832
867160
423678
486520
585309
483262
185468
173394
424414
826314
397413
857317
609931
255047
856738
494197
416665
539648
534523
646089
273130
101835
111810
427265
362725
335763
361135
393715
738116
408960
790310
819109
715052
749253
597141
270793
506168
757446
91609
318992
535310
526084
499329
192620
551635
818439
9578
642759
45850
338407
683785
52857
283671
762518
239175
895754
414738
419917
240870
479333
482743
665138
803842
145716
846187
622563
272947
730782
226105
643906
121903
529498
746570
879868
823500
893454
880690
111095
108771
399273
364423
596792
782960
302777
94925
236751
280822
369673
386157
777055
216191
500027
728100
761294
839137
510718
342199
885989
312701
861804
595908
295588
549377
373923
52308
319398
305612
846206
23053
878284
96497
445647
545860
446376
164501
495963
229488
313672
378067
732753
7929
598813
886175
320969
827022
402664
593000
715574
711062
886208
350006
229255
256415
848898
650386
571999
875699
142773
209989
735599
375528
14808
115993
660493
838422
340715
681435
273844
400387
101687
308674
336215
20602
529691
516394
422371
635643
437236
434681
852720
313132
560071
452451
123235
448716
54222
419048
825795
387560
465854
248026
776406
79847
69297
227901
780888
519424
752660
689383
554040
127083
739983
79240
642222
11189
803820
485987
683740
496525
858918
227033
165921
584123
592
888039
236500
373296
129374
627750
881219
182489
403444
