2928
66695
229849
303763
276649
611970
321491
23669
441816
636509
952516
85465
454253
377603
906816
244427
253103
282224
809263
381353
210534
306203
90991
548446
464847
558591
762453
974457
658089
483592
462097
954089
15853
186007
385519
122455
490202
14386
73914
610080
627118
458635
696123
598574
924848
868459
65247
585970
93226
664955
178678
74752
425141
407983
162456
851590
408044
859215
136098
676330
938179
97828
289054
527744
270000
248699
892161
986405
662791
56792
175437
14331
533091
825659
567191
717761
105792
532424
727715
888973
760806
727765
236139
363817
672640
327701
863486
623944
762379
874523
275461
357731
652394
986894
766114
67957
963094
530792
692657
222031
611826
382378
744496
653848
942460
218720
567803
413221
110688
444236
310640
986225
703719
392050
592241
561145
826572
628735
831367
671287
61871
214423
180836
55096
521635
37818
626177
574876
664674
671826
311846
888746
481376
891483
603208
187789
235196
680431
287948
297327
297107
481965
320618
91761
158831
700869
667372
259780
246685
947491
638294
199271
901852
605750
253408
746685
307377
101148
592287
39562
362904
606124
536066
568650
631637
335007
34487
961198
716840
141531
865965
943220
280862
282462
654261
594273
789508
377924
876674
986654
961463
406004
646415
340333
736343
291565
138911
427334
271322
112425
767648
343378
559932
475819
571689
733955
33620
207146
654114
46670
91458
749978
987331
572870
341893
157075
513845
788822
223337
984480
517716
944923
808541
514919
266966
149020
814883
656624
578629
841831
610144
463059
799784
548361
203795
110850
613760
303145
525346
868593
74158
534145
559440
551838
88754
914938
643467
193088
386254
739620
780962
670800
168136
463119
660372
439470
463439
618248
974852
853554
271221
324403
345544
878800
305947
189570
198688
908967
926314
62287
24195
99878
99581
967260
478165
11099
345884
784932
326646
602842
703140
826397
621492
9158
753282
729421
58720
304895
691550
941958
89598
458984
389076
329536
58582
129363
621725
572881
137319
700940
463628
438603
502651
983295
363381
962418
229270
659270
88360
162200
418056
356691
662491
905495
144418
454071
705573
650987
581573
381196
17831
53418
339350
581317
491013
134304
857293
82128
680082
558411
160685
564837
905034
106480
632782
920623
396792
39832
648790
387667
678328
276650
96582
514593
666007
441958
742704
433174
761174
514747
455367
758283
740430
442630
137934
711038
122221
35817
541427
717820
344414
316675
170741
723623
197959
363985
965183
175657
719788
22817
598489
902198
299953
159598
289716
423287
368828
34333
746979
934488
750265
707859
546793
867759
672183
896561
882285
408199
326895
916397
353290
457545
290277
570382
490627
744646
514536
956291
423828
683364
719475
812577
198179
886242
114294
786104
145173
30345
443182
714256
400765
306097
188144
337733
567216
625901
827782
871292
488564
568916
364464
787521
220055
353709
341132
874367
910491
887862
879952
153243
335375
56785
195955
567725
584761
678860
423275
230491
766767
580171
856274
638740
379652
101268
761826
428070
493152
808823
969439
368765
5801
372440
756756
54329
967709
821210
934517
381162
828034
821354
50851
692075
127220
122213
212431
873752
881309
373671
649974
315245
890948
492273
960202
269820
890556
972470
617457
334602
395580
532482
425830
863687
212367
545608
669566
373353
346594
454534
427781
964836
94779
805719
549127
490632
756233
554005
867498
317238
823702
818600
360696
822144
311256
974320
547067
685277
314919
323403
575937
965765
968970
95683
187775
316783
708202
791511
461650
779877
741160
614052
148704
92096
957066
474672
43869
323846
224464
455892
215082
919196
852005
938179
587031
647721
759793
13691
134345
23882
432011
330054
600311
543211
403724
313453
989774
721864
989887
346234
698933
728641
207668
451049
187563
371795
415348
888299
372364
172601
243790
819926
877618
587614
473872
636588
124279
553661
987538
972997
411673
29015
702508
850588
289463
265360
892935
213428
570168
706535
635921
307365
852491
600400
548938
767367
450440
884400
998331
764281
392885
117620
85639
55823
839589
494543
190810
957846
809724
475982
785342
531396
238029
694105
517708
606145
558180
543496
613375
320716
819039
183071
762276
737740
781879
23720
749742
830132
552092
287979
922726
79889
894783
774925
579647
175923
516073
792515
81991
244981
97416
167537
334586
360683
898443
71843
737969
250472
761762
461030
308087
174953
686504
52932
718972
737186
614813
113563
580067
439330
871948
56985
282294
623013
987531
858071
748345
985142
387169
837262
918236
654463
580098
628218
916746
49071
296629
152521
516894
324934
137814
550592
859573
533952
593208
961451
573278
995163
281378
655935
879150
81287
416954
628366
589809
593834
965312
896421
172538
312077
554609
364229
64348
185958
101964
319421
789105
792450
603376
906144
382039
520591
208932
598056
333755
325891
437681
622503
833933
442221
509994
143910
105491
171478
945676
66012
864666
155539
134208
367628
312838
441322
217085
942460
813515
452895
975178
551757
295476
398746
677345
811900
313953
309302
822703
862516
629006
157288
73208
677005
380237
964106
412504
145253
149398
546755
931940
665241
426229
388501
663983
84257
790817
907075
584105
62150
477357
582813
950753
820544
783320
347177
941611
714928
852799
881904
865180
774134
210417
151266
577778
637744
213923
18471
80081
266704
182586
399747
77160
206425
494470
873380
853426
510966
11855
586059
355737
499575
555207
276757
874932
700072
919390
389541
163441
137744
785077
488112
480846
596995
671146
923365
862721
269924
317778
445047
350008
286331
450181
560776
858427
468783
300114
63219
34733
368544
165843
119030
26417
184867
77276
547515
354664
202011
877197
657345
75353
722736
439687
116204
998762
86191
509819
756837
41739
254270
467870
727471
805298
817146
616121
771016
657984
426031
518428
317176
178883
554035
765810
147961
689237
379871
412592
649602
821153
757995
661352
729202
932101
841893
982330
509014
848851
462734
898537
431831
269426
122321
119819
834115
304930
302305
920154
590582
699549
316654
310633
690532
819928
380419
400880
914502
762409
522367
963400
40927
569794
117294
663474
204074
876251
304899
319249
36066
733422
546228
438008
868525
693020
990642
601502
26918
1645
25220
953646
10438
762229
781567
558139
968110
131217
779556
92561
59667
765265
733206
644454
732422
616432
835958
93360
881951
821438
652701
966608
902021
272478
721717
419628
260637
971755
181684
125082
314637
406710
804086
312375
601132
184939
425463
351576
388552
836882
661162
349016
915602
918321
408056
346897
22186
79054
230104
674406
770499
78801
647559
660028
211251
806152
351717
721864
670042
909445
963692
876547
325036
654818
315789
770043
430748
33957
445544
90883
128358
209854
718696
339019
867769
760173
700986
768778
199360
924864
437032
312407
797260
501114
734102
766231
434144
867152
218647
631825
13656
556557
373485
55390
821494
5269
653275
296060
421578
208134
134889
774785
960446
970554
5748
312940
856379
686569
412783
452183
83452
144684
875066
479561
864173
919132
729565
598376
82367
130457
412449
752075
511435
556326
27467
24493
638560
255858
799734
273918
25067
60082
518604
483092
156098
755753
475680
430848
431885
22665
836523
415931
533393
776371
843938
539134
509530
30235
164912
402672
949381
131143
601429
414394
141095
378614
15514
730295
843678
811293
663280
433031
917234
569484
831909
146499
659558
939056
95554
131978
753505
919345
40579
27578
341108
551804
589299
818043
526728
644699
109860
215989
461797
361343
911816
662433
455841
346848
332144
913021
154339
246075
701406
432089
816147
32378
680072
796623
956960
603314
152236
780496
788973
299078
494410
791128
94809
229352
893315
136451
125033
835200
681484
623674
79636
782501
543375
643206
859755
454600
906910
38149
712228
907440
753108
770361
548802
688095
909450
685309
119778
831956
1971
205460
71779
174890
811669
955802
328691
517214
162084
536220
14451
411246
200253
159427
905542
135004
157244
730987
311611
73361
139386
952530
629140
78175
591590
317803
592883
927583
291199
498642
91680
668601
528491
778715
12473
535234
607159
138627
224119
231296
104556
15432
647064
427656
898826
670804
244783
630408
319972
994644
617156
482657
517015
392552
726377
179500
906664
656755
384282
21150
916089
793041
346128
264774
109992
739816
669346
52915
150981
604568
629912
142066
359213
429068
284366
919860
310983
359474
439618
441039
334235
266567
404538
193243
704842
53451
209428
533821
654894
460692
99500
329472
787535
591487
9379
924831
163838
26177
785746
810847
169234
142235
536012
506905
679548
395756
704712
156885
696969
303456
138099
186642
674805
267590
786321
543587
365286
608768
536140
618483
453900
913492
301915
34025
772882
169119
419664
659110
880001
997416
737726
982699
729330
113490
480708
578840
649070
887020
900283
153872
181668
523299
255480
636664
131333
202711
802750
802013
802624
807306
605699
428469
148181
969525
448477
899837
73048
64373
798921
699714
336005
985058
617496
464956
402682
582272
280439
644180
406037
371663
185241
734983
863786
726461
17219
795106
203553
929148
420787
894957
370219
454829
141102
395492
935455
588859
776613
492256
246645
697733
746243
557205
996829
899955
874390
365748
577405
68266
274903
291249
315974
28186
907864
790431
768689
464820
596489
946295
170588
176953
896166
542775
284219
571374
72321
736167
344380
74924
600615
7798
621627
248724
811186
941827
400095
50591
58923
674041
950287
928851
411097
822482
882837
545041
639274
665660
125069
937675
382333
919704
445385
178452
109450
283295
585541
786128
949423
520095
576577
740106
439192
526308
294145
205924
437833
774706
389725
19113
993547
40301
168773
914943
777265
348571
862677
603384
384389
613826
517969
404103
260564
832044
472445
997391
363219
223049
24668
38743
905453
552563
314499
608410
68842
844492
63960
528060
537789
678019
502188
395414
242730
417398
717619
773362
590226
25970
714076
816850
720412
543957
12817
946475
74370
564756
41485
750575
87861
159897
225556
452808
583854
107973
860884
995104
924755
247123
342614
157981
401217
358940
188641
340010
944316
714871
857451
990385
436401
41848
832829
353829
55651
217945
926882
104955
712122
751479
628043
431096
8485
15091
125186
32101
713767
379769
645961
705184
492933
375965
161679
984205
589643
87009
614798
266601
325750
797075
938820
712639
129729
95251
959883
663923
815887
259571
218903
248699
145969
402807
84620
238510
769493
636731
175866
561716
682572
748404
295158
76125
853622
69070
473878
220751
912076
548917
420616
59095
228746
658224
637327
194720
372343
854631
20699
690689
169298
645061
9797
818032
293851
204536
940516
896148
954875
363605
52110
782905
76433
412953
868335
541341
314073
683339
619711
783591
768443
764029
606755
153591
769774
712369
662370
5912
254151
682647
39746
803026
711650
5684
688831
336029
217835
322399
470439
638895
147914
993126
793237
740086
865257
677261
208583
103330
839779
1910
766814
569049
994570
991772
675187
89422
943573
423801
837905
181868
882212
919112
35474
245548
788146
895525
150873
225670
211286
298512
920873
508227
255798
411536
195808
499697
555656
148788
495252
843889
927878
141173
220489
597994
237998
954487
987787
310688
9651
954286
656814
168095
169155
529309
990432
693137
579318
289530
168168
10863
673296
297710
54269
899476
37171
373496
576389
73901
439268
690097
357481
409421
729976
362730
354129
258205
220890
379185
157057
600369
658300
765171
690959
839221
751384
663291
769152
389894
470754
242969
344127
675869
388300
536797
687481
481766
312821
649602
235096
938159
227311
733993
224665
820732
166187
81210
443532
798071
17412
593135
138472
150468
541348
621868
56584
983027
648087
195014
627526
908623
219562
617636
168946
55763
658367
292611
227888
755708
797552
3155
838507
597050
976734
704127
819194
486848
903061
711626
539341
369402
832669
503764
126035
813790
647840
102269
702700
219996
951923
41632
186310
494703
757507
518528
271702
770837
226205
576641
622005
532827
262361
51213
437973
645842
304484
479127
173534
445214
740969
163516
857833
517804
730716
279557
927448
508099
848227
474825
591312
224116
874976
77104
512468
932396
405343
280914
676159
290152
599897
323069
818141
20039
736035
758678
54439
135035
344310
413142
953114
224153
218203
272758
13619
25937
798707
637286
528009
736503
996064
178678
994950
797439
728276
407704
50179
126344
174772
716924
769408
924559
717416
341467
92477
440324
102466
561936
735159
790393
991688
916256
336258
127927
369824
265690
999615
237035
390935
608218
617787
325630
649165
91687
973477
958466
256577
914812
339561
205512
448885
879844
306925
46990
431102
103038
921895
643989
606570
994720
758681
372433
22093
525912
552746
947834
88746
742670
812706
313088
710907
263493
307522
247323
152030
818752
484542
139008
4828
519361
970584
695151
397398
506157
163162
209513
430030
520459
851056
223424
370383
427179
311712
760582
882938
21859
593894
259431
92527
177589
990192
456915
989652
885772
807794
141779
632069
964261
74749
974488
517323
259302
276611
606859
204218
438685
454949
851533
881381
611884
749255
817765
372563
248864
471133
358851
711972
483146
465922
623202
904114
177467
36200
551126
747219
362335
22314
193591
810362
900916
320638
278826
185917
355493
295046
511049
59057
25415
623365
912366
390001
498927
477294
527521
907134
455085
121880
976027
565376
398058
107535
589303
683307
639194
606020
924788
686589
530141
518052
992873
946659
767800
780102
604422
977211
425450
76989
552706
598261
979374
173261
810790
280531
415373
13371
609590
559567
643804
494077
665463
98203
156569
335313
55394
176195
867102
447786
845283
841711
885248
945412
641806
371140
190983
473561
253407
949739
749833
126636
530988
788457
737061
193858
452073
571437
142233
226928
862488
928041
823169
992016
877835
73944
71021
650893
206487
546781
418717
6686
364695
762828
901787
335760
361818
58882
829045
869819
926506
303854
543830
197398
941882
131251
753793
383015
543019
940646
310889
893587
584635
217778
812463
183571
211978
21851
362680
745287
45514
486367
696106
714724
753795
583224
256708
775498
48129
387519
409368
424049
988699
89706
528869
627713
759072
18678
985685
52736
608031
659744
82447
135525
617875
22605
648634
803788
593129
471817
715088
218115
82032
819244
661210
875777
999516
988953
546701
865846
84279
677664
136513
547838
704613
731523
775690
584815
207762
606358
662773
296529
276090
132799
530465
205293
561236
961565
271927
675902
546524
621765
518727
428549
884796
46056
622016
354488
836694
23824
612108
266138
485232
524681
766982
432998
793021
462876
429785
89125
626116
429815
69302
700703
842095
141352
730481
485678
151474
174024
617977
357037
438998
172469
705458
30480
462049
17591
889905
229070
565348
464580
987603
422200
405217
147294
895930
340141
885654
160026
479269
979302
836011
54845
98795
955885
458867
595903
167380
734891
879266
604401
341844
505118
783244
980410
274277
802921
54742
997181
89600
993221
500347
965910
410807
574486
908733
240132
812146
610200
534054
249761
52292
76152
856121
954699
652777
339519
792826
862759
587934
194985
321239
563644
432157
905044
575474
74298
955892
131924
920972
304478
791233
42083
337423
586349
843212
656950
557239
163229
663105
206122
989919
753683
305928
868957
353252
970375
494147
418714
859384
859013
367395
461932
544133
309260
718824
510419
179387
424217
986867
755029
206328
962302
762313
609195
20755
822379
261606
639196
906181
184526
220987
944808
435381
603223
681095
786202
435999
481364
362445
42304
518240
108412
353975
571767
871968
156807
460167
915616
210844
427258
87990
189935
583439
375809
156267
830882
10556
572468
347353
341134
654171
124732
860661
808276
117597
542031
298003
668595
990430
61398
543772
298552
919463
467248
612910
430160
725340
708048
470800
261630
583304
374722
552208
876647
428355
432971
673724
450954
633982
674733
815353
429262
800619
957065
687683
945076
515019
168287
397505
695660
103381
8177
735300
598531
707584
876551
164764
7097
660206
192331
394327
350257
841397
988628
471383
101953
86282
284544
242127
718249
836044
276410
902490
114401
488235
358427
361911
685515
662707
826028
694053
449224
315193
743626
848087
241511
143776
431458
139669
809591
675016
244764
836911
544893
851476
972501
654366
55617
935767
996292
217144
22595
432091
424126
815887
481995
690445
215444
71144
828894
672840
407450
290899
659404
607228
120835
588140
589670
567803
764328
507564
570446
651936
510183
325548
297895
747612
664168
134840
119851
895070
749883
455244
174554
309342
322461
373358
909392
747207
114650
782119
395504
446975
553292
186783
374908
669780
601537
459412
757511
228996
261370
577207
378561
1001
487696
447331
595377
587391
604722
370490
970370
694292
563209
522526
874548
646347
944124
152713
344627
713036
205775
961674
101573
936331
862310
246749
397596
355700
856616
675877
459659
326192
821951
136584
378134
987415
815483
42343
446818
943026
438422
64633
230859
687787
592082
840131
825748
48788
243007
800566
894201
488016
598233
738788
429793
724642
917069
149984
657711
28880
204444
299314
340664
645619
157081
460212
942095
778142
279820
381325
390203
169577
369017
646471
488074
334233
304186
736974
683519
252269
169801
817287
984934
859143
130714
20426
357385
126325
318821
932606
271611
967644
955905
900624
816017
825984
826796
794320
447153
204338
231655
429672
427522
961303
757694
373817
442115
864144
332518
635283
485111
192395
937662
501457
253054
677478
190328
466511
97984
90875
22353
540170
703682
244748
728060
446866
107738
90700
751325
257966
523071
628616
276464
161612
524858
781360
244746
127139
319225
451526
135672
594407
399554
92770
410564
50344
974661
592799
904854
418696
599178
73510
261686
360663
963593
178645
468271
679117
758488
254475
395727
836515
870847
77203
822604
444366
575527
997866
751233
826073
452465
638382
435733
471069
154020
83814
421564
525536
837886
891368
770071
302728
119275
777451
710327
316282
907731
646889
577791
748756
693070
746096
108199
111171
38771
542342
902941
5185
862414
795191
331398
955502
641263
812413
913954
954250
67807
192330
115661
654477
576558
309428
297377
402851
879848
411517
748729
1095
641382
617982
229457
828219
921984
643952
935625
695329
865504
549591
920392
288506
532402
987852
257917
779512
195191
355813
102273
667457
377273
894595
157144
980803
141785
531575
129175
44398
862916
204881
449951
246675
25092
963591
268487
431127
628850
22079
207256
988755
266570
731833
84977
624908
570007
962460
892491
246666
658509
429020
147095
694679
652021
556548
92356
366933
669635
697573
461981
344636
298371
986203
188878
282672
281778
489208
791046
288635
579753
178128
530232
344236
236916
348065
840189
708427
750401
38620
887380
419639
284340
811092
252553
690078
952983
535618
511539
263705
823215
914163
584470
659234
165226
568975
2345
456179
126260
761542
789555
935164
400104
590104
134991
330047
196900
710785
948174
771212
575285
539648
688635
694292
804081
989507
446969
895021
663524
391665
915145
364961
676130
4243
755944
727795
932156
70432
474709
349807
609997
121635
57520
719533
428148
951243
116158
888546
619740
656271
531529
779106
318966
184124
788517
510390
750216
790236
61517
673429
29727
570244
281131
127299
355872
130235
650678
965955
762813
683842
472438
523962
873795
560133
161123
721698
181263
802844
892523
910695
322529
341694
839315
161058
861064
252675
795957
368111
139773
191827
15719
52589
275596
31472
402108
994897
195885
622110
560932
940199
58545
351659
404143
755943
230168
294622
23150
931376
431615
179840
209658
837539
718582
987009
969678
75807
243888
559241
387023
852564
776596
196125
298797
716870
74608
867561
472545
653024
229325
875824
813014
538290
916829
793933
264228
805129
604625
45604
671799
946730
665671
534187
328910
161258
216993
721679
251296
310509
81841
164868
811801
931385
332496
432044
355969
523254
596174
415011
347710
921220
126083
129381
876592
838777
345348
19356
169274
609590
724849
661706
667233
320485
832940
89232
759052
985873
870948
630873
581419
651233
531983
477734
510197
260338
145334
815990
990729
535184
744938
257361
569014
126097
20564
152689
105302
610703
38954
675214
874261
204992
865022
959877
111247
7860
413168
857444
625239
873066
532996
488276
69909
303630
698382
448547
767815
762003
697866
847214
401000
931049
105800
853415
642861
179227
168260
102473
334124
963336
846868
945365
519896
427772
109114
300359
851047
978283
805465
834394
