1110
958038
999147
891759
228106
730192
766935
650296
732306
359097
332478
59247
162500
865589
974303
757576
159170
278370
367023
888340
136169
149219
992392
497888
166539
480535
461809
440635
757636
803246
971782
261653
632379
355218
450180
581379
744951
404992
658931
103264
766683
167226
668656
118221
108031
803541
579478
259032
898093
271789
348681
185658
85877
908089
82782
161147
319789
65977
887594
907888
444937
562252
343590
207652
928723
544542
686844
175189
377095
953534
78256
220309
183821
61005
541422
617554
176403
290706
305388
199535
39942
562411
664763
301136
783854
999966
652656
172981
558052
745422
716393
462974
96752
257417
121342
963661
261571
434046
169926
320968
160077
18828
117507
385661
585852
130997
694571
458145
965715
211505
380692
436721
859170
575711
860539
797754
345832
947606
626736
58355
44417
913370
4514
254536
78413
608363
14019
204722
519968
14519
460951
395649
270111
119407
493150
609147
123005
317302
721180
545374
252882
461622
713922
185538
267477
226765
20730
674203
364790
510117
839444
53210
498651
711778
147016
479986
49076
647220
486823
695352
105533
227852
21475
778275
575312
417258
585719
791091
821924
532437
412340
299055
453286
931109
318954
781958
485362
246458
890159
284375
405102
859279
358991
837324
883651
24744
509072
246817
485625
582569
46304
775107
952686
317377
995869
113107
733683
574467
937665
293193
225795
316117
946537
236150
288097
135553
571648
227746
6541
958697
979596
641171
685410
872087
401685
574895
529359
679795
121709
410297
990832
927629
129441
554615
778056
369306
268474
795252
670877
695100
81520
335201
990001
600250
334444
178775
492312
760399
875960
54968
825979
505182
267846
839539
175719
575683
316634
4645
795666
113924
249172
292893
291117
987366
305822
563896
751839
819804
955182
995499
22947
545114
956536
795680
946175
744201
638964
371447
246815
755219
226631
193581
895375
4829
627409
249370
14034
421077
611602
386708
558305
344352
340793
961841
665731
773366
214603
856426
529157
55050
103980
809564
89687
700897
171982
707752
416131
294724
516083
739961
781962
144913
148640
132965
711453
677099
42592
925741
755445
382225
565617
531743
168335
371340
919888
224923
418376
630466
330908
369266
637968
525992
444393
528298
687566
295957
728100
257054
928784
81585
14622
706690
992621
717900
435127
145028
327930
318219
551208
305359
908069
14717
850028
621417
783665
434764
406220
249788
394702
291150
885254
771634
226964
21499
764121
483257
996892
179897
714544
343846
441659
939732
180456
951286
388252
751369
425600
448431
434873
323073
782492
571301
915894
19675
899830
627480
755930
153698
777378
868795
993194
805214
579707
700367
202724
874438
850927
562286
857621
806355
950117
810852
357847
799855
919622
309560
505387
548108
468143
114248
829039
478226
865777
238546
846716
505648
548163
38543
774942
970708
778181
605497
672881
635573
555185
287598
694164
391565
61728
202349
59405
336997
952823
686204
818617
889160
247660
166828
622446
624857
987320
618420
467951
431425
33499
571323
461579
304768
574599
734514
101202
126309
838186
288541
85237
341912
220891
722481
422585
634581
489632
699545
498519
736115
596506
412243
726068
882274
117966
473079
486008
261300
187024
815512
464013
866834
366030
123139
701878
699471
516598
554276
588681
774617
118981
387208
572107
881419
589613
72445
399014
490400
725474
381910
910793
303299
934274
932811
721308
515202
316255
121789
823071
20704
908074
559254
47902
742281
394365
75919
361747
941856
329348
560075
246616
694581
818633
483425
353223
948306
155036
73079
43504
576244
184603
132105
438710
360215
643107
472073
310918
280234
835923
663137
864757
794722
539002
646292
119157
428459
779229
283586
694452
281720
792422
60554
656978
273211
991467
498122
563388
930417
791258
759297
599018
433941
158975
256534
290865
891828
347826
204530
948933
551200
384928
250056
590607
238078
663348
472116
635239
812027
815329
565697
883951
368987
346574
781445
349195
339122
624991
955943
11968
970027
612573
32449
934568
559045
721921
286112
235599
727262
468130
361832
718062
691560
308152
369621
598786
727416
792844
526556
104135
202557
208254
672815
672470
484941
644658
762208
95960
882523
879321
4317
759334
609029
855447
519641
773759
170122
554454
476300
703333
805913
297831
936464
580884
821764
608592
454444
213216
259091
673590
601454
628010
948661
349480
116401
82174
827730
16325
367615
649932
756348
485644
634383
317505
538307
818878
16175
698114
427303
591538
369597
108613
336040
836085
436687
648524
275130
547547
664947
987710
354773
325287
256144
174307
145384
125650
572331
711099
110317
130491
221510
368828
67608
241772
427362
929383
866089
663429
56678
26758
776545
426376
540952
428036
202129
785408
271047
19304
425549
729166
617035
192304
356928
137105
60517
692230
116185
676913
148928
90465
16483
637001
59289
346811
66227
732143
215354
726890
104954
948513
618401
667102
841274
763597
307520
997878
133910
170876
184158
151231
138306
182237
247963
663881
248473
114858
95888
874920
18893
75065
294037
165316
132792
940641
469852
852509
403986
726663
555002
416
612412
413892
18630
711070
825272
950580
752154
371375
124156
256926
772983
320802
109083
89851
143941
475487
927715
799269
782519
217948
644486
114269
17549
352888
836720
470713
301555
822391
178359
189544
311815
543387
266481
983075
329784
904219
11999
172147
547721
173699
320710
601689
505333
132007
793374
483613
456877
166149
458404
721078
834109
788918
987018
890770
203916
626193
431822
632004
277762
726173
444584
966984
991940
846512
111197
658099
668506
89320
389617
690683
840434
304005
323897
859872
15102
529890
224079
938551
799224
625870
807774
592657
604357
293387
810140
495180
403639
724386
820824
153206
178285
807713
610729
150233
53781
14323
622662
923623
257170
392026
208948
200579
188729
684235
187098
625065
703476
413350
484912
879740
375113
221008
428886
585515
658613
237423
664641
140926
551218
551873
523856
247555
492056
345113
555709
84815
228704
982328
141230
238643
555587
831940
183467
777149
659265
485799
371755
216808
616893
785223
941191
955041
860677
894941
10832
664438
541360
33652
804476
274461
711136
409856
652859
7391
472167
769945
793831
571488
10886
70931
309786
390347
132433
773882
720347
456222
43886
157743
176624
408975
859900
985242
806295
823322
135120
58186
458767
236456
932314
171249
37457
121629
299366
96501
682076
807166
145791
289332
944046
680637
966958
160087
96398
550051
992416
771857
309894
375513
135589
161717
317679
4819
23124
362162
334692
8794
793677
584620
656280
209268
965655
747639
572548
248497
234791
323186
789177
227797
308226
850814
49491
274781
985849
749786
51982
609520
806676
285917
717106
513956
125450
410318
400490
549545
211563
708643
834291
465174
896864
400917
261360
364494
872459
645916
736410
591054
213320
966668
894356
669335
955477
61004
783516
660850
413838
772078
923422
252069
435408
693616
593250
58224
123968
928590
59622
824132
251492
4482
887111
878913
665134
861978
964568
722154
786266
524915
104789
433960
748397
251799
819122
903223
119196
577841
87756
917873
227919
674473
567105
271349
890
788832
824155
367220
836075
637129
506855
829528
752419
438946
938340
329425
729947
556047
780823
219965
2664
4049
699388
923570
915960
475815
175766
280171
205564
391233
49511
903502
381792
738525
897788
206678
187317
444353
684064
531042
164336
489171
681009
682905
994828
290520
381135
688376
493770
477575
58096
220345
303897
628105
952400
948257
931216
506576
762054
975719
867351
479185
342002
386876
451814
186143
327187
193339
25637
441702
824309
462511
194739
696576
388359
586043
254723
471287
689674
794218
432032
178840
912166
495764
155729
26800
703831
134761
749975
691558
301060
793309
