8496
661273
358408
178280
895361
735611
869626
669264
771130
618734
88485
667253
751118
477976
100335
675020
133800
717422
780529
346207
379666
722818
779226
216544
196232
112554
236019
84587
627919
485321
538589
683351
802558
58748
732406
387320
68026
520547
472123
10644
541920
640458
200296
376095
624476
238482
730618
878070
344214
873537
724853
883797
759916
142275
890305
875413
455194
288924
534799
561414
701174
81835
386170
570500
460248
870236
498601
789529
273558
704714
694800
18255
444974
790350
3318
740560
655485
594953
32210
417052
143277
77643
741327
757062
427659
254205
109710
881900
92309
484657
554954
361681
99890
212995
116854
39704
450524
766316
431107
493183
562841
667300
40798
236598
461672
870577
555030
319514
846710
677616
130139
657203
505392
406111
48386
748838
767826
177796
838213
878135
712446
230046
142535
405919
329
397670
255445
443878
814511
669569
37384
507422
271431
463525
230599
627740
378736
208901
421034
535538
160907
15163
372793
815213
865507
225329
257458
584361
98439
458061
389162
159340
671000
826294
615627
367622
176221
110119
184123
535363
834676
151087
272317
78442
139427
840449
876305
359381
66060
85023
710134
94573
756735
519999
870768
116513
313514
823159
334277
27747
339820
11850
373569
35519
395303
737262
238905
325465
152499
85657
415180
101826
325135
170377
714917
521654
385618
488589
141918
135702
866464
612179
223839
193277
143128
462670
537060
88960
32266
803747
411964
494407
245478
827761
399982
574147
329135
56442
752726
6859
50479
479506
234124
462327
793092
55204
667717
642584
445016
220219
407572
12818
457454
550420
184137
628887
134392
735805
470425
169377
132358
409546
328542
523115
332696
598228
240405
351212
816373
276526
614917
686674
370100
129446
675103
694295
758520
24819
389857
888322
411608
847009
266933
275261
879644
260695
373815
62191
478692
447489
40083
646485
514178
10463
254572
616833
487368
723753
647482
363119
322204
470685
29803
762816
249160
353415
250345
453365
634285
171371
100028
134890
209912
469874
234215
748012
200685
788719
773293
348408
99840
514829
846294
234930
710370
316439
210637
374015
455960
178243
164769
879647
762664
141852
622635
434154
708653
54698
93679
93318
760745
484704
662171
241634
471738
851810
896940
867667
380453
207889
10000
808616
216239
123445
598631
567467
239211
293638
105763
572311
609837
601206
277582
447089
37149
200062
303146
808132
744296
490980
58067
660637
566192
831558
679393
708831
576355
184710
461962
156452
655401
408337
518724
881650
171255
852557
19176
734581
869216
153119
653106
660990
678475
516471
655045
392184
836544
142393
690859
892482
100380
220168
480058
603630
654725
700176
881330
580310
844919
422800
298179
271733
656860
10435
383692
251145
771546
233290
583550
793219
582086
557591
119167
620232
240566
24920
347178
361768
103380
875422
793043
800280
791695
693738
194472
476302
328780
846483
356212
620345
98297
444662
139805
760250
581218
675386
724333
487651
293436
256222
50381
806602
394047
369826
468493
614665
134961
211183
709665
199702
585853
893124
648198
306394
342371
143198
801538
673136
110153
38370
243656
470173
885519
98218
51739
218662
795935
440267
579114
880338
824291
142975
344954
418557
259185
435507
27457
744597
125730
571503
532718
772085
741984
211741
54887
499036
370909
395832
151562
754857
762976
503443
319349
307701
593851
372418
720896
326125
611896
701097
133064
52971
406514
654464
2375
426224
714815
173151
23391
160672
290827
490156
328438
580698
772224
527390
380570
551890
424833
350860
161925
427116
429654
772983
109628
856023
694914
804721
148018
568708
509840
618473
192426
100290
120332
10357
808313
554584
892494
616698
111978
692574
779344
202458
726043
742968
418561
614298
324964
354863
547059
521359
606328
206382
136046
431269
97956
862422
805127
278796
492468
315710
184075
838527
688533
726891
381782
528850
337621
862056
638368
97879
894470
821026
708727
259149
858306
109219
208424
462118
561513
818249
791894
14580
748933
138754
460557
193807
659407
607941
249488
478149
453994
189712
418254
120094
326924
490170
479475
577643
155933
896981
46331
713963
508697
169506
117986
624538
652079
546448
199671
4822
867980
617266
619919
265454
387250
193404
670581
872682
270689
103802
74271
444433
109368
155821
336924
711803
16628
143875
30345
614420
568215
454354
336995
235274
742596
200880
36982
808723
681095
392082
768500
519485
651506
510015
411682
141203
54369
70577
241100
789065
301023
554855
695769
824389
14914
253705
165241
566186
328337
87610
870394
567458
648517
30611
265818
365383
252365
802946
251959
804654
188268
857918
165731
385840
146430
97701
892979
395351
629944
35156
391574
591073
142060
406114
312418
706996
267691
581529
33641
854655
347206
566002
399019
107624
263853
680557
324230
126615
441496
613482
734313
4542
352036
205927
583302
799363
821044
338134
262597
433100
163353
535865
784853
764070
885965
390909
338493
131026
363385
573616
292561
486797
391031
808417
176576
96986
283057
872339
522730
492557
873352
895837
96431
39351
7729
854113
523747
592297
177242
321639
764350
220455
69130
528021
31823
517388
242534
231309
801200
101043
163791
564611
468340
697832
53865
81849
388093
357740
426935
175386
399691
716959
395586
259695
116431
866829
527449
674369
808797
610104
640849
31052
361568
888349
350926
483803
170631
896198
357306
218150
142973
320971
195601
743589
816598
554854
700544
655440
14950
585042
54338
217461
544844
760575
899977
614132
718891
344244
224158
883898
845688
146785
559328
315064
155887
35233
701512
757024
571777
249672
213997
365340
601641
505295
756899
698443
613020
82169
650175
790744
203518
49344
440469
503608
383057
292385
175874
345728
40840
4385
196038
681473
830713
466459
712169
514849
843089
502663
678494
784471
150498
662664
707108
425539
414039
873233
522249
431975
359849
207317
230666
296454
741770
840747
405590
440696
487262
878074
731761
716391
608457
314375
176819
42665
824931
69336
172048
714714
11336
767587
754163
109045
852173
507192
33443
159983
32077
255143
171848
84624
415329
406064
87622
441582
716494
86502
70536
221960
586263
222750
112312
135292
360659
819514
781099
374374
156442
476652
100698
284406
243770
209513
346730
72173
565158
322860
100973
91699
709421
581892
453858
563479
818728
220892
762391
547556
713069
26884
180879
884445
803585
233633
448990
415925
834347
422766
549969
350349
770915
725420
77290
229099
481737
59790
54633
777075
472049
571802
242151
776389
502524
782684
519868
576050
238307
27533
860960
93500
343021
115163
621422
777386
287423
208054
489765
592805
216659
414679
646344
783985
379745
184012
625061
659947
390489
74820
537619
206844
761075
835124
459028
673047
474974
371524
426234
472213
802293
191353
239174
243818
683312
675935
401227
601603
724470
619410
395089
735871
671471
438953
248726
767655
440120
626624
676111
208811
501872
225985
890220
229723
59567
51182
176601
401439
216183
605646
559488
272659
416322
455410
564332
129218
76123
518370
428969
694429
777544
713960
880295
879256
51141
473849
641822
734850
479884
512219
147019
630848
477712
646200
423640
757316
745802
497246
689593
262831
548938
514351
727635
423776
194703
251084
825815
546263
889425
644313
558828
501995
388859
258413
409771
529509
749783
269369
694915
766839
723490
787762
319933
82076
266558
376829
756379
224588
130086
527446
772185
484060
429276
21820
591861
4433
234750
558620
771146
24831
407224
27641
892120
364354
527219
59989
531904
719000
74506
845567
682379
693209
628157
614169
752714
354004
846526
671236
617048
339143
448809
723306
544700
188378
573585
201960
664139
526489
250229
222934
191082
70700
425874
586581
384049
653365
13426
755508
704171
358918
207234
34046
693817
104220
237473
367491
609014
564988
179732
882337
354037
386888
813270
413136
386887
658813
378029
810887
396186
803564
80568
433806
332027
370388
434788
710945
857147
690713
891518
560381
191695
119203
186371
545994
19057
618677
312499
26341
702948
57703
369187
455849
706421
705091
584050
675066
28286
211961
59539
455213
581476
113535
830249
646871
6528
722057
335922
367857
116058
669633
831034
664613
403120
775362
195408
865175
855479
151031
465845
669139
294521
457131
525393
707535
314428
462764
836639
890716
179524
125922
545737
317839
168750
612934
861966
554534
612861
714208
60224
393209
807378
71233
502154
106943
736436
563993
702190
69338
410319
401302
134893
792192
19768
547227
688224
524390
362223
108440
718019
464267
111773
669867
68177
54143
653981
861427
874667
92015
54583
479501
161233
363501
93415
486414
136595
597888
660220
839771
425249
525637
303293
24103
194463
404897
535174
626346
40276
515236
489168
825275
161794
810395
791598
214794
17104
29331
781939
298204
466178
364389
885521
410820
520106
135170
72893
599675
345016
235388
788495
108443
265261
549070
784325
789662
877805
741993
180454
15950
775507
185245
849764
302600
759678
891264
865851
331442
486953
624286
730006
563029
13433
474173
803792
88953
760495
697003
166520
142044
283709
36646
709230
610351
14517
633032
635243
156653
380445
805773
808445
846169
859327
859875
464079
500339
642493
55085
316423
71286
750658
451763
181448
816369
22803
502602
322200
337920
742148
861116
245724
275078
579687
429875
369984
496297
47871
626535
451987
520682
110706
158049
662286
578304
878589
83691
776597
344336
452098
472791
166934
379979
120925
306505
731887
389732
879796
76993
238604
724620
231660
279593
397326
427628
5048
662231
853671
437599
124397
185439
559841
39977
806737
843961
358078
55127
264785
433994
460282
665492
602706
445458
524685
832230
809503
709329
803469
835075
236161
37078
146193
437075
368301
581446
129488
61795
342454
516709
360519
746723
888772
803044
843769
387677
131037
161768
60113
288114
323487
892979
578115
286163
736911
789713
807248
346297
540716
517856
41288
820769
529053
460381
96554
572392
456041
757255
346311
658942
834469
361586
694629
479274
265127
294571
380959
266874
680538
250019
614409
686949
822538
18362
655250
17664
685567
397673
857154
203577
810151
98507
48323
159347
155852
615497
268060
488862
485253
794945
430999
620434
238471
494354
60484
881160
168860
266663
99159
830229
761612
671645
207533
278788
100952
823475
859596
505039
106022
605677
55688
415098
334102
165125
473697
114508
411858
841710
437994
465898
613316
610406
797669
435602
834626
32664
843945
268049
409029
453355
191942
649761
478744
846251
383711
369795
38443
853938
242069
197397
607846
370258
108421
842160
858619
595234
837576
260032
101876
223810
892697
228096
891244
383980
719027
513490
721178
750713
123320
366361
208711
71661
559758
874867
635296
464865
136291
25366
627432
173803
38098
601989
173285
273036
11614
749422
461210
312918
807483
346884
32917
860535
274156
595381
732863
189894
220806
887495
579153
562633
377492
151955
436070
443617
404148
338622
119019
585586
508447
881936
222034
533811
392325
780211
132486
829070
445078
642954
426617
749333
664094
375051
477017
728226
599208
579035
115554
446024
537603
827172
126285
134971
76962
417653
16901
154297
135164
852310
81402
660756
637396
424647
375055
598173
260916
739924
833453
393326
891186
489783
598875
888083
449269
189930
100709
568918
780592
136519
817881
693094
619116
343070
187505
527940
306533
338450
739658
78186
130059
480944
699891
12312
583976
394701
466433
584284
573537
159003
532191
535997
131286
11720
311235
451749
140035
130612
715548
42824
522505
275948
178087
826901
194023
866024
42081
883992
648897
683805
296663
21385
737891
61727
86777
156917
396927
166359
205229
364742
338354
417789
161215
132306
37444
720435
770358
407869
535630
92029
560706
621612
148822
531936
587602
241735
369782
850294
848962
812458
89179
158443
897681
585001
620937
781496
579056
675485
626044
793
86582
347695
737513
246413
203793
206687
288771
712330
103896
668913
837785
582394
272027
529717
424060
342038
685276
745074
177503
53053
768886
268687
743895
273873
886971
726142
172834
513454
158621
787204
849924
655112
491394
466665
469420
666560
77370
254969
234005
224802
264236
491572
376776
498270
835980
340920
190655
96449
359594
832521
512484
286768
832004
465723
410872
584897
550939
707388
259056
802197
504354
580544
843770
582710
791923
670729
212317
346217
422717
590131
845982
330287
191864
570042
148959
662238
311832
224841
298978
19127
345951
117664
272651
447940
514829
878593
145475
469424
76435
178455
215897
302370
90918
350627
705187
456087
345390
153092
469250
416156
471454
415106
238723
795461
122302
146872
232770
123469
120483
648700
100841
207690
184737
773131
645495
304268
733783
64790
637659
524210
668840
160803
820831
16552
801194
744546
20034
382881
15511
214605
16094
264814
266465
768218
725448
559992
483491
568736
114325
144799
556242
212644
255865
702863
25426
624671
421835
421692
462533
677357
219109
540379
269854
164437
576104
239612
87316
427504
108284
342471
329202
632984
100148
31378
95275
348494
522864
80444
718506
490600
562556
12457
759592
122101
801334
434939
604055
691022
776333
866217
765915
628763
152965
674750
367768
860479
125334
449457
328999
124194
622516
264861
412162
483321
723562
524444
443615
609843
281920
495621
337081
308450
691931
636062
533033
477349
114787
365184
305076
44110
676704
326
657662
294548
753630
17297
709340
233111
234287
887900
36679
15596
42767
315670
508684
647940
459075
838881
460065
887933
795643
785990
354098
542308
194838
54931
568857
101989
43877
271571
109164
29490
357800
783112
876592
471532
770932
341831
834956
603632
390198
306159
408568
727361
25905
90696
613044
459310
238019
32853
142773
95935
149797
209269
509722
280514
528850
481819
314333
286764
794367
880392
643653
725358
322504
148642
450136
406614
140844
681747
817293
237662
447022
382241
75903
855382
884061
361861
172542
217833
583213
353994
869952
132846
636164
195492
392853
605102
202577
638507
756376
539564
583510
773010
671745
712758
829510
789928
778199
478247
182313
374539
723267
137046
189245
421187
554943
133886
833943
5698
831054
124459
783303
189270
652453
15390
290393
216361
511623
82237
254776
696118
156206
867130
37101
40391
495045
31518
885893
537487
306259
70514
358768
696769
242993
165834
141606
841676
723645
291663
775204
695795
344231
671815
428340
682221
79176
53314
659787
732310
318163
215492
462859
105392
417956
646602
802857
680058
598644
83867
446697
208906
780431
896108
773157
337002
431356
230160
631981
712781
897531
499867
406984
310477
689934
684753
501272
43074
619150
264623
828348
762912
764062
745941
344655
497102
545628
512399
703693
638942
227764
570943
717430
836654
344591
279209
474827
490010
678216
839355
614645
497212
386847
73366
606214
842818
360999
1181
550807
438825
200090
252441
890000
420539
775500
100646
140518
278083
148476
832958
311102
65961
835879
262528
547216
717838
39607
687261
432647
754341
658521
620959
481284
122700
801965
200149
744098
736582
57014
618655
234645
210775
441744
836275
826252
181819
393665
737002
854101
159043
416488
84555
889247
477773
400882
848721
259451
491263
871660
55355
121852
673183
880243
18864
216029
312690
768999
806028
548002
426383
574782
466796
460438
73919
51252
363154
501203
455060
702144
86421
191713
127043
429826
133225
677397
750623
629081
57542
3931
187380
551857
12344
660782
891164
343033
145346
805540
228833
599347
194575
417863
591184
12260
443575
315358
525558
271403
475050
544650
521946
583119
124700
474796
839062
503792
781069
626724
592659
359936
140019
501204
287297
374123
279431
159459
619856
496593
512457
240285
738190
149300
160721
406263
406365
207660
310131
709745
468463
425496
634158
816053
538721
97008
678193
520187
354577
218678
635114
271663
89502
540394
850125
884490
823867
127900
588733
285340
222991
407868
706618
556396
810476
584526
694055
249238
460073
39194
753238
691123
61502
31455
659187
425783
713532
607272
305738
226195
123815
617846
426102
61306
701362
736444
465158
606785
138997
532778
725262
708224
592140
195265
587848
636021
754479
318278
219301
48167
790153
178226
335220
806888
850232
745253
852204
88180
592321
59482
779898
73622
851501
190710
364290
188874
680579
830618
829908
810941
850339
426168
136045
262320
191165
673571
183143
362716
719116
819871
766750
516879
594162
103063
578815
37364
559536
724525
216367
779057
104514
158380
849621
103690
145206
423929
530725
62979
606119
369288
223018
12098
110682
238315
831855
52883
25716
864005
406379
120869
151894
631485
723271
447122
49270
831566
810572
28476
215291
437851
886222
475954
68213
431904
531151
258066
508374
637507
454577
764392
825905
17929
103740
712277
305645
387654
123368
365547
630566
464044
270472
431924
769185
489828
298803
206546
352426
499931
617168
509250
109836
77875
310525
304730
18700
7675
331292
279441
385250
107353
658651
191774
330580
646051
624286
260024
296913
396205
129803
734684
116583
600604
660658
534637
583906
319641
809911
718582
554050
223810
494846
41643
351191
718202
635057
899726
351164
780225
784465
408813
197645
336254
774614
841960
449574
271032
791749
825872
218233
292612
507533
114475
17292
710297
414494
220372
632429
299359
124103
729536
481170
209382
231914
344507
785009
443315
417822
572145
699321
354197
251040
157768
119148
713206
44632
817578
98713
415277
581155
839201
86138
35216
269410
229115
829671
735750
699454
194190
687828
767802
339446
588404
748430
810284
529640
442327
434862
187682
446136
373768
513783
296540
835135
513960
241170
704805
23538
212618
182851
589573
59726
873616
179783
888180
238525
654673
770892
747112
295368
541917
556014
468431
343194
546615
715146
385432
325388
791873
815264
382476
404338
336182
292682
230074
425313
601456
492787
834992
102011
729097
680854
704230
633
244671
531732
86836
758099
114673
262001
248803
74447
255718
194668
500033
103812
337773
459161
488238
305098
833630
830333
174996
288673
72640
10150
454291
472986
76164
85124
778618
881221
389934
773031
41010
722424
39763
93526
203252
55928
76510
711177
793211
102503
14701
329540
304980
327563
728281
298641
385650
214231
304787
296121
892190
227512
288137
17182
140235
813854
894375
142232
261607
599301
28187
296202
154734
199711
858481
224768
602905
863071
57821
274888
848820
139653
644151
9898
200397
328353
780671
396068
561415
12774
591458
261159
544174
863212
803062
187528
201669
621377
228959
392996
758588
413070
392628
12275
715550
236002
454299
91591
650630
419805
737457
767681
87857
360315
309670
312272
343118
31323
436869
44776
467410
375882
360721
521755
233481
422961
448586
154198
358567
405176
611503
829403
244284
576853
146046
567990
850053
689557
801207
72286
474975
121350
556286
666218
364855
156351
240895
232429
523101
357004
48748
554031
6359
320345
566466
717258
326322
283962
46698
156414
542291
345238
505755
544081
546155
13038
261628
770055
37545
443149
179911
588665
232777
581677
457194
329237
731082
110435
106471
776562
472382
37321
644986
198414
328026
182343
198587
169127
94989
445853
460089
360818
260398
299982
788775
885147
132557
530668
730323
684153
25260
197917
821681
279181
512007
220743
438
428119
254350
817981
787776
508021
688019
712166
328851
802233
611518
48070
358814
734566
36735
546507
441148
144071
419483
733782
14327
370188
800263
832004
715335
847458
145907
772761
337175
210349
187677
889928
530792
244324
211174
713888
551088
424074
652354
692406
810394
486340
691881
772139
294353
136668
65674
434139
454583
349713
742239
587522
183983
404985
550332
587242
268539
443380
603233
297013
523039
751950
250607
549827
723812
459184
815127
229601
83897
141028
832654
854414
838772
164451
70909
867083
627350
427356
381172
568319
62669
504516
773375
883076
65875
626773
28752
95313
826739
884165
163676
743237
582412
54051
485474
437197
314702
745167
519429
224178
551681
40215
465499
729954
585316
889290
741439
209561
823923
523067
574657
324459
320610
494644
581629
289073
423047
866708
806376
363790
635252
192199
163206
816829
626977
487808
7257
853433
789960
782197
70196
341896
264106
540567
565838
133253
106607
380941
95858
454153
740779
377004
114803
647349
865340
299413
299709
585982
305807
606059
354439
491221
420514
638223
303908
738578
874692
257274
797912
873021
781753
491798
803112
747640
812634
466649
124554
612364
447609
17600
80796
563855
31521
756836
169264
338959
47132
186747
29509
408830
168143
384301
395857
617625
139072
229201
116698
647542
643512
887556
115908
675402
84803
430886
72516
837877
703091
372209
377875
506891
353733
730550
701439
497215
145019
406134
839355
295310
323848
515289
114167
291141
568267
533647
650218
879311
241011
634849
230123
535263
679168
720467
222336
493047
216266
252440
472973
409299
155867
81202
883534
462709
39319
174117
206624
661230
583452
615030
631289
812197
497988
596325
895544
151911
640391
400068
387255
113611
727998
282067
787069
394624
591522
686522
134608
88598
78003
842178
829735
208710
621205
180560
319710
167519
417876
169023
92739
206414
870664
456377
822125
289033
479891
468017
871244
883800
250631
688864
610491
69824
791174
37083
420370
203821
692257
731597
491064
60796
594529
189398
312502
336803
811172
514080
686951
581757
786847
37081
715435
87637
611011
896530
780507
668846
846586
705555
867862
17068
60624
331320
529242
266307
429198
355501
141743
606747
343041
607361
677757
79484
873497
384778
601726
816828
528494
680885
387597
551970
576029
691047
693117
530646
527697
157174
233063
609095
443132
831037
668508
170264
189732
243200
562681
341192
9659
387356
4088
644828
203142
296233
253570
769516
203487
399504
478210
351751
613942
549475
755349
321443
514034
434045
398110
333541
273365
882584
649110
306889
61374
677508
652768
107471
699432
369738
281306
81954
345232
899134
864528
621766
171156
718362
864555
619965
196342
576893
499847
595350
372352
725407
395042
741524
176641
195919
239599
808534
3829
394412
656555
334888
246723
730716
558247
549605
780065
106124
264131
712134
649682
485381
700700
681356
577135
305831
378621
309542
146691
439941
750705
762751
870031
585501
209048
527368
38735
164689
438039
822173
774996
350023
476106
619031
13168
630681
805493
628750
492465
837178
211512
842440
2948
746342
46016
771042
617883
293477
423898
759193
468713
740284
242659
853013
207017
618511
881052
516276
871647
371287
218361
410447
101046
786460
386679
857771
339145
230863
777197
390878
459133
738055
304508
648187
316203
255190
512768
169500
42652
142343
161929
668203
521165
810518
42211
463981
562609
177611
413744
486795
444086
832917
649368
494239
170399
673631
507223
350423
786097
700786
728084
261737
530410
275911
536242
356404
373291
274919
630432
765358
216598
612449
219243
755471
471282
890631
264307
882713
183051
41221
323898
845827
21303
102526
601945
265888
24819
812869
678925
334321
165196
671798
481775
595716
314650
537999
860865
93862
686599
248494
91939
816300
732749
337384
284582
889946
16124
72258
875000
653711
407899
238480
776894
162029
465959
178792
833312
596232
690647
99426
763837
729195
310399
589806
774687
784097
734355
413554
676138
615846
496611
204063
247854
392011
236325
195375
62620
891648
326449
535293
861110
890017
840421
277408
842142
99936
853577
132901
226576
194507
446125
430345
123756
792249
399662
896688
570571
350070
329943
249285
609171
771944
520484
718958
890277
499390
730274
135018
213460
836308
713427
453258
894256
358341
536557
225130
120672
214830
189698
301515
72687
572379
571674
121550
319293
480464
431548
151374
140309
566646
187596
611483
119423
58240
293358
213231
2892
558905
144104
344654
14031
132491
736134
872799
825419
578126
41687
25377
531975
733868
92565
178284
822143
77197
483426
426918
354612
156292
251885
814206
426819
463221
516628
719848
753906
104641
191396
685621
433447
175792
83931
527342
636083
435033
779055
27342
590220
841809
593127
46042
285592
681613
195751
551421
264645
162070
439017
379140
375061
665993
201223
467186
75223
638695
618229
4289
154257
30368
14858
397302
632377
266167
109344
505023
351747
465553
723185
95948
799444
150912
255969
218728
444662
706279
294299
196434
545796
494345
388275
797980
128709
797842
326795
617631
133653
877697
550897
651673
214111
822000
703846
63460
581159
43394
262553
791796
150019
300104
770801
559853
85578
271440
390058
890111
10693
286859
798230
625599
224322
399034
263461
658691
795239
325556
104607
288665
350147
591605
389134
173668
273888
608614
312185
576309
284917
559366
673419
247330
66360
849426
427347
802309
569169
656054
699364
214356
398409
688144
531452
578136
21057
506045
201825
556748
762399
619010
536711
789332
774755
764569
697071
368311
196696
110422
732234
735931
791239
756981
480283
333980
774149
855394
138874
544488
348492
52837
132628
875578
148167
580264
499664
869009
473862
601542
702060
583692
440882
438289
60486
106148
775994
269600
324280
129702
683532
720980
494170
577963
536768
308357
795851
803094
54670
780077
604842
588202
492704
446257
495326
667717
263041
608008
105558
591005
831477
132169
116843
484822
86498
493141
702305
859805
307788
93438
20300
589796
304191
310067
765264
878297
205541
133417
123488
834085
96247
45575
142696
243743
440048
102958
549382
253514
348894
206435
2195
179218
506129
229755
11968
675166
297270
673186
739419
348722
829117
47847
671345
491973
296405
309192
123629
803673
864154
536917
349375
455516
588261
497283
715224
233722
217794
64208
673265
264541
564639
17198
240843
894210
865088
456175
76049
137305
37935
790699
75417
855865
39568
20496
51946
25629
51763
721542
584792
153759
206787
458557
36010
115184
593371
119830
456861
147441
67224
245068
375233
698577
404426
716573
556993
849347
664612
166808
184224
681242
250067
294149
705663
744292
563819
848747
753499
479969
600668
743490
415315
752895
682723
725174
740647
301396
300158
176436
597371
554902
653880
796564
736155
688858
128386
411491
785434
558695
635426
181580
657715
698710
342437
845251
514544
666921
541328
147502
742216
156933
667732
14320
668418
629549
644416
399666
320600
380540
586672
633648
349880
738655
388515
756350
270884
821613
323403
398229
64441
696387
265310
452575
132108
114112
601577
583130
560816
863130
510243
694540
892085
670620
411743
308323
390314
698269
496284
732007
163491
249373
727927
825855
398165
165150
429536
831549
868254
111005
492330
238151
816194
523723
49563
843011
266769
480845
497059
670238
63940
802284
149354
186265
818309
422202
499586
6064
212046
712994
633244
72392
849642
323722
736310
356117
313721
512296
894258
519141
200591
818590
397121
694221
883611
813267
669406
37389
66756
388720
541560
637954
776623
650579
96007
416361
781982
177683
199328
875307
283123
168146
294435
488361
561427
72728
842162
736773
888421
50993
773660
656650
511833
332069
473815
190234
363525
240687
438251
306386
394923
604189
611051
550427
356471
731972
822079
859440
162531
739388
874557
96519
521469
860383
555735
676766
657473
707738
123629
715428
82496
848269
652195
895905
442466
223141
103309
74210
657927
438995
328742
543173
127337
399657
354369
569981
396797
279728
620502
646787
221529
602057
481534
81689
437871
396254
73946
245116
557335
33092
313165
357061
167979
475344
298379
807100
198476
62771
374121
724635
158019
438771
633075
52602
69953
203015
730204
351451
883591
83950
215248
206836
44962
19021
647462
188661
711342
673091
767889
689653
376571
200619
235062
213406
156653
388238
295031
154993
557117
399202
662574
328151
313629
85251
851253
575333
47545
585323
664290
43755
729881
893233
432817
538009
731587
720284
40889
661486
89917
62403
181984
308223
888624
426018
66794
248449
239816
529658
571117
21747
334935
309734
206848
847274
864378
794230
818290
435898
257652
766826
652246
367550
705430
730541
29884
577093
708800
26219
701211
731705
405889
211792
692395
293517
688057
661790
353423
863778
345248
34250
209711
736502
690720
284436
49411
646986
829149
382946
37324
740174
443957
430296
833565
867435
74659
730517
898806
530796
759997
309389
429489
698474
552957
734910
59189
261107
246012
111922
842024
518422
722362
626193
39330
400654
208955
563487
324252
89321
818955
121529
637223
662195
236578
801767
276665
840228
464483
807359
263875
224866
346750
419286
838366
849492
294165
85347
851875
541509
299708
570418
201881
346641
830074
800034
683145
203503
83596
724700
341422
357915
559048
897808
687049
300511
409886
771310
384145
405085
71195
160477
804486
361660
858823
842619
710470
131852
44335
602194
675673
374327
101469
519827
586727
702919
316387
61170
460746
684558
416950
208318
587454
683253
538199
615259
533108
620101
158189
464830
278278
315116
851982
692484
318117
113516
577245
204495
305230
225318
623532
274143
685627
229950
654627
102665
275189
372203
686233
667798
615079
433373
800639
91994
888494
895979
794268
504302
78413
100313
625427
190509
221181
110818
551713
801448
146690
491880
396034
774343
352152
218357
95731
773373
50508
220748
337874
620134
675303
140049
626433
114272
304517
72530
278954
319395
803780
831857
748956
401341
64600
817423
79764
850734
49819
267862
498007
667230
322626
452227
377115
163670
292523
872142
164038
826210
290097
337943
267438
818208
674530
362607
369855
99589
572936
243552
296187
544397
52900
564794
93307
492092
700025
413083
678676
146902
894724
615610
533461
528440
312873
156497
409165
443025
562280
430692
169353
35328
376719
210674
267835
153835
897225
594615
700342
669977
470452
208667
873526
614445
2320
526107
555100
688063
272083
654002
515415
66072
448154
70115
863326
469834
233562
173222
803418
436331
84949
59245
709121
73324
495687
774385
709373
313914
98816
270078
762251
883087
813804
773751
20862
2198
371246
66312
218884
481786
587467
790087
333953
427785
432323
235973
144119
734922
379002
384214
358823
181592
274932
892283
112337
211482
484480
563304
39768
130753
463659
771767
410753
575229
33877
857929
778169
309052
764033
737748
742358
389920
633125
618285
694486
343548
480578
673587
634852
849003
635757
145302
831449
205453
734508
391554
681822
518014
65404
443052
66160
450293
205007
369751
801341
319382
362867
120835
477322
333300
520045
736084
510935
589575
163269
650554
725658
722021
575259
735298
756488
398241
31191
288216
522290
845885
875646
301175
696524
709740
56993
434639
463945
198697
405135
301586
436450
686253
290346
301947
129717
593809
773719
613595
270410
306017
172495
183745
472625
872409
741907
183270
679431
606591
897916
558290
402040
470492
121072
392590
660958
624184
878896
896839
785063
665233
372047
519643
816693
261528
644510
897444
868926
836584
833954
465790
14164
566564
798726
573623
121151
780587
403916
892594
823014
599579
656351
44247
107085
397663
262853
624859
881977
741334
235504
698055
211342
418114
370931
761864
683801
668041
773138
705746
488329
529548
855474
58993
184952
151138
508495
696334
746472
621808
58957
868859
762889
96743
582374
494747
235991
91322
16577
543857
294560
96890
107524
646563
56354
173104
637600
309770
851827
758614
835275
639513
497306
420082
796811
813032
76507
141712
246638
461180
305489
546139
648535
171060
134067
347544
854707
90547
335449
544063
565769
231397
763991
775991
593359
812143
746920
389421
1273
35320
895462
115697
241677
622670
106998
68205
752018
657590
402561
557730
453863
47316
739260
380353
769456
677906
527401
341218
509418
23537
654006
403077
120128
42314
602467
714787
421974
238784
151234
822191
271107
749476
42967
303439
71387
390371
818271
42513
687242
831088
783916
233804
77661
138922
84238
606324
872763
261353
445230
658201
21329
380459
883380
662429
113066
91477
29384
135312
599197
345000
53941
818538
17600
825154
411754
628452
673563
402926
471962
238931
1975
280265
231875
85282
338518
835250
842859
703051
91996
38125
270599
752113
608874
880659
218486
569213
413067
747002
764297
517139
576456
855485
812422
335633
166806
272840
613986
318404
441647
801026
434027
831398
242334
306070
418888
552568
820276
177376
411928
816119
58935
42929
526455
651294
367770
356895
139647
45113
125288
236908
45323
373409
567418
782002
309079
153336
287528
721384
537539
191075
760220
454803
128502
643487
208194
744843
831103
278593
1339
580648
259671
476334
763121
130602
248419
841844
126245
819106
560693
270883
321444
147521
296561
78092
341784
119258
633901
25140
76859
402422
264274
45012
236774
521493
770784
202897
261415
242972
769773
36115
773553
2079
553038
374724
133453
350891
682126
772103
80015
214064
519355
802610
94531
102602
55552
379401
861318
791916
497613
523704
706001
339976
347315
355117
275344
164220
530475
751472
576978
834140
705622
668032
287448
746135
870143
306828
314512
733929
94141
353098
665179
798814
480725
418167
611018
899646
382460
419148
529512
132921
126041
208345
62545
645551
307401
87937
18720
861148
463740
68913
829797
660991
896541
144830
670710
305478
699440
89722
628476
381048
123795
498675
761806
662814
183014
564648
333148
426895
712935
532585
101730
378390
48599
3466
202076
881954
308376
160259
812376
279530
724280
786599
375398
815739
90951
687871
516397
341983
18371
562787
202839
737356
130357
26996
868141
445638
816500
397625
624253
486578
774472
325267
619671
710168
520809
847999
50967
599891
780678
862696
726301
769049
260161
466055
829785
806946
765559
422392
84641
382583
160638
779450
30885
363992
799367
769026
487257
801481
673698
741500
577009
119002
799265
128512
62924
751410
890005
224973
612839
279767
744084
677509
776530
805597
372924
698340
896000
65385
824882
600125
586680
6336
450371
284563
696072
777680
829836
540274
2585
364891
301908
541704
802685
796380
98678
431875
522949
89720
578717
360199
762671
542498
127529
697900
471869
154346
62542
604562
622593
823235
624475
31490
416948
250095
170200
95331
134854
210090
474952
264790
51407
623056
226990
836078
796164
817516
150572
361519
406726
755198
409351
650146
395540
216455
768038
186834
664096
415956
467353
504486
190527
497765
537687
272955
118458
717977
545279
437053
375970
277880
402016
133507
448864
760380
644916
569060
112906
274109
899175
750073
468498
891448
250326
628113
526521
291675
814290
624747
370528
392079
357155
471795
784831
286723
95177
723964
843406
242129
66878
782422
734528
194575
687640
496589
230064
309620
319146
426942
887092
199684
667818
307094
585646
632442
750669
492296
447106
179250
452686
311243
398177
584944
155854
539214
58211
213488
184310
628089
850836
467435
277208
78337
484453
691234
30291
706471
109987
22474
543892
128495
661701
192021
84218
777240
609822
155993
161490
786620
665491
172447
388993
804741
227687
799882
680800
206634
332241
2177
39553
67397
863055
136571
812048
259923
334772
460710
685525
162215
641372
332276
149686
240459
708833
98083
200378
280820
667878
775783
833320
228992
705264
418679
788973
587183
380629
394512
364508
686523
4972
320746
809103
661046
426404
797109
153676
52063
867921
781775
831140
653600
110529
3429
305653
630151
831148
276227
61518
747710
850634
491770
231154
59625
218782
736589
489046
777372
328336
503832
358469
112086
730713
833918
794276
24382
283607
508974
627119
890841
32832
344816
356897
441125
878292
787409
615027
491990
151659
751721
149500
562570
267789
866565
541718
300298
609888
564118
182305
140447
669628
540886
103009
21071
506235
193298
717955
814035
879404
61368
688477
516150
347206
77534
551474
184812
262682
732812
89141
347628
584641
267784
460805
403436
10804
240060
14775
670167
71323
86278
474546
178702
515485
440636
695571
385976
561846
288249
645680
619047
346950
351689
687386
169737
523750
704909
428443
859847
479286
387499
67487
32574
345842
529941
859024
444439
794499
802740
300441
361573
747825
406481
1196
482043
858966
381311
525054
499783
858894
881129
321328
603407
494795
343092
378153
93351
405605
325520
302303
502795
590638
251008
714357
309247
692867
425764
59998
517313
110398
645599
398528
170504
899464
585002
345075
830875
137613
263412
106472
609968
392136
721524
239079
60031
72733
667693
299376
385155
456549
838492
601667
462893
751684
422849
361564
299236
506742
543592
177014
700541
573256
695795
240368
723538
886884
502758
382348
340386
511908
684430
794228
742630
267719
744846
395384
652619
872833
22888
553170
223537
347820
803141
481547
416607
856701
731873
629622
174688
399890
262870
898649
72958
261095
332675
782669
108505
58663
257624
380251
720772
852575
469345
199494
422077
264015
898989
844519
232487
42042
749785
187475
398246
179581
518430
692922
752694
786076
445172
540296
652552
85400
643457
106542
207577
86781
605891
631963
265137
762487
404309
588419
633589
631364
216961
784322
17002
322789
624514
666842
194215
546318
235573
361623
107029
799005
798652
14932
124294
307367
425358
780567
882542
856366
388447
680535
697155
8398
215655
84862
450509
705591
359473
16585
45801
149589
414594
445388
512928
839563
875492
58866
459103
248223
665295
580386
763379
389486
719859
778942
267746
786912
618307
621477
652425
239094
55009
490904
89166
5760
664259
109594
113537
455371
601343
3984
410772
221112
754137
754344
411251
329607
81285
334165
610018
517810
348506
511288
449651
203638
197110
587931
421152
526796
387400
719224
254314
43799
155102
277974
114159
213941
633259
432659
524130
125752
83636
711613
634378
411311
316472
138746
891032
849725
63450
13383
437702
573323
360748
354045
299529
518361
214234
578704
431667
410479
478224
725842
586536
854578
220552
787989
796474
737427
33812
646637
698819
718177
625732
418771
547934
163198
673621
407014
709955
791887
326295
776011
358589
638829
859896
95158
311402
250041
35346
612129
873230
641069
398958
480249
749204
833229
108948
676248
52675
223164
913
674060
830104
132010
488227
362583
668134
28587
126531
224656
37222
414435
355375
166694
658557
815326
786515
78149
101769
291836
419827
122545
256807
671913
27448
6991
522532
762347
641205
117443
476125
163284
673365
87028
326742
694968
304612
514508
463796
470040
7766
405596
74680
583484
253175
630588
440888
103360
551663
626255
662523
862021
847985
797093
449168
778888
254082
248186
526283
634960
410753
536091
558334
505793
254135
195465
594225
583085
647387
63351
25981
202474
590914
634638
77162
564479
884610
886895
800163
286296
845186
49944
154483
356185
739488
410432
267838
692302
316766
384924
627358
285345
693577
207684
527257
847749
689128
280432
857019
340592
354078
157275
643029
854597
295707
741514
144722
158543
225125
596870
185906
650633
496863
37700
123045
412378
229651
376806
570117
435903
869825
642811
759344
148129
795300
379937
9793
116293
59069
574059
855594
740258
302143
30301
615441
202701
616214
355124
828548
805328
604148
304579
773913
183321
274394
766232
350086
278222
669311
355612
30841
129279
248768
452378
93974
825876
431812
733943
809356
617701
757099
221023
268850
212840
492850
158881
692035
640645
761094
891120
177938
230662
681955
188490
141804
4234
19783
108406
109737
341913
620919
839718
383406
658993
132494
544572
571715
1310
416126
279881
356684
757929
695812
102992
825798
278631
302285
833770
58527
109618
653406
37922
682738
229878
456485
302176
774271
612129
802426
664387
345955
532477
892689
833767
884120
382298
235966
401127
286155
758020
876901
276284
259382
545652
383678
791779
830074
186467
308610
478332
753051
191128
89652
276079
491416
357570
819918
525833
185125
496578
96135
588612
52071
14752
716126
62404
503339
401470
683974
289054
876579
313097
64942
151155
542942
768683
63596
320186
118979
434718
317285
684028
813962
614491
356475
728761
824599
273169
845204
457864
585396
781617
156515
654427
374025
41029
365397
119425
809115
283297
846170
868260
107038
456369
778797
113939
723192
469234
853538
394139
71828
501630
364428
674094
354592
692959
79560
261957
344131
111172
673289
482689
821054
833489
171328
451053
446398
877296
571016
665088
43035
318374
807916
748703
671857
138049
258198
432863
635640
859853
469460
408040
385538
141286
701769
702645
304880
5159
40877
534039
106897
152481
728418
894970
154905
652935
543924
667263
804954
253446
569708
760584
404929
441906
265938
787954
85743
261084
547548
557852
414482
485376
213815
634119
548576
603386
657872
596438
663600
227192
113664
809492
603092
89579
652370
169236
518103
595095
284242
74675
813743
622666
419668
754427
731647
377961
708830
603713
336812
103686
129139
372334
542970
278382
560797
164058
384034
669599
499190
617588
82866
455318
833044
674846
546561
627398
615822
516757
407725
359493
483823
544943
634131
677504
653877
55069
815530
861583
40614
779568
320445
650339
438993
56024
822627
844316
680156
193799
121885
315608
367375
650707
363243
146597
349788
798651
600523
827095
883242
71457
566543
707636
229213
486678
12154
175117
842211
353555
702487
182472
723741
865571
103349
349208
474440
547678
564771
619982
37607
407792
774948
487849
165487
811001
664783
719304
121615
646477
755367
799968
720313
714011
763569
97866
232081
398027
604023
300948
597266
650625
578808
826647
695959
57598
839529
247208
278669
882341
695212
32776
564626
391963
694988
354998
120457
878663
563250
853061
734782
205370
109127
80776
871248
641352
487623
786185
319744
438996
870910
261721
870741
768458
870306
221441
757577
138821
527148
735127
888083
461265
486932
464109
459569
27882
365224
343332
96338
819652
587688
97790
748766
546980
12610
116592
480515
774347
558021
238678
604029
303059
413764
447680
75296
497682
397481
243882
467173
196188
653779
282986
305679
749157
371341
46274
488985
415651
171084
679542
714622
530866
468581
116983
887588
132849
322857
467774
682565
410889
66527
464628
26908
757582
59164
756846
333449
29022
310305
350646
838529
170087
749840
874756
233461
769509
591980
149035
852956
763529
43853
799184
127232
859125
120189
656150
119618
276611
319378
359061
270571
166214
201832
192041
739185
52712
501562
674054
180866
373042
511741
304104
715183
428074
293946
845897
603832
274422
222341
746828
336176
537088
580670
562583
278349
224434
531588
596509
369582
697408
75889
808185
398569
625924
705302
463863
417584
895301
296563
477420
618719
795345
793587
187238
427973
335305
246562
552957
349901
18172
691532
363113
172104
526059
553780
389197
886200
700684
526477
348338
817147
861035
863993
655566
797202
771786
676539
778499
251373
527784
28827
766884
49366
174464
28342
30994
846550
885512
800990
468005
689224
350554
359605
7909
690968
170704
647074
81209
715574
720776
862510
831446
827709
34311
863326
204217
606523
116442
444813
447249
700093
121143
96420
85587
28377
273314
491641
163216
566711
195980
311714
448516
601180
764917
47892
578021
733684
189522
316476
480028
217467
568106
535865
844368
171657
407066
285397
895325
602264
296440
486526
18052
467987
705525
169797
197916
3676
269820
236945
270022
820634
159287
674657
284926
364958
235152
435357
315853
398672
482837
690199
148508
659451
394357
7108
271619
822993
576391
485649
392159
577532
306889
361379
612385
138851
582246
367215
460387
549013
464625
353619
413334
526709
411886
782927
460120
158465
538192
697379
632801
736353
303133
612967
851484
876009
390957
64993
612370
666571
867697
243942
883297
399740
194417
261872
293868
154625
57102
755736
330957
188310
366214
444561
760870
611322
194037
221889
797268
250555
381816
774076
856644
413017
105038
48350
45664
891354
435895
180741
212610
464554
483454
894889
696073
368236
610003
363257
572041
774529
769521
183124
640349
379763
71358
301696
635800
417407
22801
501354
239737
21470
52557
213754
757980
102254
807340
268466
833260
43969
743255
412836
4247
449730
606961
379437
678395
787423
250932
735890
332188
145239
830451
571797
799927
239874
251902
851956
233584
139671
141924
12638
2984
878494
719859
164147
873611
98579
87483
642039
510501
769171
375536
206066
347700
779943
130030
729959
421593
87754
297207
794511
87752
464184
735960
874513
255231
180053
57001
333825
5652
726454
752083
775570
574887
361456
258445
306073
668726
656732
488095
289696
494350
416100
3975
573795
595903
264653
872185
40106
439081
660320
102497
273444
273267
259542
589572
343036
292410
495744
5348
229915
492006
410161
399779
204698
602520
481800
826943
316641
565216
53181
554108
837633
662348
422727
815295
621643
896378
290984
609302
671947
67790
408503
716021
407908
859871
708647
20443
374889
692203
871896
574611
360917
426347
802426
897526
169224
280194
449626
615662
607583
845263
626123
167446
140399
503361
658002
737533
90877
498378
869069
702569
629629
656236
762272
140727
655717
745936
374974
22849
373100
734934
639057
46265
386533
733511
52455
419058
339442
889350
599705
385214
413255
466341
817560
445009
183805
797811
405654
208516
826863
181747
76879
279030
270324
162792
409554
85933
459673
19340
634479
709754
702266
369408
845823
835066
284125
519550
321035
409465
790412
739722
374650
203218
282701
453383
677530
483281
473311
10693
66090
30713
412499
856248
275297
157729
763461
387749
341183
60025
317653
194837
818639
505930
788423
101996
49205
737435
452595
356019
832186
503057
26729
846001
705168
693870
874213
253304
339588
198938
369834
759356
416288
334143
716031
798975
706330
109198
891011
633831
243740
424927
191502
290385
781424
485973
798885
862206
837704
429888
124793
718539
258728
223452
401021
538463
614769
849111
21250
299390
7498
287152
745618
67035
118604
896731
818309
865994
210603
417153
624994
233202
742460
703204
174550
862209
781096
670112
118730
326810
255948
8396
156100
288746
550889
224096
247869
443705
754254
185361
648026
719803
260352
553880
585641
303718
707716
668944
167002
536414
477065
333278
366167
668331
257429
817995
632546
593292
57002
230317
370762
733029
527444
455780
374377
63348
800721
745600
149820
213794
678910
181983
191040
457844
456315
284084
25445
563713
826458
121283
717810
234462
448457
687049
659926
44885
557016
265465
334022
609781
466473
872449
83063
801218
580789
868267
867706
22797
231317
262559
482351
129310
104531
145190
37575
70925
469261
353129
887322
463249
285090
534424
780609
783984
406141
39590
818674
574837
581212
638322
123254
848927
800380
628704
367336
715797
423042
128326
219052
456120
389128
12611
574569
612433
604258
620969
404740
2922
356748
404923
300091
93017
191474
441138
536251
455414
78011
623386
510719
793357
638291
200089
480773
240495
197140
873263
361166
28259
716560
302072
147890
532794
93790
384143
52638
317696
671678
18989
731692
524558
430058
389583
800892
523453
221020
312757
94772
447061
376694
646151
486449
869571
626098
623026
210121
137801
378790
1072
164735
622191
468403
166598
45922
296183
391051
884358
42339
65486
204604
167285
330641
559743
637341
286087
689746
46721
519188
881062
204128
591569
793538
127730
369149
352986
192076
313282
314037
511280
240231
497128
155919
131197
659678
759987
452463
134835
148739
567886
692715
685919
740656
159686
154824
314527
14233
668105
762352
640618
847536
35529
334930
713037
88307
301151
186871
579191
599670
234285
60412
730058
458633
32412
536305
235185
1927
181380
693100
409937
819354
643850
275211
321816
44333
786851
619589
677554
365808
785623
232139
834587
447842
476129
650304
476623
671134
32243
99762
76636
286308
462646
874164
182137
37794
868558
688313
29680
882495
895484
288847
297110
547589
259838
651062
774748
47785
358161
225979
417470
366967
858935
428662
346712
278718
306899
33500
472441
310998
517872
352098
618223
458569
178785
598735
320962
527365
358372
794044
737021
822493
385248
681386
113286
793526
617166
750656
813967
561301
709108
472032
741125
508611
737483
636197
624710
4890
15874
700636
390064
785518
786395
487067
623028
380827
508308
187298
334249
189606
133056
418061
74236
340083
378164
326931
241573
19011
610206
1022
873685
582792
497646
599271
679564
680487
636473
159629
790600
309895
683218
289426
645559
277404
429561
168018
668237
650123
794320
428993
351761
173722
340008
960
97394
324470
320731
655228
295927
36863
64306
752707
49715
131700
318758
825027
567511
332535
58467
526753
687490
861468
157481
663859
366420
326675
65548
182587
55008
497232
755100
452032
346431
825139
449087
865930
349793
33465
824665
666362
745439
176094
399662
101956
131628
829069
528094
579146
201578
21959
488975
688950
417464
331
490857
364051
294441
778599
535354
449513
462512
624892
258233
514675
86999
500487
891208
537983
508655
236337
779507
90817
445730
426325
357302
512276
154404
53001
63706
642862
591976
724331
311615
772735
326863
296137
679062
653798
895547
140237
583141
426576
843330
239523
794574
607662
371421
697385
318249
306993
664576
576466
753325
438277
250084
561718
620206
600487
100064
207546
11456
439237
225655
679479
299161
546032
286442
379658
11157
780608
740398
614455
764275
288517
223384
185531
801373
791685
142613
795597
309733
23542
48534
299407
457930
209690
540265
582487
712890
34738
518787
348756
319441
396833
573881
299520
571328
804510
549741
658465
769257
617077
473701
773371
708390
655131
890392
22134
638058
862667
452258
243815
635423
534786
130039
882525
889614
263475
189908
381195
443294
251720
750961
642413
754227
177527
627602
864504
446680
352508
524573
206979
774679
29208
336070
547628
726500
305702
356037
406568
574714
788566
456009
572267
897405
405960
575399
497328
514271
330534
562058
412166
361502
114782
17774
544311
740682
846747
91720
312917
644932
571327
755421
423651
102210
329855
511059
469566
520304
878203
723012
216039
18736
872088
758638
638381
744418
847324
477128
189723
795326
514214
641168
371228
356990
660423
63679
163174
827257
458785
61853
485194
514186
285882
35313
866295
404335
157213
822865
46693
204717
554829
776728
43333
303249
633991
339637
112738
500274
259443
479968
825683
700658
657318
715591
889249
56354
787576
432807
746128
816645
429821
472598
411147
412333
647649
563197
348880
738178
869253
559204
790933
232609
446769
627173
200374
780993
456885
494178
447133
113584
269440
425202
556716
134076
528668
376310
325321
477806
362308
382794
644903
107409
280738
679223
421485
578801
650569
361606
869317
67806
250636
512143
780067
347215
550842
732047
826255
29027
233271
491000
101170
886978
632760
675234
465209
696739
472922
84383
288201
684263
354623
612429
408383
331810
216710
745444
466754
723994
381478
143599
367880
789383
633671
393175
238466
889595
138076
598971
19556
342555
690433
58236
101909
147755
162382
23765
13231
73128
849141
570984
271860
778735
72446
114130
635757
722843
491035
46401
574848
712844
534314
119868
143662
262498
15400
684480
868261
15528
481452
136268
60681
490510
401319
806290
409210
628847
87062
237166
524034
846962
467201
489810
390365
380075
742164
836480
39653
528417
191287
763249
537946
731467
428043
538770
807338
778803
205092
429838
565218
300156
880990
452006
691185
342016
641469
644062
648725
23922
522565
463217
246885
341667
511058
400196
323098
8320
73781
40760
355419
518264
9708
572825
1540
15226
786461
119347
857361
858845
333263
445381
386924
53946
628004
814190
713937
389204
197335
464931
336123
254680
104622
887394
70957
772543
741628
439073
310239
399440
834262
283904
242146
841762
250383
798109
64658
208960
521715
666342
223287
215141
462172
586344
605688
808166
1301
395686
337693
457263
720648
309734
581534
261349
100294
442054
360910
109035
139347
54444
744126
313344
609258
293562
697135
825670
706197
321056
885944
654014
832545
307116
634416
861678
835841
717308
726328
662628
735234
596660
206024
594484
883238
850443
554420
656317
650240
393984
552219
632330
877290
344074
441708
56821
240326
789709
760214
773702
356208
770696
382698
127577
418812
632587
490159
707901
200721
405733
328930
768344
203361
200796
521607
564008
30724
650838
95952
231780
87504
519444
604681
882945
430199
208511
712862
863249
212157
743642
335274
222374
879989
591831
217533
890581
145335
827365
453832
128053
479
351687
403528
874342
855717
507136
622157
719342
683829
611403
189926
667006
138155
592167
632011
91060
765005
258383
260743
505498
853668
838247
146944
416939
112503
54418
779876
518710
809446
180001
680881
553371
672257
573574
778944
391154
540867
217734
117135
645099
738574
129581
99435
871376
280196
89660
505975
878598
120095
348605
545307
881938
54510
296471
85547
125337
263116
794493
671442
545760
417598
640928
439708
803154
551625
580997
429085
469408
363342
113489
894337
416098
817860
340481
43825
343388
286224
679767
336607
542172
631490
156174
178862
135647
677199
827406
401664
737651
26087
179419
486557
588215
304051
222152
481406
5983
295373
719977
551379
544148
291259
102150
619959
688984
883561
140235
541422
349095
840706
143772
592375
176953
578571
815686
664660
681316
686556
842481
54387
391006
157083
821041
610905
533119
440375
111932
853034
645349
180287
188950
328343
561554
54045
340040
190308
410320
69202
858991
196309
51093
473710
445168
583860
748705
111308
745609
454946
28868
656520
620067
545656
708893
455646
94916
153496
305277
719745
684032
727093
740713
52468
643472
24795
622334
601032
691355
478877
326383
424083
829136
679801
587755
301961
118614
565354
702970
617178
337946
268394
67621
545224
460328
106402
618773
879074
792981
258703
99635
201218
67257
289011
656751
252640
737114
117269
71036
802993
828483
518709
489305
776096
339635
821393
188555
837286
720914
503757
258885
198505
2175
390530
130794
347439
684708
568774
816809
549693
882315
53395
809350
257744
613322
810007
31674
42935
687545
662840
489457
783723
469893
29185
152337
638700
734653
885582
755994
804282
51241
247152
856521
140429
187034
337309
400438
82577
276604
6519
292638
57057
211784
825079
168091
471582
574071
310678
564558
840493
709617
363672
434079
56203
740803
427157
75931
807661
314639
899685
565373
270648
437150
860680
154247
58489
344016
548847
80143
207235
86803
279690
570455
837187
159378
533263
222612
798849
60677
240772
156336
672661
557286
538281
775723
341636
773316
533445
671996
63574
665360
20363
565750
574164
735125
496680
848806
165763
183172
313612
822616
567064
809037
745619
691897
332279
594731
821007
368631
563244
542998
4404
109796
869829
48892
855807
652410
827658
829321
265572
193560
515098
56674
854898
566058
211395
466098
746597
457992
590686
288860
359241
341397
171300
538543
259749
898887
407313
833271
6859
816966
704436
483760
514043
166893
630800
470454
709711
675374
872946
77336
73030
797202
68110
283722
464592
755102
604793
432794
263635
11569
196189
758618
817208
612042
488381
851676
57205
574630
432677
501788
627928
706630
71980
712887
89932
221424
309449
809497
705419
328172
885583
95892
342433
565359
548135
263404
428568
621172
317064
235568
396101
757638
696694
520227
210735
857434
751636
350296
440567
719161
107335
481148
765224
682780
855656
202061
810301
418064
172037
99593
452809
337177
349718
227073
479783
434098
101527
540556
785918
860274
274758
557496
413521
522506
82075
322843
31009
120683
198655
494503
168511
181157
280714
13276
485553
352427
212285
428504
699456
328658
528633
182858
323580
469751
389498
623908
829933
868192
664403
829294
856503
696538
159239
46070
705064
187906
884769
504422
416514
507680
22609
218382
514176
442542
747844
395968
229190
372310
28958
75451
405033
763929
600599
330335
246168
420172
634127
600735
3974
737884
861263
300533
809269
242194
470398
794959
823585
89010
888444
67815
226342
866301
891839
281264
491694
308407
626855
863980
436123
83715
433696
185371
45837
895146
143956
862093
16497
770394
34666
575545
694759
342955
538655
721030
252622
404317
341407
677094
436558
146141
647104
747619
880129
135270
77628
503889
519743
49732
377033
388771
799844
10260
475222
68122
796000
794856
394340
528984
811676
758695
249246
780691
769540
274960
544887
136709
877973
631134
62687
75936
816963
717287
813057
56766
841031
296959
621308
189142
351365
704250
15580
497227
655926
551695
864628
396446
510806
522168
651483
341284
119531
204917
798272
383827
763312
806640
728427
542101
892638
735931
885841
764287
281334
382421
306131
103740
185453
497964
456724
762274
311892
273501
774933
445510
169219
77143
155343
468971
285058
525213
548812
593589
240276
127242
618851
493564
834816
237742
529518
45020
832957
162391
222345
321545
131257
36043
260938
722240
128390
359153
688375
544761
48418
418288
258792
257177
772193
579759
686874
64323
155001
890044
599053
736590
367530
399208
891099
458994
57832
235311
510614
399100
56070
113077
824092
843777
356513
207756
715385
40655
55654
502547
877754
413055
105601
381144
687753
803847
898115
779901
161194
862764
81838
504824
74001
461460
692417
180021
680029
670297
622299
63095
430965
98874
111917
797339
687614
843180
545441
442013
357110
880333
877121
734964
48880
794745
363973
738008
429196
782837
320093
222404
370322
6089
313399
721398
360299
680171
70669
386996
547421
369558
388974
170825
521665
59066
804583
829772
727586
540365
122350
507777
82227
357182
801323
597561
754861
278538
237284
131637
731237
868168
832131
826152
91143
743295
560101
99450
731153
736663
647394
673992
715757
246316
421205
407209
141324
256415
223175
664460
521180
246024
841212
214525
110118
234086
485785
837542
278118
547190
232335
663154
408232
760418
319689
423981
842107
249104
14479
429799
514165
97595
226613
335639
316611
43328
117411
727388
50443
206671
794753
728831
539936
853665
757342
743700
826881
289224
253981
233183
840687
826146
433277
801812
581288
60903
439556
687575
447429
242722
370535
9473
854988
104765
96568
666596
191091
130708
308109
187622
497234
136812
470313
475049
552483
352540
104425
819211
533881
316969
240877
771849
102906
267696
117568
51006
719387
459165
489222
532010
175734
681336
268418
792141
695338
159935
870881
446611
243920
372046
651750
338218
222133
592443
167411
251150
663833
802590
700465
191493
628738
652237
537788
395782
401117
85447
429101
299797
486451
379366
385573
181385
753508
368311
755283
110447
697763
669446
767235
415207
162158
195378
725924
583564
524712
522175
615027
71474
660116
780523
410025
764391
220336
152568
665822
504667
241036
144424
313816
365276
319846
840007
214836
466938
503939
288962
391599
355466
631947
504885
781778
704870
673090
686946
21144
724049
432927
850014
302238
704953
420715
4261
266214
782773
645463
823790
681351
775021
448378
514073
598004
783960
467654
256196
644679
373664
842310
759133
851626
611715
60598
741778
223074
147507
652287
355236
395417
319805
283821
141082
745478
866471
455951
793938
599899
246610
152171
338002
459115
385406
591515
344188
512758
830509
557384
686048
305682
328223
249633
883116
222168
32925
335928
528799
105288
804818
67065
388859
64089
779731
173864
235224
196097
222304
477590
194901
263262
536738
201120
593257
794783
791188
726788
405624
477457
50878
721568
423425
84010
573724
899049
279092
164684
755133
895717
302305
166326
788295
737413
864587
201421
608824
353443
477724
213666
318760
125716
788210
725985
532490
300937
481911
132309
106993
699496
652046
594811
855503
554786
400201
803585
869433
829649
310136
253658
70662
784432
249628
499938
757846
268791
232889
859209
182671
341937
34249
679581
421123
532187
881390
16728
42894
777916
535263
541571
404123
602140
64708
88582
12453
862178
765693
599341
175483
656717
466396
547512
601053
312303
48499
392639
637091
547681
488200
15360
476477
636007
650085
161959
295925
254946
331947
119000
127857
547019
860519
508220
733908
337394
267325
322054
896836
141268
328449
581857
529798
811154
71076
