9123
350197
339598
869044
91783
242041
682826
439450
403419
168330
596913
855339
782606
834888
520443
791203
576835
777160
401212
475404
861723
427949
67511
396552
709341
354879
802538
273943
389807
268427
97543
102630
534241
171031
784290
645268
502217
552896
407334
829410
153640
512466
627651
473239
136492
244611
752866
743501
231919
337772
707385
803035
104060
832837
386521
803904
359953
898940
224996
374473
883680
735666
475485
466143
102512
821874
257720
633424
495073
560463
185776
243512
574253
687065
370999
581868
267849
54107
731688
58050
894411
155508
676408
548192
246885
462031
18379
696288
638927
381154
10755
830013
75139
450656
174260
413278
207554
341691
606290
274971
784276
481786
775884
591632
437229
560914
831570
391869
891658
7748
338353
483511
182171
324147
734047
624399
471323
684320
74929
553373
7290
798148
259819
253161
65372
101929
630799
399797
780761
396357
467510
757002
121381
732404
31133
586494
787019
293105
315383
153791
823699
80625
766720
273983
648771
142429
312849
654747
46977
754218
463823
643946
510774
36214
176606
351422
465645
117472
705876
538458
839867
371396
606696
300785
107641
521331
574248
832694
575405
445419
831850
225766
591143
802680
168090
698350
614855
532230
533619
61305
244411
254850
257321
709178
458534
416012
763362
375283
486109
507163
589317
51296
107371
125581
558538
262019
297076
22889
145809
663245
832118
2036
197711
513829
885963
300492
170307
827256
425451
308644
24295
35261
776847
208732
776290
864323
441264
64571
655610
844410
101838
717676
472231
268571
556652
603828
493346
631797
692121
767244
793692
516405
269674
772990
86635
243057
379074
487872
287615
272241
671283
94728
369011
882458
839934
659915
149471
662553
270775
392887
337707
771816
588900
568745
495357
416192
496772
447435
186259
467515
328396
293326
633836
14756
407628
370368
617249
362974
260945
512489
42962
249677
786980
151688
465626
564133
458735
691333
216868
528174
426271
84467
85975
64272
684836
50948
48077
800737
515766
323368
845730
157192
174066
655044
286439
497133
310914
672011
401301
485663
544827
712924
95519
896865
644096
306551
11553
878450
403843
146205
595829
870231
303852
605827
577476
589864
888338
539442
792601
17556
246278
591135
26737
95505
361711
704354
736303
154692
784079
337845
230252
110985
376325
549995
447947
847520
155628
95274
396171
310196
865665
499110
89365
530889
240002
27932
471637
387201
265105
34632
687878
854571
856983
368579
621510
229706
854918
343964
779305
421725
461367
197361
521993
246128
360306
266763
589690
92126
242636
585108
90716
697376
792171
669494
640810
763255
254661
85937
592111
690834
492902
702424
758808
235516
417295
400680
388
580774
298332
842438
898680
32236
703646
558900
458832
165095
523079
353616
423792
764975
12357
112394
44760
502442
839525
881055
65302
45877
119225
84470
852565
718445
549268
625079
312339
60763
53265
732931
681136
352698
333236
584340
658242
853286
423880
820913
765478
464419
291912
827566
95152
248775
280185
301502
378276
36901
37140
396278
723838
308439
476834
190272
309739
670471
565471
467992
231578
203930
758529
263815
248397
800633
331186
299129
307177
714910
703097
172317
643693
820439
115480
849337
16768
205946
854094
515559
131235
366662
127227
366031
296165
812369
452996
152130
47861
591507
779725
91665
785970
853262
551171
289288
834303
303545
376828
208747
672850
633159
800309
678475
103563
713881
561403
269124
717538
727485
897510
600886
427033
292768
38911
637951
108817
491703
671331
61009
23032
598854
803807
326773
801247
696204
579963
110011
632874
228427
634163
604893
861409
746071
38464
572623
94820
172347
291190
881221
335227
341218
485446
203490
40618
596520
87780
27063
563876
214270
625059
137472
518839
783540
352476
847255
345445
430502
147597
63284
308275
864422
463902
143106
713689
511938
817054
251166
353018
425393
30509
336238
198286
706815
424627
457244
282331
123506
789869
445198
371939
672313
700776
739172
385846
782256
242885
255565
525639
549330
265053
699493
38749
403228
873310
684783
587168
534970
798868
337931
549555
850480
80387
15029
705665
551943
315919
778714
402799
450258
704863
614647
718513
758844
796342
348464
584761
570831
818433
31337
249803
140355
288367
466917
885228
1986
647962
688696
891320
385972
225284
437835
518162
395020
474684
725612
524406
742350
113472
335567
262603
673467
573597
67654
822036
489787
703633
331032
33605
28613
160850
477761
166675
173294
155719
444805
164804
108811
754356
383154
434566
854181
289363
26801
436187
605657
329437
578152
87122
747816
428041
85136
324881
530882
519371
348398
436014
246442
538238
454513
860445
373446
694012
196775
703460
517765
270441
113755
296042
23629
855248
656847
155438
688448
102885
345554
269779
700938
89418
335774
809145
340138
257837
423056
310823
363002
47342
237285
62916
294557
715775
130958
289062
851205
674116
161968
897889
716925
871769
341658
451041
736121
726675
210212
348979
740665
753887
664256
53725
718516
162790
688704
569070
368742
265458
532868
745392
155512
800170
841245
430426
892905
656921
152003
783010
832406
706157
269360
830000
58699
664092
859767
464877
617222
275104
511012
681146
798532
778275
218322
649661
871146
673110
724387
627223
604818
133275
147583
800529
320624
33762
289996
141076
62112
177424
896933
689911
241359
148668
589659
830035
419138
186772
350565
278835
185830
438044
826789
460071
200437
167222
647769
460952
228161
864829
753627
58454
242945
210187
61269
75756
762934
516571
265604
55317
106520
884809
468040
507656
179810
508277
876389
769711
701494
507878
862233
295734
63662
717483
726938
397214
892512
308765
838571
789457
689389
442496
849051
137328
724071
709800
468955
296391
115005
161560
505306
29730
765476
296550
580639
303674
397603
522523
462913
378664
32955
191190
100326
387290
156273
547728
530838
710915
600506
430586
73212
848972
866306
165346
55961
88584
165048
428885
756548
212678
457466
69150
386690
839615
301304
846701
449566
156112
76071
785330
413445
146145
8037
772649
227808
358851
269380
310544
540079
532409
227478
44306
428511
855149
6579
839112
315496
508228
491273
300918
404613
734763
843424
131761
186128
403888
882120
81280
461145
329838
607490
375200
830243
547904
369513
108193
878780
384406
4187
72110
267671
790725
382663
340010
800904
737497
176789
348757
511131
13414
712364
190031
505681
86844
556452
887699
419576
530841
134025
493060
308933
790712
636328
660646
582097
38183
370585
531043
78669
700854
569769
81742
784068
49099
750627
698628
644396
795155
153947
704782
627495
399443
264471
332611
346364
809724
423834
283819
207566
598909
6382
43230
300470
56562
233036
690122
436161
721627
794731
714964
161768
121607
474468
123254
676520
120271
813598
223750
672446
507455
175194
530455
30625
107311
781149
37560
588539
419024
677845
685627
671621
356417
257418
857041
456734
670081
176803
10128
614856
421119
418418
463318
560640
507566
19869
815495
461720
866004
275722
754802
3346
522850
279942
11667
627835
447421
579922
385137
511553
128154
241482
518183
154867
392809
316435
406336
102740
488296
387201
435099
437883
274585
17026
318575
762058
93902
470027
647303
173416
526432
107804
185198
734941
102622
510194
705958
318218
635747
177418
82578
157283
576000
494925
383380
857706
657785
249980
447825
85417
430444
266681
427248
238348
380555
248239
701377
683864
205035
741504
843386
190732
533621
865033
343613
317555
673785
437907
379573
804514
186147
687481
487487
283380
486662
315505
108006
830400
857588
643001
184710
544275
9712
159264
713714
864016
487162
25806
517234
816481
92713
405136
584740
223224
136728
768580
365762
650598
105943
697693
787332
442775
245954
145972
167868
353960
333902
265707
221024
749895
260831
894655
47589
513126
135960
32650
128134
805499
429898
407249
43716
538166
264173
670257
123527
469343
31500
665857
192835
664812
380986
748452
831478
657181
607843
571373
282765
554836
586718
754671
327047
449780
699710
363680
749649
190933
22440
614890
889520
56736
631039
119118
585277
276685
213274
817109
70730
198935
679351
718164
45955
877241
733928
523995
277808
92648
479436
184794
650486
297132
794201
180432
507134
669083
817237
564914
863021
125492
798084
18005
442034
451477
380540
614424
224927
861082
810900
544432
876367
643731
169147
534289
378245
829952
439397
112598
236309
763403
894591
761998
882716
410850
535172
231203
619561
790672
836904
378888
616607
219063
818129
16158
728307
486765
176710
151267
659888
670800
114688
863352
218970
477286
101277
282445
482799
254325
318323
689067
615433
306652
437153
583197
493633
675884
621569
347260
556846
460135
251322
747158
865994
43059
169618
379962
841877
500411
884833
669059
3283
858563
54369
377503
153040
417381
508769
162618
298372
633549
390296
314092
55346
417741
351670
380283
223978
163102
368502
178350
55566
730740
445872
329776
519442
376572
455116
61565
813180
555605
237329
253228
249675
836008
152795
722041
612917
39877
642826
228334
369096
108923
327863
133293
54929
721236
684802
428989
540123
260043
518054
516174
697040
172523
659566
334026
668667
339493
605889
206939
725613
495853
49977
30227
873950
200370
322578
272539
413004
660312
706109
412220
669215
882484
576628
776260
275885
74435
664648
591317
113496
773991
95158
856976
157013
554623
764568
285177
290153
794754
740599
331527
563244
619640
167103
20202
814159
572981
33003
298297
533337
761555
450431
690296
30893
648971
124468
406211
322344
574095
492525
419257
893254
519655
151817
22855
848100
479174
481042
372271
471392
832584
233330
257686
872252
232970
486341
399847
382050
231654
650665
285543
19745
691082
625969
131830
171638
773172
336538
487902
817702
744652
674549
241468
810247
884222
543395
27656
178526
117362
114431
199458
856707
105642
665492
635611
239554
632311
846959
241149
546874
502040
634032
284920
154888
135121
207482
400490
759390
694724
624938
669674
387788
345998
547428
343954
3168
544320
391368
170758
603626
782584
73348
197893
348824
462524
601539
436747
848673
398131
897763
27616
892157
442880
138212
298049
240113
613372
824861
81321
522505
433006
665928
85627
124893
13705
560413
735599
263414
360354
180029
424503
59050
74957
779077
824940
599202
832147
795714
334458
721981
475442
843011
411813
763982
359409
2570
157558
517377
185182
587037
304294
384827
413831
668153
622885
776382
253393
653350
222151
85771
553560
674245
449517
303074
240899
873925
174891
337766
573795
760981
524475
89244
708328
638997
835902
494129
874176
332197
256874
51035
439821
824703
377332
129304
500002
88416
388859
612275
563770
172641
166959
184997
64212
583748
536380
893463
424207
217418
427927
822214
745342
265217
728835
324287
363368
864859
338784
478250
778848
284250
511858
515108
401979
844615
634153
833860
843667
384001
214674
584703
466647
434259
192857
285510
457964
634014
309785
420589
332197
217814
823170
514151
567962
707817
477958
11757
508936
662297
715552
98077
825189
191531
486657
878783
252190
537304
524281
186755
122415
792417
338462
433638
749278
306431
768923
578868
376852
20152
657144
809703
875097
349582
75650
269133
661835
790865
488792
745511
630554
865877
310705
129486
813380
494718
451404
740785
62472
394487
234230
459737
451881
784163
810354
849901
711777
424907
625800
419761
460447
294421
572525
795817
522399
524438
680874
724604
243748
317886
637452
806164
722260
518577
210855
431073
86800
877238
338727
631165
99726
212585
167221
507850
829270
524683
575459
686328
377813
176953
303060
706147
507905
107834
155851
316792
814218
213745
812366
552696
28409
274579
700886
892278
126600
628882
776854
616698
491453
792440
197510
349384
373285
458767
123243
427034
435145
474749
529476
457034
594031
366990
23252
65196
77455
85385
578375
64568
305968
473540
308706
621605
242591
300660
750892
641393
719819
162172
655283
173949
707264
360710
345468
613205
703039
21232
482923
242158
720854
87454
270539
737672
160033
785550
369050
688786
661372
586184
387060
3660
869923
208339
469883
627496
742985
627333
506464
673898
712977
6355
278416
686703
578605
356998
486270
880361
282673
138351
662825
265416
568690
605265
687209
700949
77920
425276
719804
711288
163805
199098
56999
896857
630105
382850
26795
567683
663244
275051
787558
344964
480014
824634
747331
367122
165751
621116
660063
731976
526990
295695
56313
885165
33904
673818
660949
71381
750624
469437
52812
716769
5029
205060
35572
214530
133924
525301
618184
796923
81082
513128
558004
99204
550806
196982
67007
842699
528274
71018
154772
777813
548940
469237
578543
612546
381477
304830
839329
733550
418037
7350
526016
555795
426664
795016
316399
803980
744569
876783
842597
246997
565514
832483
589948
286222
767645
330507
880920
287326
798546
244534
887281
572340
357214
820069
80671
487465
837444
188448
121826
772161
105458
675144
741771
809873
176155
450764
852203
673210
468268
34102
68726
409267
125902
12925
80978
811589
21175
762301
277762
272815
650700
189347
561738
636266
745175
200706
135486
860615
614849
856612
200011
785749
579021
5210
771906
781855
173969
665076
670428
34737
734993
38636
366063
113243
143034
252636
478316
514126
833400
62000
161169
597155
712532
281430
114098
441723
351309
296562
275903
536737
207089
692078
361265
330284
246137
975
400343
883040
592767
261186
173048
514772
566876
722229
799588
22831
234722
694083
204732
329548
287443
861415
507930
884156
670973
446450
515549
315498
733010
395351
452053
790137
504936
443171
95944
21962
677385
673194
274175
478938
537528
598748
255473
189736
696289
786519
59241
106580
268827
459286
526134
47715
686142
65639
525679
561727
720507
403963
47713
456860
638940
177206
112310
61589
280952
347718
884420
468020
660851
95920
59727
717264
535760
44549
129788
169905
157172
321044
767891
211151
629049
750714
584399
405304
759275
642164
29894
24113
307042
467413
736720
126260
345661
563539
250070
141943
15831
79067
256760
871181
725065
562341
554234
596358
30556
19010
130604
710386
42377
636561
460565
243363
377199
177874
891995
739375
215983
826066
620370
674644
612839
368804
189887
228503
696618
237553
839879
588069
722937
321414
144857
718746
527104
309356
500628
715840
300079
434485
294422
287471
801555
639026
358531
86291
135537
347650
889966
658123
794878
717668
127943
270702
736894
84461
544097
435976
401623
39861
526750
125506
198417
847084
494618
623295
429420
572843
663601
769570
894366
660292
636078
67725
886824
251483
878161
693125
165587
682222
635003
558065
692044
47216
360697
481889
567322
87347
598539
271756
491512
335747
768336
599793
238707
223120
285072
513439
170753
680836
286757
117072
618684
134259
798695
877040
889914
711215
722067
645883
383370
800731
400823
507460
806861
899320
20412
813939
216495
20603
726449
781830
545889
292127
613936
81816
798068
872663
405647
449150
762259
544700
412933
301038
365021
128036
269910
309595
278046
529268
203133
610139
803818
877580
788502
676169
661941
202528
583909
349606
329938
293864
871206
852731
630757
675213
770962
870873
529863
47395
146026
316066
45014
84438
3843
492352
673782
113661
169711
356914
668456
25228
699876
554600
488902
564485
205835
864452
824536
447854
221927
4352
507030
49853
103199
83694
640058
855984
673642
519066
237056
136538
338518
9772
285310
504824
702773
428362
578202
265633
37253
274938
821773
477211
579291
366693
43186
389163
851883
761848
338538
21476
284790
564419
499247
857537
813872
804228
679795
340141
841068
118814
2676
72447
865831
235554
284158
223908
334958
149744
660734
762357
207533
138487
204863
545223
834677
182072
876610
503297
872425
706889
72414
531815
56422
757941
567378
622709
803244
613504
676195
53032
833709
215465
149623
589111
154064
198120
26476
564927
661698
345078
694037
775931
568795
99148
7122
642418
890952
593764
416588
87019
336954
456764
659498
218075
642443
673849
32626
843391
700840
97863
420799
300005
70335
861023
129499
226309
731110
721249
373402
553421
459589
59425
741108
394009
178978
848798
126236
896098
755752
293485
538273
820909
670226
361588
157984
104100
893913
64755
804932
399010
618456
86493
94300
365384
857880
29443
487959
121261
570269
573778
663486
243154
886188
828851
460141
11762
777367
686544
305488
776728
558151
123415
391319
381804
387109
361206
599510
817350
665157
846694
21531
298851
18095
836165
410956
835924
614411
274939
748380
844051
566568
212926
691594
598193
419849
246257
299351
457803
104334
573063
693378
396571
447642
729318
330337
806123
816582
339430
610270
684004
439937
401080
11787
300772
375266
654147
187044
697486
55980
546186
582752
422428
80060
513834
743859
120143
453298
785855
896515
255623
752762
890246
820197
776334
98966
471293
225492
242414
447274
602695
353421
458371
108067
187980
339561
272843
46756
615581
17304
254298
11183
281908
19127
359434
762765
481849
610349
631536
43130
440706
286728
2634
309328
286354
613263
66964
42606
121410
191267
304121
874724
892254
874839
810183
95902
263494
139145
186875
244459
869972
591772
557916
763112
844125
256403
407716
670830
854800
441196
469784
851413
20796
847575
452024
376515
144719
394514
104882
550198
702616
613602
682641
657609
795630
573936
397139
810790
757514
110493
876889
450152
509454
67780
287703
671852
165481
711914
353003
156564
220723
393028
39178
135671
447826
468870
261270
2729
87008
320547
738700
482082
328995
262502
738585
273805
387836
59596
446285
441295
222875
826267
478536
854578
391567
669763
212080
840718
34236
359984
852389
33107
354501
151561
257100
669333
741353
576168
461703
374899
418281
835830
156677
304230
156487
401123
555222
134467
53611
280222
84151
238670
610303
279927
864268
99099
440154
91407
183051
859265
627930
305176
752853
133438
91978
550159
654496
861505
421763
429778
474607
721080
170127
433759
169315
400022
398473
198571
555658
299840
559551
206204
393974
368565
449337
282116
194057
61784
569972
141946
91372
713947
401063
244630
393503
523786
788391
607945
792586
468849
51782
659319
219442
640938
222070
249138
790792
620583
71947
504596
562075
369432
5374
553785
874510
145882
222349
776086
547396
147965
820224
696698
511607
118928
635911
266975
89960
849738
461440
284013
330064
361495
794804
126604
550357
29886
870113
160387
444729
760780
873970
246226
138829
739327
757770
677704
105794
456208
759007
656130
667072
70493
695459
91745
569455
16434
800191
789383
520690
98388
355160
367533
773813
279177
248243
371236
681051
763816
371668
886694
434202
557433
619522
851704
806530
35752
348935
605247
181912
409451
407475
5051
769761
820013
749984
686372
82617
199158
284209
694720
75364
311417
753843
716671
814716
625051
124517
35475
194537
828411
474100
294895
468782
382370
164351
680026
894720
362951
39450
237168
489074
763711
546189
296278
819339
226816
261404
608023
11353
400305
92034
114400
823391
248816
133110
467989
296042
115135
788816
555470
553825
192716
68709
54129
674074
704859
601805
10477
596330
647442
443942
361104
630581
115936
517650
487974
381475
359883
349563
210286
360563
623926
299574
387419
162729
36235
828325
592772
550562
583690
631927
31752
313865
341742
391850
765634
456387
699832
130193
872356
393444
811035
210416
644435
629796
311875
755620
627071
124588
601154
66368
615293
744394
422777
230193
334275
654277
12031
123811
407488
602954
527857
447005
82454
319940
106166
338920
638420
102730
209134
826829
502004
370387
256598
873051
506925
65541
688219
567048
214486
569386
107929
798319
454680
536964
554830
864536
108975
534647
657952
208469
700349
875524
873639
125064
59435
221783
116472
625474
891036
115830
597615
608966
487184
328922
484473
525964
425650
618202
235931
340098
731198
453954
119683
688973
540243
681827
783529
569773
613072
467363
15041
35838
59183
373685
297503
772635
563483
76036
519591
490141
402991
19050
547793
501409
57004
559965
703382
408807
532278
348264
379417
708790
770796
658103
396405
492350
787874
440395
873054
493877
106044
56078
597654
650563
348106
411233
487568
111673
538779
297137
538233
732092
2943
232809
63815
125600
642845
382816
439297
440367
646413
783667
774985
807273
354899
897997
439714
513573
551064
550050
49346
97557
192167
592443
292693
770247
423873
329836
60395
438120
233726
229250
794591
755716
275745
115256
146693
144456
319414
773608
371504
567785
364810
25118
141501
617181
702215
347336
663743
525734
458635
66474
348584
467567
525732
286127
207888
748175
28074
407385
364549
695403
608344
550265
403792
484440
591785
161850
631679
694078
396683
428568
852149
880120
188547
627534
365066
19095
664125
406797
208544
379654
231213
221353
686147
216745
403463
62188
523548
160607
855479
380686
692595
39302
173438
780508
555614
112573
635051
118261
395018
240388
593841
751092
181924
735648
173354
130248
379269
555324
648488
305695
59864
555273
514515
395104
380329
400005
377157
773304
254988
7642
300126
71469
147143
483165
709028
707150
878525
226295
306330
184875
473784
553472
566012
737153
740307
839047
581429
381582
539585
45838
740797
650018
509564
434866
460562
268502
241806
300713
455409
179351
673141
569476
755537
441210
678871
669076
283741
262388
492003
766440
472300
269217
220511
259668
709215
888290
137331
63118
243830
412196
791602
799186
682735
849851
636864
807206
309340
345934
307172
580183
690975
158187
852203
212706
331045
887643
180470
272207
784285
366384
526690
423959
791636
760795
870898
225830
254574
37403
685339
640539
671522
735504
145964
609261
180786
682477
899415
473416
849222
286475
350816
268629
722628
685690
538978
484727
587662
549938
670808
241810
715065
695048
847311
277158
354309
390333
848197
54041
522525
867536
543197
314610
426061
364148
34563
297985
821307
445564
210614
851069
614308
672018
640855
199110
237236
761447
234797
207240
337216
271941
780306
613761
855044
841504
545309
12569
212372
509546
29740
44976
882625
430886
62254
541783
93643
418965
36971
260212
131997
431564
61329
430920
174986
321575
93532
366573
688225
670998
750080
525145
432111
577845
164886
774208
835698
35098
65057
103958
225814
238952
815548
802545
375246
873376
875842
773324
31376
139543
355417
221832
769965
728674
93275
497294
816363
371566
867907
799088
379553
561036
202289
252653
81871
600265
486554
78419
245400
692476
568975
258590
248957
736217
410023
123519
620631
344994
203084
437816
700560
136317
196479
747267
617822
553697
716809
617458
326269
804170
793600
750386
809832
183852
888402
478569
476660
408164
302416
20734
618409
438761
185274
54359
131934
332546
856675
797629
722544
348401
61665
649949
439486
158733
662963
47592
726500
798893
131311
412889
187474
874368
673415
775670
165609
354746
833495
850544
125010
687177
207758
292421
166650
644454
10967
511461
629997
756902
134979
456177
344814
306000
684212
56639
8784
441417
872616
136154
466100
794379
839040
350471
397728
1396
884429
241314
671032
596923
530198
682023
660156
650621
171207
10764
216222
334325
864794
487627
427902
460971
759323
200286
580580
67171
305274
393091
788856
15478
219730
415647
519681
315326
745233
360863
608473
528074
3012
668761
406794
279217
88833
109233
613416
188420
301936
79447
117513
793788
628118
642510
770245
664659
758335
594024
812678
832078
668263
23340
435404
314167
812646
401978
74400
555658
553558
447877
842323
124421
413858
283391
869106
545090
25612
168979
472520
895777
714619
525835
9104
863614
1152
656433
576053
553283
439939
384339
797545
766582
357711
141696
688926
92722
21430
806638
600868
697491
793090
757726
596512
710091
642938
490040
861477
65266
748941
59184
856049
623418
159134
853194
8103
817664
285515
354777
226628
213534
118556
856931
393088
482782
780421
611488
587587
393513
468760
276001
648098
647070
111722
270094
57813
406622
221632
475496
328406
748931
430934
289421
691063
323921
593291
80505
536032
843429
709165
784841
799269
382762
860732
466107
742784
112554
55582
177298
221488
427265
63679
389110
659373
497262
301090
452856
603430
439331
525736
54003
505529
580475
493403
126765
521294
652331
158680
402876
787505
5585
146840
847398
628971
642697
629401
416929
550908
177535
473901
316378
355703
695806
776671
577809
372889
43975
616861
485792
129703
552669
333062
686908
511683
643709
897298
868117
187722
648396
115896
388600
218094
465192
852064
200851
250603
57312
228326
290520
468712
853984
245575
465435
727437
316420
595980
656310
823195
158061
252560
880652
685035
60754
417551
365449
806471
526350
346605
791496
237823
238487
811807
43983
142282
378127
364538
316309
212442
253235
459639
185188
667961
701393
868224
299194
595589
771382
103226
871209
78342
631269
804974
573981
361448
74884
329270
63902
557050
210097
361120
580971
574497
717265
260930
185895
899673
483753
896378
690800
759498
415366
101696
686249
476355
149494
500012
353498
831733
91801
664861
581070
714318
694034
294989
763482
608593
168120
714702
392349
886767
73674
30976
367042
133668
718207
407891
811010
198576
858362
844692
160455
353616
188572
881782
435307
702200
534548
670974
783840
896208
582993
413994
170921
603176
319897
596350
815236
840985
884146
909
736171
483962
830525
207329
271472
101563
314818
683880
491014
444194
873318
266651
739134
877824
710938
501835
26351
151790
861326
632234
101135
139273
684162
58740
278078
125864
558364
601624
703778
180278
746709
491047
776908
107088
866894
656567
185817
227964
423297
666196
833685
311492
767026
579012
524314
479342
471332
193621
801303
236025
830728
857894
875628
203734
704208
599183
756657
547808
365089
283501
401013
345466
200775
556462
899844
119172
694434
768917
103458
144537
205054
728011
333461
451720
874433
72962
891935
464141
182174
75975
825224
22572
23910
170340
452634
136265
206302
258287
700582
651910
664267
854930
565284
776250
368714
469079
817559
618603
868604
430576
19919
162792
88927
258529
571528
643621
335768
587
162288
228275
258283
208789
308134
424443
755821
552824
85470
365623
854129
632104
172577
650638
157407
126491
115761
451498
470915
503319
114793
795480
427265
348348
52099
211707
407718
507946
339988
612877
160921
343952
571218
24403
194577
249075
857429
235995
765120
248984
545627
226037
90541
457710
626246
22827
395135
99067
737792
562878
379669
58177
421855
589951
538451
339692
858499
453095
170775
168219
231899
228948
225898
608648
373992
450624
868082
869174
676922
636159
142691
33270
221206
727349
723158
400438
148601
264177
333746
231750
89942
279818
519238
665193
445819
70453
23064
591637
531186
538528
367256
162278
555395
335566
624910
828869
445687
754384
53267
29872
780119
408284
880187
655751
205171
304940
415343
356946
413918
76917
700057
265170
376566
653282
368376
367523
646626
401357
252148
634154
35925
125754
560139
436353
295439
593200
618058
166140
892226
95157
112631
895543
682833
527205
586091
335806
88213
734638
747645
577592
441689
873162
226553
587345
389381
480058
756208
252195
520025
814172
98953
67936
58639
820329
54325
644383
136130
822478
803840
386880
123342
887620
318852
455134
526381
593742
378423
466672
677920
858223
684612
390171
664015
70277
794839
183896
194439
202086
511506
469821
209058
162485
389501
419211
183685
62273
475610
99060
210530
92282
521846
215366
9150
118065
599356
688953
549293
805612
290244
401584
771609
724866
444776
659311
682626
79801
765718
669146
526463
319129
756258
621958
289698
88012
167667
752735
843866
399573
491038
735092
863858
523275
825552
865538
460279
196016
879748
819292
585846
108466
668148
283476
269924
10461
177901
310761
533463
357562
817595
283340
157522
552841
768995
456048
401374
548374
511600
879119
569555
428731
270948
339091
425974
23506
423664
166440
175260
726261
86144
8731
365933
448756
354637
658158
378692
552882
129046
860507
391826
312765
336905
334274
174947
473224
90522
491537
300696
241511
666550
749263
760499
871206
896178
73446
329938
37573
289692
231915
729714
230548
458931
376874
323508
508615
592403
210930
753437
695959
6120
27035
603320
243669
36996
243408
351830
709195
235883
273692
178326
108177
474315
828661
22143
878537
301290
299520
876330
575032
5463
40287
549148
95361
160034
664766
24625
691615
730728
39510
346613
571390
838023
444635
51595
886967
425264
599913
439344
807079
279546
138470
197146
847434
873810
311635
608283
346329
68624
145780
723521
58014
491110
9242
323551
763695
777138
432202
285798
39599
888402
84972
681133
383708
385335
29041
21073
471734
449681
470145
39061
205902
314122
856033
779114
161158
129072
878974
11881
871370
889194
277144
858301
93387
750763
313390
587359
89396
401284
470018
211961
402283
249556
844296
59340
402374
857947
144112
180108
705318
113708
747758
27912
758741
100545
421794
146120
358712
812040
509961
878576
766673
523450
723712
592449
349651
208492
815279
694047
386434
386975
181754
142989
570631
34259
526463
767443
340558
201592
68013
791842
216636
697636
691938
281390
272752
255297
804094
40346
829012
812766
78057
668338
336000
898085
759774
90609
807435
21581
286259
170563
102383
301990
809222
252517
195704
469329
461221
497161
357417
107666
698810
394549
343979
470334
610065
163851
844306
365583
159528
535107
434383
671702
128018
707124
808203
17167
811399
722225
749319
502288
442668
566384
527085
176060
812986
220743
787634
48372
427502
844591
714347
793837
504844
127915
765768
105533
73777
737185
363761
206958
404916
408838
740988
255765
54903
868441
114696
292956
763344
746661
372314
488027
104591
284298
203505
839270
864043
294102
634664
261216
370989
611820
167303
306061
567352
577862
526758
721220
164980
800119
615328
254308
5974
89449
271055
56478
84653
897733
55658
225648
127244
104146
605080
63409
720879
120276
124719
675656
488523
718933
302318
494327
894167
702114
420659
475029
633265
850956
587066
258170
355278
45871
828338
480819
406274
763695
140733
664597
467240
762909
198693
702798
92783
58138
167926
416247
216737
319667
169563
701125
241840
427434
734393
33343
697151
117845
527810
879562
492971
800064
254071
712384
482645
737869
874557
83008
121965
426108
237978
650462
226107
384165
446092
111195
240141
641634
633767
849199
238392
493418
4297
572931
852205
899480
652316
889403
94779
601066
53319
826064
70138
414181
684305
645052
292315
598166
800531
475502
27721
54579
716889
888126
152891
22656
67253
823131
253658
489486
401055
837951
422218
114142
306573
286980
442646
193091
705387
607472
731644
409509
552888
573291
336498
475873
635516
724401
244116
601326
440585
546467
326700
696570
833966
168856
838300
279283
668882
142289
127594
41954
100371
877738
262825
574098
40955
445069
756992
397935
870331
884000
509881
439017
494727
505886
469512
780983
439662
363300
784022
695480
661076
833729
758889
363732
484461
440176
802993
239745
879416
305795
56754
248739
262038
296533
836425
392203
105798
257121
162461
44895
583487
682929
78404
193978
198761
349455
502287
211498
842424
125239
496594
47096
854470
694253
593460
884325
546059
717931
779087
693231
769340
600595
221093
813427
35645
554691
288576
628236
646148
329702
343651
336793
724204
744678
704082
138781
300882
38176
487450
837984
729072
271344
507199
345619
533876
125131
812353
120657
689948
309420
306122
515617
454896
666822
736950
720183
435995
760312
80959
347962
174471
824126
234757
333280
147221
191588
686134
531862
271510
289366
863967
355036
684137
344946
230511
697229
4434
81695
343268
404060
331922
589431
99669
575353
421353
295360
36859
17203
540965
156600
566077
348280
622821
466254
461431
660664
429774
277294
168805
738888
4489
414228
656145
15490
372024
548130
352439
664009
340819
645260
31058
722314
169124
556529
796037
71166
425882
468996
114088
784300
266734
506696
790156
345867
284592
511418
691949
90373
206060
818088
833747
30424
894879
84608
495717
415894
600496
619363
25643
773996
56077
387992
196894
373663
54915
842236
520558
225138
223769
794007
797647
839012
678570
485099
622081
825847
807837
875494
823163
558699
563587
482678
219604
156841
107212
303228
672333
809660
21446
523225
314814
460281
558323
138341
515707
522335
326693
182238
719395
742201
506937
289789
641093
775905
477102
13733
643248
592319
508992
153813
683317
889774
843237
229341
323195
658656
94275
397229
825375
691608
847245
755688
620965
272885
218904
241719
430463
789838
622782
424123
225625
674072
14862
9178
823551
248165
3789
308378
616268
256903
670861
426348
598576
425235
268520
721600
446140
621408
442842
180598
713229
242894
706265
861493
873715
348611
326546
107284
523069
843984
101312
899029
559908
798643
706859
792914
802896
111318
291067
35151
445418
863732
713848
630607
727359
608060
862176
338467
304845
115022
302627
274493
91181
96386
630335
768963
218942
641096
302003
564414
216458
225577
631842
744306
679895
189357
859590
174920
59148
862070
862509
740871
301469
37994
198613
706338
211221
356750
159264
14155
634976
794061
325844
145508
817714
129720
395826
484086
574423
192487
716944
341786
869784
325662
338005
741013
431527
98154
307697
789026
24615
388331
844951
815495
518138
685388
103863
189704
787881
424493
738428
6938
328490
384354
455391
852784
367537
195156
682214
738514
46261
259653
806045
3308
537501
645713
431151
586083
816359
646640
224129
240961
89781
447063
797931
424657
673045
282431
784628
630215
675500
103389
67881
861014
212318
877680
7289
343877
591260
44410
516976
427644
798826
305925
183310
739352
421548
326631
511364
744734
26188
812576
181962
16396
661355
355200
153216
625227
72994
817670
838367
740769
684531
591651
622394
84931
345137
314716
487286
763239
514504
206638
805252
486263
883595
443596
702551
651330
287417
29860
441223
239436
128298
559200
452128
521542
45115
706505
624455
34616
354580
140101
604395
435867
517171
642337
442052
119235
355799
410634
48874
607577
449066
261396
27604
807111
39755
258302
236556
856973
822392
716237
188844
317232
16117
525268
766295
425202
348219
852437
392342
899453
509248
860386
251021
553880
10718
26012
884026
822588
897955
281533
836425
526529
796341
430161
606199
625937
651807
651454
435009
654366
859549
180740
676359
620911
830624
592511
882947
217045
257246
758026
141664
368956
470841
639134
297881
667486
384906
487513
614224
630737
380938
884601
686087
353857
777277
332007
8254
718648
513531
515504
770282
706681
58396
634030
714030
673132
159744
681126
569560
334611
750168
807275
459386
565787
329492
697184
242340
594511
385962
387706
408315
66663
184128
206275
264632
134909
854582
723259
597791
64960
799891
843609
807258
622145
887754
854352
256146
897099
277672
235245
886090
304656
404189
563452
33687
596190
8005
296585
270144
729648
430866
486532
743566
256289
145688
315071
427696
317307
266996
183057
393838
707789
425178
470237
879271
767292
661497
222700
809865
181008
662189
542102
886444
740655
17378
82688
597676
241255
362687
841696
190274
445765
99286
145628
530877
697251
253031
746064
803394
370589
852044
203022
191389
611844
731108
899007
124547
44620
478431
493768
884070
848224
533667
404712
686676
599925
677113
329629
157708
803836
581271
869223
764733
612305
694891
339524
692349
364049
58592
882747
860740
754632
851920
702708
274371
348776
539143
292292
108643
519894
865967
864614
271038
856766
406654
613637
600212
582438
27864
180982
313547
118336
605281
240130
84551
687066
568803
666306
424322
200847
593561
454179
717896
596896
387734
683752
724049
270845
401941
733583
574684
228317
409694
133836
519076
82510
246801
76049
192641
156550
132946
547471
585150
685336
100433
222390
22483
721282
828788
5208
775135
536194
510692
29516
540899
371273
767825
695343
717565
189128
169987
549733
863232
468711
886750
887388
841740
884533
889424
723761
185296
475481
119259
667340
343865
269094
400538
91943
846388
490926
294225
153548
92008
597966
606837
444188
709257
202118
499029
434603
542043
591180
755460
156905
94564
503606
503332
660444
579659
756053
179761
896777
511091
20706
185191
618257
182958
16112
530256
738968
613088
192257
271406
594241
446161
484821
858209
674388
257550
700701
830134
543842
778686
83373
278573
417344
467740
718415
417765
425902
217173
753749
893094
624060
319167
385158
522314
898882
196339
707642
239721
877901
702761
608865
374623
260890
798127
507069
435356
608635
353094
430608
651113
526358
120698
485263
627506
183373
174907
219222
267700
457048
620764
381846
358340
425102
200968
470761
716601
399907
711068
731366
48823
346411
603012
697680
631097
166173
304822
682153
696282
634931
64069
803683
486176
357229
763075
383223
69990
123285
65111
336815
201125
36989
812183
719997
379742
579780
128641
52815
132614
6392
660764
19738
350542
89878
298886
277299
51822
825901
401401
781309
44814
892288
345471
70332
864625
430889
538798
270696
507422
147035
803203
307709
493260
722113
32535
556879
160137
868066
514880
380731
326279
109701
380103
893017
829604
234833
828897
469870
586260
231917
824876
550973
432525
268679
84712
558589
450927
138288
579727
145830
382510
99364
318514
139397
718205
203271
371890
851216
773273
443435
156152
876435
655087
381550
407505
448840
887339
582497
97962
77988
155518
371619
210628
381582
493195
734411
532339
674860
881518
809765
540249
30326
449577
520019
859322
172715
588237
122869
691739
545698
4993
310724
542652
885465
18770
594136
774320
492969
529047
174921
272693
431515
675040
692530
885396
454899
886235
518161
788630
551531
350146
274923
178336
229307
160036
602221
220717
461139
33390
555086
531207
895755
459830
203088
668002
78578
399300
416837
655029
183874
895934
495694
617237
36693
552014
133630
360208
569553
856306
802077
62723
74494
598047
788232
366649
494169
861459
403766
132992
28961
781398
656470
351401
565678
501868
281652
444028
118625
876634
740762
849238
212822
257650
794195
676896
311543
455932
816203
58157
245099
471075
45074
302096
573899
183482
200543
310103
328340
531945
5425
268712
382872
543320
399793
83638
788655
511958
416019
560576
163468
14854
734587
344806
454410
763879
329949
120521
390853
365759
186972
240222
173476
187747
506964
294575
192916
674341
702004
744430
310481
457019
389282
828535
531357
483176
127330
483105
79699
581097
205714
652288
352405
822174
657165
547354
550721
609362
87695
579747
882850
388361
435223
47704
161571
634214
517128
458933
56222
605654
790762
473907
478835
678300
846127
163970
861268
478810
769167
317214
310589
565433
664244
43121
92161
514037
736018
285253
894847
390663
445262
379716
630067
137200
313151
130126
73993
451679
262258
238838
830957
141920
480359
208314
883966
833762
488313
875100
322209
697570
582811
210338
223249
32153
595038
481479
77331
284671
171791
153947
455592
25434
550525
203102
370940
416871
64792
302324
301564
882724
16757
721862
438341
767863
783854
702581
249814
151519
624390
81723
397031
46869
323242
606880
368659
316062
113651
4022
763217
530800
37513
231985
528577
130718
161857
390918
472897
600610
438054
205247
709887
675558
359510
574425
157769
571439
551107
764858
88672
720743
753658
36754
285803
290502
517920
341677
4328
63259
159960
804561
618397
218396
840290
354619
597709
347400
266846
196753
898886
679061
509101
563235
348214
162652
818840
340162
746974
22557
35626
367261
540831
832463
675320
443861
655761
656200
139521
359548
164467
356582
9457
717166
582524
267000
377823
791819
457648
156396
115446
294129
330926
69301
55249
77714
389350
741080
400064
599511
5608
456627
830919
423153
349912
179243
717573
150071
572029
76241
716338
527713
823320
544497
423585
2464
454802
528022
71813
732920
810158
240989
64112
519067
772382
697012
154678
33730
713490
110895
559473
329195
573131
55719
648990
319946
32045
42991
44804
613677
461619
301044
391349
697361
882140
115280
529996
433690
567555
362380
230774
628499
890636
208208
667054
216706
861978
853384
254785
210183
204862
246036
662800
571985
417290
303724
206707
365597
662500
125294
137562
559692
790902
529478
682479
405247
663778
43832
27383
200402
77906
346701
607992
602418
533933
372696
294837
855836
631942
776100
500052
786548
341359
343388
620928
688127
191499
751702
36074
608861
456160
413053
134282
594246
727307
446745
846244
311872
449166
200125
122118
262874
608068
64397
19694
606632
588598
715978
134696
49372
692358
470460
424788
451421
168040
118843
844678
586215
566448
510073
884135
889599
549094
606767
443897
177616
28950
95331
673400
626855
537764
479347
685692
558759
203741
836001
525659
895210
801225
391866
267243
840853
112477
756484
392805
109431
759853
597860
858597
768446
146974
232746
838670
862838
557624
649529
836555
748638
854971
786231
202447
621832
866249
379213
245854
523949
195841
556379
371941
557483
318412
874556
759492
780541
93648
72497
385612
822677
84578
622220
570306
88024
546808
28091
208931
185590
471197
116783
441699
180708
434621
875945
370798
614200
351168
395200
298543
118529
289140
503921
308590
54048
556930
150979
699668
34822
855555
219157
617419
401484
807820
647495
262369
635401
13988
581986
850411
895668
339094
694213
471429
254582
108001
201997
61783
36490
624429
250367
669876
415988
127193
720117
7868
513788
791504
790436
197409
650630
881369
596454
551
827791
796333
560488
623365
309637
199684
334738
142760
702307
743784
45326
834870
293576
892843
116919
891215
613075
74517
890271
349872
532125
700533
97597
71922
462675
714584
476722
11279
155055
176216
795606
372260
178802
163404
434564
788914
578336
159453
808447
279039
650551
629752
319999
879706
884749
521055
480763
624379
536966
213243
863412
407048
313423
92780
3964
671764
133722
340768
164706
792609
275382
149954
851227
786407
866922
347146
390479
148941
226478
630611
537309
591764
117573
439081
685419
220948
460603
86849
101134
297981
137592
233763
401362
527583
285246
141090
97734
312197
26948
854284
266696
334652
827023
166108
115689
433842
579946
328973
193212
885018
861122
543913
246464
124876
846273
488064
479751
367944
103237
46388
33634
537947
348667
210481
847948
168058
326813
401818
45488
311691
144838
101118
565143
43716
391054
845930
659154
229547
270247
352280
737952
292188
101234
860421
484732
656969
612702
110304
891975
620379
121598
596317
827949
634999
317990
821034
108247
30876
85858
394041
483948
722665
48883
787740
253252
813724
390471
104015
626411
408340
244211
750479
457615
743448
310800
475369
375078
3152
179824
830157
709726
476977
853083
571104
185282
148791
815434
197585
610150
555146
756543
31939
130448
417667
491615
11881
718275
420872
572398
877425
784777
407475
302565
804183
66684
458833
831538
681818
415185
188294
617804
151723
513441
498733
407408
301025
279669
633341
252061
529130
56814
813896
644234
338812
405615
483261
700543
479786
121895
141837
609142
682578
547039
304970
644463
660563
593884
766219
275242
884955
179409
80653
263461
241694
603908
768500
445522
623556
3227
11151
328243
678649
386019
224857
46357
362536
489981
645211
355814
606465
121413
271950
285077
631063
634529
546719
40709
832807
102114
613900
1261
72402
258266
344075
193423
215179
176122
254153
841043
371756
495398
401327
294783
685859
356888
185825
652821
756298
689038
319617
3433
587956
537073
136112
486013
876995
196995
278388
505339
157975
231812
80533
135375
857185
544576
321634
420095
762549
126552
884465
54727
732414
828844
245443
592117
50219
629058
256293
176990
880903
585046
377107
678555
271047
194783
165079
659940
621404
843673
433391
801735
438728
444147
765805
855556
607533
642679
352312
268616
562913
806706
263151
193348
881182
344736
221998
335210
114006
130837
480009
91748
584931
348234
700277
729744
227708
616866
448134
429308
580868
109143
109299
445210
857917
873190
611158
739264
763802
57012
351823
527583
224146
61051
293736
32541
5711
646582
156723
429361
245766
356293
472048
496123
759298
896380
505131
371549
277945
484430
785730
772794
615072
201458
798435
11210
60698
830735
355956
775735
896939
21994
728365
697111
40364
25704
528127
656774
652951
241570
805144
427935
7489
134981
461278
468758
784135
452162
421177
5334
735585
733305
798382
860498
49428
32220
641509
219850
295044
81731
719948
856156
217606
758444
44276
606884
43251
397005
707769
528690
149976
58680
167456
539239
138
445065
331929
202891
651960
665231
51875
199245
767897
588885
739310
193208
858500
79883
302716
26063
299646
292502
253857
212485
759533
873200
412618
520859
421771
377213
63098
726519
365335
212428
139182
577213
465862
117319
620546
46413
715863
844631
244685
187384
776259
781718
145096
540384
860851
769586
751532
371628
401164
814971
52760
401444
599077
787146
241554
108175
384793
171853
803685
196391
542040
128915
410504
692086
432088
117105
444768
486959
463048
876078
192411
329995
592549
338481
539133
371518
407398
249733
129497
224565
795346
692743
702997
537167
449010
417132
511759
484373
8448
615121
517630
734359
391198
550208
503249
844837
179588
580763
589364
276678
82577
433225
374962
874617
231170
219098
258644
682438
566721
356185
711110
415007
882773
590605
22683
699832
435671
591979
34343
388000
128293
881532
230826
621691
720815
48199
505613
679870
485134
380923
71269
420263
703732
239194
834292
827318
454911
361957
116238
447691
698216
734816
613241
805597
724952
189282
406830
564020
203193
355068
494621
472805
297962
207395
120749
669736
259821
406108
128192
841494
771771
15395
645524
651716
750615
103863
538822
743127
329151
309861
201394
55299
246110
522768
516885
694852
855039
609274
13235
133880
1084
848178
58165
373687
841685
314874
26602
403599
84573
420147
874094
586721
19213
55815
310344
205202
532764
747891
599277
142895
659078
25839
567426
229216
884840
369820
704734
487751
839726
165353
585678
596118
96996
16513
677170
435402
775177
480468
779397
104455
222338
221664
481307
776465
643499
303516
300259
429349
880935
184258
621163
649362
146072
40631
342018
37944
181514
381976
9208
613755
213994
697314
770722
183587
356501
445917
546522
631379
887691
506086
846628
274307
759138
235800
609963
630365
358774
72438
743785
708209
473630
186552
226917
882357
461690
240976
472311
123549
217288
245432
459943
748530
468918
867865
2644
371154
198994
821274
658288
230821
223262
332643
13224
324791
839039
844269
354690
425398
655508
644681
745663
327562
792419
198409
851168
756843
608111
438639
393540
664004
736518
716144
27279
113923
726807
769476
732903
133113
38849
831565
587672
454036
506758
125441
889687
506678
869694
117365
218212
658130
393544
522280
131720
198819
664251
178762
65406
407401
510651
794695
383182
76065
473063
675316
463316
383519
183855
363765
695040
281931
215267
348936
779286
26997
221959
518418
145813
363414
735683
99139
324501
368997
548054
533384
301961
440850
1738
473774
281445
80962
133218
779278
204057
67816
606257
70617
120730
80925
245796
397153
279522
284891
276575
19841
699470
505883
381606
610058
469702
7113
716209
632875
427769
679265
433859
332765
613574
225065
246772
871752
482391
641515
689353
582805
167528
611629
508485
350354
340230
352814
559994
267291
760370
431263
671448
462891
36100
670043
284070
721950
615884
304133
314382
715842
879252
688157
833585
444154
821218
658302
512124
702990
616058
773879
810803
413619
118367
554212
206090
3506
395642
16456
391475
396568
468211
308169
839857
346074
264444
517640
294699
459938
631566
64860
670716
767290
555242
402762
487847
93140
847234
845315
326375
340819
548592
199450
629925
781690
588772
245184
699171
778255
523995
182014
613653
823692
694986
10638
65679
187042
113338
776887
830137
283210
890222
159427
471872
140201
306432
193534
556550
351070
727369
840013
776825
776524
713247
427497
234081
899551
10520
886391
278355
635293
649709
200261
557443
471530
545082
527651
610774
134647
795522
256443
685557
28809
899536
472238
445501
695330
541464
229741
223988
202222
891
810897
137494
450187
123145
132887
633869
56725
125217
416091
65887
497870
224596
66832
309665
461959
554600
813306
508842
837070
554649
578696
397570
211380
351289
831473
199385
469944
628023
311562
693300
203733
478110
293345
347938
286214
789876
251129
254284
22066
21859
430242
655563
38519
145621
388372
318900
27095
804216
564808
26286
593081
43745
381139
31812
194686
782060
679296
130326
525218
26242
163913
73770
554346
834035
39762
609856
166544
295395
685378
741603
308903
590721
240542
107803
460621
555762
266852
736159
67533
118413
271105
733799
89902
871295
688047
708096
603772
853870
80559
659097
757489
694363
357727
6555
204959
63105
356567
14389
697852
315034
681702
822132
15275
117152
567684
394514
565699
388048
300500
177478
270494
140075
417401
308473
473248
725943
733905
382937
725250
365763
790449
737030
182522
573895
113087
336073
445289
796521
740934
325573
59840
279356
863482
145861
208720
395459
587720
651925
652045
494580
217369
604973
378750
758743
660323
730280
589507
421645
102412
486003
1059
501678
162524
627713
38354
863371
711581
350650
595867
91346
567890
758004
165744
372655
435953
516570
640875
780815
615518
495784
662591
502368
809158
180761
482976
99765
42613
696504
872684
321446
755604
764882
141172
41971
228258
611277
477483
373481
641454
187058
665450
69630
762703
361605
75006
430038
382592
154005
817327
793959
506746
295471
282349
866746
581328
653805
817721
163336
694817
594060
374541
645220
560318
149179
697065
662168
888057
29199
308475
385287
350085
202419
91754
880241
139984
500605
812512
613301
847994
328060
419281
165808
264240
396014
736044
639012
785226
290701
78909
426325
394749
187881
21276
176172
686525
390225
737782
409822
153651
351691
79733
608039
780215
28259
182191
723312
409834
205024
892808
896080
430835
190418
794949
151214
444660
397128
582478
348004
686632
84670
277663
128575
859227
620019
60556
149411
588550
420120
286766
370507
352901
171141
427149
156431
148087
175558
774412
801150
554482
385554
467244
360491
610496
545500
633566
880740
855066
163810
178281
177660
212543
594019
152148
369163
350192
526702
573456
406571
872620
770037
410341
495555
287875
414368
80280
427457
370746
120062
74838
797184
166298
502711
592447
659657
487540
318876
347505
399830
598837
810304
787440
391218
703554
526112
579247
507260
25681
611389
823934
334410
716483
424203
534257
267977
137089
768354
36168
229411
767954
424145
688064
495834
694679
415730
489013
335120
405028
81336
784178
880585
576923
550214
492919
587880
758950
497977
678854
485527
570576
54021
522250
296482
140768
865854
146468
62850
892787
171949
171571
10487
198806
20674
489663
134191
103357
85736
303299
667427
49091
70420
327796
133505
74910
734455
472306
453284
756574
713491
267051
94591
410594
161802
260518
123641
830518
193458
177042
564113
195213
388357
788236
641411
120119
484373
238919
260035
549152
376893
728603
119974
385061
683954
751052
379265
201651
308184
708246
493385
414462
29777
703794
643705
134971
337936
596808
359249
463194
394316
162417
741243
283683
478192
718599
895786
548716
463311
702251
719771
344116
644533
343923
694014
52735
672952
238414
269517
366543
120973
244661
745786
192667
325719
222192
601416
736974
308251
876770
646864
364831
523023
5011
516932
79241
800464
575224
33519
210886
801651
232928
387291
384397
184787
612093
511501
180836
653673
308397
714891
373764
219482
146949
39901
655080
308746
817689
548081
695825
714830
869226
474520
309146
86367
70028
760047
849522
634283
48083
734808
144795
786053
363354
773702
848030
593212
97391
861944
311561
237290
409342
700380
787879
733635
773369
371029
836858
274669
618849
445559
312919
87662
757523
326895
595741
765793
39250
853248
254260
577539
345580
769896
626558
165098
300812
394337
324861
515732
758876
440611
442433
729661
261333
336870
585579
372331
432165
752198
390084
471204
203579
651455
369331
879519
512145
861368
191
282776
287543
136828
76769
346172
161400
466563
796420
348964
419435
531087
682684
455743
743065
450738
331073
863176
859045
534637
509606
730903
237309
365460
233146
765491
278716
252429
586683
764389
633561
106423
625233
697992
467311
25318
97710
805148
592650
482573
524960
625529
159403
704853
300113
411905
590712
349929
249979
149646
684259
263924
276107
211883
429845
525538
531185
466239
621399
189220
131297
199140
894557
571375
503721
20693
532016
685860
609551
81765
863702
326793
248583
274957
67647
708726
382830
602909
590095
24077
784102
748916
479299
253856
835118
17259
30562
391990
592828
246091
367457
288168
267002
63199
703763
41958
51739
804708
349388
671095
304120
525148
364848
832445
826796
137186
464028
534935
399400
255640
409808
140064
833139
193117
382968
762069
882594
694298
96630
891827
618128
889691
712526
331614
134874
847003
232174
638175
311834
569112
204663
113829
582621
851845
285964
764556
468771
157790
899958
395227
698579
547606
132785
511527
203801
606509
123639
446197
811101
749086
536615
276189
444544
207380
609234
267498
101749
269404
397346
239774
375354
754581
144454
261746
360754
268420
577566
644954
681697
70372
826144
267719
462531
547355
264165
705031
657737
450152
176724
544455
828401
46329
465928
503832
227777
505401
193472
543375
748255
523717
492355
477767
94896
789951
608749
421057
206987
45564
274171
711467
372057
326521
550895
624607
894380
490923
627808
730370
833081
145811
13890
321581
361875
546063
806189
507720
422533
741870
74028
512338
676556
54620
888773
840733
112335
627163
123680
240215
345116
407571
30581
380195
768704
9472
791191
280678
539778
588969
434775
36701
568828
690097
665718
691179
650967
692038
3018
873969
308835
453719
251308
312406
777744
865571
35356
179878
773195
568172
793106
239031
559160
567659
884002
821862
466153
729917
316203
759168
573624
73722
840444
674557
608487
31494
23267
819782
358161
804288
191508
616471
609452
236697
634002
1472
15166
336959
298045
298053
9433
78487
656632
625030
724181
231496
330965
543128
704136
472820
765344
494770
859172
170946
259141
767460
468205
353974
573214
290946
82453
805155
514717
234942
781815
663639
830131
449363
116460
709364
310139
884702
824909
443614
711845
322503
643205
164816
662786
716574
285618
291785
726057
137632
635801
466437
79973
711064
202403
209030
306491
718370
476887
284081
200539
50411
150101
204853
425346
20052
503532
712133
349321
154901
231033
426599
582863
672447
342782
107205
634078
879162
332954
305377
167900
227213
779178
662950
460304
602011
333884
66873
122126
151754
833995
712206
448193
387648
848284
754071
566420
525446
625588
357079
839326
230542
552404
352117
375111
345201
889106
39308
186011
632209
211445
755455
121898
632541
308332
462474
136794
494323
365100
19828
641066
431679
860837
430336
20259
591650
601471
205570
297405
702030
650230
541007
880331
894797
717199
426253
721700
407618
366550
827017
473711
458887
778454
654888
32554
482453
179572
610005
295831
383619
372136
753945
549796
618981
285464
117513
758805
101749
1843
87801
751920
213807
223015
449838
871301
56023
415680
199186
685208
268341
5694
600832
246509
757696
663441
828094
4174
658457
112852
807947
594235
737102
741475
336334
533807
860575
271226
634862
129067
661661
355595
415488
665410
305134
817787
487931
640929
313870
778043
196264
485656
344911
177534
14100
446792
431841
626395
522727
301611
163116
88641
130383
410427
784090
195153
443670
660992
409650
778845
382739
448858
205407
159068
179996
810823
34575
524646
874393
874289
340503
171314
191987
829175
527220
886250
703723
200087
539852
445287
317959
867349
618355
6159
420551
807498
785001
122215
517110
634763
765953
154583
333148
331061
144573
396825
358160
717778
774997
424924
699179
278923
443894
644539
468727
50282
26311
542614
427847
418059
720358
198282
383776
103679
119153
850482
571829
444988
511841
165849
227568
717220
688689
231578
642764
195503
229564
14198
461280
818936
539972
723921
327958
881218
480815
282314
387545
538501
323308
637845
556973
47481
29044
144151
138776
724061
71883
253725
112062
71749
492677
200474
834698
687454
411269
304443
190280
375678
699617
733800
617041
794317
782081
768761
184989
145866
817319
686482
90908
358460
399912
116349
509344
895638
31512
560963
542610
636869
384260
177670
600325
780089
411001
764510
37992
349774
763266
739054
378004
464022
253966
644610
560773
559172
799280
774952
101126
623735
306208
198887
250213
307170
154559
128768
605158
36276
210232
852160
252339
463721
607233
261536
230800
877484
225697
66745
456172
650023
526923
270055
157780
315561
244489
149497
539522
651698
343988
803473
105235
708350
681183
221470
716279
497484
851092
702164
781409
210249
441846
725381
880733
757502
248613
423902
879905
752275
560352
311904
631420
21694
66277
380730
721164
342956
209620
556384
694636
346059
409426
797514
566282
786193
496905
459178
376278
344141
65676
841451
211094
335624
539511
240547
383894
785783
16629
160598
260541
371392
894940
489127
561883
738247
510964
774362
32159
518964
342325
273131
808101
816194
351373
653381
409644
395622
654912
60224
99174
528826
471882
197018
715752
850853
251136
130705
887297
303241
455349
231322
788776
41257
563320
92225
475374
782645
108859
211613
604082
784756
384878
849839
390931
373996
638122
367415
753280
314192
124521
362803
273131
414983
85650
396309
513181
679989
551572
322944
204675
316520
526376
727775
753861
268001
65688
584610
400535
453917
218942
684662
671817
269440
392293
55679
453529
241917
450316
866132
465289
469059
318761
855512
176714
141639
617610
176176
360375
51082
576246
301254
13567
307272
447826
694041
755418
277084
706976
150719
808124
874579
205698
128440
324552
113548
435132
621392
469052
850888
176280
746960
761450
577683
461506
595169
62182
803471
236211
895551
366235
734746
368876
369462
89113
265884
481464
763068
105577
152367
133844
822923
51649
386026
822795
252280
264722
520076
725689
616309
284158
238082
326417
2207
154984
127957
478842
854693
321636
289747
818100
197942
681261
834008
130360
172453
696405
230552
440638
312700
251127
734572
410200
543994
14600
342903
285724
837579
582156
342196
830719
789154
90053
69982
173916
51733
811687
21339
30675
293781
665255
227750
445775
72489
789713
765400
69184
880998
690136
471634
650151
3213
378856
819081
227792
639649
436919
631918
426169
259651
150650
484057
772945
177964
589973
767185
496284
711686
462954
604475
482931
359655
882387
568733
141544
679307
313354
422158
122183
573230
570917
415932
508696
718051
335231
233241
889920
193939
46161
802210
342887
559253
456096
754605
841141
102022
577904
152623
181558
170054
100279
651240
5533
530735
631084
527404
348772
409874
301309
161358
487505
794192
536320
247082
617684
287953
102241
296656
742796
16485
557211
756648
30538
69109
899874
598022
632366
337381
281052
750572
598861
165576
366000
227606
758132
819296
161430
747590
598470
591568
129614
507756
897121
410144
852109
764114
816415
265453
685682
157218
700153
63498
105623
587380
588677
490103
731907
413655
24800
890748
544348
745563
380806
673474
790938
194361
452574
186254
549078
205088
57779
247387
872417
197917
721661
744723
818193
516102
381759
17353
639478
430243
831849
150646
182219
621369
175997
642607
726280
619860
429902
58847
598837
122897
794149
192646
893688
25349
503102
247630
780815
385742
447439
712389
348282
790100
160072
40668
305711
27706
99573
51227
406225
662407
9249
252414
472378
44780
693781
314640
519221
387218
356926
618851
819273
787297
749325
127114
45040
678031
38839
58547
399398
369891
171965
492739
854492
216325
628902
668815
474379
119044
53480
759893
410118
331491
302021
827894
709161
551809
816498
434224
356942
184835
862419
353339
465598
828576
32834
683392
826756
148746
100239
625393
884061
239220
738945
295945
811052
16548
856539
282785
155306
179958
834426
332620
247866
221866
346170
514832
665723
492491
66071
842338
389494
312381
541009
40924
182807
681794
214985
25629
271833
129353
416041
726333
241242
622676
289152
836395
809038
845829
173291
137286
119727
207812
447471
433364
66577
701199
496194
317410
861556
408479
367881
335353
105299
545203
150236
846809
133753
419963
344006
852341
66419
764930
482441
576330
878144
203161
148478
32221
99462
381852
373722
681041
544030
266980
812332
600449
172335
707496
401314
13216
26264
302384
566796
795498
250055
97880
313144
613607
421159
255710
215516
661724
49558
380136
820883
735117
639348
541269
374334
371795
724855
790974
311308
17110
542460
259016
522772
289383
125752
104649
329343
719357
540684
529684
292227
739850
680663
333571
671273
84792
595397
693728
646608
469382
858245
239344
438059
110617
642617
194396
76709
77217
20294
9085
577925
672425
167179
400068
150700
142778
568207
111844
649211
661421
504723
536765
781330
53579
807302
611909
529875
577475
551479
73940
608933
185702
252069
775436
282773
885187
443155
338435
213558
800954
740791
262767
266601
230943
521297
292621
129240
501518
369657
487022
79388
617925
815249
27199
336766
398338
386874
211635
388122
807929
575330
849103
597216
243762
152346
486962
435828
208382
97062
166590
842614
19476
12846
90791
406524
761548
59378
818935
842139
692086
254298
769724
91172
202200
336106
486735
158954
166531
100821
277314
545186
844433
433993
338661
658660
268637
893544
285716
449614
325118
771479
190785
155080
712865
204815
424153
341058
225923
31728
379766
294041
807976
867925
623265
248952
219770
531011
303809
711003
410722
473628
308069
591311
816636
294992
347849
241430
815482
36371
863624
369767
739544
219337
469247
274545
719415
378045
279034
149087
546584
318065
840317
139927
479830
437616
405489
668861
426688
868447
734313
860021
22706
555570
384879
474758
535888
773276
363056
385785
850911
180574
591809
720993
881599
300800
38573
290612
65512
803997
144764
194903
458655
721304
601345
107993
159798
122157
357088
898038
683486
758627
774458
716507
485833
827901
409078
68201
486560
809199
214318
303474
648414
870222
691795
327809
5511
452960
188318
243286
550377
243891
50133
297519
167085
332490
579382
299938
692730
874929
731074
365126
126439
278801
699913
719314
756858
408767
328462
331133
462913
472207
295830
612357
530860
649639
537011
48491
578405
757166
421831
338299
555150
265411
741048
401481
205846
241385
263055
235639
503479
44704
810892
463955
216207
712399
541961
882205
359416
281565
305417
837126
226022
862848
704541
330356
694333
793580
226419
11235
382605
185421
561500
898726
377899
334512
38424
699818
255405
216315
442049
40635
385505
356189
649552
693983
571082
778400
29935
702337
623385
154843
511036
362505
840836
840484
302167
839110
857029
308195
488457
294349
624402
529953
522001
163899
805556
278879
303660
287414
74758
47907
364991
345298
338284
628494
399300
201232
477613
439945
209039
652353
197487
695581
673820
474472
833294
100289
513527
655997
862456
769742
857096
277837
56520
362799
346201
24607
762717
161076
889989
37586
893622
743846
502686
475874
28044
107925
645947
325033
469484
486828
351485
861442
197103
628614
405308
313352
542040
374042
697362
712349
522154
466802
96452
622664
690691
540186
107177
689237
64665
888755
279416
241792
86480
89415
472978
526380
257045
885879
480905
677966
751065
864528
246796
81895
654253
193084
514896
108878
410327
714804
53468
336267
559887
367667
46577
803168
591224
426246
491124
84323
179966
350912
723770
170662
539496
408106
38255
718615
227258
467543
365314
815266
87339
93462
234480
697461
239261
93953
183340
705052
503326
889042
269608
161739
199130
187444
164963
899866
624091
659639
797327
38858
866462
274846
824157
100038
448339
118835
497288
728549
61649
91099
262682
606603
873075
383843
148575
580719
533651
383513
210980
704600
98338
234392
786507
305888
750145
314939
260303
598234
254303
303026
131598
668432
762127
111058
159831
256453
592516
631591
66065
402714
250668
79493
512678
526252
268391
591708
22795
326842
138243
134186
137229
87396
236886
459466
788153
658063
42230
139242
536423
878693
182456
639226
453252
