3859
122847
661388
447170
706718
394976
324026
248764
687596
470586
177497
40195
728952
813345
57618
647995
22656
458289
635345
740519
164262
893832
276241
90964
58644
367518
320208
182309
39961
11843
105858
449819
732178
338067
108353
872289
816356
582040
779425
481362
233797
806588
721506
119303
73050
204264
778783
860961
899675
724734
224163
828783
717043
545680
17979
199837
680996
96572
340390
584953
892295
768197
519113
303779
651921
713838
538272
472304
353361
641909
597871
625467
804565
67497
65558
207561
236204
800298
323875
117783
529063
647164
389185
272898
336377
596903
350094
834515
803710
597006
2954
651077
444247
337514
440395
737588
307379
600931
396013
243972
799689
645739
787527
487243
17026
755126
726138
798236
374867
215225
851938
688849
899208
162526
318703
782548
688029
347233
812621
836042
75109
285355
564991
116637
306062
352520
509738
855972
142332
356391
55373
43697
678225
328685
775663
55126
415886
402102
255281
815221
376083
533290
220866
140643
346850
696504
54897
133240
589698
884434
241117
306358
412095
9508
221161
257556
526095
711378
798091
223142
453648
76685
383043
295754
321388
886609
203625
597745
689150
469150
34815
810119
815247
617585
713541
876610
570937
105407
205516
892963
363181
14093
751074
489100
91919
141487
583500
272191
442623
824155
809810
115118
808051
507369
504531
432900
725951
245162
856282
25006
887767
241441
613672
405480
521067
482562
217553
300224
89649
730886
866787
276041
847425
745288
209472
582591
371641
72895
824269
415441
564705
105017
138562
118000
856617
520144
66690
220626
825198
73899
41957
262979
465883
253268
689841
364362
307788
505201
458152
803731
596878
407425
93722
13182
296067
261366
696922
108611
62625
844201
852590
477279
458522
365182
447393
120928
370582
262645
53139
701226
65532
641962
55888
457347
739504
213674
866205
706049
232854
371378
364654
295438
12821
99013
330709
195893
503158
1322
853174
244172
665419
862240
715766
763869
760877
188095
273265
669459
423934
142925
729002
550429
782190
616889
177821
96322
165752
809463
103857
895266
887244
793593
461161
270917
401320
159654
638553
55330
347967
706169
633334
558126
757788
298713
723686
223103
549119
750640
804823
466459
699205
588555
189483
488450
746695
821357
253137
123765
193369
260112
863759
346721
178547
45657
386939
722764
614028
750102
398153
401051
264193
177783
329215
214557
126774
878791
394148
338136
554579
213989
466390
249774
54512
487587
252219
738187
331659
667642
810000
220814
230038
233704
813181
186802
28462
70632
324777
810615
452261
714924
363466
625010
532033
700856
385044
211822
290398
516126
821267
32637
183374
376850
475188
615519
99329
840618
39005
719597
78144
15412
88957
899747
899186
529236
504126
245064
483170
520184
79127
435131
355672
50361
121918
463579
594659
695568
145595
502835
343256
605267
233975
111329
862484
894571
606675
85442
645981
774579
417653
142171
364007
509135
563294
762566
97267
587239
149239
170167
34354
734494
891145
455882
72135
896051
355051
279532
193770
533363
496790
640322
75400
311417
157493
94009
744136
297124
616760
472747
388105
253171
549576
784523
76711
702335
169941
455469
291452
670549
104298
44789
138627
306415
172706
66042
409175
19437
272020
283799
84282
516149
707914
264942
67954
315717
535952
754041
570062
458481
517415
520911
422119
799965
546553
484654
568865
414296
378311
71691
664977
351379
264541
855796
480312
366045
677319
158142
597421
691324
177918
873424
864312
418602
464411
585675
41883
841514
603276
515732
706635
159205
249412
461088
291900
548966
84172
688411
852828
24558
642647
717524
21141
770420
865684
612457
881686
833213
722716
895690
368299
503187
365899
547661
735240
26598
769580
804974
1733
638044
833453
403360
694595
869622
302802
473332
14829
75136
675397
892260
108858
294196
86635
175773
420494
538733
733361
156391
193056
775907
566693
63283
29302
857383
225890
822016
480845
107932
387811
852521
783477
877808
759192
671086
351417
746326
436406
584638
178204
270626
615273
805886
368799
681504
389765
266968
772895
122353
871866
434019
742875
451074
550982
818795
167955
519243
626148
202205
303564
759042
303874
445522
428144
174873
298896
648053
19090
410906
181524
854450
733391
766365
220347
480188
627792
864324
375146
773435
413708
475348
666706
628049
704170
736912
767554
591368
587940
189235
713302
723354
216296
36842
311182
208539
612376
753356
886617
562471
751953
792951
271696
695108
162216
215719
806527
55091
466096
673141
695294
477465
420409
235467
242814
351460
184530
543744
740126
767004
506639
638900
119837
450984
160518
515625
895978
103514
386547
838716
126680
719256
113467
8095
644109
48936
855565
158100
294362
152631
248004
383656
72196
731526
95082
102825
103872
816881
87127
887461
795390
534429
119415
397665
551676
179966
625225
578131
34140
568386
451555
460861
504112
103838
763987
782119
685297
747443
798816
342743
134510
277276
114512
216335
882530
822454
20035
381187
627294
419404
840572
306965
267686
885854
223423
356271
872536
407822
61366
266268
871334
735080
665197
365604
548677
21259
675710
291843
193758
579991
720423
268932
613473
708693
304023
48287
184570
53213
279304
51340
305724
576552
701701
524034
491513
61652
759117
637425
464596
678957
897104
531416
126477
885022
30614
523460
891195
379700
53087
870310
723353
542698
645445
98960
761271
203638
664925
697516
53777
702288
606109
392600
897020
16282
729079
118274
127484
698993
194915
762939
502292
799471
397628
446267
815029
287801
734433
559378
789815
694828
596763
428774
527269
129503
128573
356718
139378
121109
198087
270442
576426
266049
259718
467228
835236
222134
791062
160839
445299
826283
129575
542818
189852
822887
444029
248953
713825
742766
601585
50881
779388
18440
625813
226614
829928
256298
512245
349971
814264
525796
40281
830860
221099
695110
644615
103915
448183
791823
317541
459462
303682
643316
670428
807993
289936
875658
22136
863174
458327
836464
546988
810661
227278
122523
125266
290761
319588
276287
860464
841778
243885
98455
826582
881224
615382
215538
395556
311482
625306
322170
782473
415091
689229
96290
129318
615957
819797
633451
163120
752501
1529
821267
862132
853939
761330
658555
333686
64821
216062
724627
668658
65727
884371
688100
562883
801840
553264
825817
719393
224348
170127
770987
811845
891714
501271
391368
145352
181801
303950
290047
112298
552572
54348
658891
296655
103103
836970
670330
174276
311468
28314
592664
267487
353839
558736
872989
775491
800506
456797
262319
502786
561862
186652
579893
493502
443079
179301
552154
307112
218634
161664
675130
549706
433677
553076
250509
194944
707931
425533
432972
244288
659011
601627
896868
217146
510165
613063
881686
487195
518168
631969
540521
776684
668458
137764
692333
510519
505429
427355
679245
419913
850570
81773
50224
69683
259486
675604
366347
125835
788637
294540
247367
195119
515695
554662
475466
864809
764357
716476
688325
772302
165152
600863
315673
264929
685919
582860
797927
241845
698082
430013
608403
456175
786048
436091
17044
532361
10753
886609
863771
765459
858009
23677
524285
70709
399234
758911
47070
307023
818100
166836
280508
152609
27876
307900
700981
771398
739158
223959
37430
670139
453536
898062
268930
198014
731005
578254
673179
23217
786923
545967
568367
9662
735554
680019
707586
540405
815857
471562
798900
782544
424342
574802
759919
174231
40729
518716
723472
700319
335877
112809
868623
542414
591909
305780
255116
832122
427800
79272
547480
880751
756368
162482
94461
337679
308044
828946
490891
519059
634447
129003
18753
786480
8445
382554
542612
507125
177491
613251
335486
151601
116224
199174
711046
352337
90307
310705
518023
104167
268578
786895
79008
621542
768164
780030
195928
739978
829228
720670
418604
232532
732210
42789
638327
449459
222144
848304
324701
143711
740614
616756
514803
680158
279834
527539
147886
558985
645583
12202
735750
456297
616145
416006
728519
696955
245211
56182
272789
462771
751477
879740
782297
790556
333549
774494
342316
654461
304816
181817
153406
385592
706533
561493
789572
597548
64775
302035
77788
678202
466622
125218
185790
7812
152120
566609
851744
512625
373480
458784
591750
649390
762011
853807
403333
750286
400340
794776
848595
684082
463107
276536
157836
513028
281414
653640
613507
237597
203868
70858
669091
459463
192706
429311
781409
139068
745164
370965
768737
865133
105313
153118
895233
885759
85651
779835
807077
489103
321082
321335
457952
572758
23277
43665
354299
642504
131164
550770
886022
147991
531020
229852
335065
218996
92368
896387
359173
398421
733920
319253
660411
825106
107897
841620
840696
404362
24849
11461
68877
637282
647669
75681
244103
356717
501888
44745
845951
867048
7418
281014
322623
162204
585068
239918
509679
725702
786427
279251
746844
677811
360841
148981
417765
19269
593091
428776
30337
94195
398951
865680
569872
681548
198327
735128
23932
94299
32883
842531
93195
802887
578614
21850
468356
230098
743503
169251
775196
108737
587993
11570
200668
233402
37081
341850
461681
407977
59733
734780
269199
503806
38988
808672
271747
899568
442773
569026
704499
885893
896631
595651
798548
66025
889730
285984
663401
14395
53705
731168
312306
301544
762877
650406
686552
103791
794759
655430
350003
232771
768225
703573
297303
315727
312497
832026
601305
279795
151651
321152
595809
113293
54434
811821
111310
222451
596307
736045
417120
643933
516079
644871
398310
209440
708859
699345
450756
740564
82853
462304
426273
353750
372892
577879
33835
713994
856716
468096
155879
304953
781013
310937
612921
676792
801352
524710
444812
237449
108893
788133
85214
314554
573492
193694
627851
109868
406310
155960
32597
754670
403303
269289
566413
411687
59578
464838
79008
490355
707216
59288
518561
408293
866367
260720
262063
888170
77308
660177
300899
13006
279061
309579
437080
501496
158284
222632
283575
330928
553075
474463
683005
273249
523457
249798
103564
578074
620879
637829
95275
392622
383954
152006
176026
571483
41077
612904
150679
643176
560050
131826
35910
857031
728556
242052
211809
431994
10988
384298
211099
258802
887063
567146
610642
681458
826824
836156
501809
560722
134735
561593
609727
179007
874661
128172
546184
597152
876907
85734
430533
766260
467327
389454
819434
309847
169081
849685
413452
453027
271080
736742
111214
790739
776740
439260
881031
770979
343952
659631
271569
302963
802670
553542
32336
498251
290110
177776
610300
892248
214325
620846
113805
885747
124566
378567
618211
166019
136271
792543
693040
879417
392275
411714
270978
251546
301231
213627
561488
260954
785131
234081
586719
283682
103968
535664
662674
92084
685904
290741
620365
73222
604262
154979
505892
213962
809067
538340
138213
606286
124994
877961
40926
633279
862561
849250
324620
139272
145484
886793
786369
856409
620527
434488
192433
894595
360440
188027
725049
439839
437903
224416
459981
465678
817620
445099
280381
374139
141459
161574
726467
408477
575333
600726
11179
531129
430534
117160
359007
399812
268687
391274
98926
195461
13072
208407
680153
705785
733484
609226
895898
890801
216880
592276
466033
776789
333521
288744
217900
750540
537313
591219
196465
830163
545422
428425
807244
396939
871063
251578
577840
596112
756940
325828
449964
286851
131489
658402
738827
737417
682670
114914
292295
693420
418694
240821
1996
178527
580850
428607
403493
699807
642506
795246
15205
792309
829295
642951
338003
90137
140904
576731
45011
442768
779991
688025
454861
799765
465142
779422
271389
503350
507572
523143
716246
890261
242758
519
626611
363663
191243
570579
557052
20122
123073
179963
660977
234663
149022
610804
494870
806726
839052
67792
704923
417001
66819
544046
605511
794945
271844
781614
205729
813765
647344
628733
149402
844401
575075
108590
630554
677994
3473
551434
420389
148895
142587
396158
744682
68364
559149
176851
784808
164536
358935
156475
729149
835007
201638
766183
511693
775370
791006
751734
470923
631449
616375
499047
281543
51682
754161
803951
50228
78163
864822
254566
744661
500020
261322
485564
836483
734888
421649
566761
271805
643346
259805
379714
276525
753749
4146
191208
144531
96467
140697
767290
764176
519799
715933
556906
756785
529710
208837
361293
586038
496527
865614
640780
818078
364252
253765
103800
319505
731392
380606
65723
668618
527384
448212
456617
243102
423663
566685
313748
791149
473890
365576
347391
255972
395426
410806
370442
273677
845527
677011
64621
844948
747969
188975
94432
843030
30906
566141
647159
350760
440504
654568
675019
155201
651758
795021
755666
594725
364914
755513
282289
382479
872825
597663
841864
547579
754239
318422
644555
666541
452739
47277
487217
154817
47534
642796
884614
120784
292820
157705
808699
749115
275571
444995
420989
67544
683961
644286
775747
354870
645506
87227
450305
44846
211230
190003
689785
868648
754961
862961
502961
342599
250964
197865
525535
821266
715290
855993
874401
1952
817901
683930
105482
374143
864950
466146
365751
242113
660251
377786
266463
607812
382946
420247
208008
126589
6228
208440
732631
378112
341533
523706
441023
747502
436496
409339
674107
454427
377543
242505
597974
195482
273128
528870
498631
830120
586340
454587
682875
281650
157113
118582
162283
9892
462231
286849
873004
415760
223743
830880
94948
219638
186470
732039
716346
72182
477178
107350
54375
256463
622588
827698
547433
325171
317035
663072
286423
495497
436385
616481
885774
129406
17591
406597
23273
495978
615748
305677
161551
130971
451170
724801
25319
331328
795121
880906
93798
406355
62133
595502
886441
93443
485499
260742
347614
746589
524505
832413
175740
563063
137747
754503
171988
328250
645401
598747
355071
512265
348430
271279
467798
888850
7875
161167
148225
760911
561698
548345
346535
480505
355591
734616
60004
213515
652872
103866
7897
9646
47350
392624
288189
150854
179547
819970
601936
39160
153923
622861
619088
411574
273880
605883
623621
591817
511429
790237
812696
518842
667964
666182
60513
870877
196627
130343
35644
298490
365800
493122
425533
665209
609094
421902
281051
743881
160704
506215
11816
228238
301210
790734
91137
440389
785063
469956
148192
861652
432620
257567
802799
665811
351939
537382
327703
778481
284764
516239
378006
829029
40895
92371
586095
770194
600941
579210
721147
439317
135812
434472
842718
113102
810688
779443
690165
339337
363006
87840
749227
809736
855260
645417
392074
311119
504797
14926
810094
803819
658664
726949
750133
464992
754960
816895
629907
498349
495599
693496
18818
306142
629323
768442
38487
326862
179770
40975
306352
535415
240194
130273
159241
251192
190169
452465
30893
425345
883051
312976
826986
728318
48090
770620
110781
490334
69728
352122
631949
204223
178639
678477
169524
862711
503226
250289
259799
94305
257805
394583
133910
113059
518326
246589
92671
892184
365031
439176
88445
563870
185427
394049
860238
758782
51670
371305
718163
542356
230930
409274
516928
156346
230419
112924
437331
287029
672884
116257
32385
770939
442747
732990
285004
144256
87935
535558
405297
824636
881002
3940
182365
621050
628665
192244
752000
143967
535104
310591
5850
799829
609322
306930
167697
74548
127423
813818
725893
430476
798398
835614
795130
881681
9
860376
93909
699395
140736
449553
70754
494104
12486
328632
212050
413481
569760
375999
769442
405110
189756
310291
366998
310198
401582
156822
521668
22016
143221
75002
780621
144111
820348
694619
667847
138741
381788
375034
433109
664319
329118
406546
265016
529793
324607
105881
477726
212158
459853
281493
261977
224117
848174
825048
805067
792011
203967
761081
360573
181362
734266
231408
58223
175731
54705
452878
33385
4445
535862
822167
170576
656361
171197
82589
162293
709353
466553
548346
321447
863469
381027
401929
818185
890994
656218
579778
798526
256296
596804
262768
451744
352734
392594
705137
627440
130444
168609
279306
704839
757148
147581
171235
38987
395637
868416
228486
342686
602182
868152
634416
604784
482988
178279
598417
66165
478112
651172
549734
830162
306944
418078
505968
619216
721464
819841
328048
837138
785645
693297
60482
643555
314662
454963
379795
248009
326263
836012
36129
794903
885867
192192
799437
690206
303501
676284
648479
857250
59251
718480
734455
793899
225448
315156
332811
566354
296820
229803
146210
533852
269515
321669
172267
345891
842543
564286
667419
821103
643778
646020
310785
776003
670060
289974
65256
640916
441125
40391
199817
42197
184415
667042
841641
339181
800051
167368
410198
159114
534759
125140
698970
312079
241081
161248
538266
658761
40011
255136
757869
28223
868715
113964
560348
88231
244445
467324
213395
895446
837671
55116
830881
814383
335897
248542
64913
254493
757495
739550
540613
195420
268260
286273
616364
446737
721228
466119
4385
269593
425198
567711
798656
544927
530149
820105
572292
810984
85074
66423
696546
673288
786504
283341
129276
794551
172819
150056
289731
639390
71877
337275
235340
604363
154367
432532
889261
11205
739736
578973
782005
490489
283565
832414
281541
501714
228101
670591
825839
131623
617504
90795
781129
91759
14524
888305
329806
751728
722339
194212
838482
533908
543412
276674
771775
744092
292332
246450
55952
722799
233265
117542
439946
863947
313755
828864
275026
714493
604031
758577
442767
667915
854649
482589
89789
344718
502358
807354
619403
263805
577564
878039
765746
134596
486998
374200
800562
80468
345887
439488
816202
528563
726666
420200
517876
366580
351084
872747
555899
237986
475719
601732
336953
169174
742387
357487
325906
392521
442443
68364
652647
263363
707538
590435
123543
553457
839744
865441
198456
84532
685676
842528
425262
416598
797944
621476
135686
548856
212372
564770
554642
314727
227408
279707
71745
110926
496225
359206
667226
733956
217071
743468
815925
475974
192185
397261
593110
261631
396549
245760
589255
23331
699336
290647
364401
382171
310190
266625
7958
772827
227207
532873
516270
748880
135406
827867
83355
51925
360183
122567
390571
718340
681621
345438
34891
458217
151077
674233
104899
775986
748282
105402
295985
771427
360102
585482
460581
706791
494465
92577
788983
53184
510681
722084
322176
175647
245175
751112
208315
168335
244170
870612
880121
8780
386002
543141
585275
195473
564458
640140
472272
365039
97075
88306
257388
297529
491994
427963
331713
890172
32357
13352
855580
247245
591743
24790
765790
204570
500221
443013
897077
664738
181676
671251
801367
785600
150329
470598
192283
532131
871741
203272
284500
263193
39619
808908
712138
624649
746360
752560
497398
860576
238541
22811
204122
779076
610060
662437
585468
774756
893557
506806
815325
445936
164083
729830
495129
182693
844224
38756
49693
230752
411313
311954
458720
389844
829471
94542
412768
647127
356756
828107
182555
172631
528559
249021
18054
447145
690515
471156
534828
136834
783538
718176
711303
136670
229873
322995
815220
82270
273177
357220
231318
859887
356058
512623
220394
273029
691003
304057
23682
819303
121538
360146
500993
634467
433756
262451
82322
435298
818922
655175
112229
259414
848617
153414
90982
156464
683292
215644
322651
675247
348408
575049
452987
880019
321004
766721
760966
381711
545067
851924
199812
21180
68567
145383
19294
36810
21579
235777
721139
552529
675236
564290
93080
431462
626606
93965
724656
776970
664135
892135
423491
580028
365682
831512
10526
174511
3163
224206
36583
877078
668066
677728
731130
110203
441957
774832
347813
529615
710190
437386
113469
45275
239062
886281
170363
140118
890964
79993
826775
121871
446983
732215
428671
526922
169499
893204
451924
895048
558907
486680
496865
772478
313684
237508
436984
284616
756482
474608
177387
167958
239386
63922
464548
156740
332530
330688
367170
840648
293360
340333
420048
10917
395342
219439
808388
100956
38823
568418
58193
668418
360705
363621
503785
665196
4503
338593
157106
263750
310497
728106
514243
152644
719490
37343
240668
438608
753710
560235
488256
128790
71470
136304
97454
841457
694325
52100
101270
160073
538693
393000
117792
578816
665400
815186
854851
131549
349118
359740
583675
346390
152196
622242
325596
769243
808306
576345
262627
565629
448206
894569
664391
666969
691007
3497
37518
588325
872684
204886
889725
274486
802210
559119
547240
725995
593172
640176
772007
841978
200093
548329
240585
469557
487489
767099
794562
898969
858673
110158
782688
204755
550765
18674
223516
855342
460292
836784
314059
522909
528824
43979
641620
107073
119900
592825
536956
721496
461791
659160
575165
452932
109314
632495
449557
565843
277221
816994
625178
99087
173856
560273
647724
448868
568749
299374
890243
137417
612355
530201
710951
849677
187324
698969
720223
157376
253272
163225
72801
807387
770523
533981
39720
218924
768914
266752
685635
577506
11155
643276
149769
106610
750754
644980
683339
420740
493584
810065
464354
62845
148989
737943
560392
735337
401694
126644
865986
571812
90490
758597
866426
282278
92334
264468
117196
174473
752849
384337
505686
544952
254321
730380
657970
478870
542844
826573
169536
300263
309979
671696
149244
458111
845049
670720
638192
406597
557953
531375
211458
441348
613221
665071
877005
869134
174491
869680
635501
283085
353442
500662
203540
223336
460898
233014
587738
110638
851537
502126
641905
121442
97202
377694
727766
892739
419992
632647
134339
195606
28617
872862
480066
684530
568093
110316
825436
402376
626918
480965
20400
825005
439753
11875
778591
95750
589290
495391
149123
672943
245894
346540
137952
828776
570778
801616
895603
138812
416641
626047
2279
385583
504442
686710
674118
553955
697160
286992
242860
798119
403634
476072
723416
242269
294059
328460
288636
181414
116813
199483
146547
649997
673886
638971
514066
36748
108309
849465
222935
256831
49078
158430
650750
536835
358328
357770
581267
344458
305671
590255
426113
294655
822885
745197
554601
824400
202860
705829
714286
889501
357455
391677
819373
444987
102014
325167
895051
514116
713832
265806
757286
595007
739515
2902
550829
282152
505223
106318
751947
424732
3328
116797
45727
541476
562114
59718
39975
382235
95183
457122
9499
349725
579252
238457
762742
533038
66602
561308
741454
102116
399000
646177
738309
329362
57013
597244
132696
335281
75947
596183
264469
505261
402967
579822
779113
93130
144461
76649
330999
447922
549881
681239
147333
841404
857440
546019
534000
384921
864133
746582
498528
112190
655623
321545
704695
905
697991
556164
612066
50547
237960
519224
693778
629681
358127
300022
427108
449734
598218
611178
624252
693864
415629
442263
415345
62797
443575
856080
39393
421586
809875
315249
684997
537511
241274
550936
813024
793627
832118
46114
528369
595552
279106
552710
249640
665979
221581
516264
555700
887850
556861
93980
533146
228786
587344
460344
259043
833508
421373
872916
606349
470251
299065
6752
574145
494964
225430
584226
461316
611450
640934
402218
692455
278798
121949
294932
585785
243136
15700
784858
573949
354380
550282
314867
735254
265571
775173
186668
309566
655413
643926
552130
752374
204152
434491
293433
316600
215512
183261
516763
781128
392219
540090
675056
462409
619311
437565
88183
513068
349235
385417
415
267907
165279
336597
883908
471667
795152
880849
44617
4712
104756
726822
84174
155906
332910
176764
333454
457325
395847
146197
779544
246927
40786
525142
5096
481723
238489
316966
152674
416290
476905
346671
256234
470729
852823
808802
762530
123861
285005
284855
634881
48899
250069
618866
841484
358356
607361
75456
401460
876070
167605
418369
608653
103070
831826
870144
255910
241792
330431
745757
693353
356801
715766
537579
273456
739732
717704
240117
710210
873409
665454
4476
806761
713652
650317
665180
820369
335409
729733
524812
826208
722021
842326
368068
162828
311831
27984
15193
764349
410558
634357
89252
552257
547948
272077
544961
606213
569640
795078
671474
221271
41081
291526
648195
395317
560670
213455
13321
611921
61147
841805
698436
156868
220974
675871
317796
887595
882560
107999
588551
194787
216279
287408
824224
811741
498055
286339
100884
697309
229128
892742
306877
840789
608803
627210
791921
88217
590951
602511
79069
685919
698040
418414
192203
218069
713191
641282
274723
45758
523772
604500
854190
410314
581104
628578
703125
747025
526263
712684
423752
509900
633562
243258
614427
56145
702755
717837
131434
662217
780017
300193
453341
852815
326924
506235
613446
95495
243634
237461
608807
510808
258128
386371
92017
619080
760716
450337
795752
780562
396831
596219
241986
58758
790080
111864
335214
882142
859323
339588
376785
647449
175681
471961
621611
771414
117305
118857
145656
191982
401140
538987
742387
75757
760350
69023
370837
382863
482833
150432
663387
716532
75363
10277
166021
670367
348063
783731
52603
656369
188689
84291
771978
477692
78139
336683
6220
771111
741445
142540
324870
781469
777265
316344
500011
190290
94508
134654
319389
519028
259073
633267
279571
811753
470792
242558
173719
40715
36411
192543
661830
697309
484776
472285
671066
317512
2723
504940
702949
581462
626867
247320
307923
733450
488525
213648
537042
51706
203166
247697
108366
850251
895681
793230
595925
659432
815632
492121
211385
220030
89847
93841
405652
699734
132837
533288
359653
879151
890396
472079
62488
280088
736295
712576
337924
718920
838443
80424
697678
518522
881430
162031
230507
243848
361269
296645
158371
176610
364705
831627
710097
666283
245689
777787
293959
198513
65291
82613
812686
596167
117259
813512
74987
47904
784134
503225
781469
454122
622865
342642
298914
347045
221114
692554
357081
49823
884224
233101
666531
37165
834015
111240
881155
856456
596931
646835
200132
718753
896958
398107
85082
203170
135444
602059
256096
573507
451443
196854
566849
405670
26017
546052
843922
534255
352365
460279
259740
115939
10919
443384
316215
43100
788908
315203
45074
148327
248506
114572
765264
825179
177730
10668
151212
176085
645723
176588
534205
883124
117330
177836
508468
420878
529023
138769
614210
13
859188
718153
641463
295850
224399
869628
103333
855844
608878
858193
590659
669213
178914
469465
208045
292434
186267
177244
895465
74740
403395
765407
637284
670664
121544
313199
632251
35831
621745
507917
22006
108274
423249
634037
485710
603431
242105
816652
694543
818680
365160
632453
49369
338878
723262
592497
793473
292858
79502
883777
720852
896915
535762
711897
82811
451441
547256
399250
754553
104885
879897
841068
725074
611283
310762
339951
427238
811117
688556
749980
790139
786349
258623
647541
16121
201150
478035
423333
558158
586952
781278
481549
70322
585670
747594
673132
67300
83302
163974
771722
378419
811676
261852
223490
536346
100067
369411
551050
526659
159857
132587
288704
139212
47670
123285
753554
521862
738769
627269
814986
659866
664015
443152
253493
786246
648129
534415
622
307973
29657
410774
317483
210637
666976
787070
760195
326802
59671
699166
803707
633960
29416
748601
702316
447045
88040
88240
55091
97861
