6992
542612
621781
215677
337644
77250
743829
44929
526754
121370
488436
106211
356433
275886
863332
97406
193739
546292
176309
709678
171738
245131
721195
256741
804037
707067
391675
825147
161627
474266
2787
685570
221343
893611
169763
563159
249616
168481
783452
837396
178003
202530
321603
478179
478111
306150
845249
88877
2501
787359
702154
706673
628954
89266
655608
578864
553827
826467
775524
1220
606044
797551
505057
569361
206085
597203
396469
4852
157641
736906
303124
841976
690892
228627
65723
616807
306704
304145
315525
263901
699012
580075
401549
851065
529322
482484
144001
579277
175043
644902
586208
320628
316730
159879
533520
814307
154537
458478
493726
52216
554796
643935
645619
324047
43200
347121
26671
834420
643031
327696
97956
484818
70620
229726
771858
279210
492701
869109
531098
580255
673850
375880
647074
383374
582376
307175
318500
861148
231329
728065
434611
513159
315500
880100
29291
714078
246117
448384
790323
327116
755401
676425
262450
190416
493153
419899
836203
178888
119304
738744
231223
378284
321530
473357
178846
729751
591835
239699
694385
805471
450849
432369
38694
574118
135615
450942
47153
718857
567182
192356
879740
152438
598490
570304
5411
827226
373831
148038
729678
631480
475231
131682
370796
591702
748953
466649
884648
581361
606886
255214
764907
497617
807675
597056
136366
805080
720566
773872
181017
484403
426384
841889
639645
667315
402814
405464
724363
367957
610019
135843
6479
249885
709525
795382
235052
205154
15914
196848
214997
460514
714879
454780
197094
494966
339044
732659
681597
478433
828744
42303
256183
897666
183325
68507
793803
731657
667816
763670
795933
702277
69159
578358
462625
748347
186719
773465
58925
647636
115425
589014
58361
97102
288600
303938
805845
595858
99537
113423
294599
728997
464807
496975
78495
287064
399435
412022
280633
519386
696621
897149
624175
165678
182665
369795
581496
724375
883600
278478
152961
750991
281810
23983
633703
644663
205893
545828
167182
727785
567797
271094
601984
558697
495560
264547
879237
96410
456652
896214
776188
862413
863328
350738
145076
238804
277340
568046
125769
358100
650525
766362
842590
440121
568337
62303
202931
655011
858267
665925
785635
631678
349124
729134
410589
231472
864799
237983
573213
590380
800214
267551
762663
152995
805622
624792
70591
817562
408180
734043
537703
54550
89786
456320
375126
158356
479602
635083
705457
443797
323022
508713
343145
435063
193746
619162
875026
483903
212479
589609
75611
300657
874396
386198
449678
860802
386403
493652
885093
275717
224933
744398
751239
605250
362043
507109
756478
151589
506154
3317
730902
780050
255186
396917
453045
670358
692723
423357
17137
22296
162045
793250
584882
803631
13170
392893
593926
693901
244250
50410
181338
258009
338147
229835
177852
809082
711699
187788
755594
7695
430220
300482
840950
233948
242970
86317
159065
482047
391420
495325
771888
535489
44780
497296
287928
838760
658413
426233
220642
407144
863856
334269
536274
320473
742883
201366
75290
45188
420343
319354
104014
440248
533676
512790
685956
181273
384923
555828
341322
197240
13311
376092
452451
512349
457729
370359
847647
823905
447487
385006
257910
1656
753529
589873
238945
315755
801655
187796
35350
105124
793594
712723
50590
221858
560766
87990
601524
386221
12360
782223
67324
117795
634066
288576
376317
593233
376880
616090
314685
813213
881214
455393
274679
791840
322536
674635
292827
725617
386933
491783
389123
193404
628849
310298
272942
865586
599414
69252
881595
253466
49846
70241
82659
306661
682312
392588
490482
155071
152972
862494
405188
584674
361213
115924
398905
447140
302002
345198
4852
774928
552048
793716
400470
40146
716432
574835
180561
490572
868232
206661
800684
642246
871897
245327
297650
299554
243509
20196
426839
532301
29867
232966
349929
202930
187504
560140
504814
830249
465643
279328
896032
438124
108828
755903
807778
494665
85162
530947
174653
648308
387529
208254
294395
486164
197733
340124
395455
208958
654029
135147
40287
307903
443646
528311
629568
95410
94667
511470
813005
897489
73926
291394
118899
645384
84590
889037
103003
49414
150517
286606
895844
553261
206956
588785
823677
338536
882253
374413
338013
435228
514693
392775
726111
401911
731708
339540
879389
620070
133794
123100
512487
846594
772792
832346
443712
34122
234904
122752
495478
63116
607202
309175
668892
737660
515269
772516
462757
241703
326822
245158
707903
508386
514639
889371
485482
266523
251511
455298
61940
664689
654634
237372
475442
453696
312021
385164
353373
763700
755856
420221
811110
12351
357032
412259
794999
598053
694152
310073
687176
670932
355459
844586
184539
347698
405473
877451
339412
111374
43908
367365
812920
635896
302709
311920
246753
765261
20048
812091
372508
410059
113705
813193
792704
60579
730265
817205
877610
113196
266729
551222
687385
836883
176249
121085
203427
504784
285742
621435
807186
368117
542614
483360
336735
147040
802169
788990
257065
608175
231134
644524
472562
605331
710518
197414
121207
835484
178729
288946
781353
351828
90140
746173
682445
879017
724508
786372
198828
659106
502986
553807
147703
236114
373538
626839
22460
263082
777
467976
696157
54761
636274
91970
860115
626543
118158
599450
550655
78479
158638
846493
118792
8387
130230
504692
839158
748377
23871
94402
635146
111434
382473
286155
99896
416491
53084
59055
164194
109757
282393
750068
126194
275136
119170
313794
810387
362020
677154
220231
251469
400639
287066
651547
308699
671995
243817
116445
127787
468743
598327
621276
348753
297005
157151
571635
137000
510948
141719
884332
865350
90684
279965
720709
802459
758966
448639
806255
131142
74038
602311
450003
832852
557969
355426
400687
227542
357984
892139
761854
34142
101623
283928
249590
547733
547599
824288
140555
852604
43519
47464
250065
814621
536042
135881
840638
672333
124561
225280
219630
639072
810249
84018
860000
755305
804167
847417
113918
879661
376472
414703
700538
4483
838670
73206
350003
673002
771412
736033
50903
842310
761570
619235
791970
864121
157324
695538
720037
894330
199253
764439
41570
617525
691233
345333
714580
124127
511783
517748
677739
331732
443334
732425
119445
215982
899823
779396
554680
582756
500095
267605
630235
37309
127024
819035
643141
791791
84582
68395
686781
119033
668868
286265
94192
337657
365057
363974
661969
705738
767093
555207
200923
596734
95533
862125
389394
830932
742526
513238
760648
165590
520886
352112
783451
29778
88718
87781
55643
571635
844347
218471
472394
542907
514852
607482
162812
457151
5262
699128
627229
224991
488083
8389
22930
198561
132498
409360
364951
707336
523839
716066
672200
358710
206715
9350
691931
552091
159454
357269
165802
124441
818161
624220
457519
787542
338712
340237
722057
702493
390316
797631
751131
701649
446983
244835
804210
4367
210904
123556
27303
860543
342807
636282
209691
463990
549651
759467
725727
398796
625126
151998
224854
876341
241770
167838
516850
153662
339524
509031
144571
345157
193791
641456
331246
351509
166836
840116
734562
535677
651045
564191
668582
515852
668425
445778
890086
301836
192321
445076
816300
49560
691241
789973
891522
732442
886827
493951
376406
500550
246061
776603
572503
175821
76138
290909
876252
510334
22622
167630
839716
449119
229307
445620
404728
612164
147865
668928
539308
526410
197259
405523
458660
655027
712460
6061
235251
758302
148663
581396
102975
14722
51030
135070
706177
558023
748819
65372
193256
455137
214538
249155
391517
644969
129407
145783
378848
294714
633004
498678
843634
849733
894099
28798
241356
370802
824946
541628
70541
860116
365620
298834
369425
489543
334531
658852
520956
645256
325564
125408
508470
48273
382299
691655
128912
378031
132565
855196
558532
209794
21797
692520
216539
759857
33886
219112
887625
721640
730911
422132
438418
203567
613636
91692
674192
445032
355033
653664
268588
395748
296937
755933
735370
429826
89717
735791
186305
398213
233729
726296
258247
106801
83368
855563
320940
576834
539471
374821
57085
182953
365847
1001
778761
716932
363212
422134
581920
22137
82395
850952
690390
548783
473792
481575
159847
581865
683005
521487
14485
291551
776614
497661
122989
689434
548889
821715
774184
773836
141004
136745
178733
54154
419839
26064
571764
451080
262576
669284
571109
235439
460045
18509
863966
82365
188612
72402
840147
208281
504886
565211
125264
318225
102218
49409
569722
359762
651581
503732
141140
819715
129527
592104
607998
771327
308858
188605
370263
552653
634164
168010
251971
751261
596627
729126
380007
799713
647512
510770
472849
768262
880548
139846
281525
151022
846959
833463
288178
711436
34391
325025
242740
33883
244725
683447
333330
842554
81900
60388
230135
481576
195419
507965
440350
522328
386802
129061
367094
731697
709313
66780
591877
727237
875755
898981
538025
394444
87001
636883
303226
762940
388555
685743
70859
746279
709706
42376
704975
853393
196345
764248
602616
772557
194794
720239
487386
400659
857741
701023
432110
298912
178786
467555
148019
828746
63280
69196
400559
271549
585038
101833
60116
127415
159838
147090
700413
638845
172890
440849
482455
884312
310918
367246
541053
508208
588421
609814
512411
403235
566792
690503
414068
73345
628865
307834
423359
47303
506774
586766
668588
38615
797712
113197
222245
153328
638483
897085
142383
222895
693160
752805
553296
843554
697814
870905
882154
221700
879152
806437
795365
274139
337415
193906
586251
185226
487968
190872
391629
515026
656737
587904
90563
654956
585508
708243
610033
334428
827534
585509
177701
732595
448473
767960
719516
762915
872430
760495
680036
872671
550990
412240
568668
768655
362639
95572
224600
811213
319812
406862
315361
94655
247573
157877
59321
60433
417870
670288
81244
559726
867827
607581
579234
388923
373265
630398
106305
743536
25904
616801
729231
591028
629413
284139
519557
113716
517859
613760
736991
373183
588465
859921
268831
309985
184727
117314
834642
542714
729842
129943
509034
181818
688519
422235
834763
525020
235668
129324
187521
195420
306082
85062
822254
743062
86135
731210
777410
692189
388328
879179
146179
238484
197643
83542
534284
122700
622218
401979
553041
446811
257587
815772
479424
539701
746989
553712
456163
453098
690694
332853
235266
598044
639655
893808
432614
578043
108137
828610
476952
501630
36800
591657
297160
810656
513365
502703
774890
566613
79314
212435
352154
805192
9079
61587
537440
385458
212521
125875
656879
643673
109706
490316
451687
250915
164356
561684
563194
819125
554526
162821
237260
738764
673297
323821
185491
123511
531925
351762
391678
461007
827476
38944
331410
495701
311776
714096
538223
500038
504768
399958
31954
507997
818565
543015
790260
477925
720571
652293
689263
732857
216028
728041
753120
376667
497726
135628
62856
842029
43789
357234
397452
699631
601971
558131
58109
836405
731955
397191
593970
292772
59637
857614
522705
12938
861115
787129
112140
241783
805842
588088
530376
773819
460421
202945
53145
45661
491788
372378
476170
782966
744705
258115
238200
351496
734707
788547
311678
739070
836435
276589
362315
575521
184556
72942
518543
566355
738640
279670
346453
810348
834061
110401
35146
444335
562366
29537
99164
377993
3870
502506
69469
758629
210039
23801
464199
751790
611736
67042
707929
336034
456774
548405
361376
120560
822921
264395
692497
882094
823719
329299
269298
633049
694030
778388
845848
12969
290251
37790
205195
488912
64984
409937
835686
858608
163473
327785
599547
524726
515495
833093
675955
649367
815982
526195
558931
25797
124273
415545
322938
151949
19237
430178
272231
185553
429083
519780
324951
295261
122703
357898
132300
486952
14046
689731
514857
869129
512724
268005
161401
627315
460899
184895
898672
662351
574064
186523
275690
63733
709191
861260
467247
28070
288014
662457
78392
791816
165111
218661
477835
244191
391312
741851
217473
855205
703252
332883
458569
348614
710436
893923
528582
659674
550768
745285
591539
687967
899599
263937
491623
54099
254383
460983
656276
495979
747718
721323
268233
898035
459655
802221
604727
555715
585712
139907
127472
210841
132927
132662
389899
224505
382085
412950
207044
863550
172275
546603
541153
21467
896625
602585
600976
105779
723438
382703
286027
459921
85457
96332
687486
473029
350349
517358
97887
312956
368532
257464
883163
735643
397282
174431
864178
593463
580954
185362
864857
34547
30959
592676
851197
471703
257560
824536
855879
713226
285062
12391
184859
716940
468466
342832
426362
893235
324431
455325
435304
314656
752703
828461
757864
368412
425058
721860
159843
313908
40937
535051
694855
691758
74824
523397
366508
429383
434953
405680
222162
571211
591453
688596
359654
277872
161902
423787
268419
457904
36657
868109
721526
593217
354039
669175
77018
286642
134850
180951
482689
798148
741940
630518
597748
428386
757890
507362
349777
277599
626696
84695
592948
898795
280631
76970
115633
142481
389897
25458
327005
250544
864629
563667
253932
180532
408062
368680
644692
280881
97894
793164
520337
398747
854879
698053
309250
650596
591938
153454
207441
159411
527225
294048
345264
10557
386070
208316
675263
421507
87367
359831
214890
816104
114433
258307
307214
899885
362105
441461
487772
167403
35666
144728
10102
27181
850224
121518
398615
764647
386763
281310
649967
318518
759487
860543
156332
47990
721248
485503
752564
182042
813323
340912
239855
37227
529080
613584
574113
471040
578828
865747
725077
415607
255754
201263
787893
266733
669769
574308
343894
354144
366049
747206
115792
829694
423839
176968
381099
860041
573369
355783
257333
519690
853051
733296
278736
204238
312671
191983
224361
755873
867834
583989
156066
275334
708083
191301
636050
884977
727376
641691
176706
787329
351625
145177
617080
322429
176765
457744
351088
790986
168227
284679
825830
139590
549081
54475
346609
669732
361144
697107
505417
439204
812361
690959
823529
769870
426576
567949
712208
589547
189286
102375
191169
247201
106982
794380
214538
625161
626525
53097
221921
502990
331684
213524
395850
296932
839273
834965
644438
533378
737673
620082
408582
444509
487579
49397
814093
207107
576710
468508
775219
418097
736242
387868
685846
560849
300124
154515
377578
168116
858627
659817
158497
205992
118495
149378
557318
195382
487217
683107
183619
140251
791125
566686
511491
104960
294101
558683
63538
521784
39447
266693
143040
569653
552343
133775
753508
482440
758383
609249
726365
359571
880114
459715
583316
320396
506936
373188
265501
781489
688915
469319
790877
260323
617281
841643
304229
334753
597562
203894
599932
86849
797289
259293
784155
472044
346648
157939
138513
691767
493508
445003
77447
720730
406255
187371
598942
298031
744436
598575
446100
525929
271797
306231
271814
101615
197712
80943
155343
339411
818000
739641
429935
788595
476832
343544
68007
139787
585178
516059
707392
582932
418718
330437
67499
757533
853470
358293
237123
394149
822518
612375
362959
353554
133529
91654
456707
415186
865062
457660
779718
510027
690713
119703
639023
336321
575198
496234
403688
351684
521057
496733
605301
866706
783201
242242
198894
92976
556419
144598
483943
28513
222882
451343
43056
727584
595171
49320
868473
472160
742215
352166
564590
238238
411514
314278
105952
404959
210281
527174
186691
184300
887888
697740
856500
328422
418705
840695
548915
605543
140385
325568
747982
332119
741852
826028
366014
746119
606713
201649
260298
697998
648120
146786
444585
700670
253463
20185
814790
577634
238500
132512
482972
501622
354797
841757
736224
617795
436275
42455
213374
173430
636061
120329
69916
17595
667721
66338
294523
129275
666941
720149
855323
560559
504540
382948
669502
596832
198804
560581
844709
837533
578131
775246
722966
364120
395642
553186
186591
526974
400490
8536
232117
877712
615035
62692
378901
731458
654700
377796
665515
16752
813940
475145
174225
566360
411351
128320
872047
38232
129812
528572
510177
743365
783803
247330
212790
210341
487196
394545
485652
435114
502906
580459
385401
627659
718623
641765
201085
433824
866121
488679
726035
523321
697218
815968
48494
745212
8301
55497
526432
592826
349308
565620
595262
37773
795743
758993
375519
845328
172439
862076
427779
490235
84072
682535
452049
144985
7405
413664
592680
897893
56894
413495
222988
685867
330349
103384
41168
852483
896084
508822
629754
358192
189503
720096
606634
754659
625998
42358
97807
516334
175513
91792
523014
167319
635838
403870
486608
185864
468297
772362
87374
620259
116799
760506
303643
307410
485222
95729
375495
216860
159156
46741
403052
850068
571539
768747
767535
7724
551406
788350
584180
746855
576123
434879
416094
541131
842085
665639
375394
516917
665364
738743
310310
116167
654939
164224
854172
24572
383198
117663
250549
420861
739582
672224
802948
426412
494179
83843
514800
663836
223525
670812
426837
735652
818902
259796
488983
789769
542735
76750
854948
193304
238006
479492
745157
474421
672905
460143
754753
824493
811146
26277
791087
749320
523430
812988
293301
363419
245283
204365
57218
858234
320934
859476
479268
882218
40351
289620
371174
352339
649874
867479
417802
147925
22274
494451
594207
708370
213691
131464
81375
531401
375516
737286
844712
152547
36064
569100
522293
415750
807240
388427
145016
80839
86534
522185
701718
72284
336744
283073
507199
582959
435967
453287
157640
390223
683180
74697
531303
865857
793414
86449
148138
113492
29770
391816
83285
534737
569087
15093
178998
55601
350052
677346
607782
115848
559609
835007
798367
103232
17991
641056
98964
837473
577165
561953
211282
863275
201160
816843
18385
846470
743710
820398
496470
811377
3014
841902
16297
625399
864440
383802
410637
732319
251981
611991
347041
610466
175026
11419
135859
334680
788335
235509
232860
412203
871822
311466
824699
526925
771466
525947
251378
93702
94070
633026
73079
731813
138982
407227
488856
569943
748414
575648
620303
381814
240502
257708
541661
887577
353158
594273
207014
207977
453588
298660
409544
474675
481751
404390
610681
45273
396678
48862
451453
696292
281218
426706
671169
326516
485277
865045
538807
54231
37286
420714
488878
509336
862707
816134
622380
740399
358825
295764
892235
823575
36970
516370
656622
480956
614107
671096
561343
816563
128625
412537
518342
377060
400312
161986
642151
136258
876608
898751
807641
31931
207332
627901
393791
854762
225080
241802
493765
418250
267310
269368
667992
469061
439717
114561
496834
152267
307759
231365
19584
574718
399646
543694
796322
778346
297642
826676
205215
156530
202881
159517
410547
853125
540235
654172
872086
813008
177177
898458
25273
494285
232106
697074
743807
88729
743002
567990
862646
187267
645831
423088
790930
549631
654208
342531
751300
549403
770573
511279
229276
846473
469398
104818
174712
298289
648300
878439
555181
652106
520188
206110
860828
408785
37510
629974
338389
370971
534806
437441
748072
105430
94621
326887
199098
271758
403194
829761
381338
247348
434453
809009
630443
641905
317316
671356
656064
440391
143632
885605
553927
898080
361298
501896
570204
633430
362327
353903
649022
446046
429795
155668
669374
866257
68018
185172
632211
404377
724761
592332
525771
819412
638346
366099
275548
285640
831446
734260
481113
818788
343597
550886
809504
399470
167362
177001
570448
88014
866058
868831
655543
403446
123426
747845
406697
856396
531312
861453
271694
156630
883458
782042
46578
120897
401267
677270
643584
105582
860492
170131
721064
432954
707175
703004
132893
409064
769614
465880
170172
236685
729634
163995
221830
767159
146872
428168
287630
775227
819934
763366
274990
880217
828091
98014
88052
597103
187508
58351
286234
727863
894890
4526
358131
782461
508865
82429
7617
816994
867804
662886
165604
652774
495748
83509
178029
683253
355527
759663
407856
767985
207037
372403
59704
310807
205894
571148
190612
100017
214512
29840
731023
851575
886548
305144
341694
724163
182271
2107
512370
79920
181679
377449
429485
378350
94099
830370
21425
798277
382165
396561
226388
879330
119444
899016
222384
219683
509705
214425
526711
123771
640843
536622
579715
109027
486158
291621
162731
497534
689126
790572
6002
574310
263882
20309
478490
378264
862132
611862
347830
496889
415877
751359
705596
640324
811556
109241
292473
391217
522855
638712
847807
201731
653258
361756
793690
878158
33820
251626
143968
519746
620986
544770
520486
789849
212307
211708
237103
57561
782954
153732
760991
213511
317818
375599
352334
885353
113940
477241
467033
129621
634435
143197
202482
608923
660113
116432
26359
403403
420898
363578
718368
348901
744606
861490
820018
230588
258317
865941
410833
775269
269690
237538
63474
508866
233818
198037
669262
202469
892710
842078
127794
428003
870531
807805
83859
309751
98339
523997
11744
768720
1413
592970
621456
684281
43511
227568
213369
490818
839963
97841
208706
637904
581480
275939
192849
633118
674599
490980
274558
646382
261566
808634
171689
250352
428522
558348
395335
427405
481349
141782
163607
848240
462087
175181
673874
783826
772424
876112
119809
55041
718371
25766
556873
371117
687799
794810
488417
321199
890983
112272
880900
486742
793953
834531
825602
886510
409116
364476
331153
593135
627802
348081
514400
521664
156397
557431
575884
153222
675190
99622
20972
572653
311816
676392
496071
889297
264427
549533
203238
592969
587773
493678
393763
531665
202323
95787
490944
378579
871581
114147
7989
231697
396711
766912
750305
136466
813627
245469
893985
884903
662724
492645
397119
138488
787438
387882
368322
76015
301257
100926
597635
418273
79788
268433
652640
541268
381047
754823
788809
814642
250224
620885
544087
428553
852463
221464
700540
618492
162869
540211
592182
517737
490935
506051
634878
768215
374425
347584
71133
664316
547413
359954
627069
801289
270234
798029
806045
530899
671153
672619
683999
293919
877723
587429
640347
100521
439959
494510
124663
127472
799328
144523
404430
281217
62194
896242
152076
641215
81997
77151
270108
856780
429842
204653
395128
417207
87562
685335
514976
829794
3174
225099
11527
646670
355233
455015
441670
11717
169538
401140
17651
779172
863678
114683
453613
427619
195962
549512
228654
160323
589806
421370
542595
649203
11108
53251
817240
531710
211968
872483
741100
414964
361818
829083
663748
370803
311110
309040
183900
778483
395669
831999
449463
128811
398324
361847
426167
546787
672018
372407
285480
209879
443136
498885
81623
877700
820657
323976
667745
572786
262272
608739
843270
133214
61456
639759
79964
559715
22766
568467
888319
54181
723667
547203
6022
821113
400359
30898
627825
552532
442847
555348
687486
228751
887815
272981
563579
765652
676218
367408
784854
305479
201358
717613
709713
765684
545325
857723
898545
295889
876189
666213
72565
866511
91937
786035
744547
250691
116825
333088
195006
769899
518629
84020
78356
201791
142631
537085
692532
81494
560453
154703
28156
69650
454830
852181
202321
560393
295540
772946
793288
452081
543319
680569
161921
652934
735075
312869
286803
607291
787632
101334
770978
643100
21383
193193
621293
164379
109572
651154
275588
278111
736790
534584
843063
293637
366468
449646
749194
478386
195754
487498
837701
390966
175072
873955
133383
783198
184124
346156
624794
396791
514414
119431
786721
709722
228073
1032
256878
276344
92642
725479
391249
741187
107920
866337
277803
683510
412180
455884
732929
640578
210290
706005
457291
57911
663165
897176
425516
129035
102416
887163
798972
130698
475161
90280
606560
264794
317456
167589
799707
858025
234373
759153
656094
171989
93368
203325
256412
6456
321826
585700
645401
700782
881329
555816
89664
853957
237712
353835
897426
184480
856676
170152
156188
458696
150323
841548
329442
656527
771296
386611
499288
212066
60913
271235
349872
362762
49714
268863
373453
866111
624946
200233
321942
857802
371498
825848
165318
850997
97150
662961
520832
155378
156412
373925
27327
718757
461986
425063
271340
337326
28380
297768
743497
841943
130346
55761
322570
686422
328128
533564
359203
504735
251528
120080
772828
808170
781122
316887
385570
172700
490283
663549
41367
397621
430459
274951
286569
164885
69800
833518
319648
464715
613033
468663
575345
772572
171349
347696
10832
880748
223625
234088
282914
515565
45992
624748
228752
70657
656156
561530
597271
550317
832539
402851
765437
388092
786278
127266
148574
10540
101995
594548
168708
708474
396298
748211
266773
467653
241428
192595
636358
616065
212559
760663
379374
363771
746902
367697
203733
186020
538077
788277
184779
142364
174355
299288
872917
731772
8288
349354
43521
467935
473966
451309
227323
271214
49859
867793
9529
647207
593740
845454
479057
869993
630902
669661
393418
252191
265430
748788
415407
753926
857289
773500
293312
465661
469173
619920
853507
350600
737070
423347
550200
486657
309236
383950
623754
667996
781690
568486
275649
505620
545250
640566
15828
703927
140771
630350
33275
710123
331436
131240
310179
547004
81059
468386
698491
637412
42630
769021
399755
806613
73139
601201
272357
2630
664355
319467
568243
52087
682672
176068
664208
560706
720760
190559
285043
430240
537722
682238
490917
663381
885469
66945
413044
792890
608751
815645
845632
379589
514187
774869
194802
741431
659700
286712
3917
804642
137918
282455
376540
581524
171308
765632
835915
817732
698291
187259
316658
599448
713598
290113
205836
892817
656619
570068
780390
786228
752402
357536
266034
736245
885350
34796
536667
568258
340916
311932
59475
345801
338249
48710
585545
633703
63856
210446
311958
570126
197624
551873
618838
241618
727443
211563
361236
888561
786299
744277
261117
483133
115536
150014
295735
32999
413053
560341
608203
860105
582808
320240
189885
519727
196839
59852
297244
144419
328096
834882
548117
778677
819241
36034
433986
827747
579134
464079
689056
212874
803281
492855
228030
9257
57324
700909
105841
818638
433266
762436
234532
210656
335075
43818
595821
67209
475038
438910
714779
758461
295233
351600
807723
301867
442796
186644
716698
840095
843907
817219
611189
773169
595602
67982
850252
184910
287691
348799
335333
348896
653418
873166
151564
605821
722842
689660
62920
629353
652977
32336
204905
141129
790006
806572
622462
124838
43267
279819
777347
856825
375013
586233
653047
19993
301024
117358
35915
361886
698704
316873
868151
466801
611402
771078
512935
484274
830273
550811
825714
198501
340676
522165
454475
252250
582468
286345
237552
372184
717588
720505
436896
814790
618217
719942
360618
458966
543425
553645
550464
479246
226912
52767
645450
627091
270677
861312
357079
645172
379515
395324
736783
68464
856923
497313
71555
175462
10799
685981
444774
484791
278017
342037
661813
188506
443474
251710
508113
565660
587735
88540
570638
430801
617374
832693
391331
751803
381966
424689
796386
357430
868812
694897
766594
858622
530330
309480
558551
82942
642138
39226
399876
615094
505040
36752
690086
792552
121157
632085
72625
716319
357160
555089
514073
198716
436879
447775
404551
626142
160923
256204
752011
852653
755001
865839
39376
712196
151813
173727
84683
702585
718921
9366
227821
368137
801603
390336
292056
87589
733701
573599
303150
441651
138134
780159
337285
668003
686966
821969
530999
878351
339934
490726
556054
234093
313414
82410
150621
213652
181952
555546
446817
253321
163361
307715
377830
246597
706880
79929
887758
275204
131799
640752
103788
525389
276487
310555
362103
58073
351672
746783
36762
499874
461053
145138
86824
520201
291222
353429
306157
647588
658831
596940
260479
152066
698246
340086
868147
756060
427722
688525
497196
696379
191422
108764
478607
109568
381469
203768
1298
182355
594136
229340
792754
680331
181435
155237
20516
389750
87245
287622
404483
227687
395350
732777
690152
717754
225883
150083
629656
132516
895045
686931
565367
284187
464447
10903
541626
381055
320990
694378
745370
559557
436987
359134
145477
786558
868956
176242
881390
439528
545329
603984
611748
516208
27961
248038
611649
768995
407013
51998
339225
530096
141684
582940
320210
22011
617534
274708
788466
62912
871885
803078
517716
720290
442532
451639
766645
887280
724803
8877
59307
881970
435811
665478
779988
431798
169340
637910
379180
866001
83399
397019
35545
545492
717757
650654
305313
888685
211774
12201
131227
668759
697869
806879
872707
348991
660376
798045
352454
754547
367318
690955
125757
369833
437994
59646
670583
594986
63428
559725
655311
127897
414854
614574
57405
555460
827491
847149
645544
825510
468707
166280
613273
714806
580644
686538
245803
652015
358491
788066
687262
763645
353496
251007
68202
760801
392455
266058
375697
598497
595347
605984
300333
398063
841701
564971
280809
523700
541930
823740
785548
41145
780882
812999
654543
176658
378677
765978
779280
546568
101584
440763
73247
400577
767405
221758
753718
827373
287073
737984
59397
713360
185454
569218
188043
615687
398153
120005
815009
135289
211094
10143
197648
85532
223247
130712
623939
203776
141027
714468
718231
375804
818588
510332
59086
551667
260729
452123
29187
386562
247481
721842
545816
287113
438265
709704
680940
251700
567477
824050
726312
169669
702955
74987
228024
565472
694621
749008
813303
646003
563316
238906
47587
193823
613666
77881
98127
218983
258336
346346
418103
845940
744886
409109
777934
243234
844697
98661
217364
652811
386190
593796
439044
717550
111053
175571
26761
11004
472576
226147
667408
854111
649675
357107
699416
427783
99046
523846
707462
283281
452454
499776
802965
116662
322778
354941
392587
325486
686352
31598
388871
66272
206391
104145
49815
301767
870688
151275
103589
599778
218526
459109
168369
92408
200492
626593
201242
458949
824205
498967
542038
709126
759983
296368
704290
875549
175593
165726
778675
590658
876771
268086
847786
219910
761845
727211
649765
842052
325512
524456
114675
413991
463512
887562
341472
74418
71547
805336
845582
480880
359579
812383
631300
548473
701119
151886
496160
530621
615464
287947
618889
680816
257559
488849
370400
386674
135596
239239
660116
525658
806473
775805
507796
542750
389492
312197
515423
663457
309884
351660
516855
627482
507443
632756
834644
302781
844890
786127
132853
166505
185242
94906
2066
727597
393102
732116
35885
786199
618751
382521
826630
538235
273735
727199
302350
847804
396982
778060
271315
459802
895667
137842
421274
678200
885562
822857
759402
616296
337636
108135
864837
593302
681636
811230
213394
350478
842190
412690
24373
336299
138098
746165
61985
496797
440134
868193
256676
89173
548065
84818
846016
536400
675236
286525
292345
47550
7187
407313
495754
146094
34881
379497
463954
609912
571786
402538
582668
374502
291737
736639
183581
810655
587466
316335
743271
81298
857610
788120
55738
452508
179418
196618
507913
397655
783795
806370
766650
88255
613699
886401
330519
877761
648853
788745
521634
287170
787247
1012
492166
5513
600117
466000
347304
260906
15339
645339
461180
399120
83287
68183
153428
299878
276229
762538
334259
666627
377540
632276
184288
211440
819949
417582
214358
519734
764804
825852
307224
730857
313304
328814
75266
241195
606372
479097
236923
379518
397976
175724
6086
664522
661361
313746
733335
71335
779652
520260
548290
46248
686235
595656
841360
883940
165078
677674
489611
192322
860403
329461
397465
450048
284616
677549
443877
708800
677964
613580
851256
510704
252437
397688
505799
763828
548157
562974
426022
762738
89758
743053
288762
159898
579004
654001
269004
211856
225090
725482
718714
11736
770020
203400
818919
219804
512675
465445
702835
185853
393584
239680
353893
349299
533224
147025
516580
580867
889469
784718
810181
736124
71189
286329
57503
815054
263147
632259
315418
686760
896308
510466
777030
570700
492348
36746
25064
383793
354191
734219
813231
216724
831795
765222
699813
442397
705298
816269
433121
477321
220950
887350
770297
322681
299597
128444
713844
613590
430764
770675
836190
330720
575184
234694
862613
812178
241023
96942
337280
434899
174797
143792
740831
377595
707323
485332
826781
558815
482490
626494
384482
102524
457260
114955
405477
258268
698219
411082
898015
334216
474884
153620
303962
387627
758043
89769
401193
816030
218450
540937
573329
266581
455588
368331
137061
237285
586123
320510
495
110384
658625
712313
550890
221679
36964
74593
194797
564378
762387
88343
586946
379799
798677
679483
826420
384413
220825
701761
786342
246084
803703
164782
519617
456940
260373
777551
39686
82822
426086
708182
826401
563074
520398
812819
513662
655286
803360
114443
546518
23271
559720
62839
609857
494935
363364
142363
785487
467500
253357
581921
149458
579321
161748
575025
858227
352459
713063
468400
669573
408178
214770
737363
898903
859690
87554
265022
376930
524421
512134
749373
538402
785974
850958
559421
845314
832061
212853
838472
466608
25482
39035
250812
463023
108048
366731
376551
537740
835399
404956
278241
618216
418685
1938
53126
882643
838075
734820
366767
691674
656272
38456
273867
789079
639868
549995
38751
614535
807931
751533
418935
709242
258124
221736
206599
39107
342428
879297
787875
168014
809108
606488
321368
127569
29436
141706
618661
163899
591690
490198
509433
196842
342699
61852
553194
224281
790893
628448
215791
37941
502983
435278
799995
147441
60517
469080
210135
432208
853299
223515
352762
305919
83334
63616
103239
695237
481250
698686
383620
519570
207467
147708
96466
733845
695531
834164
852878
155882
509116
484595
730723
720656
771187
230077
52329
206233
855434
806574
701630
684506
366281
799579
430239
281378
226512
414999
374404
22920
350626
80082
38965
872637
49809
874747
280749
308960
136643
7046
595465
602992
801502
378856
28557
619484
576437
483871
66004
169846
491791
631759
301425
73575
759696
777895
513639
767196
432518
273698
864033
55613
475378
848138
316495
128734
836337
201174
58877
863695
84775
679028
222898
847854
849927
415394
374818
86013
470240
300598
459952
738445
654823
746398
5860
173561
548381
849058
644389
820016
394654
117093
67603
882314
527078
191242
822019
370267
659775
433842
411320
342118
411723
632932
604410
230025
860042
22982
410742
562262
616073
609224
816146
627777
13447
472448
285483
15061
124133
253327
58605
632354
853834
488483
583374
758289
564592
844566
129575
195160
634286
320147
203248
449800
177027
625560
613559
559011
375388
449271
844541
848684
518562
420503
627469
68023
357315
67832
712954
143999
229211
215060
690068
555766
855903
792448
135718
490743
116197
265586
192943
615031
873491
622556
298554
509722
166627
20566
52669
350722
700464
721626
235019
424707
750273
525897
119350
65681
876718
507755
258693
679195
68243
842164
40589
204273
552336
800001
894415
195104
128314
111970
87374
512478
91042
623922
481707
877088
642720
171713
830047
645898
25532
870419
458420
529054
417912
237056
166848
381013
744765
235004
848927
483404
540609
595922
375948
423254
689938
863850
924
100239
559170
23402
348504
10608
267470
109176
678325
383806
646637
549309
633681
705181
91185
251588
153163
321539
875197
81922
887391
301223
160644
641200
58782
85879
392985
758548
570982
460617
464057
363582
839683
171465
420849
5774
325121
350738
37708
796050
132653
558232
131165
733389
408647
116993
71014
200852
129574
871924
340547
325042
878024
431081
695158
584331
567764
465568
423184
289341
261999
285198
140664
157186
849079
182482
184507
786610
665599
778566
763120
893126
67399
525521
213190
68311
61814
618521
297805
134341
106551
566742
830622
797331
611951
791873
162760
202640
84887
205963
624280
94929
733881
54602
492900
729785
161099
257934
417620
738266
765347
162418
507853
388661
700470
148654
270236
316798
224978
893034
53115
199131
233364
855756
180451
695339
430534
690610
315982
399395
234297
274107
629095
786227
114523
668640
726609
434248
113364
546657
482512
756011
615235
414297
281464
848518
111376
401011
357329
157158
157870
414902
385923
719259
552847
485564
879396
526429
309059
715809
527995
489417
577839
222198
127664
284073
185702
635732
881970
627122
675367
863662
101508
805767
60082
410304
571397
99578
211688
446916
236954
465491
642302
289187
261947
677161
498781
407432
561015
339821
768890
350704
884996
369318
714477
464286
617767
880758
384944
157611
693308
829148
410614
215642
83363
157555
510949
650346
472551
867544
436241
619140
694732
206473
105495
351508
107444
254120
185619
250261
857806
187198
665278
413029
664829
829373
367591
140984
179392
662814
242060
145224
224995
633929
438518
711561
516321
172243
132911
197083
857651
569410
485569
53433
882650
409132
194284
817198
818277
208029
266979
673447
44447
783638
768739
630467
92729
540051
265489
661159
549551
124293
288431
436591
565530
871998
864891
703935
822450
643180
299205
439703
579293
460316
354474
156485
751800
885792
747697
421556
661568
893803
635554
299330
362270
349048
873022
159023
832365
598411
842495
395153
753737
759535
35564
543973
730422
639391
395833
602623
711306
554656
328409
718691
61848
16843
850209
261741
810778
117769
473243
742090
660858
235574
140835
241897
513981
670056
582178
269772
272236
830921
16900
214168
337729
344544
224504
439468
23242
467151
852932
850127
294877
13493
265986
42722
374105
209266
874778
269588
338996
484235
334141
313748
757510
361668
631900
431425
808817
804042
553155
245822
580076
390739
489494
181185
437802
499740
679110
82506
456428
120754
388207
702097
620096
381101
781553
84792
126355
26614
31434
791744
627546
876074
291212
158839
270073
738518
736256
353614
259695
338210
237622
596713
501662
409514
337192
453456
720474
539431
148426
554947
146606
7757
285904
554890
411685
744077
16189
184937
531867
341627
631778
212723
625921
785610
157595
575350
515431
51027
829154
333716
596201
294580
746607
383026
378585
645557
139821
536520
460645
819013
481849
505369
751428
397124
527545
243741
830690
852570
439799
748538
590917
526628
41529
473746
212508
363087
840831
841845
111555
300092
271672
684214
617013
468004
343296
727612
626767
635573
705786
468047
869149
489019
715398
815442
166467
814074
613024
887984
812522
648118
309461
53102
41093
860246
574050
690080
223775
667261
28587
395224
689218
161048
208436
266682
54374
479286
646080
51499
833941
159121
398179
834951
297079
143115
703366
661009
79967
532147
510359
90533
671633
524679
557962
517930
446510
468692
9969
788931
625470
133688
714579
328836
303544
479401
246700
180706
328945
379566
143392
394531
836126
124875
788701
554933
234792
23898
312012
309722
2124
287956
728787
500769
430987
879120
679531
178480
218709
157890
899161
766301
236845
300645
835436
608732
623705
472755
715186
168883
667656
616976
847734
80809
592928
718663
64858
189405
691459
24524
727821
398930
605053
111393
553225
31688
640173
678548
396715
843750
794701
612869
532208
629811
686208
656518
793033
895813
818680
690171
687931
316176
593696
89152
648917
168864
743724
204138
666863
739074
216476
62598
324027
415516
235399
660285
718411
275037
598185
151705
726335
140111
279403
88001
467176
544137
617612
24704
877086
371649
721161
110404
500475
614399
165038
590723
355538
261100
748217
423575
157679
121865
768711
617194
510893
605052
255869
272397
413614
317894
215797
844354
173754
656400
777923
482745
556695
280643
325091
255511
353088
250070
691298
730291
385766
170114
599557
32187
768384
730674
555033
414835
739120
497014
231384
38141
409652
235735
273876
838228
255942
677349
433540
651570
79056
589931
575881
622706
579407
482212
27355
339216
599555
876071
105749
892012
316880
828606
366937
300941
42068
627765
420097
77506
639461
607981
283587
369380
861158
422448
84640
621975
32582
883807
393738
195791
822358
761062
511472
709839
875493
803345
700839
738701
281690
128729
646582
851442
51212
624919
332574
628285
62241
768697
24132
158983
841441
186002
408637
609985
125495
856555
166805
674361
507876
149687
555579
749052
881023
97861
742733
130805
164557
430862
667675
150804
519641
413327
848186
267145
485264
1904
851912
114928
594683
600674
387095
318663
650970
339752
855289
372921
696154
112172
59814
57151
166611
706867
158572
733693
349792
18250
90195
679752
655003
377983
894859
730631
627764
884525
47797
81399
858062
702511
402316
246120
649975
38677
163502
397605
757154
307540
568490
65105
792611
825464
526504
75884
124038
689269
732815
50902
9036
86043
194871
793962
833891
309960
564684
344587
184960
831703
606619
340093
216124
747318
377948
783530
618152
541493
656700
351845
680207
326426
325830
832491
65575
366770
81102
526181
770226
189858
608602
371370
21335
178907
29613
751106
382873
261324
205425
275685
572241
875217
718207
584545
776108
504554
475022
859323
839075
841670
757431
252813
779859
696574
7041
440941
696985
451166
869741
197326
532076
379134
852704
821087
349142
648463
896872
261106
707312
484688
242349
502840
325017
443072
723926
451367
667251
241582
240053
499805
106299
34733
223344
687870
284355
849955
587437
140345
547277
294689
398137
440362
602374
561548
738581
660056
27804
390425
545245
676222
240542
603736
96406
197863
521807
91207
79188
793298
271494
856296
41189
653174
673957
387725
313630
213502
779955
643215
682655
431829
346456
672509
230021
624285
253813
244370
728813
641689
294270
692415
786880
204555
95893
685192
532159
551160
702116
836907
228652
675399
874199
4442
751602
424808
617267
72426
897299
535665
802775
607716
664492
618212
881486
375608
532742
25932
569101
148242
538620
732422
374927
273573
653796
312829
810219
798627
337052
111341
488046
654063
330323
375849
398107
155913
323249
538681
106748
17896
169411
348443
243971
405511
344391
4713
580321
283862
291728
607963
890626
508177
629847
175523
708995
434541
753182
716247
435186
758766
853698
71788
86017
79671
290493
492925
515174
283449
541876
386187
539825
540524
553540
730686
504426
826139
899108
768458
506727
821273
806711
428653
86216
701778
335088
402548
296463
603037
194306
137502
736415
657517
407011
187480
423024
335015
163933
693063
523403
192878
584977
735684
653448
875161
466888
351905
815618
723942
176599
547402
584436
245863
58702
790727
832563
520731
312285
285213
768999
600472
716291
240277
674982
845796
100725
871476
132207
303363
63048
614153
550624
624139
362875
280390
292213
247283
518819
436134
440798
677962
93140
408748
384923
470756
405897
756588
65686
196558
331345
869507
483517
209827
436566
346368
843931
486839
10635
274502
189298
128016
701457
75338
543384
171829
813702
610519
257483
484607
386507
582225
809649
859660
816336
275158
375344
868978
599390
317056
134599
226256
889344
503048
153191
211744
681935
560005
356338
59305
196281
538513
396494
46737
679245
876620
713606
596656
63270
878490
162974
584192
746002
280487
702448
788624
217341
395851
781032
676759
415231
177449
701880
497477
890462
157265
404889
470933
744097
677669
439327
484703
209363
806329
670039
28299
368048
370387
135776
40064
206127
617298
471331
584410
611244
349260
829328
599865
159921
489967
824502
682422
155360
548104
400287
699121
556384
126466
304870
410917
214017
221479
292214
617181
720589
201474
538752
734720
821454
59236
589304
658696
867862
37509
486221
677937
126606
547
97411
244396
644255
204006
162671
893651
626519
801316
83438
198775
401432
892799
829154
35317
375331
788876
570730
294119
775964
247728
515453
12662
703482
461923
431299
602286
206829
544694
860016
378666
169260
543824
520222
54222
452987
841524
784230
43187
560982
749055
301722
252732
185340
413389
783906
490312
178490
629659
768081
347201
373394
660775
779331
379697
507785
289267
349109
622068
27946
99017
6049
862344
456026
302552
382261
789664
784729
872317
786991
471001
313393
87101
204983
868388
418175
157006
370489
171746
337467
686485
538429
325230
134149
294026
811077
841619
127630
808313
692322
108158
754144
515393
342803
244783
258155
417919
796796
802057
6157
730213
168223
779497
446589
129155
235833
82867
390069
550343
653371
608007
876377
497313
882627
544723
810984
707487
377335
668162
702142
347256
553726
641106
426243
605796
677275
802979
487892
797992
582343
611468
244396
8592
525769
332487
313646
485332
535284
326732
636754
319101
668925
687548
729482
161313
45560
283060
540175
574441
547790
434337
44141
854036
276893
123346
576840
174709
220268
511785
376617
88696
554377
497900
410569
177218
488514
758008
445272
519957
753468
669333
380842
391506
838963
76644
711232
832121
473838
319540
217646
894829
96158
620180
611534
32179
396371
788356
350849
844152
755323
478212
24765
106546
281016
294958
351063
429503
377757
813151
747886
233610
323621
167472
57970
562060
676111
818275
670511
243758
501466
615225
780634
377261
766521
510720
113142
261110
173683
358890
263587
380913
325115
123993
892389
793211
4870
193206
577132
851083
526862
120032
57989
440822
308450
512066
220572
801357
324743
519357
747628
411044
548688
728101
366277
98798
639925
201512
687001
393732
80403
33864
525635
786052
371488
312938
879732
531830
114409
898823
271260
37066
751946
512832
25457
424861
875177
878126
106398
893435
662927
170039
184683
797278
412324
746909
643045
678644
802790
873584
231339
758590
193381
669604
236052
719317
374719
379389
597503
317864
779603
449126
477529
679648
95300
788674
34885
351684
510252
821786
537483
868248
270746
684052
720448
391008
520234
878533
482605
566083
493567
73949
360863
835531
4351
279040
476970
387720
881003
66869
543514
775348
37081
52568
212152
186161
754449
622410
872214
846511
197344
549832
351159
745322
712476
69241
338622
131823
744565
737696
624657
175039
505940
629042
11945
152301
43571
488801
92889
501729
329176
35127
552665
662271
139568
34654
143534
485729
583940
565116
496695
444033
398522
299805
574103
172531
899594
541160
767898
494287
311835
471987
580325
498284
617434
183859
607711
791112
397718
312363
771350
342788
14715
893733
136943
235820
340362
57407
845326
668245
897233
406493
860030
121375
235180
43549
683133
327001
18583
612135
500807
822787
839086
374722
61214
53807
292804
590372
639315
265217
161948
219458
224659
320470
152968
553125
366065
224992
454684
13918
331596
440879
412397
275696
259772
368204
21227
519563
139871
541951
423224
639737
266266
375472
650532
114897
599854
41642
612839
119754
823481
636251
715129
450473
156646
753529
416146
587739
736242
346719
43481
509022
334172
669748
626827
818649
527336
839596
826827
5164
112143
815784
422496
821795
69959
198969
467439
138628
59339
318402
625109
291175
308935
487131
383969
61701
865058
724242
47533
514697
530535
127468
337623
686148
162098
673705
454016
211901
232020
582533
632768
748261
652899
10650
71331
847047
421122
181379
398628
636734
352584
464028
758501
275362
193679
853957
695720
701114
876155
125829
836877
184597
650980
670251
653737
622036
350434
599504
7583
674975
501397
8664
11613
757175
200462
435128
834966
92331
610814
619697
120567
736645
34425
833530
304969
598364
289285
209692
566946
211212
733189
130326
254759
573378
376893
41569
732194
314801
462241
401934
94524
601027
645150
740716
632184
586569
834405
16390
108972
228243
443887
96328
321596
242203
417810
768258
750613
50907
97919
141445
50051
631583
284372
67786
131791
149813
791173
591186
183096
810945
276130
870728
724908
331277
891492
757987
878244
24798
636410
338247
563834
502145
89739
171915
239527
844964
517543
57558
808573
599842
236367
748707
115870
461238
41085
658627
347736
45969
285616
537121
588989
774758
128888
780672
479843
537058
410683
413601
219444
232089
324994
635969
741427
13307
17572
589151
294188
421766
245164
510907
64758
356117
203625
582362
461321
755254
284626
140966
28982
470586
752468
769011
215591
409253
227321
86620
861299
411045
420311
716267
465662
614751
9682
142519
579819
116324
535983
121832
80639
283651
886102
880438
143636
175673
48322
788303
532982
777411
77801
434744
143357
839892
16611
751275
128296
274210
245977
225342
385746
145978
359435
385668
473588
628180
737277
122381
371735
233025
182463
136777
159220
529312
893368
392042
254154
786033
745102
710054
395866
558209
555861
717179
166818
653219
708722
791822
865749
88448
697866
164172
525044
626341
693548
723313
818475
19675
657591
505863
167690
9012
519113
886534
169790
898945
245286
314298
155724
276641
454497
877762
234473
606995
209706
616789
500313
402412
460820
296095
806626
760036
405537
503657
240204
521995
839341
153238
369079
567354
313972
898409
231033
111395
109089
662116
93747
616266
139892
281260
602446
784077
291758
574440
180791
178527
79260
655208
738389
24146
657246
252067
38755
769906
726899
312536
498894
263951
371235
281942
462348
838739
502344
670263
201175
140338
717498
611111
309413
381886
349590
689538
176581
555482
244586
152091
9176
311879
771807
189338
757162
22522
462756
151517
206988
681518
417875
782143
232975
701974
580418
477237
228478
649227
673288
721141
145208
561667
809385
464882
358729
885667
263424
665602
798373
208747
36297
812512
456288
840143
725096
366701
437677
