302
18516
254689
134454
301544
569855
212123
33921
661301
938038
991654
528759
323724
14028
818474
532984
344399
793506
639208
508106
429480
947610
865602
805717
888162
204452
649891
213895
377444
722612
492620
53143
129740
72916
194044
916903
2660
542997
12603
306115
565060
331681
974660
778951
295428
277228
85517
952925
472347
190921
177076
163490
496665
661721
257544
219498
313789
454046
858480
794650
950772
946349
276156
865972
33583
316418
959302
588464
879007
57005
948676
860357
464080
535723
181998
477127
472863
911568
820614
622954
77593
374367
108552
325220
498098
414396
211248
499185
807327
792632
592995
977136
291856
564364
188603
689003
586061
878625
461106
408820
391852
570764
543146
433642
145901
502807
299670
529755
817010
966330
407241
110659
21726
753321
67865
656307
307528
932743
507759
67533
142172
822776
563502
471532
956110
144596
973758
768416
873020
522807
714164
525078
104736
809333
981280
131031
620270
705963
146674
662119
881168
248752
289225
856589
800700
525547
517786
641267
353006
800318
100153
177315
540743
766112
370119
862961
858626
721225
831289
422776
678863
110278
719040
881148
152142
24108
754906
910767
215913
923561
844405
260687
970958
510838
383739
630444
249672
120425
7423
472071
885177
192358
870722
543830
244278
641205
878881
455397
806079
608880
256927
187926
432921
392723
338635
450313
517386
220342
709966
28566
833329
467542
478163
686711
872575
744655
362451
480003
326422
292070
681148
226325
376636
351170
564413
618187
174971
363131
764400
359594
82265
712587
654437
38111
425455
874274
67783
794465
894249
283157
43118
928178
775321
400502
959872
123011
374775
7806
418756
78135
420857
218535
2501
14080
539467
445399
705759
530598
981356
382710
837225
50534
181925
853280
788223
712567
2406
583286
986858
364776
874174
456463
832622
705572
668150
869005
252081
81304
810059
102666
968579
497131
677703
799856
245582
449580
55611
104039
273819
478218
77915
960042
505278
5372
336566
556339
909600
954817
546128
364821
902823
449153
397086
400232
616388
888595
378653
236446
891288
286104
971343
556852
124676
