1353
304537
614143
166979
335872
771980
448863
340366
122642
296754
86825
212644
152639
151897
199504
584298
729124
560878
25820
835823
26660
238654
428339
5656
441385
47370
215731
373865
637353
567232
782113
305485
877765
86620
688572
825827
452299
449563
543883
688037
458875
845751
462325
278357
674854
403748
402479
457383
498610
217189
795631
199717
720698
495724
322528
736963
770354
219245
854446
506272
701129
169149
690241
551637
81255
576396
803399
97245
624182
497468
104586
618113
733277
376957
37088
53215
299302
54023
384449
876950
244257
656755
455892
859121
891394
737239
582082
868814
645958
697435
819884
868521
502387
95068
691703
69769
538941
395293
210853
263079
67428
867973
843072
56983
793115
844890
442672
584181
404420
505751
544652
882253
310838
241420
8973
599526
891424
31347
831965
197740
239272
593482
785103
733496
261420
144434
47912
756927
566666
593795
582202
110292
246395
529418
313778
783546
284858
618912
333480
816874
862818
480424
58707
148734
698357
37028
558655
247192
625049
729556
796150
98705
227932
131469
14139
426722
218617
657234
385847
682184
21171
835346
22026
548440
399262
567901
822531
777535
582525
382436
172299
657716
868421
871692
126971
6013
90305
853999
873902
827675
524079
307631
48528
16979
411303
792535
545590
494617
791868
275409
387752
327707
738235
270877
47769
53831
54769
575477
840311
834106
241481
479898
647390
858279
626898
442713
10215
213888
8222
363904
101405
587363
755303
176472
810512
564484
254701
225246
811362
280339
846171
820705
628383
578858
804519
656474
272618
13014
712951
213827
65427
86527
135841
406166
561061
559893
541771
429091
669307
558297
68978
799277
288850
521733
230118
275873
862297
244217
588145
254836
834309
365379
688312
849049
581505
899530
286682
96252
486371
478487
535478
595261
8634
91361
803082
774540
153571
576819
133014
801821
292219
236124
335646
696712
724239
766611
41838
256513
468111
391717
34168
741967
210081
336989
871865
68522
122993
705582
606777
497558
255974
256448
883633
393911
122896
354452
890503
645423
47581
488726
500373
370427
523148
490782
171112
257799
667705
745219
739812
175625
662
646493
355557
387521
467866
401237
892672
617515
570483
358091
891272
294781
356760
90404
696716
272355
192569
639534
157949
200885
375096
6321
135534
580690
15440
242291
167028
884156
366675
412808
849453
35631
110386
505909
168637
507039
549942
58367
265715
410253
634092
520117
733642
193029
508892
360471
854571
71160
318170
97505
316976
412593
630613
362648
746307
30549
299214
348015
177381
832188
165411
589782
176235
281735
44840
743616
172707
849309
186455
707440
603156
736838
338270
484223
516131
125699
326263
476653
211346
713831
589494
247522
108035
771990
733819
559295
862362
486265
143847
690597
678368
425595
12363
541473
608452
11652
312891
843155
30556
268239
470786
625850
110249
550793
272976
430815
359544
315561
652366
740634
147973
674694
258097
27812
730458
146554
222253
607450
436630
498513
665985
182090
778152
353005
661904
715582
402042
393370
799056
712450
716075
155241
399323
532851
718901
594763
465027
188038
148557
686219
28739
732370
230472
531369
198128
580060
779642
783823
537166
272925
344602
665905
63231
626098
807650
356070
41174
89791
196883
227741
438986
799008
125525
626782
826278
775118
231547
409951
293245
791691
68709
506015
215802
750730
315903
9091
597334
574590
302439
539626
186531
797789
48492
285870
117253
832592
577554
755514
645888
811642
818929
422883
863341
814946
894269
435972
50214
598207
742945
640314
242016
412096
188101
86072
44377
260693
335214
597064
387367
663453
241508
854079
137712
178796
353615
567420
733271
305209
228954
265757
799380
268706
759098
824093
49981
650140
91624
208494
184800
238171
252138
63887
135123
615577
363344
241610
537826
127303
307385
720173
506151
210798
365174
837314
350808
569600
268006
214925
681658
213920
788577
729250
456948
394411
339889
826657
346430
544257
351994
67983
788312
515412
468697
388050
569623
107372
592106
541992
164890
809012
375748
668261
297659
53028
539072
782855
178145
825292
754263
106487
314289
460314
264777
59519
542629
91593
744281
109570
284309
245030
538837
669404
784914
119776
780212
873816
13650
127371
726393
640392
714085
884944
195732
813476
443750
781525
630471
559906
118893
836132
597189
677902
562881
789883
80854
518374
778443
558992
879544
535797
429445
627295
708448
756458
57265
341265
273790
138516
209927
194602
424862
559484
96902
59792
479371
334239
184364
858931
154382
233287
574433
3613
167444
384869
479373
800695
685613
785484
715241
517237
636017
555213
558547
781919
190205
890507
729019
730365
589883
303866
253882
502655
557088
122169
356227
535334
187470
361865
651537
388818
235994
293097
807904
807593
566408
434320
874648
482721
532050
662118
386852
486826
117288
526910
636961
579963
652177
207316
540658
236695
881071
573375
379376
482076
159424
771028
70846
175944
315009
182871
628250
71752
416782
532158
304496
362942
516101
797763
199305
700718
182344
618182
167712
334789
514400
691357
322997
108615
212127
392473
127803
622547
50334
689719
69964
79125
75525
420223
416124
658953
289609
898524
200970
561895
624111
82232
670515
1839
183151
526452
457345
858705
717460
55201
253793
138745
114975
580158
158866
249654
172235
402862
111097
429606
177932
268629
59538
152448
452241
325071
435233
449821
628648
738189
520678
128259
119104
577900
598606
61936
27690
295732
694630
526239
638457
647179
561483
285050
243784
75667
786301
276861
330042
855879
53970
180290
713309
581933
144038
102447
881800
651351
84784
731352
762275
299100
761360
816497
309894
850287
455397
853013
620890
20409
269307
611692
70523
46456
102593
153532
519999
673618
814201
614191
362160
231991
166568
266877
553717
647923
213357
436822
154095
631469
423726
323118
896831
319808
732270
64389
672069
881139
18940
174770
689315
499286
496997
313675
527904
818395
293672
118068
194952
64783
580138
414786
835152
494100
712160
529962
620568
123708
45258
581386
686057
502116
776640
687636
593214
483819
456835
885171
354624
133933
438582
131355
775081
863424
379846
421361
30601
490122
354020
250100
841159
566813
63892
531559
807423
605776
204990
668093
675338
670300
37729
579871
610203
577840
491239
261340
87558
155025
5332
304558
93115
498161
893688
617157
308368
702634
359396
656466
714685
679032
110969
56242
638208
242416
225660
241333
123680
680769
832613
640522
380367
201446
34167
257257
293097
473412
852042
588668
692249
541446
375972
132907
557371
408755
625734
760963
693852
381225
551426
182370
261661
35352
106443
884225
77207
169597
798181
197022
498520
247737
467803
184773
333803
841678
405231
619259
594742
631286
139179
880935
90205
229119
882583
72829
588164
380583
420196
561512
176785
130095
724741
24084
572400
362591
843485
195637
476560
530935
38131
180535
429066
699085
68450
441795
233090
15272
239885
349930
6951
210424
543376
694673
691252
789583
186929
896537
553977
283488
525333
79530
875827
195379
225456
367932
574584
821218
505140
708898
18191
234803
644010
718323
178491
34898
156351
614166
361657
895369
325813
427177
401823
314815
293371
851118
700004
524811
890455
674995
447678
832404
573599
788445
606215
14375
63463
273968
560249
391987
458580
358077
846040
277636
720719
648584
504943
643802
545621
164596
371442
269541
873612
5582
357314
652543
570320
691507
213136
22214
670668
93151
466809
334357
690884
316179
91695
478847
611694
368098
54968
289799
769
805592
415823
885310
392389
498279
828649
777050
451882
65712
237682
78095
95765
898891
441974
49004
271125
877298
640731
661557
142356
816976
519307
652441
653673
292801
32208
662095
714730
663302
351704
488146
354782
685225
290712
93686
327312
346407
311725
461413
302016
570014
162365
470715
380340
797108
429596
207034
640492
36897
862699
30059
696147
32123
161915
557490
421457
242076
542095
564204
48573
878802
743614
673960
42256
470083
24760
46623
380309
733562
825216
336113
722812
583954
746168
837726
584878
399614
854811
721181
200986
577427
189123
360476
747438
96019
331306
682261
349762
476983
344046
622954
316814
200888
301390
733181
239195
883450
204817
229390
528951
486677
710598
612209
697474
29473
727301
674155
843238
15581
98580
457129
388291
744892
672038
189949
611720
483597
24255
677782
727486
373734
802770
524667
152670
147372
171563
434020
691555
669186
165736
868598
210874
290059
683234
594392
351958
273181
639786
318422
692640
515012
230990
168914
397035
560080
773978
527361
139333
577277
254171
457737
345802
815165
212512
264373
306483
135332
348281
169875
863244
190543
615009
822251
520354
9969
91928
817692
125531
112188
271337
707476
211776
696137
367595
493867
135605
92164
716866
625117
727562
615990
822085
594082
273130
547216
124282
24140
69904
421650
638
187357
811193
601109
743265
697954
326100
343483
422317
366703
636566
543921
73383
641144
779115
238013
17647
472778
555047
222506
526050
473892
175802
175886
533183
898805
779905
221140
126950
815187
740249
614154
708059
455733
260143
847945
682570
481358
544531
606428
725541
346215
167147
341648
137993
661047
29700
33015
327647
531425
72483
727928
818206
854634
583481
588054
442253
227990
518485
181499
418982
756414
699539
302722
233014
5136
586258
294014
481410
174532
52515
761961
668739
45046
608318
497645
343282
106020
644719
442889
498526
483557
717677
372417
700730
193412
425643
659013
393748
584601
