9875
448417
771889
609756
608770
90054
195848
87993
446958
51100
144196
211900
761816
457858
34369
240585
845924
14702
789639
314550
231628
359146
535617
480310
800031
666793
423788
198780
203526
98788
64843
749903
111811
157814
173399
711113
20850
497488
354643
718443
763505
147065
621821
835521
882780
345510
612993
5613
105649
628402
454920
640371
708498
316570
189933
806464
46824
820120
889040
349496
25861
828473
367876
769083
295234
164829
801123
196467
751207
464459
544097
94332
852841
252942
80381
241552
875853
466672
885844
144430
518571
546834
155248
658630
789997
782021
854782
13252
447255
344232
571997
662775
412161
800990
659794
42301
84128
726187
837113
245837
890915
96907
576470
535840
644440
230383
468361
255484
635054
118325
637151
797759
27862
91650
880581
487781
263299
757215
443416
10229
360976
271822
520568
627374
331136
635015
319771
341674
679201
572563
259165
596108
369322
74532
823893
491979
735235
801295
200067
570971
868836
513575
531622
513524
200598
58167
785098
218433
881653
569148
361886
428264
896727
506749
159940
39153
479750
433768
212897
362484
25481
366250
9204
139267
120801
90602
292803
176370
234799
588578
618833
579775
318643
655867
500940
482881
253871
576261
599683
779249
645673
4784
551061
536463
615504
223945
405029
263731
212342
255316
212937
367057
454076
340675
134369
635112
381419
705968
485348
189767
178302
801533
92278
156988
566749
651845
887287
554747
484133
274974
659093
288199
369091
876142
53825
896640
103231
817607
4831
656137
773333
328929
518423
396276
14430
701970
37608
143757
61133
455340
458780
601984
347190
173171
144983
363463
414825
804697
169353
570644
135932
627256
740355
227256
823654
848812
783878
799021
107592
53963
333463
35878
244518
306465
189454
3153
420659
859564
2862
770726
478603
804241
37231
535024
151961
556665
123223
885268
280697
86411
427143
259810
592120
280167
495729
320695
384855
700860
285128
521036
440591
305031
147695
706431
426766
708874
294196
406877
133663
16932
58678
751976
836936
225522
772416
5610
644685
240994
548058
174007
287858
752143
640213
623800
721693
216158
582436
851289
671258
543284
209034
330864
796216
158034
571054
306248
36304
476910
592427
697834
59206
462447
554788
349607
363945
188196
656725
803525
359028
143970
233188
758755
169399
151737
257398
595818
878031
448881
137886
545522
104785
741926
202673
65006
219367
651069
629941
226197
588241
129538
179736
732302
701901
583904
224284
585623
440497
620540
1584
127442
192596
6222
458458
473325
566572
550652
834576
275084
58547
768309
813317
786005
677187
27975
43681
787096
353408
869982
149034
58521
143733
63034
417822
212699
613142
650443
375107
590155
478916
650924
502805
42118
273392
513497
689886
889736
658135
895214
425669
734034
480139
869437
725885
119959
41234
548299
204157
366019
640871
887848
167888
324809
707903
125066
774499
502791
464134
201797
769020
785848
340424
104681
318378
191190
762923
401687
873591
201609
366073
892929
776281
500561
481468
679358
683624
13132
889858
686118
530635
888100
86432
282000
462091
422904
811539
525702
402633
534117
563809
837633
311659
668465
82494
647879
186065
198613
63563
724765
676230
195524
461304
580522
886930
249564
261162
569803
476044
19911
741784
870572
681933
88590
622095
79209
571168
18235
592598
527170
143253
94538
716300
299764
230069
476492
49037
152538
635215
143959
144307
672735
632049
854061
443864
610814
9715
863878
422714
533464
6765
327805
667928
274865
335912
415349
667353
656392
651154
154086
245132
585009
367595
473416
325193
117969
779548
889658
886710
774165
589320
157168
270790
301552
801851
66935
141309
78255
303903
242885
838958
396730
893677
352706
389701
517769
254112
897357
442496
75136
477317
104397
84376
551625
645199
390805
419101
383276
187047
630930
407840
119918
562784
787156
155594
45764
542344
355574
463369
359538
235643
162252
443372
545252
40082
794057
450787
273831
80696
10826
595145
637157
593565
14691
593726
200412
714468
334211
858605
235802
289271
699302
510284
210840
279258
710007
409026
277711
99997
654848
507523
129339
822123
663120
502582
734986
709823
171623
828119
550465
33878
333793
43449
386156
42815
436476
675299
124864
599407
442888
280859
612751
341938
707947
394849
267430
171611
423598
897618
182150
133501
110119
224589
723838
87154
745251
652177
336193
189752
54864
399973
224681
880700
881956
883442
636264
744046
95054
780491
876487
543284
603479
141933
843677
641979
514804
656001
25773
401575
100043
150270
361085
862636
13216
398763
293838
444853
487739
381026
410077
837954
461335
869616
446709
520655
798409
582265
394062
119502
889163
393177
279590
4823
289412
613157
373210
684406
278646
619184
22274
642786
493764
373994
170375
674670
737374
653090
460385
25561
139082
793356
834737
837536
243921
578781
454199
238194
310147
215411
172593
248452
471208
476562
266641
824155
297188
177097
798330
99431
9477
438867
729079
585392
269004
582714
419256
446472
578390
440437
337961
299039
738598
286642
749297
634294
330737
227631
286020
343947
752934
491714
735429
205683
159320
774553
23196
347526
710057
473756
747568
360723
455092
170222
792705
304052
735799
652018
738116
251197
394748
656137
213020
339918
54370
574554
661809
151016
672109
284555
704752
21308
230246
155084
747199
28447
282832
758547
453403
107290
340361
717473
743952
337437
320345
356260
550388
196563
223642
372502
887168
817
3011
470722
208332
337577
852531
325702
360870
196347
772919
151508
389839
794442
626104
424915
237810
364364
688516
410499
124258
211611
184791
378526
658927
550090
138917
70361
189892
304113
594407
408938
604448
91465
539488
435267
147951
768403
668619
863804
521828
803122
881091
153775
701077
848825
80910
678653
607731
435199
400359
171534
61253
352975
321831
833526
682720
306684
574031
74258
550565
249330
609332
245458
276471
313543
377159
221297
811767
494257
106496
132703
618590
830449
146982
283391
365590
276973
524958
173036
861429
179707
389166
392247
22775
695576
591309
502540
536632
424441
610025
898707
116907
125145
471731
800082
315513
752082
692523
518831
174329
339655
194052
124690
446376
607837
169716
552521
769734
609417
507643
509382
783757
43172
744749
263011
527790
465180
32477
698406
799881
213540
785447
221375
73513
368748
236346
341614
124955
848075
4065
301697
180425
278808
79053
522747
482775
861304
532673
716849
254360
201682
49753
135662
260846
318975
308887
682454
276732
248669
104203
168423
865802
799298
435263
152955
865109
682573
163612
663306
354896
553848
642397
449101
823163
552330
483662
238781
627038
14249
374976
123386
333250
190156
440524
308967
458412
796590
861825
787699
476631
781599
761804
411763
708813
237173
309155
551306
36193
744161
591502
804170
747724
131164
779442
138228
426115
224607
633691
884028
310385
55825
219430
130184
349494
525979
128840
813015
682939
65400
249407
788190
561329
778152
1523
505613
829798
135396
329767
380305
161315
361163
466754
879890
688420
557819
734581
472989
893364
590972
675465
366268
835493
633142
271046
517760
204105
153922
504482
752385
178257
692222
67524
365052
628511
81786
661652
27163
150633
52176
528929
627539
285773
766161
542734
243143
12107
797113
9018
234729
598212
856356
705770
55681
485101
874491
751893
586886
837040
789415
259052
718153
355935
785478
403557
653905
608309
560186
389411
213248
166987
115006
640163
699413
73300
856629
24100
604459
632694
8507
831700
187327
654245
631037
371188
675631
628990
340164
610311
149981
535165
524204
704252
612018
699451
202259
31349
160512
832359
768076
166356
301376
666624
287507
1889
895226
315116
205532
641626
866147
747000
535620
529688
635073
561549
181513
711321
878441
100075
587957
862672
625225
421573
846517
633349
327362
545560
405545
50602
78125
297961
556212
332251
626655
722330
785394
533265
222183
447849
804489
573827
182164
158086
786361
246553
187763
433390
47533
40591
13397
130504
278835
280579
289680
224668
706216
611067
23388
441323
817164
45205
252126
769167
599189
516525
879969
270480
541888
706244
456672
596351
508386
884275
265632
308659
359580
517933
525754
447101
632493
424873
230678
464426
168353
274132
686067
759414
876199
637490
201476
733063
437249
302349
464596
138381
232949
170076
223946
895027
191424
753809
732007
625378
512553
152895
455020
531795
360083
260517
106809
428271
92685
76572
575633
192389
69060
153337
239513
873894
862584
605791
578398
507073
857547
799620
633494
624886
696630
870078
837470
646201
549974
359946
68675
52646
282339
408473
777021
731867
262049
220088
507509
238998
865328
530074
653576
478763
382302
789348
409699
375330
691005
370452
310798
249676
810414
454767
429861
833888
635068
874182
383393
15574
297318
469444
183862
852510
131604
104215
69973
429950
111755
331096
137266
235943
597339
153881
868576
749170
686549
433738
36632
750333
76282
391079
532888
609980
526127
427106
258696
685181
752813
300552
755735
396764
39573
510259
776196
551840
2656
278156
554938
472144
409524
802586
188787
397846
378290
622987
847229
581614
824044
821246
421817
853930
19157
417515
480000
361862
576817
377808
296224
687874
497963
588121
664549
202530
508261
404874
406131
103934
829706
122028
561646
55206
549216
317554
661148
171894
157753
878886
505603
310450
864104
616085
88589
670814
468144
507156
739818
221469
628728
852910
452468
82852
779291
433611
271341
798297
672349
526942
651524
652749
387415
271467
775063
580500
671539
889459
750131
107805
101427
469949
284822
134066
215692
523491
823125
149134
324816
43318
424058
129365
132041
174255
608454
863989
596833
408788
191092
212215
284926
795970
391581
173282
137419
800893
667640
74316
422066
832178
214937
108862
811526
573764
493338
635395
661916
893883
65688
371916
650681
571334
567828
671843
217126
865736
146010
285354
856705
370822
363070
325168
793806
500940
502466
789679
29130
157975
268532
87461
641312
205346
193940
390796
840660
103632
319732
173432
714876
694162
631608
282797
297359
523126
633084
750523
328373
644077
201269
130807
48446
236535
6479
622839
806896
463853
775606
649385
363928
271947
302161
293904
243169
673144
811272
670204
82562
547955
703142
134758
192433
671612
796953
185861
222005
19260
339766
856527
751866
773842
396282
284048
790238
749754
124780
111392
115816
763036
653342
744196
529976
295855
463730
503299
190809
487528
868920
679043
58195
139075
323285
525248
9662
266700
415840
863304
895216
530539
482791
394838
656727
619690
890574
646600
52995
663492
82263
258719
10778
629067
350781
34516
467727
561014
731386
105266
295533
733957
378729
310547
596941
877011
764454
638138
867079
434839
818769
152746
859588
217079
578609
194977
186930
17577
563637
688949
319634
111463
392822
652138
55595
555183
562296
622412
156993
398100
480751
92943
496736
170756
261662
338401
509394
111575
382747
129577
231536
153521
544495
191422
562517
641396
646681
222822
264878
821189
433714
547722
488622
16441
815563
181650
448286
92891
837874
578818
14578
833981
237972
236560
595638
829081
323452
401921
473479
232227
779994
168640
813886
52877
530910
587322
390599
828150
804163
678745
41680
820144
172938
759802
198237
384172
895323
672365
380184
143813
876816
650345
568197
757061
315021
636265
639316
657464
844679
97191
514064
216299
766437
662131
92148
129728
261476
855313
880157
312369
495508
411340
32155
249791
444288
173307
576865
452374
811915
324238
829691
642398
658581
838484
571775
427553
554590
623085
825789
359668
563585
787047
344944
115780
293633
504791
896854
356126
336066
416694
143836
585274
35278
704918
741811
589125
114776
93599
895775
425290
405085
253802
69005
831101
58278
225721
195140
68836
788042
175633
804693
877121
260753
429589
751501
838944
394355
853344
740009
18554
728190
727262
673320
395876
802231
229736
364092
817591
377879
11835
19002
877788
224567
174036
407378
242772
481063
404842
58872
654689
686615
715751
4672
182901
414489
9188
6793
817717
261885
227841
342704
433385
86748
237982
360005
815587
630257
849656
67706
25417
383009
30179
851928
165153
461499
561760
614636
726456
497531
57052
425311
614094
74728
152614
621763
500162
145501
808042
224553
171766
530661
549422
220815
531359
771327
233224
406262
642251
450593
92538
107058
517422
423289
353195
770619
700523
546447
12227
879361
431356
634502
751523
567420
844479
38433
260479
563425
368605
530402
723609
582096
774679
116430
692795
353002
214543
301228
216081
238305
185424
647244
694401
320871
735771
250500
463335
202696
805328
667158
546641
563668
366901
346669
22675
10164
577126
812326
164648
375582
2681
37196
263079
878244
149580
659643
640542
108678
831374
552486
842317
162472
205542
730964
442817
119326
627140
511845
407883
852483
325475
38451
592412
412777
702743
312820
272672
451627
336568
43355
799445
356127
310411
482430
467366
793863
417770
91890
101192
254502
760655
668626
881264
819343
401634
91871
455694
95865
763420
548481
722827
728624
589720
818892
647163
241061
163093
660094
200702
472997
399306
851332
874393
118727
740423
590204
277547
256606
25859
21910
780079
259214
546343
539540
343598
815868
671159
856144
812125
9278
470360
383164
700890
583282
699203
699716
402879
340171
628292
682000
822881
75461
464751
48101
25000
126746
773248
825676
398122
155437
442285
130186
163014
587683
672106
239374
168762
573553
432857
519466
636866
839505
27980
284121
194606
853806
842808
726078
15454
498239
828824
868109
820828
558801
707259
573539
42806
675580
638955
477583
302711
328535
634203
899476
421922
815304
806796
801735
711978
252788
721724
100915
398512
848308
329867
603580
767321
32328
227339
786784
703563
773861
164804
107385
578981
726891
209570
51840
104505
730642
529980
551755
103878
266402
611873
868375
545878
513377
753216
221185
892784
460518
599828
859118
266971
297325
63306
343466
626417
303236
798929
519981
178459
613858
534269
57914
468814
616663
775448
68417
147618
430111
107590
211748
212555
521040
288019
357303
746934
685650
669691
106528
308578
634062
337365
476030
748152
485439
415581
224678
520808
794118
430205
340169
548385
60409
517751
170129
621805
88571
756433
148842
777959
325095
585310
746813
899962
697638
853733
115640
325943
545024
378576
862281
126034
291919
124019
155817
194298
830958
415575
736374
406195
627281
333282
95640
23090
683727
777317
609157
663764
356857
494274
192991
607291
286446
156919
888891
361702
119623
318412
706686
425740
157774
229332
238272
72117
326124
254339
140402
493429
551103
554381
858011
356358
699210
202039
630878
127553
755046
306236
685367
707096
46743
206398
609349
190067
381689
268711
620450
366117
476217
20954
517548
180810
562528
483131
689192
733791
714442
25176
887293
216190
290069
557555
323035
593141
315317
65741
112095
797570
212452
62288
496622
337133
260599
25432
188158
606722
100363
485376
118772
796009
8766
764741
703080
287012
569339
33785
71462
261092
870317
723494
302445
776393
578996
99900
775450
844244
46966
106553
226911
17258
432428
235348
611436
405447
69149
143398
45807
378748
385961
683798
54616
499784
479579
545888
507573
533198
786337
703041
548157
293368
765496
293537
47976
614376
455201
242973
233435
137943
531216
617328
177986
405708
377891
880381
567605
368186
844367
95484
349565
613974
563445
505886
627312
221492
781428
303391
651319
754781
412025
303016
831249
386991
839473
843421
306801
677713
886271
762281
594915
425617
41896
277988
299852
796509
402891
370239
142574
64090
137519
868620
453802
550916
291605
843084
7072
160418
545901
295254
296818
81893
420
523937
833800
137309
881594
65679
105772
142968
233298
80854
370293
406616
17858
453963
124417
250064
382858
144685
255611
888475
344194
709388
649276
15096
743692
425204
660909
405798
188649
498394
112555
258552
444680
721729
690275
498294
483640
478985
810205
65616
253566
510741
186070
380927
633634
760376
398597
455001
666916
748412
592671
355952
718252
244142
20117
310921
745599
510121
769403
501076
675501
614397
716420
223725
649927
398204
172361
698317
495887
469377
629736
389261
542376
864413
568457
673369
456204
186655
534268
133453
159515
147039
546718
375471
321809
84008
266715
138088
827857
177792
496269
19776
39933
37429
184002
163381
173608
348389
154651
737272
359298
767114
793681
383012
396082
861504
797875
432763
229699
832181
846826
268127
804021
264812
397085
415978
587668
752781
319952
512747
749638
457836
612295
385374
652221
756917
500041
591750
73292
549521
59488
443337
502839
341272
37724
287208
583459
252627
341559
153562
846220
206124
289587
329476
446549
834869
886048
198871
690746
38065
103098
129541
436578
379683
755726
897
743728
824273
264061
836275
454713
149876
386266
216757
867856
111743
361997
254606
336380
738538
791642
156104
777291
36442
44091
195727
452704
89454
187274
132008
842631
430728
568699
628395
543434
852502
50790
877247
199228
654397
317154
484465
225362
750209
885293
427601
332178
180851
598600
834505
716131
491896
564991
89338
207780
441169
324487
105716
469976
575276
469599
721458
47967
718407
617721
669488
759489
655132
440658
451115
567875
623917
457533
652691
517499
252333
697886
386063
277632
131433
183217
83149
499035
537905
8523
608516
548698
414535
819577
884456
743043
145283
885381
206569
67622
554752
26391
876489
458923
4839
782327
301624
44106
55158
662768
431342
500377
549356
795728
152292
706336
442644
489005
317071
405000
806731
564386
340762
585170
818767
648950
337982
176613
424647
90653
172769
558143
129897
553400
308105
610284
715948
437688
474811
520020
578602
98912
121109
525391
383057
15400
98628
18644
294247
395390
880130
243503
761144
693447
445743
834096
461790
575011
155531
549280
202219
302446
722286
354479
216661
391298
365188
161737
310270
10170
806824
818375
750271
385362
211036
296929
242929
26762
778658
254337
215672
553737
366075
404371
161357
740414
111385
140760
813318
543554
526274
7642
99972
208025
22596
876154
436216
779992
855087
738245
28082
128512
36724
468133
678408
32136
764056
190611
448704
798393
401524
381003
892730
653330
238445
598712
72381
789964
544683
150542
186717
714840
783512
580598
478597
525765
178198
711300
683142
397150
895325
79940
343740
139631
285297
376979
856025
249255
60636
882762
892785
142169
860205
194709
455586
569758
240588
411938
492221
682741
315800
701333
848565
690506
614367
222968
824867
217940
463770
340496
833460
278007
723587
8779
816432
519690
490772
44501
370055
526644
451805
392681
182521
727856
314112
200581
169666
311727
853965
288694
273537
704124
579029
892946
739268
12730
76814
177413
809746
707978
647938
89411
681236
279369
79732
520029
758145
108726
526896
357870
598116
604369
368398
717909
105900
373055
896739
7549
675120
166634
644675
813527
29661
602054
14327
726281
255965
793838
433142
67552
108133
729516
594788
770305
858172
756663
528708
887582
740547
328887
661563
375364
397060
90627
286064
517213
268588
257480
866530
432991
230100
323683
309001
803268
241142
880304
403134
113780
567208
378190
293037
474897
247197
139634
1390
381759
516005
86312
772082
335436
144464
646856
277913
717695
657711
873873
312256
195201
15707
761220
442903
899810
281423
82688
860369
570346
636784
769557
195765
518430
119566
494695
653937
115242
11170
726177
884238
335473
481207
805971
681246
524910
872837
616938
275794
571397
695672
149259
509544
804812
531439
491275
397826
492560
46785
358158
475922
70341
11098
624506
593457
835405
393634
256247
729903
693124
283327
97797
389860
326598
35793
66490
549349
712413
335323
717367
765106
364683
601314
402470
437677
631441
463885
26450
134661
32986
437292
36418
372016
840775
359670
108403
486135
884983
139466
159249
235819
521426
409815
155890
672021
279858
314551
786224
97835
507279
793526
491297
888447
834726
273936
838037
419345
398661
893880
419563
108965
414997
276662
305135
779311
627108
291080
718612
208619
786639
803433
631402
232233
537352
536366
819516
236389
221258
799021
523753
202517
339062
92889
533597
730907
861992
841896
858348
580250
615035
762965
101034
367110
636950
72929
462218
6388
629778
826293
504113
69104
441864
864002
772981
899694
624988
569897
333847
355160
666912
684535
321338
725542
712678
589864
114432
203915
441959
82189
560832
273036
749705
671368
251237
130219
385935
359667
354758
589986
728355
589056
459869
74764
453817
439771
656391
545853
392256
362796
165463
839409
834794
898361
116631
401122
878869
469928
105340
727923
291605
236034
533508
292329
569760
834995
181551
412410
139798
613934
91735
220861
724651
356174
243662
876161
634419
744279
842163
112954
676809
429018
795504
551253
810523
571159
82706
636973
227221
734749
827622
755766
36296
572973
552365
220823
793815
128797
598651
862325
23038
382104
735826
54378
279296
96898
882358
803124
11819
480378
785933
1737
275498
533816
801557
730345
70663
897909
634465
255052
727226
294666
432146
394874
398739
614481
507918
302937
570880
423720
895743
140865
409371
544052
154506
349548
52788
306785
337131
606857
96374
895847
112810
659247
582648
29737
400924
523694
692770
146488
597944
427874
161082
681268
654291
268257
368330
893522
421019
82227
659088
393688
245261
505858
147362
736165
64724
558215
703547
330671
390815
211747
794151
347748
331773
819535
386503
817202
600855
395243
706593
575842
11402
239667
51687
414334
583967
641648
654338
622676
51369
813546
164314
896050
631099
549275
49061
532849
304163
473503
326923
896463
743271
369640
897201
793428
19354
408269
792714
769590
677467
856994
64726
285464
440267
559459
133333
872525
741577
691307
235821
496314
546219
577313
444052
825818
286075
492337
819962
764827
465260
532185
865653
539941
681719
7450
786763
839323
574166
514702
787766
813722
94332
330841
772663
721630
274800
506295
735834
687620
170948
68789
282817
370538
281782
181116
854831
210675
517986
113032
15476
850663
750146
790776
444944
469302
853411
862781
629574
485597
40709
94837
145790
758497
549742
597361
236407
600473
372428
740850
858503
555080
321862
40979
421424
340679
28477
47072
32194
290466
471716
669892
706023
12249
810361
206496
580878
808134
786239
863831
639959
26686
307801
60198
509912
448112
680005
408017
202186
820523
684691
751065
577715
753693
547649
459785
717328
233045
592533
622992
797855
77706
234645
505353
205127
70804
340198
891957
109668
610840
175199
658923
414899
747682
388873
246853
233334
443307
875061
451612
184804
459385
761562
180526
756880
897894
245226
325339
125236
694232
28592
791888
130235
33391
439753
610778
553288
677790
83740
723772
744966
287313
333142
61404
20396
194861
878758
86391
476716
680021
833778
586037
649721
725288
491317
199927
726483
666471
857365
876973
636625
623604
50693
558116
531369
654647
248500
291196
781214
459034
701199
824888
319527
620180
574682
109583
716248
272867
541414
822559
418128
37842
764272
471457
102014
327354
532246
757751
466544
880293
201047
494050
211641
409005
692229
15505
73534
97795
98697
155219
379774
159180
228820
186381
271292
654822
415326
525672
315754
601576
390493
649985
433747
185863
74850
652420
149189
266165
49107
52019
655354
470883
261825
161055
409314
836456
500775
604698
74958
695034
112030
206563
351195
584888
198078
77440
248408
134794
136469
738826
218422
848672
737309
713026
607500
40216
191742
343298
746980
377627
755872
785038
709958
285447
492266
722408
165438
17543
114588
390851
455244
273821
503045
593456
795913
330114
468578
827508
176913
140837
112788
807195
359377
105551
478845
259397
847917
46184
869334
728062
842894
880786
832400
890156
721831
313554
578277
152481
374435
661871
72090
128656
36237
386227
96852
892349
768092
334734
314579
233101
227224
593530
178447
22301
599053
6234
634894
204878
730155
22939
208960
630685
66263
158812
778231
837745
400658
548394
345990
300878
647812
130724
390452
145830
408133
73694
846397
667759
548552
857952
447238
600304
561540
543182
750043
645141
495008
369475
245382
436449
379834
134742
37486
714339
730516
598655
207594
498722
217083
375347
849120
216434
743893
86730
322431
583112
153607
325410
13173
31818
451777
283165
637646
646527
214631
137829
639306
890022
134140
89551
33177
691907
683917
406525
845397
71348
520311
345630
134364
321890
349782
256752
315113
13778
159691
892038
886094
301787
24616
790340
425488
496306
835868
841383
891935
872544
570006
480354
242673
156470
143255
179170
457882
347095
190585
414995
599145
190995
854422
631132
825282
399637
700694
876710
104467
171442
824856
51546
687254
215009
675324
213671
152994
109930
362923
113283
780014
240951
455012
98313
500483
812647
227332
779297
837021
210433
754385
475069
631230
314310
282531
166239
850671
498399
263632
38680
630740
468758
108722
437355
82090
452064
380406
512464
509727
651607
276836
751701
245294
443142
478470
648159
33046
606718
506264
321102
790903
357766
137674
803710
188200
605071
376020
544906
348695
28421
659159
566507
408190
339841
429420
476510
516126
313723
127723
573827
485979
443581
317050
646273
639124
90963
640080
837832
248221
529727
40933
20238
138523
78281
871800
358971
589083
705907
754556
743872
736175
276394
293920
825538
527398
582712
594330
587253
336103
76887
429071
326883
47050
57024
733377
595948
517971
160385
715062
379975
525867
124653
877889
727014
384445
140622
192815
458327
407146
626965
35599
895687
71306
695634
515167
118242
809472
185503
206128
725749
596440
608566
754357
837269
807999
148164
583949
838104
79775
845397
608683
347168
788278
712398
32414
86872
638482
304665
4226
390455
31275
452379
423490
515042
708221
159138
358919
96142
320928
389562
451106
283203
118470
894559
18450
757180
107984
674316
521651
350954
864941
329330
387907
161560
49360
898532
239250
893258
609997
786191
845094
67935
599729
13895
535911
243509
421691
202877
509677
346251
116218
855180
140517
626145
648036
242867
507802
601724
313423
675037
776262
165383
365680
768284
282932
846259
215215
813332
227248
285374
336899
452755
521646
846353
195279
898654
220884
14884
658264
548327
19173
563004
859170
447867
693931
505365
31270
536407
176096
891514
784274
543867
526969
199121
528925
390103
198544
451380
232645
14338
559788
834554
271015
752329
458703
596916
130970
407780
78428
675411
288361
131588
854915
725510
704779
174409
346698
722465
721441
246000
163321
794522
3723
238154
256130
582125
534887
738151
660780
54432
136231
124081
531835
528352
463566
825974
681917
445450
480902
198173
519923
602598
37633
164569
540474
11245
241675
525019
166709
32363
3976
172513
600217
263103
756527
293933
722324
438880
872962
699825
426235
386298
676041
879398
585583
59606
859850
635036
803467
134103
134344
324172
386861
382689
666453
166281
390974
266004
766004
714324
175136
638006
785264
865647
103443
388526
816050
77001
100196
596492
756803
845272
675730
282503
598623
99557
597214
294975
443090
672385
103982
47552
243922
133494
319870
854024
630552
442552
876805
508415
93980
846682
180255
2789
687052
593885
321532
468906
451016
408226
841476
213239
202141
34497
701445
809130
686621
733266
898587
617630
501943
541001
603450
129193
182681
408319
370779
439871
340734
506923
129697
741651
625973
78447
595110
438846
282608
167183
189799
307224
422725
223164
115369
785731
131205
200078
198535
330376
888150
622609
655577
363897
216368
61878
877410
710901
809680
11595
501430
163498
149020
727941
109734
734292
47380
571864
453802
847620
689425
481897
217802
226524
183741
242395
706600
309238
819758
698277
648333
650756
521152
480453
279471
66739
218094
818478
209307
567369
495405
831325
789061
772845
306821
586826
69450
239205
266573
245913
895262
418074
774754
136687
754934
664249
3524
488738
92820
782035
588973
855882
706027
435427
65614
486676
211342
664271
82023
748725
393785
233064
590307
9946
353019
578252
29422
412478
673183
83467
204084
402422
843766
28134
630264
297702
284802
216467
659053
733430
43201
713853
39924
165311
181812
815849
399955
426784
725035
276755
45070
120717
505071
262007
116677
789926
571692
365195
897898
41318
582713
29001
686173
349138
124230
52811
75878
591345
150560
377583
186990
858363
883811
78362
714682
291818
790045
511929
507044
336781
301243
334146
757816
890588
116306
731929
7433
11749
218892
123854
220174
723653
432750
36964
807868
430770
676130
710157
250976
509845
392677
148176
486361
192565
314990
337037
69200
730830
610106
188567
557078
253953
336529
606720
357944
427717
4086
673011
64449
26235
59632
49914
178572
167455
487152
604735
247557
407930
133022
446608
569371
258868
281188
352795
79011
552167
462807
456121
338220
777391
300798
243144
696571
410366
176288
698833
898499
787500
567470
79368
167586
461131
98058
331377
636507
350680
703251
688415
669291
509454
767982
292855
59754
858196
47795
127764
738817
803671
331569
176740
44674
462098
139038
62000
777736
846761
262526
700473
796044
86070
766799
590397
650433
2042
550192
706616
197068
518165
275020
14279
894884
699921
422887
461000
768034
693241
8675
418942
613253
594215
759599
532817
384741
13594
564909
126098
293969
401862
356511
600059
799047
489862
658733
173109
626736
674796
52469
588307
322646
477881
169871
859388
227234
506088
101724
275750
683510
674341
90923
863966
879140
376220
574183
383780
641065
840395
500065
751090
8554
542201
161781
404093
161705
505248
620283
392565
820036
394981
546029
296967
439146
236489
393360
323041
294394
136504
747745
183381
323163
363262
329565
20919
439794
364441
415180
847905
622563
539274
805196
307382
85703
279941
485558
85346
436101
848424
485422
546816
640209
53513
564108
56598
266654
599655
163874
465499
497697
882050
86538
627449
639779
887335
51854
12302
158243
685508
561587
350444
65094
621082
612738
412959
102235
200399
269684
321550
788048
788323
750554
475483
265098
314651
742342
601830
20229
258841
831578
502958
793193
824141
85643
616726
857381
493764
103217
282726
448202
794463
22990
503208
705894
246783
264056
686099
125116
842971
209029
362630
680317
829524
530930
49194
569061
286528
117712
730809
135252
79330
341932
673565
462695
289243
59961
45424
544946
534970
538459
522851
866525
83791
852211
735419
106296
399165
470914
303542
153276
709997
188476
288428
379552
137375
98507
132656
605653
555068
66749
49460
97502
23783
259819
655916
450831
831186
99366
889292
68385
346924
705568
556107
681647
710392
641076
721416
497264
281113
483316
105963
310833
894441
774669
478629
646926
888649
588985
144945
555469
221234
99680
816220
314136
75147
320012
260480
226293
356020
189288
517516
278915
444062
298547
391648
41619
647741
200903
559635
122273
780374
414337
437847
451757
251858
744588
387637
670714
793333
692175
693426
93539
603560
791951
159891
871157
366162
891074
491741
490861
360197
235250
435221
34414
803413
731785
274694
820030
803171
577055
230209
168415
746424
353086
852894
285125
791181
783342
684480
248025
13031
140482
837591
87273
642112
455325
612447
735561
537152
61826
144902
161674
876715
782264
654347
451509
850835
868982
401218
610565
98702
784688
256660
347678
668419
138430
472067
126286
762622
686086
197674
208446
897667
451781
112067
885044
285983
33791
465891
689257
602298
712320
578976
372354
187400
389134
13362
543469
585535
273614
630007
150394
264162
807503
495281
731859
379708
798838
437994
703194
393321
363751
788632
703197
602446
101229
894011
147896
249513
631495
747842
260488
60547
403600
604302
508999
872097
563016
543599
90729
706682
895716
779210
523026
59267
503214
694012
421298
396134
875002
72952
155966
489297
800071
582860
603499
425003
614766
313314
688233
82849
305739
415522
437979
398655
670213
697397
217871
844122
714299
496996
658846
47497
665740
649182
59169
211764
4739
79001
332653
566437
855742
867792
306061
436092
816185
529707
499035
153630
707900
841789
855419
313133
822814
88582
446100
689810
617043
197528
480652
120727
440921
691542
620159
489425
406492
231704
84347
464411
695393
279852
120507
305502
278453
239863
155165
829228
150066
450713
736450
470284
780778
274223
559170
32719
409715
300337
322890
247905
145936
712379
510451
198075
331128
732586
420992
789430
286726
629148
444404
305306
814396
731609
305421
639700
513908
154577
266273
39845
561764
503931
441587
515607
440301
221117
472562
608972
339776
84073
888015
613871
126894
474628
684568
10283
530251
368194
303510
650906
7294
660013
297887
408949
281672
178949
462873
551435
195470
534209
778252
391917
486180
49427
350947
139558
162168
460586
191071
90151
695929
750705
868311
30368
729890
371125
461519
525675
191334
871331
822164
824067
898137
139824
533490
309714
507673
326290
273362
535783
434552
895755
151668
823686
395303
465351
641349
599578
81856
687483
36636
598278
298704
730445
895030
246649
615711
441234
220364
45343
340734
839730
231151
702772
613227
333928
423552
51443
655204
875653
631501
874573
127654
359669
378891
80822
807968
718009
852461
860729
121753
534259
519647
54571
64699
838529
305825
180957
440250
533312
616995
253387
762149
604337
401050
30705
536360
600121
235324
36765
731
373955
248989
153376
253419
89536
345607
522719
41795
44143
40239
276070
50999
207287
360410
806331
629772
792368
189516
678512
415943
242914
379080
289586
24561
490054
606473
573183
468547
219529
360059
687124
765940
64398
353047
614180
543036
315218
554714
796997
414532
774635
592417
218053
630541
880458
435842
702746
284473
565344
199114
376086
155833
727389
534319
486329
766964
568691
241009
31009
626257
372025
350802
867932
597826
632844
840366
30
222413
790703
19865
659854
834744
19475
722068
243002
87119
618705
487532
841323
25141
693908
225871
798644
821957
820437
379243
364452
357828
795038
788709
801723
821254
459663
379891
791736
420921
723679
297591
804529
713233
84474
817624
462716
143793
875913
41470
553770
796371
607856
834890
159476
733588
304976
6992
658797
74591
172109
195794
642391
394996
206218
522874
684785
316693
245711
785043
735566
452525
134317
559076
509537
371197
586360
496683
372180
347173
232467
30386
397368
621899
467242
218865
416855
439755
62040
579904
706565
858523
770537
459382
718709
429369
378
224899
485096
850355
25341
769734
70880
308307
195544
731180
713266
434085
897836
162054
766938
797126
679764
150053
709833
365356
750404
618037
471897
478348
633456
133715
193
473836
607342
594732
355363
398213
529620
666900
823971
266836
459099
695936
773107
519965
897798
86528
30217
139708
740699
396188
524594
762730
733583
571722
728767
874377
577601
242442
196285
446701
10268
476414
258084
851014
292064
355912
16101
364013
539547
398050
799398
514987
39920
707253
778378
608673
435993
324822
230569
186391
596361
358851
463455
820453
562858
112534
505952
125047
341957
385315
254697
738368
348097
866548
333682
492319
492034
356031
801823
361062
139410
825504
106582
707149
322910
850072
736203
808946
416631
356450
651414
281578
363513
589326
110694
764873
784584
157020
716559
431402
845525
285270
220575
763483
74913
222282
885935
752072
704921
135587
214037
602307
786175
317283
203989
274445
521385
141471
23800
391684
401698
81559
447445
365672
217487
469136
274539
170699
125325
751344
455857
162165
727221
362741
489892
308369
755585
151539
658240
732280
74952
215080
11498
371928
397285
99742
608874
285760
32982
464060
294742
808715
480256
228425
499017
173062
447728
788990
324594
580608
884220
381287
830633
733581
535144
834166
479996
600151
205957
223043
336616
886337
672628
284388
727651
332889
379240
809701
203702
295482
64713
29605
383592
769211
209524
219981
121302
752024
502623
159885
730910
487771
682715
124852
887163
893126
443603
600427
730219
96159
614641
756559
779883
367000
552704
580170
285028
883738
584876
208461
704767
136687
420805
230388
784777
769186
597750
420128
323697
110561
442895
270933
147983
661069
855915
170379
397555
512633
513034
367444
841855
445161
657803
749197
402577
410257
279918
515729
330384
451860
450473
845480
779570
642318
93862
597596
84775
32365
710424
461484
430758
257402
392313
857
253778
547126
636961
715805
296297
808575
761733
357084
637193
549586
554313
124051
433727
580426
234979
615341
10894
669894
62958
383477
549784
873065
583303
652197
761963
602651
374312
255005
376107
191117
682879
660271
350712
439162
630154
141878
260124
69033
461873
255495
606099
175086
306815
168576
760247
334352
354815
219294
613255
731013
147471
557002
479316
211898
712675
674835
624840
282255
733017
736663
569491
750143
415765
855674
804947
826397
333977
124090
866111
676057
594018
309433
458032
818466
543553
451609
166701
222566
661044
778054
882641
839413
43361
68876
182683
107652
54670
435978
229362
340813
319808
812606
444019
433363
277839
795520
641945
407235
648898
736811
709639
744790
123180
111669
634420
622675
15394
247872
539796
729041
529207
773001
288927
540858
662231
99614
751201
258700
404860
564557
166429
548025
322992
653143
466142
430286
528736
755075
401852
579760
474265
276943
189031
14658
575970
699873
498132
535747
824854
213051
499201
205397
763836
261965
630886
624184
466053
13541
705273
602325
448065
149025
597918
474231
701150
833413
117418
7315
890270
341864
655314
593480
381395
2409
870069
494401
511834
448127
540514
382808
579666
754445
603751
752245
197719
101909
737112
611571
36416
481475
346520
894244
713617
867370
362951
887531
435965
253132
849609
603271
14587
172691
597614
209807
550596
474493
137603
273176
399367
450772
149716
380372
647305
340923
836508
342325
504348
517636
150795
22799
334587
59934
486162
77948
884607
296716
698126
451545
251265
74097
344271
384781
203725
687719
654180
307433
404511
11248
892453
420075
608732
246051
611037
831005
621488
679528
748849
529146
71039
209279
13105
357201
154602
421497
322299
591362
279681
668234
866342
472549
218719
367575
618641
839850
760742
823306
266312
176314
250680
44740
355536
717021
621743
686802
403153
227573
140569
760312
234365
544584
166996
246057
581376
635131
265282
541689
178982
301689
839753
772714
744867
427123
582570
895810
844803
418721
88475
707422
568143
542087
140547
156672
280792
443602
441682
647171
393668
537858
314139
886063
659890
765634
821103
545992
7531
375378
612566
18785
590407
806502
269036
822126
72953
157415
883607
23543
602585
25495
87168
111944
631244
662738
654037
603365
377233
384592
457274
729211
12298
15110
570696
655794
262821
188364
14787
639998
507910
862906
379963
453909
699732
830316
531935
298331
576925
130565
522296
507032
131270
893519
503498
362124
631282
339360
315042
631705
539790
849144
618971
52670
874327
556263
597172
278404
601801
467244
313542
891120
389574
352535
738244
225689
370303
523888
36948
176020
736577
182097
719268
287947
258431
811534
623754
370221
549623
164565
18013
453631
103748
283760
622218
379247
565344
200552
64947
276585
826516
883683
833642
463554
500701
832142
573382
28978
607740
487926
45632
812671
230939
572527
316845
275444
184183
797112
503959
606192
146030
134038
401818
413467
444454
445980
784792
472884
574360
195916
664058
439141
49911
759832
729284
414104
241249
36257
618196
8131
347265
19649
713847
298270
605214
397123
241447
167701
238787
157328
795076
647257
200908
32229
583758
424497
164138
471839
833020
788847
724691
52985
858493
659773
704937
650636
280329
100725
359333
670133
331426
99632
153760
632821
829132
737462
588158
88754
592582
63540
779319
678490
535973
311692
779587
295655
724492
720390
111425
120414
429225
218981
784037
217778
233326
375220
56540
201286
20587
11614
811645
865967
544037
360477
216013
31447
94837
109707
210511
226718
594591
327956
763462
604987
259725
671501
746024
150337
553128
8573
549602
661180
77235
716697
355970
182939
561060
726350
845349
246439
648479
778679
658653
802417
422128
698351
271934
628011
694021
559968
724805
671372
636614
465978
438469
594359
284018
716607
535024
161429
341463
736571
77695
140350
818189
859889
68862
199447
427088
631184
772151
360374
225401
846148
140185
854401
29784
774985
713477
646196
600111
69307
244468
2849
811790
583145
147496
863377
149478
365223
522926
655113
769196
143938
283949
606376
537101
642639
460686
477804
827208
331805
612167
481621
443885
139913
285798
522529
390288
462255
369718
417206
1929
221406
798769
454751
246571
703365
698275
410350
23870
674793
856822
721855
172892
127160
264703
547133
194309
855800
695844
306045
285888
673337
504713
186632
681582
173769
770934
676471
108
765798
555174
678807
773573
865358
725295
384651
758193
307986
414569
426545
219631
499113
314940
522749
585914
126625
181322
18977
200395
781904
545174
140878
66698
585736
472656
90772
308690
590985
644351
696197
855713
841617
459785
35256
891384
408974
592738
4970
187797
566836
719150
803966
813739
246026
476501
11813
362107
371839
62402
71129
332337
191514
63383
497411
870813
281295
399025
731037
564844
75469
399444
308913
300450
127380
58867
201728
166838
841060
864990
385246
463595
303056
781320
79419
846343
364946
739091
145021
823154
350616
276730
63816
760428
323100
646011
232128
356586
226033
569888
290566
687567
416505
365897
489277
400612
230227
393655
593264
488148
635154
559063
247501
735910
237321
863241
258569
70775
153187
194572
254343
807923
771087
620712
479860
232784
415288
769367
855273
836519
239378
670608
206771
746672
208496
779826
242735
776154
667635
90058
698223
130628
545757
244321
600281
427802
380324
47173
843599
449615
104706
838034
775817
327251
329448
658301
30014
436017
402515
624445
818242
507880
416791
17558
139497
761028
202391
706947
364714
358712
330199
466240
398142
241178
6153
321073
614856
690268
639235
694226
608143
636738
181426
682459
258982
137061
888776
475408
219052
417283
83184
533827
434159
93408
735395
743206
802668
639517
363186
129777
717521
289811
877347
76524
768324
891532
35066
438586
607388
158559
621484
669538
757581
252582
392377
659259
681281
118813
159794
237747
354658
511417
349333
831740
687924
486755
578778
98419
90559
486128
542629
867727
401354
760830
658748
376835
61315
807501
492083
743407
281499
709303
517923
880745
54862
430925
644473
189924
241952
527344
765674
895866
769891
431337
72452
257916
79445
404230
795744
359090
18503
180177
790708
28528
590168
144110
384997
511992
71103
648752
262041
416166
205736
569689
554378
813693
813429
9837
870295
558027
279110
895090
719477
9979
717396
814470
618114
63671
258230
257628
361882
566327
658215
387956
635170
563626
465439
16758
705762
440896
627389
546347
202640
340563
455206
398520
184231
87088
73927
490360
323735
739749
399031
254645
138453
338312
813656
481507
533107
853793
503740
653497
807787
72853
136611
882221
448884
898289
127363
190058
486263
447087
74337
310928
188316
508008
855419
195433
285853
584278
313416
359492
40060
616517
779575
585007
338288
547157
154996
416597
310427
684046
200873
60658
351991
186497
361953
125807
299694
220407
622183
300767
762281
258265
791982
596789
800992
339994
86506
787647
350128
853029
838363
629955
27371
476990
283914
525204
327722
149848
265387
612689
277725
230963
312162
771450
364066
854479
499011
179440
657300
425777
899793
157064
373371
432945
838600
185644
582497
129758
742487
310287
221893
500655
462980
393322
40713
637638
282995
160663
437829
800131
116002
185481
714558
719139
623083
531238
234321
363026
169677
42851
164393
887476
365444
577210
540017
719596
703028
295466
403044
148839
399973
895051
849695
791752
232968
575469
487575
52657
39256
346156
464263
381770
445756
754418
640258
633393
671497
477993
408263
292255
720836
201851
434003
785491
516452
553928
239120
137629
574166
656195
105834
893065
760154
137994
589474
4805
354731
134304
197820
24241
813532
250536
778739
468899
117118
408640
650733
424915
133854
235672
442121
320970
248491
506829
607316
289378
620181
709607
272474
896281
705969
579691
300442
491544
163737
393885
81971
144218
770000
81846
477818
351260
884163
301566
737134
700832
307499
589031
324002
833085
593648
213894
639481
819430
858343
277326
674193
154005
11611
608042
582646
682516
650570
629270
785142
287784
348358
45915
716757
709339
268636
346693
776183
347460
440241
441859
140474
793045
254152
122523
72775
305057
633921
730599
278173
608392
849915
236144
603213
482784
481242
744421
443589
506945
435940
597944
267076
718414
178949
236565
73772
553499
544946
108000
235605
398079
819754
646538
776189
660727
81817
539791
536830
243604
412022
659248
632728
475299
582412
118600
448878
624119
484470
422669
269741
249589
528036
471780
142182
298620
251386
626657
396764
216399
879607
889978
254393
516800
519987
770247
610363
265914
18465
94265
102316
687307
458420
476980
421679
36620
86142
496842
55766
182511
723059
812917
230673
532836
53837
652912
258496
185064
56521
779090
480714
60970
361326
276969
186950
110299
140238
374127
827542
257074
644740
780875
362740
71833
225053
692039
466789
608279
770132
195658
54314
660987
397142
276209
65973
792354
359812
82126
706520
647397
513718
470749
423865
54658
885052
738079
752065
457604
476672
896597
623444
866866
515143
141659
288636
34258
590455
88510
442526
207768
340723
205115
402606
158447
14849
205814
707581
807906
614924
821108
9296
19143
383013
480053
259149
169640
610052
406993
245551
882576
633133
604110
743320
220591
841838
550971
306214
22378
463460
213837
672062
195170
585534
401043
470725
358079
105177
770359
236942
84952
214474
68852
470381
586114
830426
104559
84810
41939
670635
854995
29873
822962
585977
571245
340519
782684
872220
524032
819287
25045
545578
703782
31754
696810
101113
82469
773012
688927
104834
267913
796779
26970
428481
421379
690707
41610
188249
534078
458069
734997
670645
566329
44494
259869
730280
322534
697059
499439
810870
386847
321939
558440
208300
431936
682021
467811
849481
296772
739103
633251
13728
120255
439576
442202
752790
31029
643334
260916
384838
704790
269745
696739
294116
759607
558601
727463
396415
569038
631698
598010
417023
36746
554461
726197
127181
862060
324947
753634
13074
249094
518410
699488
109976
61742
179738
159372
302829
25406
133449
491634
869381
578060
532866
435568
165119
511553
160901
99427
715296
377721
235416
510577
897372
13366
533690
548050
500051
761472
539224
341467
493047
668637
790681
363016
566252
413641
482452
559590
210089
344146
481665
348858
773467
396467
670477
824433
576584
41259
493703
221062
237648
662617
228983
642217
108976
311191
828495
482450
752801
631727
674521
659650
887741
255454
309999
805233
842017
56836
41770
700858
512206
151685
743506
873343
183978
750080
446357
454650
33731
265961
673107
636386
134644
14468
815253
29334
371968
618880
373181
215817
82139
133038
372249
266954
618279
402365
518386
351246
442492
506356
824321
842428
829409
733259
835840
847349
485495
105478
233310
388863
80950
31790
2540
95468
268910
515662
67989
356267
676015
16519
177003
778475
784036
327888
496700
289896
546906
882894
545668
209651
122687
200620
289659
178114
683622
450551
183151
655249
632262
388409
122476
94579
230690
17936
41592
85689
430564
660938
899067
549886
784002
401535
889820
547340
468194
718378
259879
317199
762586
26917
513545
588917
356304
774273
341662
436734
736640
782463
319810
418149
736828
818510
217380
840363
641229
464833
548057
465244
710904
230700
398700
495872
405564
185115
712915
687873
494680
600879
187517
9588
306505
449750
689447
772454
584273
614918
505614
7876
572852
407285
61246
607879
708379
530360
40073
480154
109019
657526
760820
449513
824784
119145
166603
816648
806210
88368
498677
233725
827402
614419
566210
230251
699438
265173
279168
748284
793576
885199
887277
800202
499141
851759
134887
451337
389513
226476
503775
410933
50159
604132
290541
385204
768750
216884
585372
656520
837240
339795
111782
542132
393404
526507
144314
178055
294539
504725
85657
99273
359351
294193
890369
810593
474871
118015
841633
363265
624456
853117
895723
318512
407150
765693
663751
128306
595160
495553
617508
842933
446529
239798
681129
350522
226290
792555
381258
488605
344580
637292
892118
749859
702820
156159
683309
891264
757168
326458
197231
369378
278557
240735
79344
700446
748539
130198
362183
806037
56656
481509
110054
220354
597537
826510
729636
774275
499120
687333
238037
538049
345566
542124
374779
234973
525073
858350
224374
11353
492625
218292
487830
359809
803693
16295
388402
691540
891963
709059
897265
586387
150268
466099
275718
665924
267293
175951
141945
193123
739546
775439
828703
102150
531261
502283
223627
565708
25860
536305
52478
132833
493505
292225
152603
498320
56826
663880
105877
799174
336433
792215
728905
864350
95391
854080
612424
88431
401657
301613
562829
460462
87252
572029
445741
494209
342212
284219
280236
544226
565536
876444
369067
62668
256578
733525
66079
343589
362602
75415
605886
41223
670850
89224
554035
721164
480572
381311
550289
659990
804280
806620
300803
532121
399042
60801
199266
31206
676504
319537
561536
11892
544712
622372
503873
424941
504824
444548
296617
846386
512736
196839
92912
462988
387985
618281
855794
565648
378777
486949
153380
634830
677182
137200
125953
538167
543400
380242
846466
176904
251484
256545
535275
230295
541538
561308
20834
268985
349768
400322
631867
622349
794975
649932
36783
887529
376579
477453
838827
703263
276729
140453
148901
564299
529617
166716
474857
55932
281066
789121
167569
27644
163572
32223
419795
309950
270449
630585
856948
233955
813141
654658
496730
751593
373325
616891
359680
12305
269852
129258
676162
632555
478399
4851
362104
215328
642322
652086
884320
358780
65900
514724
495572
678870
508102
679391
344282
341085
529369
718734
886810
384000
436484
540506
21962
23098
330541
196776
831462
271929
637535
122162
307611
154858
886097
487524
11330
570658
628999
453456
795722
467979
197170
62095
465454
781513
48179
454293
171717
802920
484734
723119
618201
414340
746297
202588
337967
151221
631074
144837
300677
849109
116080
254362
649754
311374
421106
545483
657830
446981
471412
891680
724650
362077
77665
393429
329731
95466
125346
599381
865944
595155
614147
116625
580659
262531
729143
824285
435597
473452
277106
351016
270369
117112
369812
576375
226626
231629
374758
27229
550312
245788
369948
3640
615622
438439
88635
564714
242551
720333
2900
461106
34007
76883
234030
538183
312398
705104
723938
703154
870375
3957
237856
281189
638495
646775
653775
486843
324568
213082
282705
152748
456973
656732
331332
49837
529376
303356
221509
767107
597551
584901
887504
757378
250982
780539
370434
776006
389261
214112
493375
87981
266434
166467
719152
375823
535970
245029
207524
714331
753312
524682
325847
162799
159544
624505
140976
539955
733501
492304
91843
643795
546830
415783
379672
469207
739944
484222
880259
7361
819317
360678
496178
880835
45634
817545
473573
429626
496622
208920
736151
126923
384062
810767
607292
708216
867533
586470
788835
241502
672801
587959
628282
291470
142873
766662
835248
61895
118082
238930
48341
714701
261257
780343
603902
218888
658282
632862
120037
477659
788295
678434
669422
847934
853557
535263
257860
604731
94480
641112
294369
739138
293935
435653
509164
806473
159698
157528
577789
317828
99832
390634
720476
392925
712205
654599
720456
835696
806336
98291
116531
776901
28690
584695
160970
310122
685386
424332
11955
682540
805350
785347
737839
264499
18989
205646
490495
650136
73439
541807
383554
780579
131565
855387
577724
263813
148261
764905
709683
484014
748070
533213
878771
714412
427762
17100
63729
636130
573505
302156
466701
164896
91346
499002
774352
87397
436829
36487
116149
371373
818371
383487
101060
257784
16007
623863
395705
248890
219990
403155
27556
711032
348065
67697
84713
641765
882156
885813
761767
792025
799358
290578
127798
141451
132217
836530
799529
715883
727043
890594
519444
635903
887907
231325
747015
806391
102792
451636
463415
169583
267939
67190
764318
305825
643253
135522
706745
187012
379842
899430
712943
312357
98629
683634
2162
407104
87869
425630
503582
255803
87205
92821
172350
743519
727394
781021
149390
507508
217813
111588
252443
100152
407568
394537
554758
584764
50501
653795
698919
727515
120314
592722
582574
553016
455929
706080
881061
173587
210180
293236
224178
244615
174470
513939
660665
184707
137284
121907
868765
774563
9650
66653
247591
835338
687041
370494
849375
581854
808503
234762
842679
720193
183351
384014
684136
81031
601951
510321
117203
768569
216817
316646
820426
81188
399561
120752
488583
872734
220941
6194
50457
316471
651138
404690
58720
476184
545243
252425
553678
811612
746733
635147
149517
863687
376862
448045
12863
673926
607739
508279
326913
487365
550664
798248
898473
626087
53331
718304
227470
694949
373634
797071
869382
368710
256138
259095
179530
214231
160897
503008
213910
536872
584939
121336
254829
130531
866001
371300
871930
339657
226705
508968
653553
683115
454094
750927
721747
667010
736647
280728
444976
88619
883462
561373
693127
430339
738863
875201
425673
666586
616376
374261
299836
889015
179831
804807
717755
751368
701494
869991
587739
315300
819300
607351
354152
262400
310598
574351
374702
105674
219083
603114
890931
521509
406173
339217
566689
665153
184626
329698
554402
293014
572738
349597
321380
298781
716756
791498
214108
532683
358161
726986
370630
217131
376378
162552
665514
479063
801268
374652
676603
406067
455649
425676
583706
382534
453803
623615
184599
228917
346810
246800
430839
647550
508517
803947
540433
8430
181285
656151
817042
112127
392772
271264
679168
702162
456021
76415
93532
873733
363229
205801
734368
733329
544910
382705
137000
87842
89909
353531
684718
628020
408073
714590
722957
777542
665956
670964
749223
261790
363215
675873
254466
414649
826581
661854
815373
684845
22841
461409
247392
509661
493732
809099
359905
604951
747030
18157
68867
200750
820382
345848
276585
400432
49541
500000
714249
110051
532068
261003
513035
44832
402102
206908
188784
458796
665415
630647
888944
161455
29676
143472
115228
317779
607149
770581
26498
514363
45085
764404
116558
185341
874506
595498
13453
813630
66000
282218
623085
616488
608904
673606
143009
418602
650749
22524
87841
202188
111743
729696
812429
456942
70928
303266
466418
125500
674108
643836
707941
799536
727942
318427
770093
870148
350782
278023
327805
603058
840014
113648
578143
30026
402292
455095
118828
435375
698473
808566
336439
451630
110528
370093
849034
681340
712906
303306
378983
60139
426102
559924
273073
702217
654775
181172
77060
596438
567453
536641
594206
74719
831237
170374
647681
895964
583436
570802
174193
749058
743135
852828
22711
194149
839886
565329
573128
190414
659326
835260
313760
383253
42238
533520
61160
4892
139250
428949
515191
329415
777803
91885
757524
715611
20855
293697
57593
587442
532500
406061
348531
708824
806592
544932
679526
578214
570125
868129
554477
206809
661104
320428
789760
570669
372536
388870
498222
858363
346171
762449
503465
801196
873804
731966
337538
353817
356777
623060
267081
188705
493425
428986
236086
677798
117171
335425
220870
183172
165697
275281
384093
227183
397796
681326
446570
88840
521353
434791
426920
654363
713464
173340
648288
433048
638181
811241
482572
173612
270303
454643
411095
727356
241542
234861
348416
638750
551899
168903
745853
602387
671887
278772
156507
308101
534141
631863
655108
196761
387475
273962
610074
619600
864587
355786
593599
358592
735769
178466
532215
331178
258941
452978
722405
106872
311480
301371
710738
321077
492923
265674
341453
383784
77114
666687
699340
837903
679072
556858
348112
766228
313404
244897
315047
158606
331834
515407
57002
557079
400460
229500
329063
727205
509894
742949
100313
139048
805162
841784
420755
616671
298424
406367
783708
100439
280103
170406
520915
569088
592785
540970
349940
723886
291304
432800
520819
116137
153702
108704
620773
805873
63331
508044
806847
259987
4160
303872
424406
442112
478336
434392
155781
635312
783926
83320
304940
194930
863480
96156
505173
403982
206963
756157
709747
627962
527193
178525
624163
453781
315862
347215
156052
759363
110945
79878
511235
20934
512237
825720
387903
157013
188958
37326
597068
445180
801752
253035
61315
786447
854003
768278
761110
793740
213196
880294
83024
137868
12757
640042
52155
64358
217133
781202
203804
179777
399306
604189
778777
554227
852210
752960
786746
343834
324104
292207
580429
373014
534660
659179
62659
802594
160284
140488
217625
119565
648190
241626
883825
131065
389984
233788
470014
84175
609870
215356
672607
345373
314338
845702
150402
191598
643218
321355
60970
549220
223331
864110
749579
820212
581948
703820
722738
790302
458773
518853
156546
689159
425166
761675
285337
696437
770588
683238
482705
175782
318206
134849
376866
775949
257198
502133
624836
700299
433874
800623
432083
784742
811378
604961
572267
856808
647173
138274
653555
384151
628324
771010
256470
582668
636896
305743
323852
425874
233807
108989
413623
108573
647041
218133
255369
170309
641521
537853
613859
673501
44311
664640
736120
627220
80154
318649
420753
198696
67394
705953
729161
855682
780172
876019
876664
230225
350199
615512
669326
833318
28028
744309
644341
358954
550650
672653
834040
677400
746319
798291
72066
503066
1411
263728
103647
213635
529117
635117
133312
26246
476729
384702
729978
101874
271090
415179
551789
238987
2905
18428
662850
770117
683495
426785
696846
410239
224751
340955
318100
12122
102828
597835
408358
872725
267546
828276
222859
157990
287649
331439
609276
822647
327788
615723
603785
396379
628312
487135
41145
766220
681576
782702
408142
718786
481685
264502
876839
237521
61954
833493
575583
655744
449581
208600
559346
672001
366274
672545
94912
495474
528522
100244
64970
769999
65664
731998
690874
583698
406692
507331
541567
596617
348873
265443
477109
850385
682921
411015
96003
392276
894200
677102
688638
99101
237781
300687
109899
528660
465053
213450
506946
515866
832538
130543
376014
395938
792505
391530
433169
617866
126809
355658
502020
361877
666143
493837
836731
274759
243367
482154
567911
373820
749525
659354
8758
157829
357737
168835
188181
760000
24112
673187
33813
73299
526039
415765
211339
430852
399099
555363
882097
674904
359772
590217
854667
797222
236720
702977
273668
623575
659443
283505
750199
80381
744860
821293
647081
492013
281003
147050
815379
546458
500447
629536
570077
487152
151332
796218
471814
264681
307177
476094
604896
113551
892976
370899
245753
743951
224318
604852
440180
758934
385266
408656
580501
132555
544114
796987
254172
816104
672641
153013
740617
22167
134318
733653
874366
33765
662821
757682
120578
330661
595080
661965
538721
658820
242553
40286
482961
403396
243086
719641
246831
796535
424679
468253
422184
43674
419579
466873
498388
351627
270126
577083
532444
385929
94656
59190
647772
896583
788767
533616
467044
505004
63068
365926
797912
748298
766907
892348
433527
485976
490052
483460
45689
289006
563606
706153
352882
244317
894971
106970
453843
760713
132375
13646
55504
481989
552250
786200
704475
492649
616853
163496
344495
717169
253065
337691
108937
652213
837627
431169
138833
646241
616515
869353
472887
574736
329828
95467
633911
404682
306262
306609
517791
313623
188127
820707
271080
401214
513728
247182
92767
370111
247275
85584
788520
527018
342643
582530
447544
576378
249852
555842
245153
29361
656305
702972
385451
701328
640244
605333
367773
460147
429679
441780
70298
118856
872682
741966
322824
631946
517910
77100
777485
485854
169638
355002
210930
745257
620477
181166
405481
16876
120834
80659
285483
870909
660272
589618
257498
800099
442858
496636
538405
152942
462092
55350
199818
416176
162108
835106
726229
485980
323775
507302
189191
568602
56424
579899
58162
169827
58060
801939
226720
17759
644305
599720
461172
624441
356837
221501
632328
333308
429898
24948
508725
775117
764783
676556
401873
454244
112154
633651
816243
405031
129985
565296
398290
696741
829336
597382
546923
16525
662884
490438
638658
45896
302222
705076
538143
391417
198643
576243
423193
276080
678361
568624
178897
445861
296092
292648
678229
529271
463815
280439
60261
507745
51422
267486
425074
610677
495031
151184
186210
32857
340457
67737
501873
552475
530428
96460
64945
162577
153504
415719
651730
23889
463578
131429
289308
506474
689209
398176
790937
240990
686311
109120
347504
86364
176347
764933
360236
39902
202795
61933
258331
736956
741566
622466
540402
235306
58047
395491
667022
796245
48750
376141
82229
580022
498321
541382
367931
447792
669768
359942
667808
709644
33886
666467
443767
460302
198811
704087
782946
548243
786070
579024
569945
310794
583784
27828
406921
453196
17148
69710
515641
740793
192578
187417
730055
521424
61283
267528
118609
542699
551310
361488
97360
477589
325553
433651
506207
10185
698980
336778
91289
628424
127807
496704
696438
274571
121635
175610
426642
546262
210145
773046
143088
514208
154816
431309
211829
485683
836703
190211
589071
503247
245009
56940
122862
773251
435493
730795
688930
545880
128817
817686
729266
244263
100763
528725
350390
443211
207523
673706
888722
609457
400463
26730
35696
650220
269908
602985
258681
20901
751871
3060
579823
649519
151038
713976
537226
514712
332333
223328
727757
49948
336096
316411
715844
688852
235306
46140
784605
388811
4712
455195
322304
129393
792493
469113
308172
747817
130987
666272
850031
119645
792219
188937
79617
68689
320969
809464
287262
876501
101759
6881
619230
488948
312012
607182
898771
61865
844272
409944
478174
839025
618951
864146
798382
166747
720495
497158
877239
514268
343704
523863
818891
314496
833064
204709
679607
344859
813703
600111
454397
878237
152014
685523
213481
698147
415079
225425
374418
354698
133024
599278
63119
157535
812946
456532
351699
682802
507337
61174
720934
552457
367
102288
224034
772817
178329
643181
377095
820015
321613
615427
39739
232404
725262
624346
405922
435758
696935
206602
838037
332668
762448
465889
29890
178618
194207
526147
337344
513818
542126
429772
362573
855188
119332
250161
503527
453620
882019
68517
180387
177073
845902
771575
751629
399806
465237
673176
290972
143450
494302
364635
758769
354210
503474
867734
456044
425062
506145
678340
328427
559384
682450
838604
104225
371136
797643
514013
379310
262925
182266
797936
775040
795431
356830
51119
454214
78976
825685
155668
770797
302248
181218
788042
156473
561376
709690
285168
538273
634918
336588
67580
125544
55503
528075
522556
873524
615091
325657
571927
70988
409185
387889
606098
846130
684371
166161
725071
267931
180157
726851
783824
448295
365279
141574
160985
344226
272122
898909
183572
63958
671615
174836
402957
525546
605059
186539
248061
87290
11471
594785
595717
507828
224499
697661
846832
196493
139930
662459
687995
247359
533241
799922
372497
109696
49410
854750
703918
521695
245781
750927
244101
204317
77493
110030
552125
151173
864088
444806
145238
614025
653208
652758
854537
699035
453192
339378
895662
670053
395968
78737
486359
360038
616761
34231
695674
622218
160340
766975
604556
615940
583028
646948
353448
596138
661644
72396
93038
123629
848947
712690
723785
18612
59316
319310
477865
504116
53346
219619
73199
673006
631401
606598
427239
675365
518944
192294
391791
755930
754586
257531
519382
9574
829851
478031
330912
475923
360104
417700
616966
128728
352119
641505
21402
336719
162278
447484
859912
96116
69479
48037
309464
414556
491769
255309
178383
156335
519826
743954
230965
120676
885848
376232
432786
47160
738031
9669
365426
224619
134124
638217
261064
127863
427976
498151
570574
369773
414257
896309
561770
472110
50874
606924
340012
180099
444947
197628
1459
228665
570835
437552
443824
394492
606513
308441
833891
461679
258547
780793
320705
477349
508093
865967
643159
77024
117995
212538
630568
54916
337594
632747
382034
656566
537280
638700
439215
323958
387676
771238
542072
632630
215560
671956
595907
616150
786251
76770
320205
248414
358795
829985
252242
827383
492703
288010
642457
57926
116995
215020
303213
792006
594116
359476
677990
221153
161340
802584
338183
176331
837176
450592
67424
554171
522452
456561
711091
334598
602088
588567
553555
391609
707323
752335
525129
196979
882358
50222
531505
635422
26004
465425
432129
243720
500629
426658
273513
213762
283794
261764
312533
238964
804394
196380
13584
724250
389531
519324
85859
609952
861933
820076
88123
553013
715080
783511
25481
633295
770533
560560
572322
174203
829794
17375
353031
527294
761327
98475
30111
216558
143526
339749
603872
344102
303288
186095
214988
710058
50337
90184
721784
816663
583229
28150
405480
333318
227829
150958
292822
107645
8562
644322
63794
167313
144690
277960
441955
812061
511799
287298
92108
718904
42269
576399
829353
767573
609028
791406
37881
543644
313515
697931
265205
183777
472350
216871
152542
775358
58726
199464
44181
21586
345887
600794
84036
240309
874695
220960
332794
274039
101969
295452
309428
699188
695097
451254
6711
372437
68595
520268
685305
493351
421884
738679
114175
306544
391826
864437
602881
142099
602879
700216
517258
147170
248337
811883
404156
267227
603301
257052
781808
860096
201313
473675
634523
521527
130049
539245
501964
741370
260296
738557
785905
568892
79737
363456
499898
5818
44670
288595
324725
87321
228549
770708
241784
194145
181515
632009
411454
576661
295504
526736
636040
421742
112202
667044
615141
794196
2582
668297
892588
872312
254729
323733
772518
805713
246788
884571
270024
597169
281126
637749
383006
31907
833979
74349
211716
845923
588563
886600
420366
457081
851853
335792
797767
644020
756466
265020
808406
788224
81182
627550
184188
228259
491960
196137
460922
550297
104131
833788
77264
473194
736974
389808
735520
634725
309798
716474
536561
16828
349387
646173
294735
864827
219871
9679
341904
593093
151835
422598
610866
539726
307548
139103
130047
617615
578394
502443
249202
471913
783065
541175
704436
660953
479801
523862
130431
785460
287176
754637
775300
465535
785208
476314
6887
784174
61291
792354
633224
642583
112553
581814
40669
441330
633588
269697
235002
646927
881619
289329
706579
58964
535115
896575
796728
27186
219532
585148
677759
657443
560743
817883
16736
280738
77277
67029
208025
406438
858419
131324
7218
369532
437986
282592
719355
770177
312875
234840
678545
285945
410343
482126
509887
729199
13980
751881
342977
475017
410571
71895
307748
417030
656998
393143
160682
186519
96320
517857
717193
891960
25373
788883
823731
194538
96456
610424
507664
86766
452547
561111
56839
621407
794201
437334
722364
302509
882320
185800
633331
721138
165370
180858
786867
11218
299498
271542
260037
354548
798979
835058
674396
338551
727628
123224
513166
591507
591424
762323
820832
854030
74403
259155
793025
474103
415950
563645
471021
789474
695883
378610
484177
399072
347036
94873
669742
640731
552246
292652
530998
619627
233099
88348
777684
545400
119013
897634
562760
708876
226670
884195
668976
594548
210636
502015
701026
637363
441642
420599
97141
278979
848946
831160
452032
675625
22423
808968
459674
47827
407022
66892
458752
436657
110012
143219
800758
501678
341738
523075
164613
860457
537462
46622
489538
692
83620
681456
66702
897064
354129
332920
790906
403203
793320
477521
634819
542463
674125
149436
219547
624176
369046
228587
753064
420826
702010
720108
10886
439789
74689
781680
18247
660446
816956
368151
323067
517507
651150
738810
764267
487530
800903
617077
564542
370870
253265
892815
811167
839128
527683
249703
76854
346022
168339
116221
215698
782042
825064
680090
318280
860490
326510
232700
778581
295359
412355
184546
182943
858388
633838
437329
377466
328941
361615
890817
293255
445169
334097
627399
216151
267526
384860
484575
713709
65896
518472
503477
77857
442597
646732
219184
709440
737112
864371
297469
42065
223776
481712
378131
148307
280924
577160
660008
835906
453477
215470
93040
45624
738984
153741
552588
638704
435966
806718
643031
179909
747978
486553
37352
27449
563535
642824
142020
42770
548268
402006
263300
827295
894772
187783
4031
703769
544590
610113
518100
356132
343782
259112
604886
479893
454798
571752
249075
406413
47508
400875
379523
527459
358113
125066
494346
93791
507084
532096
789386
231939
200345
421530
231816
279332
245105
599691
409208
584086
375774
607708
546728
1639
676515
6145
313863
97025
374615
175878
257840
691987
483260
611400
218295
868137
183008
849536
594670
271191
322255
94298
199860
838677
396723
740068
835259
82948
716969
435426
532052
181967
418433
664542
98617
874669
380114
793756
813783
677890
896439
480556
773750
405221
195402
227353
468903
1597
736796
445342
267241
265380
333806
678808
674391
520621
884207
844759
97234
866882
534386
77550
380294
430022
22890
623145
8571
583546
330342
47070
178555
393563
286179
264701
885307
308520
264338
161249
396647
117441
545832
367528
839983
97067
305307
349471
71176
772240
138624
570679
330624
735267
234750
527860
734754
276673
438510
80707
84994
38035
309106
370731
239077
312336
8815
208861
871536
134271
63688
897126
453260
415003
888152
657187
129971
577391
687340
520019
