2857
294521
343008
556425
532909
402703
513443
699972
74029
385345
792359
801757
718545
489795
266997
838266
807804
689127
666426
307590
374293
784144
68491
641266
592699
270052
867186
605271
634981
185216
194681
482359
343131
839558
457106
120321
777899
712690
665120
656114
529865
187882
831078
898009
200422
355763
744202
462419
518667
415616
262278
843701
139218
309222
269387
561288
766337
32523
65042
648783
582181
241404
888032
250084
466215
178750
154740
700480
758477
300316
426513
880313
200495
31935
645187
192261
575636
882492
107024
266397
218793
274311
348060
510302
502366
304517
646328
118537
759645
478495
49993
290889
6344
358226
523728
17108
161005
378883
520636
85291
356392
176849
162408
840060
131318
516099
186897
97223
264945
257952
825977
614077
829229
682365
314801
682531
66317
283824
472231
54135
741219
137732
883563
307114
801571
342054
299935
761707
760610
368603
726043
92165
354416
568468
151067
316606
510703
660058
483334
178304
359087
52836
577210
75221
293448
338119
184665
647211
3667
619437
441578
792055
386213
566590
10030
313974
830057
408571
622432
608110
143417
642058
450312
763090
602841
645579
824732
809573
809712
425928
848851
472918
895076
850219
360552
342698
796272
459882
422023
151128
3780
609950
124631
817901
480730
589522
821412
600560
749040
250422
830344
413919
603431
319218
520373
784760
658359
584696
267649
727252
408300
562546
808911
35213
614850
590427
64918
794753
128312
848522
517008
293870
679188
753448
537473
154557
126995
97955
639522
321884
411147
578395
316873
122563
269759
399033
133879
387673
217022
584608
168125
748462
462424
379931
370412
15368
80830
821974
734232
54844
56021
686761
338088
588786
355223
374799
316892
123692
451558
554037
477019
697695
788781
252173
313913
720703
537206
834658
734849
339001
239713
60390
426213
186457
124935
632231
232511
829740
655596
785953
98946
549376
469978
623917
591714
668488
537536
756438
192861
502236
648871
735404
682820
240349
788268
300978
416938
791477
458590
703410
801896
128893
418870
28176
750027
887896
809262
794363
427547
747325
307648
704608
606184
577458
869596
282873
316403
607539
677317
545283
165846
897426
25992
864685
450161
869913
571674
686604
712146
492843
282766
613259
574496
832296
623247
351424
493220
290479
55936
547130
471637
203550
664942
605238
417375
827604
895246
170737
369423
824280
148984
473816
398077
186003
649984
367451
707126
741975
835693
85280
340100
278915
807191
773235
642781
235295
232994
492411
710021
891746
474610
92520
876193
226611
723433
164649
337209
561196
578564
373370
662377
683482
660175
126490
795172
821025
445472
247610
739014
662685
247255
382993
279860
579107
156079
463885
240786
884133
218177
859813
222497
147605
21622
73705
120050
143969
441767
703387
408204
437212
58419
742903
689398
110846
554076
22188
32545
68257
164094
222063
725877
83788
703501
836805
371511
489453
856746
391774
370516
331455
260449
294209
101612
214732
805891
827106
182525
34091
640027
769713
673067
256554
396814
549004
773417
473735
364180
138228
472167
593816
302222
723741
859065
133963
764835
884222
120799
121735
276123
542153
245814
207121
648982
51573
129690
320811
361162
673750
504374
407414
248152
822414
351722
814937
511402
104893
535864
791994
575851
3252
760587
466920
755971
165800
511300
164731
512333
551265
480546
395604
606422
413778
116109
835294
621428
722787
893023
647830
630241
889865
7792
750790
343955
121592
182365
340780
691578
746415
51733
665946
258549
380721
513535
777431
10033
674196
14698
265379
61887
592242
728627
439447
390832
757565
611853
192458
893615
83856
870352
857681
817468
235008
478912
31966
642689
814513
517433
441673
578354
863845
844436
481644
253926
53999
132729
286727
98380
877638
210561
474213
251756
144565
822726
219798
218492
624431
202537
262651
436155
667679
155264
732704
649390
826718
343930
671331
56084
398622
428880
252179
566183
103107
251562
2483
599986
836626
862091
11614
111369
535105
608987
328005
272394
498925
735311
759348
424911
353451
541814
549970
56140
748278
305282
774887
374763
287175
189489
786264
21185
881507
584728
759405
348428
58094
93931
119828
647596
400541
772395
221439
560252
822633
532844
340488
233196
586399
514434
519988
27067
36501
443432
537365
58454
697527
506636
567178
687207
405567
58458
639233
365948
814243
520452
93437
633846
177673
133803
540947
194826
194901
236268
837421
222680
404834
691690
617137
357061
675247
610291
488924
682199
721329
444274
437288
295820
770695
204081
797229
518008
837867
493737
540260
142745
756292
163400
795526
59544
732984
520029
385010
195391
784734
568098
126958
560081
16625
372743
435493
695530
273953
709367
280751
264917
525700
729033
737678
682116
513546
391686
343252
108175
405966
171921
185826
751468
132008
188536
222220
507655
330239
638710
367352
486814
245596
748642
336613
250620
862393
127223
676232
737136
142073
383393
242609
300713
355377
13057
290764
76176
732836
86909
267588
277698
283276
717703
104994
594056
884116
621544
505235
245
252995
483497
42727
43644
510770
436542
381717
726732
243615
73744
585181
101737
872730
631429
540710
715911
618716
32109
313541
65349
621080
716588
694399
192292
379690
342719
189125
704163
467852
427981
181854
716185
871
231403
133060
446606
343653
311724
329380
111893
302021
766243
440808
215498
433865
685815
786418
364132
575914
43138
296478
150359
312011
767973
325898
263818
500426
148780
496114
757296
411251
582489
168499
568004
35727
391088
101618
280582
260794
605695
285269
129260
9457
809799
730638
835367
881130
43947
307224
567316
803102
133844
242138
529915
139361
737214
709993
660775
231283
888259
372811
739746
763278
87586
615509
486252
97247
450988
309781
513945
129170
165610
273804
7653
356935
473678
53267
3252
696833
514869
840926
765961
274748
802998
295678
53923
9982
122762
211873
137999
666950
103320
82772
532590
626337
327227
676168
329253
289500
421938
320242
639419
634260
152420
25901
344946
786601
356045
245658
653477
214993
557098
560231
218522
391720
589821
887022
143747
482181
236349
522548
292791
385865
777022
772338
467049
294864
215224
271408
182114
751369
628694
150093
563583
751266
192894
787164
101513
261277
374840
399560
264397
708927
116796
567735
810008
47783
523165
181261
197425
87324
357004
569448
722003
762462
626794
56488
882341
207231
765869
268753
284919
454571
692174
203049
457915
739970
778317
271997
432830
691366
863138
341568
328706
512111
771649
857811
526105
656220
48681
244511
427328
760421
769929
431263
609333
229740
675183
92091
38551
623857
41167
9775
197337
28932
380716
635211
791170
577334
104486
187219
270372
348392
223392
98535
18838
603461
258732
796029
301905
498540
612278
95977
117380
597637
864778
189438
26164
328276
217698
323759
660915
818635
200144
13423
25115
784442
886661
383606
490599
859010
821884
748772
541679
770504
2501
726624
523903
758597
77265
765498
238034
16953
323447
111951
529072
269951
602434
831082
880833
203676
813207
331559
710189
629265
465030
498931
652178
811504
584524
777327
768160
393324
29058
588052
138708
787305
58471
162192
677935
414578
255237
334510
191411
845289
754754
34260
777977
698329
390245
757702
66994
461543
689666
767687
549848
119015
851140
417312
467312
610667
800022
62393
608255
94966
625230
834981
358054
687599
666135
483482
726971
502513
890906
20029
764197
818271
237544
859580
389876
152341
327655
394421
638394
599801
390646
831477
53834
382929
164574
298650
327276
65966
95287
525561
704122
138469
757044
485052
22170
539166
679884
545091
422039
575398
212902
890731
420222
50047
464896
835084
812915
610296
225692
605021
572046
733143
51656
196882
347606
100050
347272
813637
618263
782333
428450
148211
353859
62333
522662
567005
557987
216859
102744
672302
834616
838421
44123
733181
115954
60270
303356
671432
193035
608230
629560
291104
354049
264004
151851
827364
638799
242671
673526
379846
651912
750268
698604
542826
292527
296450
855545
390700
270997
635561
596112
346432
896111
688961
500591
573909
40692
867535
462865
791027
19888
552290
533328
313444
104744
574596
111892
265263
895659
784428
261149
516831
457776
339984
448777
403202
514706
694903
598274
544685
794981
705933
726663
666397
610771
295535
63285
564632
354968
632262
210066
844562
870614
883505
179479
46508
561110
101947
32599
402902
618844
332716
732208
198805
430469
141052
101452
653600
14880
555585
554164
694084
769894
727721
308626
283048
227191
717251
101282
488779
505459
865048
754261
848360
458705
293368
885153
191643
778367
801294
216232
297374
175479
590773
172066
866829
422330
629636
321290
177032
454765
626948
349059
508054
460812
709635
28517
295269
746767
280449
33288
116688
339992
35400
278635
488122
78837
689912
785954
736023
776248
672352
459386
134346
591984
829609
507177
60585
688868
315820
526743
562621
446572
823588
450787
556741
657868
188414
34420
400601
661838
861261
456829
331180
427995
113242
144139
859819
673142
829080
373742
439427
737172
310421
477569
433663
278331
622317
28344
775086
814326
302169
610630
177379
146867
557893
451624
352278
231706
445535
275026
574920
143338
441706
201363
83556
266577
192562
854983
462528
678983
316699
184697
550435
545320
418482
121523
871264
843788
186341
316388
835073
824613
687790
511500
60831
66357
347818
206535
712109
569929
102984
766739
55701
76373
8189
679872
189146
128525
682421
427604
891933
179934
41156
830424
464923
314087
262362
139682
328434
509495
8244
49759
861636
678468
34575
377597
860405
792165
242616
750770
713519
3661
85855
847021
639877
779908
52458
333559
86004
190276
461862
792325
338597
454605
376696
181213
83150
689029
335953
514147
137241
714416
107264
808895
125725
313287
262593
445132
853192
505912
571859
726079
37790
347803
80360
721202
567035
388844
718741
122188
847604
621929
289609
629295
135964
430569
799163
175998
807266
770007
402203
346569
55192
716234
715947
117239
508334
685539
605767
378350
328605
781571
432543
749793
174752
647750
738533
195543
482620
538431
784162
509428
362464
589936
204707
486182
411239
550599
725200
47982
721050
225168
446045
215657
136083
152923
381338
79002
796637
300427
365893
291190
255511
466552
363007
110764
113175
423458
851324
771055
6603
660146
201684
744769
63994
838190
103958
566622
873417
194937
445661
829793
528314
258725
833914
350007
562767
817494
317840
282526
488685
334260
208703
812506
444859
438796
222232
508180
477097
103620
730000
821679
878381
647193
847408
503977
80104
200023
24776
880298
416775
715892
582468
41612
555302
188809
738038
707142
510704
424238
382515
438743
66753
180657
558266
416524
13132
445203
459727
715342
515288
722591
639590
286059
476325
315112
241082
895295
114797
1181
570237
132958
563397
395756
656042
255041
244450
142640
749078
718827
771545
406392
696389
116055
62911
124054
584377
880512
355759
305377
350533
190092
167466
325672
877120
725430
97208
430130
423797
540535
533164
48439
526967
327120
437510
249748
843474
576438
181330
429071
802589
775290
342094
221640
77515
592084
25930
716920
253696
24043
457831
125641
142849
57380
152833
604434
816356
893221
157449
385453
661735
587333
512971
290934
486876
35410
664399
601346
481858
289630
543771
413978
744783
822886
289653
205394
434505
891136
864069
786155
775764
675457
763833
294721
87109
103881
417123
152977
413685
709132
23421
292459
766834
630877
879501
681616
165488
19192
79107
737225
642236
132556
535103
854787
314000
155396
599087
99210
102626
63697
789206
494145
243576
54518
33737
677116
741206
699471
536562
25306
847800
222910
628984
305378
716475
50451
29014
347896
405877
52536
814439
385532
685189
767895
790531
170560
108645
33224
298178
559684
695100
724602
36832
245360
687280
196733
109050
49773
826360
459690
845748
79040
336880
619088
440316
593572
655494
469916
397097
593219
428273
724164
798750
4593
352449
603952
216683
889445
421777
777989
528210
509780
176825
414991
254695
545708
673376
844811
463344
407530
775471
802350
122444
252952
307809
211414
257040
12711
777078
885835
501164
677028
685383
546640
829261
194938
591091
876844
53339
446149
245816
564208
511074
736046
687902
486469
381775
825672
364205
300019
850160
357125
232127
781616
630878
563541
673711
474467
858742
425437
706129
617652
395138
523760
692315
241650
791639
360140
244577
15648
86584
25972
276607
868125
396215
795557
705935
714702
548731
199864
724826
738794
664318
118355
174795
512450
638317
320972
649055
721580
340627
469979
394201
325515
463695
542938
431410
281564
387809
50716
412845
585182
200484
291559
205832
699167
18549
221583
74479
280512
417745
455760
141131
454660
769789
428264
457080
209018
422847
62160
687540
665220
410922
378261
433267
468388
295991
131126
666255
645474
793678
560604
828316
530012
212900
421617
410906
84779
454462
616958
421219
847693
792884
680742
67109
736469
73681
766936
444234
342379
87127
3221
559442
205441
91871
407359
197410
111571
715294
799449
259542
425850
590499
206721
364466
659597
884412
316006
884150
290708
337849
282664
274991
812107
486216
481835
548746
300880
532191
422807
361956
466857
481593
810960
519038
673749
35319
691532
803340
458157
488104
782966
771179
800598
726147
326495
149618
222086
93137
712795
708514
778320
374216
868703
56183
292782
639985
180245
464513
530346
790091
428633
6860
882057
99049
224532
224058
815732
772694
401938
498835
713540
856473
659266
692947
110474
2867
144009
474946
766425
899013
191812
758112
411825
165775
156408
615039
496168
620883
514935
55051
714390
346520
404274
658532
641533
80587
765333
367244
465587
297823
796100
688252
808462
166165
50800
459633
779883
474807
283061
893220
60411
310462
284499
59767
404427
450963
566823
361578
573358
450258
117222
487694
412745
307147
184598
713009
237371
107363
27880
156152
508454
884151
60597
849483
34974
399776
899956
884137
326669
839314
3542
160828
848001
720382
604862
779368
379795
20344
598624
92477
132213
393843
467381
477485
340023
764519
456088
272567
193045
687349
660800
623296
634657
500193
207035
508099
426472
58526
278819
669056
870020
407208
133791
437840
642430
579115
725081
254777
107037
265185
757527
591324
477039
201880
249
659372
786707
479249
643982
105977
585025
95237
794226
100906
665399
177634
277576
401066
336193
414419
257200
738457
739939
213982
606150
865923
815206
787687
717495
151661
483709
635122
451712
180555
368594
427014
611076
433263
130866
871148
244586
712253
805362
658263
75537
758713
235773
143069
556593
295746
672347
392836
168880
549912
817535
728216
359549
616888
531597
709784
90316
782216
857734
95792
860495
724750
97169
357985
295917
509307
766056
464029
820705
358629
483836
276943
49618
608242
352998
453335
773642
287792
33612
261971
305302
892129
29708
49977
176121
590164
332935
338592
726189
281423
682893
610015
234423
587496
55873
480141
621190
227923
823720
673160
893191
3797
440404
742673
682056
400952
739015
43540
312551
514071
701254
316229
272886
128249
823709
490086
768494
97242
234601
580485
198125
713477
129573
271778
254158
559742
196180
420943
766147
496411
93543
246384
348433
79027
89644
872001
310503
178415
637620
445975
344540
680957
98911
601054
510501
544867
196103
423010
619344
756688
103525
630058
851809
115630
759907
896478
635238
468756
450975
104041
74392
747480
403705
713305
421841
52642
797530
556003
237092
314459
136769
805380
285693
476836
790762
633603
688790
508355
99709
820626
18803
832728
182193
809170
767164
659630
594651
178422
144468
845998
303383
155648
845594
885421
650033
655432
282811
588869
122897
677275
567250
643937
853537
97792
511166
261617
798300
228374
286014
430686
390484
743257
39659
447927
710400
131939
569938
281386
526208
690127
409357
759247
577807
852185
819901
435966
119652
418977
477445
871809
342053
672846
689574
399812
205321
462095
524563
609640
655495
736924
43856
109847
519680
626044
594060
86609
562694
233728
871608
30117
623400
748876
273763
201756
87451
320214
553491
863664
63526
881319
690978
805530
343626
231998
85747
4168
323564
886100
473359
15116
33505
276186
868929
525042
280405
759070
858826
196266
761559
824205
510241
516547
833316
157778
313899
529305
342415
361308
152242
131301
608778
374590
517030
199411
739252
41904
579629
632945
88319
188979
862888
179907
450940
3570
830595
312147
466758
844580
184152
423109
244647
59117
636034
15177
323979
163140
98649
621578
196031
80144
12878
641315
460165
815755
595620
360433
528152
682633
250985
318244
821686
489041
320144
882063
22862
613386
635309
106527
54663
880657
805516
447496
338571
397766
95918
334778
889487
704583
146721
91443
833536
319284
173178
251950
753899
461106
478130
787065
175656
88203
572026
508004
251140
104338
639804
563189
846282
481924
833744
184345
746222
840234
302488
222677
586742
646491
366617
320954
99749
65119
857046
102199
635460
397198
69674
359048
733327
12534
189954
739276
849402
522427
875893
414197
68222
20377
776289
709145
702372
799270
451619
822181
899277
274675
762641
809648
751067
58928
217592
97997
359872
61135
23438
830843
279585
671200
838995
338135
380742
286588
821993
640977
232993
537150
62413
416508
753336
523371
272753
816862
219089
398834
873431
853255
22393
81871
408716
617215
467696
867561
404190
540920
263189
885179
404251
641187
354090
836336
471976
115646
83620
300711
321723
760459
697329
714454
286742
621820
765093
369771
50593
607337
212131
42798
580706
9252
440581
829730
214523
672740
576617
873930
496352
488670
241368
755944
325363
253939
774675
763648
782494
800450
726172
485788
243916
854077
402238
273033
219877
148377
828474
501214
852229
88255
420912
487036
41271
442399
606310
878769
100467
45285
54360
502839
297265
867395
786140
333626
805448
339214
645584
778166
280008
48293
480739
370590
668240
289836
251996
656633
841101
776439
552939
897639
760752
897377
457451
583714
675051
500445
881264
792800
217800
717667
522450
815220
784997
107724
22838
429908
632816
777081
426486
374389
218458
850061
542732
806994
509211
619740
750336
655852
551363
563867
483947
594059
607448
95574
413800
883491
534417
30944
167158
850610
561550
78213
540716
454181
811377
888444
453658
214138
429949
122296
274071
285953
252649
652958
596236
814267
78561
826384
392989
562948
536826
640776
251727
882670
356176
624256
437115
724450
659166
554798
236237
576555
41368
710478
9049
462286
754664
555959
150843
99665
216772
735183
207753
647517
154633
372794
125047
637086
438070
689390
390535
372583
186055
169122
186155
878610
341035
628805
675832
716869
149829
685450
680009
372145
495516
435361
506861
433907
296767
822977
507022
291773
434585
469538
468319
690703
368396
290151
505313
784255
755757
342424
881618
819352
706428
650541
410642
707550
115487
828167
695379
53071
513722
837465
741309
603013
179117
885795
671804
340697
705193
139199
215335
813889
363056
659380
729613
183194
775496
119400
323485
164801
867004
897235
274578
826650
530672
262638
304025
887732
103806
837866
814049
678532
278386
293342
828126
234061
881086
101112
199834
704706
88603
777716
490361
899170
750717
160842
590599
518242
600881
696194
328704
208552
875509
294754
730395
241395
284244
96360
841460
166552
47645
500820
459349
218888
697888
859709
465472
287277
497092
201155
202779
364755
775335
58820
55321
258467
154867
794792
51265
430986
360474
335927
794141
529369
391886
688619
239458
381958
546622
819936
836022
37135
338577
258983
328163
286431
471800
285530
325238
380424
214836
481962
885364
690448
330948
789524
533594
446377
225800
728242
138096
616120
616247
763501
643593
509336
275609
339408
425177
537367
424386
443896
224724
342141
145740
630920
81855
444396
760815
433210
861397
506659
671712
609423
79736
2013
413187
524134
371922
3671
889742
554603
60550
670479
491292
263111
121624
358312
852971
306710
523190
128777
179827
114550
59010
72037
878531
395611
598013
665205
596793
146303
292369
227714
292093
181687
484987
359807
520699
40545
