2982
589939
183346
668571
347321
419001
687923
506847
711914
498142
476205
400024
151905
620108
191394
777029
606654
435891
887084
562634
202308
187953
728253
622153
484592
135901
157063
513343
373190
496881
123160
893629
286630
757617
518462
836609
328702
76380
746440
113905
157625
661806
59789
188948
693493
569743
284069
96045
544530
700860
199189
500148
701094
372752
282728
509235
243182
107470
291257
591450
732959
671502
762542
606079
709659
897153
620766
314197
695774
713987
212946
363144
808920
417053
543049
130227
232885
634291
684758
882782
140632
793328
226532
708471
448550
225036
497146
523467
386143
507672
714874
844450
179015
119366
508355
163284
224994
183831
192182
761868
644991
403842
591253
369431
435179
104542
600327
161897
385574
753933
515545
568876
111603
845605
726303
463398
452360
500123
73911
617446
145926
754894
200814
728298
765282
413326
369404
756049
762146
420391
516139
296824
635715
810478
87733
65587
99159
856038
817579
20137
819244
139503
337170
488908
377191
375341
81959
117204
641968
602096
134244
801528
759335
237797
553402
181352
826356
641400
22590
568969
388476
157540
541632
26382
670800
645753
301910
665199
531711
858249
639000
236809
375243
411823
736645
356914
822201
796924
286851
422839
341698
106527
35427
614516
430919
816848
181410
50350
794785
244474
652139
282385
459318
222563
201851
521954
832296
387705
887581
132928
419303
581914
669203
220219
533479
147744
653558
169168
41292
660935
231412
767681
506401
381661
823833
332494
867496
511077
677417
321490
216332
429735
463849
207996
525619
814199
189053
855271
199663
348641
436972
847513
704659
105390
181568
513781
860675
89206
385001
300861
626692
94306
86721
209639
290386
551772
289450
816122
874705
282934
178036
782054
699387
768979
414266
401854
506359
483606
382252
613523
575947
776453
384488
321326
565608
3481
316737
3305
234756
240773
207170
530922
26181
521377
291628
142941
631705
758994
219706
177837
624675
292023
65062
534303
82480
23602
396644
698444
749319
850769
612908
374841
559966
788825
419029
496276
370569
128878
770941
567596
768942
764769
744773
107917
376692
65527
103545
766263
433242
750961
838445
118331
667492
581533
896547
127346
217711
87161
94666
583769
838374
376191
501664
579052
161069
387825
348599
263550
517915
326146
688918
230514
244677
415839
526294
678682
371700
284537
736461
60425
344696
597743
515272
437655
81079
798940
878800
155729
655934
738266
507407
56825
641976
295058
733101
491489
510844
511170
589843
657824
513600
523849
350448
454447
513452
489458
666937
358019
640714
235578
109771
88551
774073
103775
870733
160885
332160
582120
584657
341425
66079
860107
409369
684801
24513
379647
199638
563949
115503
178335
591627
328143
734558
373686
323120
302551
305576
157037
604723
728446
895256
221103
388120
338501
49119
516374
804705
840298
824707
632564
647273
669957
719767
872191
681739
91941
296966
711385
736288
137762
374409
589691
570980
314079
264952
884126
47066
158750
407837
851462
315206
879103
352356
20972
162872
669527
77455
409126
755209
124937
577701
17525
865597
122499
511946
326826
878729
874840
814090
146549
671726
9429
670095
355084
828355
165858
349011
535637
333105
416504
364463
322865
695703
711193
661009
465220
826478
468496
603820
98341
611239
568326
255785
877502
469009
580350
165052
485120
399734
789774
680081
811751
804805
107546
191717
291781
544426
522607
85906
255822
625561
892632
848866
392000
779082
178816
867780
413196
602943
879526
316955
150725
6977
372758
94644
111716
693639
559977
816368
759606
143736
611739
415232
440227
431976
546757
631887
733627
58111
677943
22969
196286
114967
442612
824089
375752
380580
198217
305503
24280
238478
523051
388193
722236
704601
606316
815752
670811
501510
400314
505260
681662
522354
67412
296474
805212
714620
262186
296817
246048
471396
194896
607308
431033
62607
817278
39449
526590
410663
77959
155720
482140
784735
671956
208736
639101
872949
70941
833963
492950
345936
168035
214674
757582
185960
890765
897283
477766
231876
382525
77262
499434
204575
553453
686703
174834
158596
339244
417766
395093
604569
679151
230435
361515
3864
169974
373116
428252
873015
426876
619873
712555
525033
413210
357798
896601
44926
716121
344863
248983
573381
640209
896299
115659
180178
612835
852551
43262
26395
235184
178788
153601
214108
767668
413138
566777
435322
854307
183355
4398
772005
370046
591500
197963
87158
708337
686286
260275
134744
330348
347763
725697
266563
416476
334252
407577
704483
812069
448439
112561
77207
55135
102262
463062
719925
394539
835515
345724
784524
355120
893631
390149
531521
212981
426162
27149
455259
723293
647404
753008
625338
778843
108066
723289
878433
588912
717877
824359
677716
663272
802532
853886
59869
284141
643553
466408
538729
1030
664353
55014
458767
882897
628493
761975
673361
604216
65174
759651
519515
549074
191685
548388
445320
728761
365648
33874
133699
134019
82921
471562
54667
1471
827473
536570
727920
802542
807145
772299
165434
188380
354953
273803
402986
641721
43465
158135
303096
851225
860764
562914
48890
41092
631389
507620
595718
869690
432674
40641
660206
397671
941
471636
113867
329023
727746
738456
418517
656854
138098
671060
544878
541150
316629
197953
2910
79486
37175
832569
194905
612652
379337
534845
54621
111271
716760
550114
431480
324403
107323
440282
330566
18705
130437
551995
111767
247386
189019
790670
399471
83065
671392
802613
31272
684418
762955
398778
522642
851443
409658
70769
534202
146917
596000
80777
441800
590638
361210
816180
181506
893271
145055
362512
616654
722293
401429
284209
431029
150791
593184
747693
377187
785802
299222
307556
338859
561884
319374
131562
340456
365963
639479
82419
288798
79161
32869
219354
223582
271535
253478
232813
852808
294299
74514
746744
56651
333735
369633
54540
544616
525495
249974
722700
240021
620863
98073
517652
865853
729567
670275
641319
235364
245532
372434
474259
301384
624571
566621
877411
129156
405853
182241
353345
640494
520466
472857
734085
816704
660155
573260
887487
439412
825408
834144
19261
544296
786443
520909
723801
62401
237727
294253
883715
241099
888184
710831
50662
348926
162752
250890
64729
888797
399243
467823
551140
170936
23504
534775
214605
217970
143557
494011
778654
726717
304246
224771
624533
821280
113953
183734
336264
849818
577425
455184
226898
816257
24052
148946
492543
635939
719419
222386
266704
312686
394063
537171
287147
503595
51466
184592
408162
256388
565433
467858
784414
708486
742284
401057
347879
143170
653078
51863
406003
603982
851784
217968
203082
647273
59781
161886
714930
121979
764545
489145
620667
363162
882875
605939
831496
862249
778132
265705
365912
287835
71786
618261
420881
865045
58582
338368
826633
324498
440062
300438
487344
740928
708120
16306
390077
169447
497917
669560
470163
203146
819717
886145
893775
588038
441508
356657
224369
824887
117024
303908
589029
506010
417006
788231
601453
682189
39817
444420
887980
268083
741998
878421
345394
846484
878422
796089
375295
569856
462417
821348
427862
205780
380059
394832
642656
730997
894558
703890
60089
232314
681988
102792
453627
620294
695447
214958
467300
732466
769048
430287
130823
62761
651640
879545
437485
309997
51765
680009
851589
575608
531828
643301
302415
54301
47256
499177
358273
84812
135037
106425
592244
480564
846836
358294
598190
891746
373627
213964
207372
263144
401911
36039
631052
391066
25521
780261
792213
869393
616714
687655
310019
5746
529532
451329
406291
318537
691599
836465
408903
307182
539989
768332
860150
370410
733315
574516
288275
85427
112012
660550
471352
838355
562875
893071
113968
490567
572588
721119
756830
209379
19304
295061
199053
61331
388956
812442
601812
415068
227029
286506
753861
61152
142138
701517
258355
707969
565445
665989
392766
615453
501887
129823
886589
569687
554327
692011
119302
257878
384255
587849
447900
138279
345732
584345
447990
375390
472072
104693
460520
173594
747901
88283
569809
318150
381151
428097
21824
324027
388655
8365
500931
873667
893704
215773
504461
470136
136672
167200
149731
153483
784157
719528
35716
899777
465905
247255
171283
188472
566643
725174
588290
791911
176859
444069
698749
836547
692698
860620
356047
299198
151508
844752
289397
47273
389563
427170
281534
894618
435721
188625
511995
371241
235673
230911
628201
16117
268995
329745
373559
31236
220403
882240
741686
804967
845508
552877
190365
751899
279006
773042
119318
591436
670472
140467
242505
123860
810828
527923
875682
454786
339335
388674
455969
321301
549033
880084
726943
646087
729039
846829
31768
332647
517498
248377
511961
422398
766059
545848
751590
493651
698974
247670
795208
14667
457280
507897
8114
585384
129871
339795
7823
320402
21357
810808
275530
328627
668191
219465
562586
843643
177000
89391
330855
388036
159165
615523
129213
334864
768485
403785
874156
529871
507087
531101
835449
339901
294736
98022
439493
253064
644247
20392
40504
593135
854799
425750
591018
295877
853521
737411
787886
765909
719234
33977
476571
198048
206800
631171
819736
788866
397829
756517
632899
203858
695526
133419
111262
749352
11595
12991
154422
757721
729466
670804
722098
287037
417730
406080
591604
163666
95217
601414
531887
159801
815250
860913
343558
405822
660071
565853
552700
175638
760671
266286
263934
117025
468725
732612
867785
474670
118469
816167
635097
291838
852426
353116
745967
328608
590297
250106
742910
620700
489812
412022
46354
736395
765388
675386
184221
752227
528246
94100
36255
375953
527976
145802
99122
19999
535601
27916
368720
724661
79282
132418
572289
456251
865341
170276
528068
598141
677160
862249
121817
358471
180110
36342
495081
372976
657795
620504
56531
145683
891281
579757
104852
735351
623571
552765
225682
417297
19758
427302
178661
229824
125511
527636
570435
604918
823845
753936
530342
639702
502820
733647
267484
628664
458227
588748
402762
617290
696395
60624
414493
84625
68588
250860
21392
427981
436309
726601
705875
643738
238304
518487
835646
394610
40568
645794
298866
764176
285591
2083
237128
230640
1537
166707
374008
359571
448407
258458
799560
472318
582488
589349
597423
443617
610266
282645
272485
481685
81377
232500
370889
25503
111226
741379
645038
446385
817783
874287
500195
170224
85864
753570
693726
501488
345553
777846
317540
877115
405773
747844
203223
281360
230175
756859
700125
264936
630609
253772
627593
62773
338124
745761
423848
243747
426802
676750
145386
161280
441371
701408
228490
48376
291786
748913
665276
666328
333323
360542
341394
682996
89195
461392
33388
809989
435412
40150
776474
208138
396772
325140
473038
271087
202441
194389
735267
715563
219323
719995
397508
37699
557333
869399
597434
357708
466257
126100
523190
452622
385216
899534
391959
88387
788451
168896
448953
497503
295242
481659
54715
543466
208774
410162
730026
856393
48364
794834
111151
430330
35560
603823
478257
842942
214523
66810
890985
861137
296019
369967
735553
276084
648294
539658
612615
572044
374571
86617
779284
568771
64309
805389
538995
635949
787500
583978
94704
152613
373418
258558
324607
883285
13551
107918
162918
627605
599425
518316
263880
597354
60259
598469
403311
731376
157617
505847
672085
892082
167989
201855
780367
884758
594249
48592
137079
253206
584842
451424
794932
345961
816694
93628
201864
750016
286594
281052
848758
678507
671897
264786
657486
758076
814293
164155
49494
393252
6611
665176
167158
542298
768247
429942
204928
702490
26715
807433
157947
835018
834549
884759
23819
242679
578916
28081
2622
741822
344854
235709
596149
23046
194650
222574
423725
169035
499324
265493
268681
468118
875875
36305
894430
591079
514083
163713
726426
555477
820223
147259
870162
382828
345343
240277
16999
590805
266185
26432
605748
767411
407711
755156
763671
337481
716501
549414
111513
141690
463502
885975
882332
639688
803730
759206
527232
666750
172366
857286
127954
712745
530632
492266
211889
31137
798268
626428
477758
166949
217464
378893
744031
891812
371953
856678
879024
892184
261952
507773
426696
212333
310941
175780
538019
446816
878742
812284
447121
294690
293900
802311
63258
25628
858154
581658
612620
136940
237250
132593
478595
817101
172102
216444
54963
252565
834240
414423
249205
866231
143727
883864
360140
237449
796638
315937
728979
290017
728707
655190
313252
860760
110641
703944
348071
814800
615290
252368
317494
432818
580228
529495
774154
227856
339334
167794
431523
840425
558592
258539
677560
448011
332565
4122
550969
472690
512870
170323
524862
37454
446059
271864
68079
393795
234384
632943
607214
267083
577643
775695
819556
601846
141750
10132
812615
537201
124173
471122
692773
802756
183557
66629
34575
890710
462566
490983
434309
744587
641607
71099
473754
274093
75173
135495
568356
109000
115103
95710
152002
221551
104721
267675
216618
730621
741547
836938
387374
490198
620686
547840
417962
878732
658050
744075
184589
68285
548503
532483
78882
787641
212886
193888
564442
584897
888898
610182
414103
3115
117105
511291
629783
577986
578209
602425
772283
782218
389977
898654
654483
336098
596253
163840
365865
106274
633229
304223
637318
737252
453147
223859
121700
406847
161895
831780
494546
732142
690520
439929
506653
643183
385657
508200
854721
167591
693870
419339
517932
218338
161330
802356
643211
3065
743215
85463
712340
495405
617624
748134
549646
400847
615622
292154
343553
491138
612141
675436
864310
164888
657787
623396
786410
725336
333325
744553
543413
524033
119981
847735
229937
472201
244011
860719
312233
114335
19607
388360
102047
889678
186425
260547
55994
242530
64365
739996
276171
817669
553566
759324
125306
840802
477758
28812
597810
492587
651359
313444
229861
769590
493041
758049
874877
36034
278584
449044
584481
280087
193769
248503
136640
443084
488610
527420
614364
161858
442051
139678
313718
590669
814029
114040
491283
280146
356437
707220
839656
588044
771620
473499
623655
717961
129070
565067
835653
184850
70798
255624
760327
334535
825210
682313
44393
54216
875528
731315
13674
467121
513245
497347
543383
501949
613165
433828
18387
762923
653813
466016
136992
570910
171792
446451
325485
157598
325017
141371
601820
614812
343422
434572
507535
63186
251230
585281
135374
628489
890847
137549
649591
31988
284014
167503
645698
764346
69364
168419
680240
511025
42737
624468
500240
215078
280183
874480
771405
469945
688326
364565
542712
799652
115903
772135
484269
306140
342504
156195
188996
134097
85723
272653
657879
396336
606155
270310
277483
563047
494772
79130
414269
29896
376861
674805
789514
52263
491117
77270
52666
377245
676743
92955
744779
345327
68100
251676
884150
708169
478892
717972
474271
169668
411696
246425
450846
178247
442439
708269
628293
679849
325186
584685
828302
167892
349710
380006
817155
803397
179910
250600
76873
408912
631699
207731
462537
164609
584673
515790
99900
855517
399870
391382
191763
756487
767730
331699
713185
746558
81878
371239
808549
20836
768786
607775
845719
433273
28215
560812
769902
548902
228438
352075
426732
430165
587323
216288
804807
264381
467209
81826
141749
110428
669523
230799
391635
644285
863349
69472
166322
842938
466957
22584
643871
131451
411769
225814
778157
16315
811981
164713
720224
289099
650289
708259
621753
740176
393173
456646
798073
403816
708754
681564
558068
768874
483455
729187
566228
74315
584972
151876
406631
624253
789119
540964
101094
851474
653512
238772
583938
116222
799715
144291
542829
545403
259210
358004
630370
816133
125172
212074
201491
881605
836078
523487
827117
246828
477685
872532
304266
306933
558221
275779
715922
890957
694336
75952
620495
735374
118774
559454
306892
789510
463150
268478
465608
31511
453495
255553
52317
308568
428493
443151
784552
877721
167187
515696
501973
822436
493929
876104
648520
269982
284490
312608
511209
788588
505989
393887
546989
750931
799414
251672
833598
588728
399201
357628
329543
601862
96490
738768
763997
633549
217843
399225
438157
691527
449139
238452
542910
159575
359439
835554
718883
310059
571608
463264
13920
156928
427010
270261
651189
708644
138556
178277
614668
120758
34896
667875
215739
351850
60216
189827
823415
632488
338619
376236
148341
865236
496643
32077
666494
99881
163484
232807
486062
344447
671468
460071
813097
121451
292041
186807
547547
100229
495227
160618
386218
462757
779728
168470
765083
362599
330517
99423
399741
112462
754648
341357
538005
807492
561911
34495
287783
190878
744612
767481
212575
364990
611736
641241
860633
316083
664272
478888
387891
688028
700489
129611
422668
97673
63476
331929
428537
79266
180982
336007
280676
656033
264094
769407
304001
582170
819747
81296
859119
629755
723610
561342
728007
762766
536433
837786
96965
480955
65931
636652
150160
485258
744984
77548
75271
207399
621456
453649
613833
535774
119085
400289
306337
456870
123714
476903
3981
82842
185787
490018
834729
324994
67378
290169
435101
2800
405995
547405
823264
491462
104397
52711
853479
852598
174334
444913
538189
552801
765241
766081
395521
796736
286638
741391
428103
677697
635863
622599
56844
305161
197139
441562
801098
144728
11073
186767
788467
135947
55258
624599
871389
178682
599274
696542
186667
338433
448653
679005
753140
593148
800803
180493
335859
509324
67055
118006
479530
119574
807378
285541
94835
770315
497246
511228
396676
530114
698586
55043
698462
744448
761874
837628
587635
532026
868599
813396
842961
66258
444506
509334
57935
443357
499424
127065
138259
359749
28675
157690
103038
326090
660518
93252
274517
615587
346674
13227
17485
695426
644817
138873
746065
724662
390886
92640
563283
25962
852487
51822
186413
616682
170041
43870
838994
205222
597799
804330
326039
854159
93150
163038
841495
651711
693767
294729
526823
650453
738113
796717
277463
209533
383579
669333
153729
454415
96908
644774
13554
345326
861327
617582
410034
891184
322558
551257
95058
183645
436425
408707
222896
636848
836115
393992
34634
479514
729290
834518
280445
414374
271905
518820
269176
133272
506475
781180
365346
495631
186102
619827
450533
285641
177762
852410
89141
484934
326557
527405
637569
62372
758012
775272
273173
667465
551288
619034
862121
737664
95778
37009
58890
532826
301188
322005
464803
469013
99990
376881
271496
199835
355898
777611
626494
517441
185108
159285
177386
441360
879625
735452
171445
848385
362420
698622
831128
819200
261311
89689
293354
634451
128772
608158
34531
75028
823103
21156
168428
849786
393679
208952
54502
216214
439786
4114
498259
543833
762138
267012
732580
84979
247992
408107
326976
606614
56195
479432
873646
34073
139197
883912
383904
202776
240963
98367
268892
277209
303142
160404
739432
575178
37387
242550
529713
298789
233627
505100
333015
703829
826311
92265
699673
168659
617085
161726
353880
665193
522176
554890
465611
368375
882182
574669
576799
866964
308083
215514
733832
316620
414733
265194
18121
568552
591453
820013
494012
387212
874209
52412
400574
52569
55952
440938
541754
195379
342699
803577
153904
461980
618268
534696
365058
593343
892398
449162
268699
704553
495849
117362
613308
518386
311976
343978
140709
515642
129593
640259
350428
335726
317552
211591
621565
40137
595464
423306
79166
441847
108120
667199
639101
308789
81837
671879
546408
718676
209961
269604
631849
875709
747768
601292
253324
647694
464779
488920
403695
624450
383700
805532
621733
362927
436764
471249
340422
677961
374084
108494
56503
40260
47254
875542
179601
749719
110439
557418
49009
758715
503819
735583
564443
216786
748597
791658
445291
863749
463626
775288
670426
848294
325217
681114
794858
735220
517753
357534
566895
325821
871190
460057
821497
809086
391962
864896
578946
251653
80860
815093
809168
83096
198664
504318
665959
17870
134195
826354
821102
248378
652153
139725
690589
648393
882772
344419
317824
872961
825435
511985
775050
482793
549877
259919
546266
841992
599864
203905
600546
623461
682883
785549
50202
511949
792308
12519
608192
397172
475142
286279
667145
425330
596651
746525
81993
803247
763682
792315
11131
202873
751445
409200
890925
260433
415058
297076
627724
165927
708228
155135
276423
867354
785677
445173
657858
430177
376418
23420
262074
161287
139459
446030
399087
872465
797846
827113
23411
672027
815487
837828
315310
85985
732349
835997
119435
316506
827267
44653
814019
71806
17394
333596
218020
224360
320816
867025
779165
495318
545832
340834
603849
360429
180030
447370
871957
475578
276076
144024
42416
873939
120285
52516
852942
857244
298405
708508
708985
867174
373692
136317
24596
512465
700278
173246
869037
221138
183456
294565
423007
448144
447704
699325
129857
278569
735721
642975
818287
654993
747810
562669
532499
19706
880050
827134
677775
840655
227427
303603
706281
725146
291120
512808
667347
109702
725060
74086
400599
841726
