5959
766518
955299
690151
780965
47165
267922
235496
376493
116658
192867
507267
345561
582707
562767
390299
231526
923166
71305
833949
321475
241104
884410
167518
97381
576280
136743
800785
283255
996093
40880
359585
228463
440872
778098
547377
568252
808560
128395
894126
680155
426880
981885
85709
29449
907367
973996
148070
604499
176956
136961
245933
983433
387116
812145
771785
936849
737506
126168
138194
896407
458513
25919
91564
345634
795937
65468
626746
310082
178355
72377
919681
658598
603219
331853
988443
547786
246457
546886
30229
298189
68092
604424
667685
401440
647828
465806
121035
359899
677258
399695
353410
583338
123646
732861
952483
569764
210580
75751
196503
343036
181693
2239
553783
323280
931357
447029
689410
803551
752350
545985
411834
148248
796369
578880
116827
379341
572092
620406
682681
379462
790788
91058
729333
134066
406072
75215
258651
929528
293175
471126
332955
347692
452864
64449
770467
605086
184852
36571
672149
897100
127626
665091
191018
353207
401391
276175
587619
29587
488791
760908
983847
369623
172293
954532
598526
857205
511794
371225
506600
29732
289342
735021
127323
289048
763568
559460
973656
884307
973227
369313
309481
19477
62064
354413
334201
430895
342346
440023
438671
953782
107738
777205
966889
975570
710783
91656
328881
29238
163873
611902
17822
219882
527387
573648
202666
370756
775619
406284
220715
748725
148439
9773
132433
762303
136773
13990
575611
452868
568150
163326
798134
340666
666873
829972
389075
351483
369960
1156
216611
114937
411385
269986
99281
329935
323139
657955
799069
614194
308971
263324
8241
114054
782602
199202
459169
135117
937276
500816
470788
880442
434248
18918
408041
141604
596519
678286
8248
533590
524723
275643
930279
918979
707566
136938
938261
623831
151403
964170
685254
582184
965020
530936
2172
219659
975162
754339
445870
933891
601035
18575
55336
424021
306003
45365
780478
712567
697241
145415
230894
526694
30740
686928
345809
737623
202099
119098
365822
451013
662342
905706
474940
825641
814284
748613
362849
437576
362137
356502
399499
13222
221092
419208
177786
954968
747115
493133
47625
886455
416515
464609
127943
173041
801599
983529
579702
925241
818940
931061
420000
952222
29896
612709
449488
213241
694061
324839
563444
956801
520221
711198
545229
164409
102395
690846
182992
924424
558148
7572
738077
159081
89944
893891
945689
734649
151721
913257
184298
879149
933823
944448
777614
979622
47013
937568
818008
631197
766707
406849
737929
215481
360377
483615
637511
995328
227077
53814
138812
834665
818322
957805
312462
789135
797645
661775
755510
545410
679556
605172
221120
988344
902702
803070
51230
620257
134673
640767
803880
664152
171540
919544
522420
855541
128865
366268
378638
547007
350390
628532
413332
701055
326473
333243
461809
913712
734230
632937
343988
154642
753030
111213
979916
967837
189885
291604
274850
31955
65024
302694
750483
966318
904642
227951
942408
778041
816010
308059
779060
199419
142082
776891
377130
566541
561630
204260
230617
224973
481382
370230
209125
827819
247842
307194
412258
189601
961570
839845
483695
169983
631015
383098
86061
679140
308657
583307
858779
270025
139686
711967
874256
444791
893020
950127
357971
39449
460995
266827
794
15212
637426
334874
666142
185938
822604
469822
923415
399110
952015
411286
319193
891562
513785
104605
340491
604605
208726
578223
328896
330216
936555
572140
736179
884727
947129
275573
204196
400165
299310
984020
169481
881168
55149
130168
608435
653003
799672
147677
297023
461202
154872
478218
695348
631000
998442
320372
890368
294269
272869
934528
624586
419035
709771
448806
939379
127552
84108
100849
747695
633014
803858
229731
236793
764029
51085
752565
508920
394970
328091
871739
396268
328008
656338
799398
235604
191053
632878
885667
854112
508392
985810
300194
616142
923814
35388
284465
321700
942164
143818
276934
326537
641487
18019
111003
136511
615991
772100
369908
945728
877506
956007
479996
612341
748781
613585
964109
509453
817485
440633
882767
715392
74435
814544
411640
878625
146445
543473
254129
683289
279418
601447
980441
10949
806902
204245
292578
878574
467907
402630
754201
786529
137224
34258
830660
573035
587331
251113
26212
104947
742683
756671
898842
998452
566609
503700
199718
582421
973524
954143
293322
231142
517299
900694
660301
601529
795821
626397
434651
983579
123492
692744
561674
158830
802544
660239
776631
16868
881360
642637
649871
82714
528828
649909
189866
351630
933846
78994
293777
138815
3518
975736
758240
60064
573637
737740
72711
396216
678201
371501
649194
745433
640158
196030
914536
366330
278974
191314
266937
992756
607512
641714
567281
265877
559988
288781
250337
551973
850710
431421
469405
146163
454545
905074
280023
346458
824370
554173
956842
435157
228893
18171
651251
318716
116278
828316
280986
107611
684022
76495
905646
225197
24797
277772
227950
264314
523078
57085
47013
368970
147542
191306
461549
574725
365646
991743
587667
480424
340289
562460
282459
292326
637983
246330
347034
19737
585199
717973
107842
222627
77339
577786
637755
837734
305509
457486
858091
465627
815736
31096
396824
512915
963545
150380
852133
284808
807612
86229
204921
41503
412979
431327
654653
730557
953537
38878
116995
1347
313805
926110
784132
741543
662514
358856
212674
627440
809907
360493
835468
760462
393996
788722
8800
278867
848291
359256
610474
201810
223774
19367
50411
647315
882894
987319
290485
772528
220616
79387
535698
755919
240533
196714
390021
879611
578431
479723
970920
763105
99340
656796
383156
169125
285255
449119
964511
922399
618873
452802
871712
922678
780343
716586
428110
678550
305685
125339
21926
511249
548920
323493
368427
344912
752521
354670
260328
367091
531462
226073
375697
648909
495026
771345
415240
267957
417133
175156
51835
149194
812638
134558
818986
364807
461196
174288
888326
360511
953356
219005
648693
944053
327637
413489
422835
940250
85871
668318
267986
790627
402762
959045
769570
499207
538795
584765
570603
902546
915393
324579
635351
754665
764758
176479
770925
526235
74081
491150
446328
655583
6520
674577
604806
676912
303522
4978
644620
255810
581387
245422
52903
171551
925329
54371
392381
176931
417723
181271
627586
896912
168713
547682
896406
89999
215974
806650
954636
608388
550330
892377
285958
159436
228636
82829
458684
815766
904293
583899
199067
192603
210591
975441
839946
71995
205341
123623
755079
324853
225316
418257
492272
853315
526023
180836
158878
998352
774096
63266
902252
282839
25178
808868
271829
710041
831356
965411
341435
433851
778080
261026
182148
308665
662897
21564
300447
68747
345970
677638
176677
629651
317420
673888
534938
562495
564480
357597
2834
126529
193114
438476
16624
451432
473222
367587
848394
418651
174684
635527
143272
971314
839831
926011
866539
84401
931972
891746
904715
591394
817366
104754
579001
960590
504662
867319
49187
439127
702583
644609
947542
772213
538760
135660
924093
986891
411906
969546
878407
642533
756353
653103
768935
629073
239440
862552
544501
78039
979613
863288
899826
611862
608971
156641
673512
124668
627046
656907
124656
116769
220402
780613
536845
975873
786140
969397
800182
32212
192850
377101
351922
667084
134126
328845
866907
629546
967629
402990
389316
163966
218943
280754
778423
410809
997207
585414
758743
398256
710369
394704
995236
133424
174003
809435
379421
246328
722076
911580
31424
829591
910266
725345
420205
427811
941096
920917
395625
53395
448979
880498
593469
922810
140526
462147
791038
515552
128188
451861
360744
838719
955722
258938
866276
547671
782399
94073
689513
47342
763147
476437
464574
75432
380861
75512
463710
425342
964721
847804
114420
543134
674598
653399
231045
918175
437678
576544
80237
714848
699454
552258
647681
856188
663653
208188
282708
841643
545178
142994
135381
368824
627502
457364
861141
706778
708128
605064
354151
163954
286159
561078
747936
33696
387338
492497
76734
641474
13059
679037
243813
826955
38499
901825
523908
885435
671287
15435
427095
303616
28871
88602
868101
542697
889671
117132
4713
860995
499879
45444
299694
364882
966981
467063
787859
349870
159490
942420
214478
572343
615282
102669
487117
995510
665837
500295
661719
965073
109635
672858
376849
984875
802252
690501
276317
143382
872796
828017
431837
685109
604758
854624
400597
474227
828888
24754
837294
412442
751956
562324
406487
514705
873150
138501
400646
255029
803937
572358
532701
933202
706573
941918
454887
267006
458603
572679
306881
231058
456561
67193
979221
351110
920240
768144
304322
272680
715402
278172
625176
729465
267778
787781
899071
859108
378156
876441
163255
140571
919747
57524
474873
497680
959065
110667
375933
36174
401385
789269
256725
97777
255240
894742
823671
469960
948538
954121
956632
616325
461025
244841
46963
979871
972689
508508
923432
88005
844478
595836
305218
501630
82263
607556
341201
857441
269292
543508
617078
853358
651465
107873
934397
774600
195111
721532
305636
482640
227768
514045
99322
599391
211553
640588
973475
980319
40836
267275
698680
560135
506554
636963
158539
941937
582624
349674
987656
747481
499081
405486
518582
895092
483153
850401
325533
237803
331153
108769
376322
776946
511022
718370
314894
691465
549964
427770
889805
129935
451168
272776
515346
603262
855780
789570
154551
914439
74915
222746
506177
583947
455540
629965
59875
693939
16387
287944
726105
245292
226634
922807
730293
552386
500576
6123
170679
584088
457128
732518
982228
369090
809002
451910
902873
951423
614782
358540
292393
925846
692068
883017
264482
516555
860401
609892
562014
747582
670436
527754
281494
355745
539287
972594
627040
476244
133777
719308
236953
44511
979960
134469
538845
517963
769188
897785
492083
974173
821902
550390
101958
10800
133415
829993
559950
482990
185157
550696
771022
509419
24696
117787
960630
159710
654011
355208
332648
153148
973126
84985
393815
27891
414272
776459
151052
580096
900818
291734
150915
152237
898519
118644
712306
635754
178287
650928
792937
752391
2611
226637
96596
116940
122755
110640
583134
660726
456762
545642
734064
189582
278851
513894
561111
149478
515205
813996
392260
589235
735290
204687
76780
443266
728477
362745
832784
454233
302082
354641
606999
19883
138815
235270
682647
534326
667208
714235
699762
352061
736729
580239
769693
398941
505804
630408
429692
225935
320458
266459
715689
774009
608734
437978
645844
344945
171301
320442
454084
106255
489442
823936
613948
343021
439534
139016
116856
949182
526924
983666
395030
410760
729691
820841
221906
241791
548260
906449
419498
816895
33811
142669
378464
364006
334979
210794
539038
880908
169266
830059
978355
738337
313428
4529
20412
792801
853443
235655
906654
132534
880339
746952
753839
685418
256964
106925
522100
635590
990801
419191
122629
999180
390629
517237
519373
680974
574765
853934
284010
255560
818943
873025
18595
309915
598105
904635
364828
449986
150518
143275
987571
409569
310321
439583
219511
5528
808591
15782
450568
492629
885677
620401
755722
698115
815880
746579
806021
35488
450857
813480
569692
689004
912747
15313
486888
807293
426474
845725
55985
433839
24906
513987
512585
326777
11873
550732
633860
920092
267522
945869
858711
661620
886631
121874
368204
841201
600570
558871
80991
498015
364672
558703
839417
859041
852643
396936
400070
862076
528794
784902
783029
61327
42551
953355
50763
353249
652876
236056
462884
703635
720571
608589
368904
225332
563417
156236
104294
414131
596350
596988
283952
961455
234668
989225
408786
29867
618906
486793
879568
519005
668252
141082
950331
971685
166768
995494
535951
47067
613927
293992
866348
528001
513197
194889
166127
109975
693496
923139
261421
850382
152585
695783
24395
294868
989602
236793
763837
674958
944197
666425
455961
46244
251684
674813
343191
485685
19434
994297
214568
599852
463204
792289
876655
173098
860942
771749
783968
652835
500662
262299
701364
194629
429519
929979
230790
941522
677461
670275
342029
216143
49559
545467
595767
305748
593254
188307
703006
384516
36056
913832
690537
465751
700537
24613
472578
572371
933456
498054
466735
435226
712969
330104
545167
873052
568324
911709
570420
97388
801529
919211
461527
934832
639301
95156
76156
320755
42006
392064
562595
427093
409840
470358
282856
8546
477209
552858
155832
172415
453863
398608
283120
732544
839076
764671
907923
523927
168219
983536
347112
974888
666626
657749
304110
91576
798467
498311
178365
109251
584297
123944
763387
641964
148323
458984
222519
333839
632
586402
837733
698867
457160
438118
642039
519451
823099
721426
408340
891963
550856
728665
814903
89928
19492
243622
464615
897640
567429
301017
441614
649161
728337
702127
396281
677773
919016
817473
711147
884643
914763
832611
359518
801841
858279
604269
945559
994029
819778
299030
587364
848331
946241
958395
2293
19729
248403
117504
972245
629510
320958
26061
104899
691272
281860
794042
162737
411965
589361
940101
753560
960418
783620
913216
159222
9535
564728
905224
62246
853307
766381
803119
167002
859980
531320
336891
887030
282054
524100
90120
492876
111765
955235
310088
723760
671174
542709
190251
388472
232511
555699
663258
401106
712079
615961
539356
186690
724896
686318
245404
133814
55049
238449
465794
669127
650048
742945
646717
212302
168877
787369
971490
421473
728409
461095
567918
344105
370821
931608
225127
842913
963415
184801
82849
736237
413296
74812
285213
932437
817881
649213
666636
973276
651035
69568
551985
939905
758509
541618
626276
620753
119688
292408
440754
737255
547863
10879
795042
432770
842634
325281
69779
694913
110410
593457
527105
333245
756807
48291
283814
671939
391596
661787
212861
992621
819188
189584
274401
452443
326614
400541
382612
266387
212764
513188
323548
134515
263826
660447
282824
848783
468761
446213
220817
372331
554203
606036
263067
296726
492441
454337
841563
372833
660383
633850
513042
689275
869081
194132
742519
613162
330624
310870
88690
907816
483501
605601
691717
530648
733454
81146
20933
505955
380982
534518
795974
943412
727438
370241
522006
554188
959337
602954
974943
268482
969078
513103
824112
982235
413582
263424
589333
297345
424877
446867
961698
995748
73278
101796
174351
849834
593039
259782
45181
239700
335908
494698
509207
500142
657447
347050
578644
948402
639741
14387
545816
610811
826099
976845
86458
335905
95639
263305
213920
839349
332260
879942
205703
594650
558229
774751
803743
20414
627610
326644
341779
201652
663400
259092
99814
481648
492715
893444
312825
682014
378071
409262
606313
671263
273948
639017
792277
119136
932152
64737
767165
801049
778598
436259
784390
11232
624884
349512
458202
411431
446962
351547
344172
40280
572166
724328
695769
581323
993245
88514
759594
660002
301436
801841
989494
306562
142708
63447
866468
268334
762036
307198
557070
227649
556216
54176
510978
28168
56544
123025
356130
515578
915611
686157
404523
543893
430466
969882
376338
12245
857473
864921
43594
53587
823664
438191
560547
739897
91904
743370
360396
702110
729616
118866
360761
165378
33311
965102
549984
942759
353948
561456
114269
875082
176602
888798
923189
200445
181983
787998
54455
905378
111196
801981
47166
343750
932534
648156
131988
135831
698882
468919
158193
7299
872208
411539
639713
84783
792478
661636
719811
792593
379246
355160
438957
384811
690866
679204
871085
23525
409763
757353
9322
582405
267632
642338
619370
971725
978772
444140
719277
579953
721088
693586
77686
909235
906552
165044
563561
664029
943994
754516
207184
771674
470744
934782
865207
969138
772327
828561
453688
491361
698832
111725
320529
379602
647619
19323
362097
148989
166476
870163
329618
146586
921214
608782
336703
980672
923211
155562
551607
412383
175798
747667
598762
415318
613663
863252
481632
276274
40445
759386
364153
170244
228651
407136
436047
960798
372825
973308
277239
176106
839651
875718
25767
142310
66238
413600
577521
200384
861582
320615
73837
719113
739862
989493
808246
361049
728839
688911
964811
73408
499321
466226
432789
352868
17079
278325
674439
83260
584500
129691
925537
273896
626780
743671
268304
502954
522054
227260
609520
168645
860165
469857
936945
258928
757022
189421
287959
460023
337555
354404
370587
110255
436126
277006
480111
577300
394170
313824
246495
401729
269850
633162
642707
250506
94077
592028
303985
78969
505625
582293
259039
172388
1908
632522
895270
142951
196562
561648
717682
529860
377033
321414
332918
454483
593264
771681
566252
480999
741942
569429
309178
241728
346639
809021
652784
935526
740424
978792
348910
132776
383676
789344
519203
554417
287647
332440
164976
622467
756023
566833
945258
359891
941099
414697
503294
106241
512692
574241
960304
698995
398576
782025
539004
796557
937173
515370
656989
933646
821122
998927
13995
633290
177969
686481
192479
252416
37321
434302
877618
505495
95632
215589
306340
325114
720574
316545
946777
888333
153964
498240
956958
933578
312236
25582
188681
489789
769714
255043
516029
374296
840367
549829
296332
115252
149822
292827
414968
125669
617399
917488
338834
511672
325794
486272
843076
834315
205318
813251
713194
131849
815263
787698
445786
649921
892013
780090
179524
597923
769257
978428
277109
235542
578195
23487
427318
753976
558502
461171
575313
229555
497965
704803
742771
987128
718383
468086
836525
903260
749510
724705
299541
702859
164622
325997
262409
492269
575800
795488
258899
587603
422910
195083
778024
245726
302513
781615
803019
652077
949806
820429
729807
34368
119663
33225
757049
492270
965437
324154
721667
12991
333187
906129
516477
791847
254015
70947
423119
744288
660689
950292
513561
262050
720182
161762
661371
941122
809934
959371
640496
178084
618521
749788
412117
755422
704768
199704
465352
684139
465424
627073
381547
511433
572545
161861
49800
625968
996469
228936
75983
26351
203132
905226
111546
7588
867860
928309
965841
235927
324654
19334
428937
713267
248235
126357
742984
725603
263654
979778
729604
653446
189610
677950
176841
979982
237188
133171
876953
682426
626036
753361
720941
520621
443261
104375
818202
980203
612508
590778
643983
82865
324245
764884
910523
803182
561512
169900
196171
166625
578083
453949
975185
588880
608721
903590
34432
77986
689104
581774
123796
119002
267968
229298
826254
563888
488279
349325
322525
326798
755794
140771
977177
744228
288902
973033
437864
717416
212821
995668
533571
68141
478012
794300
264915
797983
101576
884333
206005
737753
410344
163723
129245
156643
844574
788127
164886
55627
199888
975554
755879
313758
22715
267300
178706
637187
344903
101114
926582
544885
208181
747970
880212
596380
866292
720500
345134
637062
169299
74502
20235
484614
648658
566300
270296
482985
123985
637323
481832
397330
438890
183561
922908
555633
279258
624050
246878
756836
831514
547513
504583
984746
953100
507241
1121
61568
298513
301591
562310
699546
837175
342823
886759
525759
439248
233399
420073
320513
653661
71147
881385
214360
219497
972246
568224
667483
815539
532801
38946
222554
213060
404508
952705
934490
56158
777855
750798
185966
179925
812699
169983
527854
443831
16129
711980
964119
228134
323086
322868
384831
804103
547443
643452
510963
449747
292445
511895
886510
11083
832133
562370
271288
979848
994069
743942
93786
531952
167669
142784
741369
935749
133746
506237
67351
814295
128587
697471
911841
551514
384471
85853
605685
664594
278038
694406
254965
548906
220946
853413
215489
869349
384305
519585
603092
345196
666842
357692
783741
374149
230082
689947
389111
478436
654034
561508
963943
591452
43383
935747
499891
218606
684997
914824
705402
114562
819849
506986
297523
101940
772905
338799
117221
646981
923642
586467
944640
964018
998559
708933
108951
495202
465112
783106
275067
550200
71662
449625
930805
533128
574265
872285
467103
485095
707981
188633
441951
263324
343103
138381
787969
907314
480023
952791
83632
221487
563092
911597
95825
480223
249622
434183
7933
36169
417580
307674
408921
846147
411386
785534
697107
418530
668871
212080
96314
828169
947745
712244
872954
385570
769453
730067
309235
61867
927247
837698
272246
586344
511474
349219
194331
513911
124020
161572
744450
624960
646897
527558
896548
78090
257451
384504
542229
567467
271763
45281
631832
195800
260534
119165
186206
454170
38151
662175
639197
889954
22533
437332
566346
633587
128777
429352
365171
510077
954926
703106
418042
841162
565021
396394
309489
753553
852019
933419
59151
289064
716562
450068
305613
341271
62081
739928
485728
586952
921984
620565
232595
105882
872301
418546
251584
965716
479564
545249
202666
543478
542455
296452
268282
243756
662369
332268
907541
895452
794120
983548
405206
525022
781431
830956
34093
50187
48245
38185
889619
992686
807758
834778
132649
75352
291835
850558
18157
27792
387952
427057
539287
501351
999874
572685
998230
605416
765428
870701
129250
575086
636893
399053
265662
4113
306359
283405
854540
648952
762310
290837
805452
510930
59234
228690
832179
342880
888675
161885
128484
883305
474345
251069
177741
640529
251974
802499
957025
676996
100552
748436
837421
771341
699814
94276
370073
878659
892037
661148
646526
242210
234408
606846
99230
971191
959091
323808
48068
487157
944474
355060
361401
179430
111979
67880
746400
653243
960116
770249
858031
707652
807698
447234
832522
75899
33943
259459
656061
101178
774999
571709
913046
231757
434895
706441
638109
760418
69811
375400
765362
980765
673619
449893
670913
239688
430633
447895
616099
976488
681217
828355
741652
364330
874821
586718
153805
273724
314724
457007
18558
119481
169887
205459
395818
211580
799856
169819
399646
209814
304407
875727
776463
475930
345730
249942
686863
960469
240151
831277
5676
675483
420706
775765
153573
21372
907734
326282
615626
704150
855106
9965
771887
442756
369745
60163
848332
431796
54205
864470
667380
91863
317970
871865
169840
676401
432091
853865
766648
769552
419371
611599
919949
603417
484809
269603
887798
998525
484153
66986
196885
46283
964451
424543
984740
878944
829795
433648
544978
867641
106924
809311
825652
67497
158105
3465
568553
955493
354322
391876
19663
872125
872023
440289
538076
4454
628716
577232
977818
587314
212385
678883
116609
819616
976829
621227
822322
741200
394759
459135
915214
661135
792944
250139
560881
661712
268896
387812
834639
207420
453211
572489
784681
558816
333584
362886
787179
589253
504062
959618
416101
927709
374211
642777
664548
923417
625091
552756
81516
791064
640497
228819
11925
716857
203517
237292
760191
156625
655642
257517
235892
961144
10731
454366
727128
382974
712393
45282
882703
857531
500403
264284
925483
353028
821459
4847
463184
760506
567977
663389
118759
438140
744726
525521
137531
382972
216071
800184
914611
627439
533948
445513
947692
47646
459508
28454
225779
334554
961591
831770
86748
540301
820608
764034
40642
68779
489476
376521
255835
465222
295715
447628
297974
389057
537450
257052
591700
410268
710659
624033
88801
830447
8762
139035
370061
693234
645484
57924
444747
301497
289102
958482
916774
707389
950231
107160
725115
652564
582539
845324
224279
264835
221349
39523
118637
938474
178593
335129
773044
192669
116707
36045
813595
652179
819527
415496
525034
682616
827078
564894
276663
723933
512897
114989
572289
994639
360814
546115
847468
502405
859804
152988
381529
814323
470692
130376
798497
258427
237358
322411
918767
481987
384733
199454
290359
123169
115288
563700
203863
817203
760246
320215
291272
372364
688901
579536
295552
627209
639863
375781
611240
589761
273066
529820
297909
311770
570579
302558
183590
780665
176774
556791
518424
991697
451876
780538
903689
763933
714145
834113
547367
508584
291120
816530
784148
351369
433230
284190
982969
268205
822056
937635
909444
193677
443434
698225
647551
489022
253990
208073
629262
93670
625500
494752
529157
736588
648748
339844
915108
110025
7125
680150
539632
216283
394281
244405
569198
325401
517071
871867
181439
506816
147124
95137
632851
325163
202384
532478
473739
866593
130769
261356
495919
547145
989414
48331
650568
228728
501993
581919
177692
85675
313705
173781
418500
955280
391571
82531
551147
806590
606845
715981
433509
8262
986256
562435
804713
263521
389967
985768
241965
981960
540616
431533
393757
658595
563029
173852
531895
278489
27215
460081
900870
7430
267281
428514
934008
615115
296420
11136
623582
311807
826060
546421
909376
172418
842350
737005
316443
717490
684700
960914
160889
849399
657215
425007
362347
874554
686368
356150
940708
913523
450323
557917
436149
952734
815808
418722
490912
995919
855055
53936
52636
999965
946095
292890
387685
748602
355268
65476
940668
581987
723307
128225
225602
811442
938154
91414
315565
101201
630585
991741
380260
92105
386535
325830
243837
186987
649721
302673
525217
517000
559639
898808
178589
882331
763486
39526
762800
380932
168106
298081
352375
801199
203384
692318
687293
211518
932486
3127
105964
979989
53015
635660
665248
382401
627026
200819
384727
919558
995274
782365
658949
880451
862937
924422
356036
368260
442533
208408
884713
722596
143620
814237
134322
797405
525308
111839
378267
624622
350627
106655
139471
644711
651365
899502
780348
562644
654884
638378
940543
957252
967610
461400
126783
321653
719641
22875
581206
869533
123668
731791
172649
837847
567287
597445
376600
163881
159440
761755
606673
778478
287825
564918
944831
16932
979469
146463
337376
58260
610720
917303
10165
161690
671212
694232
214482
746320
552125
2698
427029
675995
145806
873055
839987
132369
767461
626732
486894
721030
399129
382692
242531
626290
414964
771986
85375
594240
54387
218162
952018
441333
269290
405997
608572
567803
574660
890864
472323
8714
985257
56936
614279
848114
46136
474908
203276
876615
664563
540774
366775
935849
145274
51663
763732
139438
449840
684422
979860
942767
872506
640637
905940
653676
755622
192097
182104
476444
195176
502644
395158
354646
963711
554632
893615
694229
234230
396185
299065
643819
953926
220552
346039
588037
265816
424880
238634
802903
607337
252327
386944
963940
848967
570323
251179
295019
373112
778854
428365
224113
372281
19511
593935
630248
905060
419518
600657
683961
566827
849964
166011
272819
883776
391205
389042
336975
349847
797531
442087
681951
792771
759432
564425
984659
283389
87111
836251
888680
995780
253392
259040
371630
519582
785934
938866
31028
852476
510687
854834
892434
74555
123176
697625
515730
795335
533969
282157
676667
278042
755044
526608
965436
247522
487038
361394
380018
881153
485103
388263
604886
962734
185012
712852
53574
531064
795598
546882
34926
630507
845182
980308
847955
942155
452256
840149
661372
839805
399073
576875
922365
482054
804831
892393
47649
552298
737947
17856
757811
529910
73949
647572
896169
733018
348197
913325
746670
116462
755721
486020
875658
33173
18800
603390
426865
189695
992873
648501
778149
392072
730601
579441
905288
307646
115871
448949
603138
533632
282358
380918
257355
833
330727
9383
139477
395500
757431
394927
715289
823842
195540
676924
298173
15134
501512
939313
86431
672698
847576
334523
416321
706698
690427
481665
313489
517734
689722
206393
651027
11654
614689
312088
508205
872390
627807
185185
608591
455496
526719
121183
777789
942200
360771
929518
305338
366123
902170
206451
341138
201505
638463
173291
609604
205225
879662
120033
224459
611747
90306
774714
161352
614625
116016
511146
121422
640487
278554
436553
551369
992786
877393
805760
880779
542229
570474
373021
604981
970206
271355
877063
864446
946839
301299
303627
656291
554824
640915
843284
767531
121369
154189
545529
134550
656757
511095
563825
808034
658699
740780
279714
982841
645422
748608
376470
961530
76956
392605
955726
146274
515612
922558
441009
382999
128128
777480
419357
716049
763786
925376
557343
428965
238955
357741
396285
673903
279015
812747
889712
30044
493780
72617
278831
713938
415873
876256
356710
585596
989746
831024
723654
872821
240330
127992
940597
843472
308162
960146
969254
284354
846357
473417
296964
101293
4094
484919
109640
112905
620505
946368
881259
442161
725734
448037
826421
30664
721197
958213
775347
323526
365819
814838
750726
950626
710026
496252
698264
110238
584958
603556
633258
933546
693708
43648
458377
709942
306485
50047
766240
135575
736496
508968
524774
669845
352486
186419
947064
543503
978135
869764
59457
907
140186
633797
945941
343582
82689
610143
200925
648244
357275
904852
209261
382461
579667
373756
271218
551412
767093
537561
238215
853581
579729
561177
147110
394427
868024
612841
702715
818075
203299
416305
488212
687488
865460
676015
799477
765724
856532
313651
660809
253063
438267
532725
554162
349039
134222
869646
186177
274141
213602
847705
335937
458080
564830
135527
578926
454424
912447
465113
6851
594272
279094
717982
498801
977881
487020
275274
234731
530064
235429
488015
863774
537227
291842
975642
255615
345973
75680
346508
534652
989155
419679
559187
55508
828354
974013
777701
639874
24991
13728
746009
105621
786643
783794
802
684315
44041
194406
664424
719419
774190
912218
182596
465186
659955
166229
206168
776278
644866
672239
112650
267622
154235
242320
979547
799618
649769
266000
705959
360487
977094
966782
991419
435122
105959
807484
601422
94614
561093
829128
587422
31657
33386
887765
431081
285849
845877
219415
632132
524987
150729
315038
556186
835716
940696
415450
881669
346320
102983
193533
199746
42336
216703
304254
81812
694753
945680
913913
862072
712807
241409
754227
664640
899577
772280
806012
906127
55493
467266
705325
494704
302324
994048
918737
74515
115800
988143
930912
126116
242114
898962
922214
893897
734769
752766
920963
404217
747621
405954
735371
239156
783761
856497
411086
671522
99694
231309
357489
63116
927404
13393
504699
4273
640387
680346
949932
506630
93224
60084
592071
969614
491996
597821
957937
949201
804638
326968
175602
73852
704321
517105
549976
367381
252824
448904
788922
250392
108685
133595
100698
933043
669521
172436
716708
341467
98733
179340
152275
457289
557880
669274
900083
161237
608417
77245
526593
612205
53420
26977
276910
571698
964602
182417
877506
690415
89280
253946
516126
986550
534042
353816
351962
691929
561272
251456
824204
10434
905462
218760
964842
58608
457802
989462
818439
404622
989911
833796
762361
487858
410974
174061
598044
310895
311572
804055
901039
112471
785422
138493
929691
884816
327064
447479
107604
944785
934182
159880
109017
991866
554466
615876
218965
139854
881060
351324
550056
346254
658624
564615
380991
946674
725752
194191
824479
684486
512850
79222
161858
347232
60485
520643
799192
308474
94861
945964
903790
753392
483614
796449
771692
731927
715125
617459
946552
867383
146121
24799
676281
191399
294816
385787
128950
597572
517183
149052
899292
656461
490618
61217
80158
575134
936425
388224
963447
155143
645627
224555
806795
829577
577124
483327
948459
29036
679922
891913
401463
760064
553214
873044
661278
231662
179325
978259
233922
411577
373558
315943
932790
637911
965902
808974
330793
445158
502207
314538
105372
625869
894567
587177
791887
733936
46524
836373
687354
625743
608158
464442
872247
691196
727813
168879
947261
451127
432985
821379
147526
427559
410209
911238
844114
488247
188115
268785
44805
835915
788298
507506
53996
747486
290517
375064
736285
913018
813035
617176
403324
345618
274877
435194
60762
233215
527012
955811
251575
142229
614970
288575
289384
76130
209668
411786
999892
866947
655180
940732
284248
895842
205774
986895
610187
841039
603208
259438
833435
356410
61556
504892
423318
288075
550482
993277
768517
54302
766942
153317
3699
502110
134434
994171
17995
249085
436580
405418
101215
128589
369855
613796
408197
522558
866703
115059
899548
906996
812998
623518
137708
706756
248028
13364
846827
568204
516387
279160
730652
76012
251448
853865
951378
853157
602837
322476
217427
692684
901892
653848
936855
535722
668398
787550
810160
925107
501842
386579
863491
858401
844881
710300
14068
826157
74149
615477
529120
343466
762290
542942
659524
780926
334389
200674
521147
778621
319705
240709
463652
309988
752744
684681
613730
694894
970974
489565
768700
756182
775962
22371
663013
219882
404974
212508
136407
946313
524117
110899
961688
640121
286788
601954
50399
666855
685081
457221
184464
817020
378928
490425
421154
466904
726101
432304
941025
565229
202515
452373
898383
261819
167787
888086
704294
641891
595872
595603
5305
660587
541679
299169
209976
982861
612317
725050
33234
949180
972904
755589
643637
202420
843103
801150
368241
331196
913613
153154
356986
886395
651665
849658
197580
452020
927433
569825
256873
815392
732589
59187
563518
565223
514488
183604
231972
471354
987072
652698
117378
860687
565735
36568
670543
98106
473002
646023
723701
960485
139287
226355
623825
81004
853019
392000
631191
968727
755065
937656
497427
914357
388311
617010
101962
775185
849714
95007
286783
110932
317618
592820
15057
166839
853209
54127
954433
327074
204948
405193
447442
455910
397428
745079
418121
92756
70966
400092
793876
843896
851390
284686
178823
791541
91683
266307
459649
474686
742499
960664
207725
459375
672119
483261
161572
442054
681922
637057
929584
759424
921699
136630
860716
184916
256234
25985
172999
215366
708710
819264
173607
889514
173020
404888
339242
571254
417429
857498
448711
473154
231887
780561
863507
625950
546963
66474
59552
783440
480870
47680
383104
451304
683801
369156
274919
716866
1531
876678
462958
857240
867951
178786
495732
624897
830744
893641
22111
257034
983216
504171
122432
246832
737016
347006
771349
201015
605898
747182
607335
514473
400714
114081
591636
669678
705403
241253
39975
696965
131694
395705
124131
296925
833749
976117
569247
254162
888885
256214
68811
638215
36090
758826
686608
887708
44324
204180
61718
825292
346079
360381
414943
842470
208689
812248
401744
54182
241485
407375
81168
112880
592708
850703
688265
308904
644635
5933
311692
246384
307575
788019
954897
80575
945141
263499
802972
701594
225942
785671
144058
304178
622168
173259
6059
244379
164640
236184
544858
115748
219538
93813
626631
401559
429827
154492
781061
394638
653318
728574
825311
835120
220707
230100
666390
328455
120230
133443
535942
164479
460051
890059
495206
878078
548279
215692
40302
617050
652697
116054
190227
68539
331728
85579
37742
817935
179374
550131
899643
818531
721690
870684
455612
251429
840443
778156
586877
511091
484112
946501
626035
364511
298781
687315
894078
939650
421504
975477
905166
959609
310434
495365
19873
286081
936905
830150
862890
421803
546313
214057
343694
765499
210202
679740
64711
359907
730117
285040
39147
840279
788857
883781
602823
96589
936186
161364
648229
554259
925177
938488
328237
369356
397310
119706
639656
672456
161474
792344
863327
97663
501849
133586
271010
205354
863180
25232
770725
897407
736389
816787
674116
283335
583779
926967
930215
730013
825646
83457
750336
296517
255588
748299
973553
118822
726002
435465
512331
690406
620798
220407
425906
741792
19617
418849
423068
624068
775922
473870
352888
827340
289789
951178
677803
639959
962259
305039
736565
696036
715579
905359
157362
922732
790086
505057
796605
464603
218560
267397
194031
271789
692291
450646
817093
129442
846373
954507
262431
683869
323153
211433
122725
616799
266419
462537
211140
496282
378317
932225
478998
977397
296231
699698
319776
424859
900643
553006
161461
668160
541806
720644
125431
901298
827283
655977
889277
203991
845866
773316
492753
881033
300077
618517
10000
760075
283434
101891
184180
33766
405589
95362
159855
472484
519477
471070
964269
338600
472319
341862
36668
35816
531072
630775
144584
517129
127155
747492
79295
275158
828146
998399
957907
197916
795849
13063
598366
28772
588391
377838
877599
395149
984302
230597
542754
524998
595113
30662
610174
465702
83549
489406
535032
850600
980600
238293
201605
683014
245671
7355
441005
475632
148291
925617
727499
621865
894123
628529
794033
746303
382381
981819
218728
676325
61597
302334
920789
230126
758280
274335
790327
366760
695107
107240
81228
290579
836764
58320
696915
60861
202738
620003
421037
159483
12577
609230
823133
756486
687765
242505
607662
592751
155264
83297
453940
89728
850662
853281
851626
487985
66197
540572
38331
235524
262515
138458
727068
206333
241583
876637
472278
540289
491673
803854
152225
238858
782990
169417
549292
652613
957132
524610
405754
917769
454692
302034
671782
335411
803341
140386
379335
735458
64148
306482
63918
543692
693617
794951
258124
368571
946358
842799
523505
315944
483425
743218
457519
651762
923792
603095
850525
476923
809684
100239
889719
296416
379805
132034
460835
529170
881429
7285
935694
490710
480778
480021
243765
648981
762307
908515
480704
640288
673715
885819
398664
39941
771467
349634
986041
480710
299242
734827
338643
687676
368688
235495
446347
782344
181680
977191
451022
756593
476036
711823
466597
125151
210874
579320
685939
526515
367403
192290
202076
37313
686252
612469
638080
954795
780958
692594
510565
169755
891361
252795
960691
597148
972325
336059
324056
665558
817376
154931
767628
445796
11164
555490
885102
317268
392872
959184
773325
594298
813102
605304
358340
262449
434405
979088
547005
617839
802205
226998
742678
392388
672631
433912
722464
88367
454583
420096
664196
378461
610738
962523
943616
653503
424289
533348
265935
864711
322904
408337
633511
112958
271056
790873
966364
677061
861856
642241
559138
958950
739339
239042
21935
436054
866034
725081
954687
391497
871146
117675
710961
193906
670568
776786
588047
169814
102233
655048
817579
47436
849103
375599
185764
646867
460245
585402
608904
99087
822883
337596
252947
675042
832365
605195
842838
852003
556246
791568
412723
890622
856130
513390
621637
398568
611784
765517
414684
216189
857543
482562
112166
963575
151504
501405
532713
164941
410368
535630
325548
234726
157233
101172
573302
310712
610759
285956
804846
556354
491941
741650
173665
310306
907458
450111
808290
545747
33942
436096
346828
765895
262062
528326
994851
899997
34911
294607
478169
653759
344919
100745
487788
256667
746127
2462
189548
642940
271388
518240
498331
196484
337381
916499
432365
318088
819439
839441
298030
150792
171924
508382
793027
6730
53715
164425
947208
93841
25600
565563
971417
370367
425756
862943
79916
48708
938367
105454
607963
333698
902450
324309
166400
517695
631449
758214
643898
219334
913165
302488
820940
727578
787656
526684
286435
557016
449529
326781
999288
143208
144504
618963
448716
156447
323028
710276
996752
309493
826759
621399
806183
821214
419147
366487
851715
380743
581509
341216
48620
969902
224800
431817
367519
391518
11957
246957
360467
144006
466470
50520
612055
645301
288010
653899
846551
875829
777410
773229
681789
995585
861930
158670
171059
609955
25260
758680
868231
975855
728238
949076
543656
281174
648299
769238
310285
130663
100383
926599
722677
100968
115804
94669
75785
712653
867002
276505
864925
298899
20396
817228
396629
303548
996333
164358
605668
635751
419160
1677
274288
491403
830807
216599
838866
559248
199540
404789
158393
479818
237323
709596
763054
908434
219744
103696
493297
36931
86221
481455
935107
822926
605140
159959
216381
24059
420371
495669
129054
578685
747733
940651
539810
560816
106692
546269
606413
420145
267581
938713
360071
862746
417596
979680
844193
423320
36214
21909
148341
314475
965510
66177
19180
475770
709823
822593
205402
853265
508576
313869
906755
316536
664485
35749
796609
680497
822650
861017
333053
522829
889226
966518
672667
984555
663734
874248
893170
217614
440482
110097
524216
964698
1385
62980
466877
271851
171696
558654
318990
592530
808856
297346
225018
260589
939341
367471
348209
373282
560444
664065
747783
527288
625185
345280
678616
114194
902526
700872
709894
670344
111143
535158
256606
850467
988730
87532
285977
949621
124461
51394
485438
821779
209088
955209
830373
348337
590865
504189
664662
904664
997262
147654
821391
337734
263301
597483
221860
678754
209943
514580
191617
521946
527691
143738
605835
102043
129982
221613
469989
963180
948088
217729
414031
493928
728539
194582
696552
467606
315445
457283
185940
64678
328180
347231
341368
19914
417721
63403
120994
682479
133573
565023
822982
763671
619600
841552
477795
746773
173624
393978
804805
339044
109398
484464
550691
355747
806765
890333
771240
406769
242684
563830
28559
149729
39795
926270
771303
421786
209858
256437
253814
306766
481548
486174
336954
989397
710650
156716
898891
24101
454636
66568
569116
401520
864139
687425
341344
486042
478970
322961
568393
883542
536811
456904
631595
559132
554830
104664
5759
468297
845283
352508
467652
47443
672625
904965
870208
147878
631119
310658
72357
88096
349791
131403
811918
363238
562395
8298
544808
594849
368967
4455
224046
583513
873350
930735
756876
395372
97097
603296
893285
773994
17698
366067
246640
836816
905591
47175
707645
110240
59793
571142
888598
650009
667604
145526
589184
39000
102921
567070
886113
858187
52247
52178
946747
564685
147345
475230
330454
358948
943784
281227
171260
831635
430849
107345
753822
284763
602402
474841
554068
219669
550213
661932
565954
269989
67599
31358
646806
686428
474458
921361
824749
62892
367471
238152
931477
515144
736719
156297
801773
581528
996208
240013
299689
518614
278341
244423
761010
486344
572534
337262
329578
689050
335791
258345
32909
941655
767060
245910
611763
969924
93138
319479
114290
868761
450897
749882
119136
664157
350022
616484
696950
171933
25316
751449
608720
761160
874098
662922
757264
301290
902008
622715
524835
915395
786451
702960
251419
874883
309800
127988
694972
887909
612405
376709
411538
217253
915459
44831
968575
964639
429304
970467
