8120
231272
32280
763281
779558
94809
824868
621092
62527
740347
866078
337497
368454
670742
780699
741172
573074
241169
209081
268699
675574
896602
220632
404674
281010
546466
319858
822498
291708
393861
781080
268040
714535
411847
874347
810953
659245
256314
777812
236243
230239
409116
343521
366815
405925
23774
424348
338115
115635
387999
688457
681476
502603
754294
236827
633416
56073
157839
25428
12361
385712
521420
444344
630470
148494
637165
787533
525524
746990
259531
567249
335857
466106
520221
654359
27897
143402
523070
654591
387217
47565
738278
554161
886849
274387
374036
534806
333439
710550
626605
271603
141094
494019
147070
620259
627878
835496
823966
330224
57236
200027
2447
832046
726178
530852
18403
444788
584586
459208
355450
350744
630179
669428
810410
387333
899894
543010
487352
354747
688203
195915
865762
476324
635292
778761
748223
113743
295691
867208
157822
762634
853903
357320
160139
413600
809738
226193
144
362349
569558
393140
437272
572218
17277
465242
666094
568250
536200
462028
644421
235904
820495
765501
374769
273242
449551
572856
396242
145454
457658
683489
208753
627727
753641
176651
899874
484828
70028
713686
120457
100821
531073
130754
87706
299035
448835
851540
818872
136739
297914
220292
170911
534967
277552
850753
531518
344874
373316
807842
851131
721269
298072
307433
151802
139474
648740
646230
667961
498708
490637
892966
23730
264321
37264
619333
333124
656590
297304
528503
118539
267317
614416
488511
587595
334901
699539
635082
328332
174790
347934
446203
636223
620440
652806
822580
334399
402023
326022
507005
92051
816445
110417
246612
169392
804996
41414
422770
487547
295430
251778
91350
171499
764387
837935
512816
96205
553358
580505
165260
344769
502821
19393
670680
632802
144267
210059
66836
334211
74563
247506
531254
638837
377195
842044
846294
354597
783699
372072
677309
313250
71640
261347
365829
369692
168386
591897
819180
579016
428982
12713
360411
117280
564696
266674
461709
489319
554529
233673
564799
194602
514265
523917
660915
370850
692690
393905
692832
80791
104257
720632
882425
563102
431289
71968
351128
586274
183877
372341
1319
197377
258241
741669
744075
774605
349174
33076
35630
183251
852304
543334
478663
399640
432222
575673
804104
575007
68966
359158
115652
280808
750594
333628
29051
564690
748315
805564
586883
298113
553184
754884
432020
785723
440963
318995
890225
671916
359728
98571
234542
812009
728299
500996
481186
881425
596645
423196
225962
406608
703930
20685
740759
442685
535819
135191
262934
737123
764595
1821
894906
78813
617384
520172
710792
215611
309103
716949
455871
727169
491836
773371
693282
238382
391941
756072
847235
379546
59746
781050
242957
123320
591908
106875
585390
108475
315791
225294
899807
767861
132501
155045
510418
378298
155536
417584
634935
749572
149755
240783
80459
99600
14829
881577
27229
250565
251860
411317
883742
881909
253898
763157
298949
749083
291446
550723
537532
457188
867490
604388
710282
838571
812469
626297
457182
243997
778572
49300
337749
585115
562329
70055
788200
292445
269336
733336
595349
205651
91466
598416
760007
172423
527824
126451
44709
878942
47270
310443
809301
8030
882809
873821
289259
541834
436582
36125
526610
695880
468721
539804
437589
6787
489855
314111
740842
581452
536592
87084
633115
73243
648764
857918
129235
407220
799241
674647
262722
315685
577382
380821
862605
642347
890664
315485
31541
866997
896350
597972
468066
488384
122642
178573
666635
22721
202687
127356
875141
361953
223338
582057
64454
197122
3838
694272
448533
779488
314824
751398
480975
492691
745131
849734
674072
398705
47361
694409
286301
25936
278256
766787
450434
731849
456452
180906
745101
831256
256334
377058
41709
543744
351289
230068
528840
536908
657988
820765
657440
414735
679457
426274
182978
550605
549258
225282
470379
166547
886107
42468
88822
595136
274447
711950
816646
498951
616346
701815
487981
370157
587232
116213
179511
80877
562193
708368
374838
247899
118658
161304
405866
256550
556329
670129
704877
331030
664309
360908
421080
354868
571239
279506
771093
701449
457553
836217
544067
286879
483817
541017
253471
712260
878857
861784
238901
529132
827463
264609
299619
89974
757772
223860
471366
762663
370900
225175
745156
405811
15393
883849
852789
157594
242427
184759
762254
522286
579688
371816
648779
586515
333636
329907
791225
143712
500381
10704
244093
274882
891630
386412
271268
340063
495990
18198
260425
642455
569364
593366
430620
43463
703298
37918
118965
314088
779946
322040
206261
447732
137481
387966
226548
689128
522911
325993
417805
288645
468496
308417
634978
224337
318491
384916
733549
550042
542132
208770
200965
823003
379103
806932
125769
291063
247595
496908
441996
513538
396393
495096
349277
53310
226696
491905
555921
847235
332911
474848
257391
234680
776118
228143
215672
462302
603777
761181
389682
311981
572985
679195
466031
687381
211049
233556
116702
513414
598354
641402
443598
776235
145707
678747
729819
622097
695577
841331
38006
276742
23719
228570
91445
452029
517218
697022
831476
291437
626996
264555
5062
781369
21115
382855
339644
461643
609317
478170
187473
278489
678410
873483
398447
868041
60517
592774
620386
210193
256976
152248
798392
711383
408956
882717
159153
682615
307466
183921
521736
104547
449673
706851
152510
342308
470348
170472
632063
353919
844647
103051
803667
267443
565318
711202
392484
302431
757738
469820
888199
425056
230017
149046
558441
398424
410625
867853
850487
255499
719232
586957
831946
504674
105587
864712
161997
30674
639137
787459
668044
609495
207940
730058
692219
347257
318331
204612
237152
644913
570606
466049
60254
701925
356896
777263
668735
281263
548490
759564
397213
703132
312410
813494
69036
76464
751879
754142
263848
733830
340783
415548
459095
138133
874639
393883
739131
435247
377758
231541
639255
305027
32614
282169
771002
254722
885696
560488
730124
854110
13356
363232
125684
358638
395946
176208
150500
870735
246744
497002
499939
730085
715176
235126
148725
35359
658524
873667
138152
744440
794881
647640
308509
630713
422470
378153
848944
312475
559159
216165
691398
89099
722042
13484
340307
401095
552485
867166
862117
274916
737050
288591
462961
221042
251873
260790
308984
379767
418112
432229
322773
49752
548729
434419
389894
806615
242720
845492
185844
362933
785815
70250
418208
286424
38025
415701
85132
412648
391839
113381
342212
309268
374434
859089
156519
656530
270222
203264
724470
773347
348686
744357
814583
471508
611642
599656
731814
287457
493994
176926
177561
61556
818966
877946
375087
425835
246732
736797
387060
756600
271340
792138
660051
481921
55779
787028
428569
797704
790818
651704
864097
290534
732603
152839
740482
881648
634392
75804
779057
520891
766552
275468
716692
735131
499782
725051
407653
579527
272599
889002
724351
245305
41248
131566
218888
598641
675826
104733
862170
611097
443891
847778
871151
604867
722394
862608
429769
721615
29159
439954
568860
601641
674620
309953
536697
683471
475548
755503
139799
157199
821855
75488
147808
314575
440687
450872
336789
715047
856994
357679
755935
248008
707380
400257
641107
6144
347552
244387
767521
81301
541243
178960
51770
669839
877229
409889
675131
122899
165676
512250
338362
677929
516119
616417
607148
720607
738765
120394
54000
829094
52967
721230
743548
220250
661816
20314
337858
662464
239648
680228
75006
855080
765799
894360
315615
120529
43708
276016
508495
680651
68266
535138
576417
594328
533492
334963
864630
194348
889741
512265
347020
646836
600566
869407
637572
532307
93141
419345
108398
640070
248430
631127
111795
789705
671553
268815
350623
690067
867327
493683
67817
780125
599978
641289
878528
274336
93289
291033
797523
151099
498789
601721
607581
8564
243491
673989
863276
822422
794077
40074
125229
68088
88831
415713
143285
580382
685883
154105
50350
375705
176426
163821
513276
144330
107264
711572
815563
751653
762730
91320
369591
255664
207463
211838
426456
498921
788000
315396
431208
694695
431685
682889
790737
726457
217318
743717
507896
887627
237835
624409
155648
208168
44624
187682
404029
588313
545504
675911
466998
786634
874572
196114
493302
13806
100456
557980
256623
474009
197763
509440
467083
411051
248066
620177
151056
229709
219032
409575
318863
555123
93315
47381
83498
412130
47589
630806
27072
231659
64093
722918
696310
275701
566690
822573
193763
131833
217597
417430
850456
335975
235104
549630
198666
539622
305222
734823
93917
166648
458855
659052
667599
864731
317400
187791
464287
586988
200638
97358
55896
450919
522957
122837
312094
673097
699905
39084
247027
588022
138072
84273
759910
722711
826954
192385
781720
413947
168742
364943
401261
337758
594218
699639
372332
674247
61534
249100
214899
704458
761134
298157
890
413743
867842
774807
474977
144810
195868
594452
818233
837577
586254
614865
292492
499756
77205
445229
682955
613998
217398
772781
36786
62979
598995
680204
701273
710554
492297
825584
538490
662945
529961
490712
156825
793191
769746
471217
108501
616604
689672
303592
26954
580373
258803
142201
181185
163532
636470
14246
52981
259909
689673
119844
39202
803563
301974
836431
255531
378232
167085
412510
258184
658739
14020
104145
789259
25396
421231
598951
753901
72451
582392
733452
243194
778591
722427
48175
808246
797722
516352
387217
5322
609281
225397
817145
150415
323482
201831
801733
291958
458150
711102
277820
526513
197638
156979
215998
421794
165625
717006
41372
628862
347075
593888
261796
596124
653482
420345
419189
663104
424634
348551
841425
252735
767208
391469
261552
482127
513972
314907
567601
456685
268679
63280
720780
888906
37852
531048
677442
760370
138651
471267
586390
181114
483360
599189
538101
311590
499323
78339
879792
168596
393360
635648
872683
733224
201758
639172
601965
517365
604797
28422
562264
458597
235136
837974
395922
286437
240635
380666
128738
85712
701982
570242
566071
864247
685758
828650
17314
213289
392853
505036
840484
73989
162912
879423
481729
107833
635686
710992
322420
450421
793369
24859
658652
504433
323733
688294
691252
296280
188677
174362
328513
231856
88933
765279
504228
820935
356802
106419
226543
87324
868957
657191
707188
234598
720270
253686
179961
319205
280101
260771
836776
29027
491404
377198
602563
55591
430921
421682
300661
480598
824800
210430
104099
149190
129972
744526
428257
657568
158542
232549
673792
322993
893718
384745
788550
807245
662590
385468
672662
299905
442463
125266
571406
885876
20250
862484
353776
746553
404545
229711
354392
703955
109358
567257
166636
457349
688496
332578
670705
328181
60871
119763
838682
504380
336421
322631
97596
566894
14324
115298
525085
177984
876534
641745
272042
701306
229416
417312
361831
759611
638624
588370
392770
59171
450773
118144
434657
109666
305693
703313
320633
271418
263825
761298
705216
561843
137037
560467
71354
569947
288372
214910
224272
534199
75857
235220
465920
377355
143640
256934
456653
812162
814410
774445
565270
563579
334647
761862
249477
69488
229022
682318
797406
227876
639472
415029
360183
403208
441843
413730
295526
291562
685922
585923
540085
750810
887154
847951
268211
490138
465871
840059
724773
512866
449669
650517
387322
12781
793306
232160
202844
563460
82488
884524
523329
175877
264137
304209
499009
408656
767227
385384
234531
324077
189379
530406
898320
699453
240221
891414
672681
853595
43377
362674
247571
866863
461522
798750
457040
719279
343105
190305
556394
10194
269582
723200
620617
663987
53854
220025
699140
154366
497032
330873
82964
751354
210329
586074
654915
871539
293975
691485
521220
663458
157059
513920
43356
17148
551991
41532
582525
479668
409327
698461
855124
313326
852613
366719
221656
511009
759348
686049
317219
616199
842686
378985
255134
265988
112361
735252
27540
511249
831684
103256
410440
16100
372007
260984
522403
849470
243576
143618
263429
473872
453450
705033
716317
895371
530112
839643
438196
620963
360464
695582
168259
436734
836866
274315
645061
129727
341751
492935
33926
741994
492487
37306
722427
144083
264099
579694
760300
467976
217401
701126
103212
542007
637045
649208
430729
728669
525220
135113
476543
749197
571060
358051
381447
68569
106296
659253
10092
860415
714760
286855
518398
546419
182916
655609
663615
24709
787705
730487
718843
450735
603292
144731
426613
362462
822644
6399
437341
472538
304852
553309
213565
814291
561606
352901
503347
502986
10787
790138
839448
727545
12798
782057
283263
272576
841057
611591
658649
872557
488622
80070
387125
692359
807016
198900
409574
440311
894891
489361
861308
843988
826197
538634
549524
497577
524936
892535
26795
854757
761416
431309
197326
410815
717854
232064
728525
44580
198943
410777
17773
705023
107175
154000
448157
693795
120255
67911
463425
478712
265822
506562
92778
843712
681291
255558
321702
102916
308768
758157
852723
599616
190474
632387
869167
28935
488493
156321
210924
781204
579364
180996
281215
308207
226535
96584
387703
639225
35045
230726
233418
511572
771504
739751
692427
462801
585273
516004
15000
771383
691376
281148
26736
667853
598669
312369
195074
635204
245293
378815
178592
118948
892788
97754
196851
259441
362161
732771
577704
836474
308255
629958
249639
570143
298087
349843
459876
397564
679075
794455
45902
472566
393214
358967
23077
274240
803159
599913
461098
217930
525796
760270
475982
277639
401394
786480
496876
350170
410923
70068
798130
693597
665105
516859
28730
494541
368390
765531
290456
28725
43086
243669
777996
569013
295212
371315
323479
787726
364713
376672
473898
845613
69012
789635
355225
197810
246755
876154
789519
781821
694167
667855
388155
160852
816254
392281
875177
875410
627089
518450
647691
90479
808894
183632
312757
539048
776672
879875
808809
502859
715722
393162
613415
520738
334851
636434
692358
835065
166634
766283
96928
696621
91291
346729
550215
457907
232170
454612
382453
560643
297132
277420
822242
171231
396470
654654
709999
238147
712669
624539
427359
636523
865436
156859
665125
280219
71347
62413
146455
377167
406252
530809
746466
512224
552794
332533
832440
66448
249306
390848
821157
210482
222171
311006
243040
736889
236858
96529
199932
489755
705510
541584
328765
573569
407939
23655
15847
882446
463978
195946
17970
818121
765837
729687
504411
42217
34647
340423
316820
807997
764370
760177
290524
828373
96579
885628
671113
320432
381936
875486
292193
59939
524769
509141
621735
172354
540068
163425
47379
110158
500074
863837
370107
205915
48304
77528
97645
524221
664984
628212
332895
836207
662293
320698
624221
29503
697830
722808
147489
666745
719801
733433
278369
463374
299601
414623
382946
821057
682050
145311
522603
380047
235449
367641
433044
412664
472153
770866
45053
760910
330208
785968
428123
99897
263112
746769
592237
783204
155529
275624
674733
576424
844539
88758
144065
371410
670586
416737
855153
201076
391746
295219
156852
162533
472346
570226
485667
494773
219085
752343
591375
872402
226131
198669
865678
569616
239022
591368
393520
772920
706448
615232
432432
655792
860538
408488
794598
614979
708319
129455
112825
452140
796072
407635
579857
793796
439600
110493
505675
677382
281423
770012
870886
77915
265013
477825
75131
516712
583052
155445
257289
152048
171743
836595
331982
198598
463193
662821
822930
442419
609766
182334
669820
395456
536151
166129
82952
550817
653313
275501
778961
343294
826020
655318
253416
205151
443849
713312
450694
257812
444133
102282
518750
299102
32763
639701
716011
808510
817693
673024
805705
437559
592178
671969
99872
740322
62355
561570
91451
729358
828784
402646
344663
199026
74320
663479
322071
612593
554101
114301
416820
884521
503102
660604
741841
248632
49158
697275
717228
667755
779593
219692
645297
690820
168551
106157
186537
716071
422945
257402
753103
657921
587425
455597
266787
874262
217142
216212
116952
786694
536316
252172
659592
58522
544026
390943
694375
676177
391941
181624
110964
297506
35490
146271
652524
585293
486057
302709
384057
173026
690021
68973
20904
194509
635064
581221
723256
653149
545627
221312
508686
357648
390658
627106
141830
26493
717406
375335
370212
222493
449661
177984
394440
366294
396172
624811
195519
115718
642236
101102
891350
121352
177186
820751
751978
808422
833336
787443
556123
669820
715010
763761
707135
51684
585163
283826
214802
812996
133294
750152
334891
690064
251408
740648
176074
420989
446346
496869
236430
771491
704420
94187
104195
240813
110877
735828
15288
664993
375175
238570
622863
884806
642800
740986
614381
563831
534363
369265
501073
755203
611692
464150
198177
895230
697539
800995
89632
465800
214144
96770
670749
689048
717605
589088
195012
646661
527993
603312
250007
58864
587976
753311
274232
762161
305192
49519
63837
734492
442934
724914
488422
279120
813823
848837
110058
41660
3451
801958
405837
449390
893427
797172
634351
482745
533795
122754
58270
291843
876251
712599
832715
535753
840863
20261
500506
125583
437070
617699
303635
260967
570656
268265
94901
417628
847017
192040
718250
151325
105786
502628
697750
465409
540583
271600
415049
79707
882626
288452
528756
23451
675430
878108
129848
528158
512336
150672
853338
613364
493768
508012
566130
100204
660510
408939
294019
655582
181294
243925
749157
331284
94278
891058
323742
410198
438591
30217
450095
749521
492390
316922
501962
328323
261215
518325
857090
628613
445663
863157
188827
383413
718296
763580
648992
500831
73618
72139
680243
329288
261588
293502
166686
583511
756961
367203
545993
521217
800991
154325
673477
586959
207060
437657
743685
132877
61001
25300
473068
813361
564656
240263
417025
196966
737634
489704
780511
848437
369089
622206
443689
691407
327868
624761
536283
548633
838449
852299
581051
890869
445004
820455
254830
673193
831694
207413
150791
88334
601353
201038
451067
418038
158951
251578
489008
136027
444363
450628
714740
803648
407055
28087
115945
693767
212684
763416
19646
592719
771320
48255
475225
542822
204554
441426
117072
524627
228569
322624
517559
399481
43650
555416
230323
612841
745
363171
108621
268679
378422
762980
694498
469814
782144
361611
779800
551939
552264
783152
289131
297163
191644
529138
90022
632778
894204
680652
863885
201985
656153
48112
236822
565859
822457
569092
647224
147932
392664
580854
630843
27999
208680
740924
325967
240906
361913
686732
95385
345976
453011
353429
558376
422435
227616
777017
496070
513619
31239
297863
387818
392552
707859
76857
126826
321216
710194
383367
313389
65637
565337
847077
635774
408022
63685
854336
472093
57008
753820
832529
859408
835609
440754
783259
812471
725865
137735
851783
680861
708662
41358
368089
284458
132538
297417
293486
852629
267139
435472
58805
406359
448279
326224
871655
54651
855073
547760
853156
692177
892860
615534
373515
515394
462555
814440
35478
107197
186003
856695
658160
328496
863750
6166
403124
100051
371789
605664
416003
478878
586721
709495
857025
774458
649158
485185
732461
122421
545332
688045
275835
663791
253987
155412
895600
293234
198098
49882
322522
635102
197364
170675
875625
613250
442040
443330
824237
217895
845908
894077
710413
382534
372526
24364
109505
185082
893766
736977
508077
747760
637634
301473
818299
436411
538583
645488
665588
552580
746962
642539
656346
540510
208225
638719
754693
348791
864928
712183
271960
427243
237891
179714
79807
811443
414461
341203
542248
674586
645899
67650
218779
762480
363456
774448
558071
501976
774286
708295
622794
371900
229166
412928
577964
621504
725036
290687
292473
804052
161074
53880
187241
349219
383663
507733
630126
155688
552899
217487
105705
637824
645898
583289
161097
151898
412258
446109
504322
677035
69755
279710
806918
106783
83579
522140
477602
178954
810826
403990
174584
454620
845217
487818
191316
526994
163338
287192
275789
379241
260883
260677
342330
704814
730133
884667
1678
664593
699292
606189
868497
203704
75730
234935
238845
595792
84044
331748
558002
368862
501168
242442
445398
849843
656033
93553
108013
391229
258410
442673
152816
884539
71459
815384
575725
889769
486146
274922
733883
406905
614305
194563
346392
680451
659015
1208
276066
417331
760854
371932
71982
887296
414129
188350
230184
70173
123784
748975
48295
804233
672641
107170
761132
548033
268677
778733
590263
627253
627396
215051
475462
213047
36357
299043
735276
291567
487822
251876
182665
677708
167501
190471
539627
307702
543201
522262
665441
796447
427816
853995
188184
464919
871717
587409
274100
410687
758317
620327
477580
64341
67183
265251
161667
567246
694942
138515
580703
535650
813692
823678
359463
733856
585476
291721
303261
530658
11508
726774
717622
736700
753046
145063
743506
659790
702953
566656
413725
704857
316752
608395
328257
388974
577591
86644
212133
819746
615454
877012
291077
736414
644644
95276
6959
463602
825296
672807
429336
358985
110878
256226
542746
866808
419941
358728
319787
736337
250113
61717
113210
1524
221410
624188
21192
432548
302321
30756
80640
320247
276377
441389
865556
616039
702329
305328
628310
105191
98277
833445
231760
763279
14772
165054
99809
675832
827946
822513
26261
79075
551938
472147
221279
561203
875735
769983
574517
639515
883471
23957
40264
45202
301765
84384
506047
654627
235825
202896
50639
9761
586422
233926
709433
109272
379849
49198
156032
676127
890649
276582
565029
687881
53886
763517
199521
170618
430210
845207
696094
631351
344103
54125
136947
177142
463540
736817
875258
110293
317535
399023
386383
161190
695640
624847
870631
8328
103152
597110
178602
770993
551685
6380
667983
624359
378315
877497
859603
437774
650712
783465
693654
768347
317452
835919
896690
292327
788282
786949
689784
109024
664920
885233
778377
696313
778143
326883
422542
376930
716991
888410
836500
132370
472259
689703
439687
513344
22204
125034
642570
716178
382924
774040
119120
738476
748274
845566
364699
335018
122893
581663
193839
544233
893390
473337
170513
57919
19935
764070
747649
74027
359561
151199
19633
156199
421415
303802
270049
745146
93445
357300
658137
742186
11252
62537
805282
196910
777325
336160
516385
118306
886495
358596
231537
664307
360439
647437
643900
595291
711947
865374
210678
394535
261251
650663
437238
493235
683204
732458
781873
598327
256442
519738
609460
99610
566626
752352
36638
514373
159601
551384
351257
407795
417700
45368
18067
502564
410117
306416
393053
201297
190039
601516
770623
557049
345055
134455
415349
773882
784847
112954
880907
746876
101807
149282
252752
13799
559626
616096
79898
308852
334899
856233
724086
835617
355282
191646
727657
678846
206862
67686
305961
293253
122168
824695
823345
65959
540786
896787
689893
159424
194619
852207
544546
822508
39833
323855
136705
25812
898977
660685
397704
269793
317669
66169
191660
695409
897851
37498
727592
92582
620613
746963
498643
268700
449954
376256
814656
16819
611505
111872
384375
452682
235070
766444
311148
194061
418058
285861
676761
241349
763
635084
89309
383886
884477
591371
482352
167622
433427
692561
730914
820192
299391
579163
617103
666584
442825
297262
316672
476130
62927
71616
381314
671547
137034
288150
757051
583777
497208
517960
47566
363550
730187
689825
198125
300512
251822
515907
595734
9444
225999
489863
344235
124080
629646
533570
181202
588896
773856
890659
694789
571671
165056
509016
378263
792632
358035
498449
725157
702573
800278
362012
604596
533252
437831
166607
444332
51610
898732
4581
859600
607759
426691
348575
368825
696793
582183
772012
895919
645941
757244
235395
368739
539000
405848
507565
470284
179811
690542
524863
124860
89493
338232
688421
309502
334874
593856
301307
260846
143906
679723
897525
33396
82252
807331
642238
662207
398529
194911
848477
884411
791005
291121
454035
729678
764039
238860
432833
37140
682882
485551
415463
499893
768253
223315
41351
51936
677061
333069
477192
868807
269082
335360
665174
485398
898718
249442
665223
802096
82634
10345
219033
724937
600667
247538
530422
820538
730889
766702
13593
404100
466392
782378
112971
183876
840680
526265
19878
224143
8135
681568
191547
772778
357383
23997
418286
283593
483466
75765
615359
747330
647160
548057
776836
174989
640723
431316
815441
705114
198434
82004
797946
789231
796010
202834
452431
472829
233723
172095
33126
26622
251590
710606
36023
730061
730924
551128
476448
476673
749810
318959
376681
366535
90769
515523
550274
482940
145066
569707
864584
716772
198518
578769
238854
660778
855067
453500
278968
356468
665114
63418
474987
8321
63813
688394
561473
339714
665839
254500
509872
188723
872828
649190
754826
827317
411031
621211
436887
3241
698402
691050
632798
228586
464808
104889
891171
864680
182159
757787
152618
593501
893417
473149
756474
54253
260905
110057
785436
254751
72370
752245
823331
269426
59851
538891
174181
624254
756143
558774
571495
715497
330050
663174
631960
737698
115933
150464
187124
258397
859050
96101
540552
865835
41451
366652
524949
627766
231253
360127
171533
681334
149210
581375
595131
10803
772996
88309
64159
81879
271869
609830
646455
532623
497099
439026
463865
36510
651065
179162
388700
218654
785041
326731
149207
395028
683974
327851
240993
89166
571917
831167
398679
17500
123083
64694
209181
201225
809065
319030
139932
663764
283653
603393
247881
260047
758531
47587
732197
849043
101664
142555
520385
720894
599751
496612
340026
617514
376028
445599
505666
187243
708885
447902
53151
495237
413513
702671
542093
711368
566080
695587
488638
240233
623019
690106
694946
27646
875181
522829
128130
821429
693782
690328
127845
23473
163440
551042
203350
689379
463794
87658
367421
29025
606546
161936
726825
231269
731895
242781
127023
335685
170957
216943
101004
493002
856434
476901
595142
158255
667949
810660
665969
724728
68414
596164
316974
29228
880080
398682
666862
386385
50571
336834
324692
420547
244679
31848
721912
842832
671163
273811
888903
333107
806386
299568
890184
398571
409407
123638
102618
7031
563495
699451
537721
415664
512413
628563
84287
497059
549036
442815
811239
313417
463501
445530
310028
118565
337496
830491
580112
194170
231639
748583
621817
721383
398869
115927
223318
613951
893046
385698
441536
671977
671136
544903
203227
473201
345559
53689
15100
563593
275847
502470
18468
509183
191770
572582
339082
255164
549129
448349
447190
855191
53839
480685
23306
354292
558777
442811
807611
73852
273018
600315
767101
589785
276155
383899
117470
27630
136432
817738
18344
353234
458789
263331
698442
880455
807319
151098
35472
506011
38591
160577
783982
739898
771113
853271
887164
238030
12387
175758
5467
873844
228401
35223
107958
4732
698909
593644
622372
516445
807147
28634
263753
794514
336427
587689
879036
11445
509864
424106
24292
396919
148349
206460
858107
460761
500039
850938
16692
144938
687830
326277
271449
697693
267389
717513
246253
373829
804936
621550
779537
798129
283245
897118
675810
741182
27292
54190
121631
637309
852528
162154
568776
788643
589671
230658
769538
524486
470798
472843
834807
266395
691126
350579
881818
332553
281955
670085
828136
192201
862626
180533
267498
809085
367034
715528
324407
734186
499740
771075
489430
641843
442741
279535
841026
767283
157122
756998
420390
382103
360706
367005
810823
830358
187079
790029
173313
193741
428550
348447
497449
823899
119183
294932
450706
513078
456086
708558
310636
552041
111919
355711
686502
472139
338201
250700
584948
511036
485105
420285
469516
151262
282183
594916
435050
709006
470253
732423
507219
237373
845868
217803
307030
632816
756849
762783
747630
110160
899653
205347
312805
785743
802042
869364
67859
808248
770945
76245
780548
713489
455576
467130
816855
7312
677664
786516
693698
689143
75405
497556
406195
247981
498647
563198
720498
708347
585678
586956
721538
352576
567530
20027
427590
316529
383360
632726
5792
31568
399184
579902
651380
134215
262267
661971
801516
801313
16115
890881
742549
667302
425162
461865
885574
666833
860428
289003
95424
169136
531017
369805
735793
874872
393322
284427
542483
36418
602021
400475
121585
302949
52652
506043
873354
87665
605951
347641
717038
610341
798370
199039
511749
440302
835401
691002
841071
760637
36815
420645
802278
361572
543078
580471
315487
76268
377321
121925
463120
671606
670702
432917
579147
3052
89367
717376
824809
110307
702823
894787
38498
782032
11249
582627
578552
155108
859756
144186
163667
429061
78628
861090
792039
142026
715690
614621
724529
802770
345547
291711
542977
632290
412286
771960
625778
831482
696854
505730
7124
315122
152855
852995
483147
878710
761574
135487
420240
84955
553465
202846
576309
356413
402862
865909
668774
13590
412664
779668
163531
565181
739475
557836
535242
314393
662969
303482
558377
388289
304781
772212
121073
9873
353972
276302
717486
415755
71523
763817
800403
650311
582004
403738
299674
298360
50706
538515
459945
233981
719700
7024
152336
638625
109095
510431
810575
211376
769059
71181
375157
377782
123807
53161
597347
282613
63617
283128
146926
530370
804846
883028
620931
133405
396223
483777
756102
798348
891732
664110
589779
159699
216483
551460
515109
199857
485705
762671
749876
161594
877793
709541
199961
796589
14098
199127
119310
87441
386018
676116
568240
764721
674537
808436
272774
633808
417696
407336
384348
171755
577720
194620
168616
812298
414567
106821
150061
660547
310878
316237
801053
505739
87254
130168
741146
493081
229096
315986
161557
630201
390491
541687
306488
195818
192056
221854
603359
372309
510682
7139
827104
403402
26306
5039
803563
831865
728038
454119
319981
291177
310569
686190
810799
528888
604774
41688
541307
476464
390854
359084
57182
785250
690033
613268
112841
43298
569089
566596
513586
515711
727826
876805
731223
212797
256149
637245
421346
697873
724420
762461
541864
422680
190800
794343
889548
130868
186453
708569
796161
284645
553200
273178
464492
832288
183655
346944
646887
660430
760838
314620
175266
484515
477066
405923
833285
381784
982
162393
565296
210216
781315
787772
115587
453157
680373
254730
414969
497588
548680
608912
811439
681643
18473
350801
393251
238725
759009
842543
270776
484768
641740
498553
74357
748820
129576
37840
676109
184527
340585
263480
753593
533841
501289
822456
17089
203394
811517
794893
154171
47851
607938
614801
296234
230136
671030
505604
34151
664007
176996
613620
627837
590285
726487
415855
211118
156166
881615
333506
163443
428950
63474
756620
178945
403553
199769
281220
216135
140996
129323
36547
222548
535854
814632
471632
163541
746366
215259
178599
560380
372986
829235
531813
749404
546313
321579
228690
358769
831246
422820
441675
658173
551457
244628
114250
702220
261611
254968
615829
289401
287903
890053
826528
595945
392688
813308
532704
414421
310066
834140
759374
250662
24081
146706
740211
495161
547144
154891
621462
375298
72959
294890
344351
620588
188516
36692
690567
820222
451716
727048
167903
209082
596518
306477
96313
494047
190821
327716
460086
213006
493224
763005
58445
853577
850144
501381
441109
139927
415741
504956
270415
463077
643469
36581
121171
124774
619762
879990
503606
429307
249567
806607
403477
826830
741935
447496
869920
46008
831234
676035
82630
863363
892916
571265
743640
102281
610332
886065
516285
377627
274334
606370
103602
561502
834477
737337
711035
62223
286081
356830
101323
644903
264272
332401
214540
451450
315469
399258
534987
532986
835290
658110
381891
9912
348394
124749
111268
790634
205752
823705
858144
335208
809246
503969
56562
420145
476435
462763
187019
741802
664739
31920
233370
100518
276332
91216
869623
352738
3475
700679
462221
592775
46689
607448
689922
188754
29534
188709
686724
181488
615176
538561
366097
356579
702608
185020
651075
290466
475921
199422
465014
744252
317614
69775
39575
619005
864710
566866
369739
142729
781943
505874
218842
817701
367084
166165
431318
669845
776836
696973
778124
476384
490753
673197
235557
431087
754537
427481
355161
247093
861373
728086
776593
322089
363764
156480
213303
48846
701299
204026
380412
701331
580011
386400
885126
400150
636367
771865
489716
50084
429136
376233
375728
684700
628503
716386
681360
588241
126910
340730
529672
609422
791563
263479
655471
303091
8746
196551
863276
752574
187302
408621
454590
412069
93860
496885
61157
518528
581213
569353
389616
304548
786517
320124
337092
554217
580572
827779
368261
787917
743009
138724
358020
280209
337838
604230
424677
892033
630980
448744
833932
362097
338772
393869
666244
825859
816694
676693
393036
774629
457354
19816
84414
637688
809993
85739
68956
866539
7686
573492
892217
96933
355943
625754
513442
329762
796410
883910
230023
790453
426742
369670
473290
404395
646767
395584
283907
465712
790165
100516
809421
802251
843754
312826
259761
159972
440030
439930
760269
95815
858889
807514
405216
490048
574820
861794
305620
766309
725348
585115
405097
547379
124788
663654
61242
439409
788558
551370
605838
863249
300821
414053
524702
808981
746866
879587
608542
13550
70090
428044
246537
430431
855000
433208
705357
790144
628876
556798
403216
835614
809727
850858
486334
680928
765266
356748
534416
857605
644258
279885
298651
150601
650826
736861
236146
192999
356790
843592
806712
90647
635231
757863
374374
843544
419495
455922
352245
214601
585587
162835
899273
188530
851488
324406
857723
578016
242595
426044
269569
2317
417345
795087
234043
767773
755464
315696
222269
891172
229864
766860
277108
851942
777746
375149
513719
741047
662155
486765
367756
77216
290380
295173
201587
479683
40282
126691
94643
599542
832765
338682
567327
600811
609663
403
179941
225392
565859
77730
616947
534866
790463
106547
68582
470365
489495
485219
723088
642014
724599
570187
609285
800073
580461
316599
818787
48566
547137
454613
22875
463686
268242
560617
476224
409444
531119
83294
51371
482919
602126
385206
886632
571636
310156
514306
508641
172992
700450
217069
858725
773074
180480
444498
313909
75303
32809
834351
587723
417296
146282
37041
407559
185622
160824
26030
296951
143645
367653
728114
737762
549542
609855
557265
730481
427342
887845
11420
887770
826612
678535
884462
671371
673240
64857
442534
680432
756927
55475
211215
760097
785235
465448
313594
310154
142503
692225
560141
516216
393048
214710
425589
71741
500527
479848
642263
36417
166852
789022
792229
149957
374204
188249
487692
765172
583730
523638
410793
404105
102580
678464
305596
450519
509476
811504
165460
273465
596767
367074
695370
400695
605115
554517
500586
786929
563433
187422
122668
260107
413402
457065
452385
431254
809437
548014
265129
442326
479078
692204
583201
553013
194379
438853
407513
576515
780296
571733
474660
374664
30242
368239
773609
853288
450120
746038
220150
157490
190838
382390
774228
339749
615603
514493
529045
155488
722203
860761
398026
344452
485111
761390
326161
178887
776967
381844
89100
690776
49761
312459
700749
822730
598195
139964
78317
315008
491109
193326
689020
606547
701050
680354
870290
353891
705813
417995
349540
45303
333113
343245
417938
12402
403624
789009
534462
600405
89165
37826
151031
9131
20725
884135
598547
893076
630679
607933
648955
78226
735221
561137
56224
510826
287098
719159
342283
280471
624387
739913
573746
888465
11611
830495
885639
724564
707583
66024
800362
190097
800224
151843
846975
226990
741798
721884
608026
804698
239345
176198
508887
510961
855387
518001
41862
343336
295578
653129
319939
533494
117058
201611
395876
719488
754118
393444
585227
741023
759358
742727
2715
51983
686853
403531
840456
118935
528122
172639
185223
616272
398598
411979
879396
161715
9757
191972
593203
397828
273789
310571
274846
448085
500084
16932
358205
458424
427550
66286
640675
389733
299499
329699
147253
748100
198495
279469
807029
739352
267987
899491
185181
766665
186938
656383
87048
573451
884318
623006
544618
80208
352136
258259
594687
28711
462046
454856
771393
781327
554630
619730
734995
123964
376777
389583
397978
286820
79731
586943
465100
459047
728215
27101
736864
136281
688175
606648
306213
561774
462177
475186
555887
732672
745758
274452
897292
796736
69892
861292
283220
813271
366467
493028
97119
676471
663228
420000
241488
658179
15524
752820
21231
351959
625257
669983
490229
149045
210700
91592
366016
869550
252524
114772
270694
144938
658724
732673
469703
797364
527978
67
666491
485764
162328
75672
575050
497514
145063
663753
858746
163700
17239
280191
129635
883260
442220
228896
335135
429809
559699
184005
472317
567489
713538
813497
537140
394400
21917
12272
34484
426039
672180
187649
891833
885900
705866
744098
347801
40553
331280
555454
246141
195116
844080
8374
176844
867691
584582
406577
141474
187937
589064
124481
110463
418585
631207
434036
183036
257046
319021
263123
408345
614237
602534
863419
370610
818944
41116
180757
85232
66376
221786
66516
796827
5694
5554
812427
18925
58198
678042
809832
242210
52536
304368
313009
348620
731916
595871
42618
218626
800130
878906
153728
333272
281883
167301
600836
211658
28087
848723
886567
248563
76668
260521
684671
543930
697759
677345
55091
776587
424947
70476
667193
584804
653995
553071
315785
305510
569613
383726
600030
626795
192758
472454
871561
722007
318340
85555
608881
419206
594915
320050
53707
38789
184247
413505
40913
65917
321059
730915
65666
397290
830036
563455
18455
774603
255278
123656
470589
614962
757649
17816
301780
415290
149190
257557
70339
688600
279084
537557
621557
86377
847993
304222
333684
671307
727215
199174
172864
839369
50846
514873
600236
226190
41647
344089
752502
570267
829524
486720
789153
174995
380618
468577
290993
156435
773704
599628
240610
13439
794599
342704
443077
227992
784877
725882
751287
127369
588951
127292
666368
815553
513283
797257
147077
545979
29431
464669
335243
642232
671058
95930
861865
793711
469645
750221
575176
337915
570862
203790
109018
740530
244009
407142
452180
294485
85874
572107
393673
833635
43779
506503
53636
699113
505030
141335
615297
240020
813793
157231
100297
393895
287292
810811
324873
766888
652271
474912
46542
735636
324652
69760
691710
327475
426470
391676
207414
527014
755709
86517
663580
822333
508487
844107
738688
648677
511101
609606
797588
640734
180063
259443
180741
231371
705797
48582
560340
788867
295459
666302
855254
495780
443031
65958
863844
860423
428115
382039
197088
255310
577057
297947
507685
562906
70456
528940
391913
312282
767834
321467
687282
586813
99399
728237
652657
497865
411330
290527
595584
93252
248957
800043
790004
473519
36739
536995
132287
654418
721346
446745
873829
822258
757396
72673
276376
410751
154344
377550
642994
502955
420370
786233
702222
396501
894443
530177
56228
587427
834502
466476
368063
761486
794353
320011
624093
650103
598116
46747
720642
55192
859689
446376
166521
871349
285832
317548
840425
80272
598093
126997
693903
256284
830904
671589
859166
502538
144417
786867
24848
206975
633926
695695
387367
43015
759891
212322
305316
750018
48781
644115
28547
887996
37691
765030
227793
238843
652433
808576
873675
80305
885722
140005
591893
299217
710369
516578
526068
401279
556988
229799
426377
419584
99190
271308
264938
177905
395704
493428
442174
225811
367187
140463
885044
411651
748268
593209
373345
477992
626596
152160
25332
192102
254851
793219
409976
80719
402785
347317
323013
28889
373905
42945
130659
201451
229066
566536
24445
580113
727378
101285
252126
375695
854217
280818
559882
519633
68624
314628
491419
655265
414261
239088
425559
495218
528316
92273
820106
397305
442091
117122
833734
488188
612594
616677
52691
294594
314197
471878
761652
8746
704535
67898
722520
157752
227717
859457
185241
877194
829148
795402
146005
160393
123224
729302
664327
399482
369562
20916
55618
898676
428948
520428
451305
651628
408820
238487
309485
227948
11372
815755
717635
63490
496922
282357
549921
142580
73305
143711
533494
356466
594530
162705
113699
806660
511072
665875
767098
559458
613071
316944
784593
153634
363664
310999
81603
378444
258828
827739
532451
81354
89570
268923
621630
102619
263503
729595
243052
58758
422233
413233
392818
260428
25976
463772
32536
226774
637441
668845
82114
345934
369521
647594
437901
747049
248146
544872
366472
779009
833613
474518
760780
483361
634892
734233
345337
370714
107434
23409
218606
144051
34586
552762
513316
190141
357521
552750
200840
109924
415249
705416
660756
648961
836787
446340
866409
235212
678575
94882
197355
775119
839851
306154
592217
821110
292670
14505
557671
861539
234848
864249
613498
191326
780592
394943
816383
220969
118849
323309
555336
418065
253666
594728
116804
270624
220265
765508
134618
317776
221563
789931
830402
356538
520250
439612
296608
749420
168459
704112
211102
143449
415875
23992
804452
98315
256206
153123
892823
138420
39516
567196
115627
92449
12649
317935
547942
600303
42695
273932
294419
68088
17513
309476
512160
133478
349614
298032
752245
79272
582569
540434
828432
887266
402313
722771
78625
728446
531402
784075
231519
546497
83319
447743
640646
106681
783801
132036
448750
363314
114241
637729
78921
327272
730990
898995
170264
636278
388572
760299
865098
332781
536297
611730
301043
120192
360101
449132
711557
477404
234613
424346
251309
574037
562180
730137
684172
242716
101031
489001
822416
201101
539243
625992
374511
276836
30174
397276
849312
212911
316662
440175
508982
157439
811586
675828
58649
100440
562219
523209
894274
816168
49766
23829
265299
866132
633017
628528
15153
180686
192007
524066
416640
192099
85114
603363
514873
89488
831564
529954
595370
168021
521202
787778
613994
777922
300614
384286
14039
87086
427215
501324
720558
256134
485935
322143
564743
724482
372233
493543
318858
862611
826700
283924
323665
820505
855201
247544
153244
425777
400813
465834
500139
754508
181859
131302
26844
221626
301513
468305
746625
610501
501797
425499
305117
325307
124997
467517
168059
218371
316840
398402
209994
417104
57675
205826
655449
318419
72852
584490
705675
159882
410005
523095
397527
157591
198429
392032
4992
198124
411329
662836
179211
338018
774594
179800
894626
615625
458267
180371
789412
108090
166858
149093
465030
759848
90168
422129
366603
457781
434855
315836
672539
182048
279991
870990
434339
176699
875956
143381
146184
286939
186976
376072
340745
876650
30201
391593
411569
357718
401126
795876
156086
40876
270691
844084
448241
340607
176614
246565
852474
281090
61614
398612
431039
866646
595528
83314
875136
185372
705885
888487
151819
28300
714139
597140
626063
718206
638173
208817
572703
117734
431226
161909
63653
775645
471784
490803
153184
727642
208266
855137
744059
814623
116701
300820
591499
614992
458299
52776
684997
341822
620906
769276
496762
22210
117125
198234
305137
721477
547716
851091
507615
121595
570090
605289
76165
96593
21899
171654
741669
824188
498552
446858
861698
671376
437609
291074
804532
580146
308965
355251
626309
822789
827601
406647
227339
465088
91123
193182
129314
305985
848129
656981
884613
166747
621003
833284
500617
122891
339330
583153
483703
442473
145283
866403
449251
752857
570468
804097
566573
168352
758170
878712
318996
511828
516549
692251
467666
892845
557177
506821
272600
97272
387785
154138
187654
12266
403121
485163
655495
605360
566432
542841
854663
71429
835552
490256
218002
7902
850564
640277
161835
753279
315502
349211
547493
774416
344570
676814
657922
396106
776042
682546
718981
683756
726158
7366
851542
791050
421743
191970
197234
39364
137497
416480
371819
436533
731363
374775
585507
123042
368572
277569
798849
585138
763892
588831
829262
356669
300100
491795
628015
590941
180987
69866
517503
792417
426150
260636
160743
663905
253050
829740
157117
744555
382433
82219
555383
889820
559583
749497
758762
202602
131648
230027
319908
130846
464673
705288
784769
687231
236919
138669
174254
563625
289599
130001
383384
10653
893923
684066
193904
181234
566886
750126
568797
495433
771597
98686
425118
104606
221001
725213
546907
798586
263077
353270
454150
870693
289832
195259
663348
889
625608
654946
536818
369011
265356
25258
817829
174114
113755
153211
731970
337569
876582
722699
840839
404289
663727
173565
274324
685919
718165
445380
298121
379350
178525
747526
874366
731725
770462
163004
457945
167249
657001
204405
680239
835645
527380
375513
539290
835317
295809
147787
224595
413587
46959
869128
801645
883896
613277
521645
844782
451044
202326
717717
153482
813473
817214
573023
735805
392090
319575
120014
373861
290185
896080
540298
791034
244621
73483
278339
18955
367418
364202
417302
607575
314731
378421
159977
574948
382706
160714
690640
497311
644016
6465
43858
272176
812545
682395
597541
582233
885614
891239
183605
870028
730598
106096
125476
494694
711398
720582
318252
158508
694037
347304
64224
211264
311789
363691
85136
625792
765203
351402
209195
530459
3880
862826
223519
540977
336312
89576
872668
348454
166671
879489
720054
872514
430763
286653
512905
459016
410541
474745
368535
504817
658025
257392
128653
85445
778077
375366
107012
71669
164767
204753
868067
163991
346766
775716
125921
522367
889450
438521
91272
868439
587840
184378
59637
773147
329278
167563
95676
329363
234245
433080
367721
328910
698044
785111
57825
131511
563168
271386
301799
878615
16281
842771
441722
654151
638216
242340
337595
519631
517181
474754
706381
810752
770565
637925
415957
355083
663137
851247
719297
154044
730258
19030
555941
436214
413136
554352
658880
802060
428633
365914
597981
358937
524774
805349
308534
37245
779321
547133
624626
515189
139667
529559
702351
301334
626979
262615
197307
268901
425817
790779
428892
88790
455352
245736
584048
808383
338889
739119
538350
426040
54924
638267
273995
752017
601226
888473
596921
541487
748518
738725
171274
289413
419858
862061
421778
642764
801757
638852
507850
131871
843306
69317
396913
493237
473596
565634
782605
712859
24173
526344
804783
864813
592030
252528
751221
723089
865225
336485
460905
808913
457202
511213
302214
300115
321052
863447
481178
88182
717975
339551
51527
616107
560855
231520
602116
222862
788417
546231
105537
609439
403102
757039
96455
44738
215858
798863
44254
846991
63846
693724
448904
303798
779233
386316
395626
456979
494133
399753
258763
740617
712182
490045
331445
108959
792965
63520
354457
378324
303115
783068
566351
455392
520417
276921
552091
438888
461100
551178
175690
889757
710214
6450
436540
378322
857783
599828
47196
389369
776547
280311
552746
894393
786045
727826
48217
574861
404217
612313
840436
284860
247870
538852
647132
560400
17498
569144
255725
741653
327120
422581
848191
629904
603693
335100
134439
110266
373497
470714
892253
560024
449864
532053
782809
469240
14512
422193
713911
327786
869684
419104
626937
80024
84255
668836
452939
807364
137197
312866
412002
123293
93027
140965
346462
473789
518815
802348
894639
832545
204458
827345
676947
623078
227337
499479
321853
448125
690675
759151
544818
3274
329725
871943
321996
827711
161777
174256
486145
268304
505661
254730
662899
22120
806030
278285
545238
894079
164088
108343
663708
178286
30831
173090
742421
385578
852370
292922
546137
172427
553504
804430
422817
244470
410692
445010
544291
682744
323771
319010
459080
836752
140772
495942
112267
193763
848196
67472
469264
854899
319986
234978
534046
489001
171845
374733
656282
271503
617272
412757
364866
85946
858903
194416
743363
808101
882090
584685
351032
637401
352027
367953
618143
109672
246788
530204
818041
122745
336250
247498
330046
469117
196016
271670
45371
584000
250090
671129
802154
273531
365791
780400
243243
447335
856041
273788
366468
862828
47149
682786
134866
163735
13633
782418
558699
752842
181695
124741
78546
824301
319589
90720
857590
40450
864677
74134
75464
83094
574416
717769
351447
668051
279482
616208
695753
70003
822442
515381
45144
156303
5953
423861
190150
428502
475908
819082
295839
819225
342183
683046
657002
764739
555672
709333
268523
647077
890021
32453
616184
871439
465708
185698
442870
879195
102365
376730
145231
97764
378509
268511
637778
280500
456538
269003
197704
214682
219862
897949
361550
251546
556722
628865
511188
159615
666408
86254
255697
1804
441189
496393
290848
802512
127601
890664
705403
511991
604636
338224
577618
701661
466119
446367
892456
523197
524012
408166
688619
579208
163596
476494
296590
37074
313555
143580
334212
57510
118121
148815
280987
126553
381687
175717
754323
211452
69012
165949
79994
86251
717644
588760
42245
818850
121708
84985
225516
166351
221868
225707
694403
837251
508409
656642
530225
884995
678046
583065
673359
185819
144910
519547
765950
197489
561777
255453
821445
623991
716521
386120
600038
425594
596415
754356
504892
159000
729071
57776
717940
846126
499885
100831
561764
314895
443794
391548
720492
548081
677671
750462
261928
434978
895597
60726
320271
786232
768358
767925
647339
35493
772899
379723
317749
10729
751563
170186
180972
716258
168549
132713
753138
728990
391523
288548
575747
93777
438667
292513
478547
128578
776354
281133
547395
519167
858647
814245
466176
555345
794314
732561
450520
225835
767383
878442
72953
91644
577923
716636
488776
899684
96866
464935
472571
429347
115202
960
227380
393292
442423
119348
508250
112024
100
50828
214325
575447
8803
647819
569830
853698
234545
766933
455201
242508
203033
38858
411560
814999
152571
116784
15557
869250
319577
450255
358307
763360
40478
852693
824266
59236
357771
605466
478901
340024
633727
863326
236306
859501
815331
602190
17749
360429
814031
549221
860025
15788
712188
866063
124436
88413
760391
184265
487318
741249
97951
297732
164222
775130
626347
773961
311097
773661
3259
829942
244024
72582
770793
877638
806284
225094
224811
673583
898305
181623
446361
635557
493300
396848
841717
860828
5139
831027
609148
279722
149551
664676
446567
110315
476032
450005
255262
53182
34998
707644
216762
342541
429783
523974
734613
314698
632409
585668
269073
480820
430142
564772
456993
363385
225479
226043
111768
768629
546295
428253
135628
254137
155461
632431
283591
239271
852669
685780
108458
483706
686196
556900
748669
455842
132965
57371
450583
801709
106605
426957
647655
736865
597568
92983
184157
758757
504613
875089
375384
701280
418357
734431
135885
782489
395947
467271
186224
26557
10953
61725
636995
818079
116231
589497
92248
15482
57784
749226
391492
650706
893371
267140
453666
186777
61786
602645
348256
893165
363523
117526
796906
395006
188897
68989
4786
333358
635190
673391
166137
437329
146327
438450
637629
81139
151620
845600
76670
612345
62242
181591
172238
452767
56727
286254
606869
382817
180994
578946
329726
749973
617236
673071
449474
257493
607919
340378
395887
663451
610009
679115
319252
516870
676765
670072
460876
623353
363038
94588
175204
36386
657785
736902
654027
775607
638198
233966
632053
860540
108202
323906
531755
387554
850381
84031
98611
816777
64531
328923
694392
513478
580105
812511
875382
417536
622733
528978
791204
112852
766442
162449
112542
886873
320399
520699
245133
695070
676715
24840
122614
352047
96040
604153
555228
610134
574721
561834
72210
593693
297056
203108
575841
381778
109368
119056
56818
802948
477628
277478
871993
555146
897947
602083
601759
495331
104057
70457
760202
758936
228619
413856
555083
414685
179278
618378
471107
206422
496772
814676
414707
476182
538028
254521
626943
481059
101853
26689
420414
53014
616159
719350
506400
349630
851462
199287
115004
150180
800203
174117
547189
190281
476745
404699
486985
549739
513393
97370
521398
808518
170027
100002
811305
384440
645321
420957
835780
669117
746793
22102
575915
864441
156712
865575
352044
506484
888189
103408
751113
405151
681337
509315
20002
784788
808793
493019
420099
152924
794629
723725
588616
636843
340905
605271
598281
868741
139245
893590
446054
719268
38418
639827
704144
503025
796268
308893
89713
869552
830903
460978
635065
620216
525239
777846
173254
149503
19376
89639
501775
536629
248670
780359
690061
616295
548498
851672
574151
32708
220106
477702
76920
744636
888460
827965
798591
331299
801183
718204
389667
830421
793605
326849
499905
702644
55993
422468
273779
153773
861217
862368
169631
33017
802704
357068
591545
27487
246971
46247
166102
642071
246453
306674
77934
643913
626026
846839
377933
640787
899445
488967
31830
681193
545022
790882
631316
466103
347411
126351
716031
536098
656513
594252
638087
239949
842447
833055
529569
112856
518231
238730
228107
755106
857315
622109
396764
55695
579488
173222
236429
610564
767169
46147
590879
362223
458419
434968
796551
353412
447032
827580
219645
774115
704611
203822
810045
743989
252559
350213
152951
232308
390907
610436
628889
754922
6054
896525
198359
412274
307363
57612
97940
650299
280089
888692
477104
879371
780794
787368
436014
613824
527934
163471
890881
443186
368091
338378
614034
486228
542019
431554
121969
361177
845818
33274
122517
307187
723763
600164
733361
238486
880390
19791
526070
722427
359280
217374
540287
897985
835558
758324
855549
609358
790039
33707
195423
805428
724350
560101
633821
141678
52897
888505
545185
52169
349769
529999
574259
250528
890494
212263
319616
733663
828957
211891
403334
379625
167417
589700
96639
442869
60940
172994
146791
741075
378552
458710
193163
721933
222623
370593
561584
70408
454075
473360
273789
872330
672059
419047
618119
545077
721562
343737
462231
664049
807133
272570
633753
285192
430089
423596
751460
507691
634719
51061
259169
506291
466358
454930
482458
891649
512179
462853
263680
453318
302022
220585
213497
803998
880260
311558
555172
55575
194397
120672
132010
471025
774874
197770
798115
112253
9525
511800
414050
101191
716436
701906
834558
808432
551651
274564
744734
549940
341357
746258
215265
746827
619223
769769
815975
806315
718713
425681
199935
74378
125050
711934
366093
608033
393062
884326
65367
542220
885135
468685
571853
672013
557694
815515
275348
263249
6964
511248
143853
212043
424001
546158
67622
171260
323296
222708
867708
871540
266285
204011
265643
197265
783364
17592
81685
93318
789560
892050
622090
594904
337420
53198
73210
37634
799121
103543
507860
277784
505053
519225
695002
519592
749700
494716
268004
572860
157430
549421
191085
560156
395093
864664
632157
304561
725104
119698
706324
322180
287137
245971
161872
272357
873280
177057
640412
871784
219074
466919
99317
338281
299954
500388
121049
139600
573993
463648
326638
881136
553261
483034
879405
730793
388356
104540
436425
127757
780979
891984
555840
533408
418775
604204
456284
585304
134559
585288
587590
448804
781572
499152
615433
354505
17606
602901
860190
462727
501445
820926
219897
9019
898841
41565
242223
812446
795694
221756
529219
839690
226143
239221
832620
378620
839437
367873
485763
291413
284477
591208
185262
597434
874348
216183
200741
118652
867055
756880
481182
752114
236107
378427
491577
264706
567981
391419
117322
577182
412968
102843
52542
630219
10377
295494
200491
67805
590616
807606
503033
103583
642701
167397
315239
524111
325997
587327
650492
129477
128512
117881
113387
697171
37423
614490
508578
55368
705631
603191
860303
867727
299557
418429
385198
489109
848613
535783
665460
166824
694059
79248
807377
639002
881957
554626
4902
865829
415131
776429
387043
785736
829292
700275
269947
179568
480006
538368
543623
37138
762050
549175
419059
809172
287482
178023
258089
270635
606727
613756
714808
416383
16507
808978
233216
156459
805976
265157
668189
345217
442283
251396
27822
244842
445673
802083
600225
478763
184260
844047
232509
356963
661001
546013
482091
693809
142426
862460
121313
569170
633219
327337
263948
461480
730907
649408
149530
852662
223577
232912
58658
620584
806384
320296
408720
614351
259913
301453
869969
407978
98043
107853
774743
289792
18634
233390
66409
764554
604025
450048
464651
694734
482381
728721
794341
294757
812159
821439
157234
212222
302205
192616
129256
723708
633311
803133
348126
563386
692257
77301
638047
671471
138497
757182
474122
500333
881911
119886
826467
291619
874284
651191
55258
221154
452536
729465
680918
746812
565820
12626
531997
398408
203129
40400
606050
739778
256171
44647
450028
161232
773637
638078
809951
619552
481130
301252
573642
520269
46661
313920
200780
544000
736198
604006
414275
170674
448474
731781
214355
6767
524037
108477
697711
583095
345151
105134
1383
76959
278472
799275
598702
841524
107817
421870
371526
273951
274473
265701
663050
295332
549896
750794
652536
456101
606044
596656
541466
403875
108005
373145
390832
424388
837967
398500
825275
452080
280804
352164
488136
645397
443755
704300
374231
306187
139649
588263
64870
652818
854834
221892
131679
400663
456212
194126
240348
856470
712097
832441
97010
413337
338255
744280
51361
773278
575789
15180
318646
611222
123068
297783
266266
440330
