4544
258992
621511
647259
627083
103066
819595
275865
811220
398226
540099
889946
144568
263536
866781
189748
132863
71088
526761
363467
597623
866388
375953
804999
670150
919913
201207
739623
260430
926113
713129
536815
81339
47263
815491
954813
896236
803474
777506
721658
716411
516792
441280
105259
527723
924292
336113
724391
615981
861851
520505
312163
360079
511672
243527
748457
217538
138671
361746
293416
206022
299342
883663
330532
803764
390879
35212
497294
534567
498122
522540
248302
101960
849879
704448
514556
682037
513106
198334
43983
355406
405895
784544
704877
334107
630893
313627
658176
836253
374111
499962
45354
863792
623493
898839
811311
420633
299217
764150
64337
118578
903717
12222
181497
325871
500306
182677
281873
399884
193980
987351
402479
198805
37721
877170
924907
380305
801816
438560
567377
158924
884062
501186
573106
514112
339947
145046
371221
345375
609435
672533
497867
48704
296393
757740
232032
56419
656846
299604
882669
705315
825831
298384
100939
796663
549045
861571
698978
185636
726045
834795
906975
721155
184720
494910
171588
909930
390437
935263
392665
415098
64737
187645
636480
918597
465305
812041
98470
723225
418094
165841
964757
406382
668792
626174
27623
623016
28926
316454
885462
224712
569696
959311
899182
290741
759448
16513
30179
964131
269973
4039
182655
267102
580743
285570
154036
860149
137465
842537
858191
450949
305303
996000
309965
127521
931793
465076
291080
754203
410072
635249
315146
149490
646214
504992
865091
615832
778394
471329
28757
526238
406432
939040
903691
697150
761903
180791
903466
507972
804940
579296
306848
282843
944365
731669
867289
909744
288791
863815
949681
114757
972584
414199
524483
120276
85041
864435
31456
301149
276411
577456
345308
761358
765227
36289
341186
453903
606016
884402
540327
488679
474232
733379
118876
952334
953107
546756
952189
192783
589103
823882
768742
415897
102930
96331
639494
532452
515398
778203
931339
684923
472607
627268
198717
683881
166168
288187
732903
531460
40540
529349
651567
595025
530592
676198
923719
460818
932333
977025
419260
12211
699899
989073
557740
593869
624825
416898
766613
331668
932138
837037
173128
294820
580905
662255
886779
842467
537997
246181
434942
930770
516199
47941
164038
321334
779240
367004
686757
170781
596768
997408
550107
898639
59169
309489
502406
6291
91010
875761
919732
593946
60351
233916
319769
239180
664126
597382
475740
94382
237932
950800
551628
435501
79558
714503
872688
214602
248692
812473
555003
156065
787727
690804
914590
671767
230020
513021
691384
997535
457616
625706
356073
661545
353003
951837
201796
759017
593537
677021
817762
563839
243483
187282
500051
791368
888413
491229
19568
103233
687336
356178
7500
649235
331359
282899
979977
772991
230855
453194
572358
803878
72264
838658
709878
674550
3664
37922
693388
198957
953815
847688
56402
656971
56445
586558
87577
416280
271567
239196
254155
977935
174952
16506
888732
262438
360372
513743
79007
140027
866896
329899
504629
409436
528397
36877
789664
109171
592276
444066
151157
688012
53475
593179
656240
777157
479157
241129
327778
997585
198720
183512
997317
397416
74648
556357
328496
658191
128497
630077
740325
38335
386626
688372
470088
996597
415108
902047
787755
130006
262361
855790
119748
592124
11530
6633
338752
162401
455785
231718
932848
783654
327445
341732
121186
546241
517980
281160
577483
189890
59515
198065
861472
369152
41472
3642
619011
641572
318736
918539
186074
79825
498565
734812
216508
774639
367855
455816
542341
292243
916668
865034
544457
500940
911218
173718
261605
203021
328600
888790
598513
377778
968885
863807
695185
646897
519472
363344
686827
924574
367126
239847
459763
168858
533755
637248
446497
726681
89911
485322
788612
482127
654993
626088
542960
96183
251834
129345
701203
40640
315568
694980
187942
321940
454531
541819
743679
191557
798517
703307
663939
236055
378490
192966
58808
399716
643870
425389
983992
825584
430214
213893
540097
629066
141134
841620
176810
234907
725458
934008
499504
640590
168712
263461
270959
532508
362123
714809
884460
186674
389939
272318
271119
710146
651039
5947
220206
110051
817620
206071
547844
528614
565695
550411
545984
530294
532822
123491
270330
363435
91421
935505
226368
937451
658245
993357
825167
696893
164782
259533
920477
403244
387213
682365
302419
657940
873577
304220
927321
234508
666752
97203
145225
178415
342534
905010
162949
836873
943117
621288
153572
141659
989120
443422
426119
410187
305609
144017
879946
798828
672019
253131
459926
207461
35817
475485
675540
726080
996989
731963
346940
347921
227525
818996
441931
390913
646272
202508
549523
162038
969623
309623
235948
570145
234014
777076
554184
154531
201977
300740
725861
690780
751195
305543
187675
816146
140906
955953
964181
555195
4671
858605
315420
264296
68169
47950
17423
375054
295633
358254
933679
889905
481496
797221
416407
324462
752668
756904
840648
702182
905529
696187
134434
599939
410925
421460
786480
319656
701812
22734
507034
549177
931282
243078
818877
449732
222127
79190
246424
802314
332700
539948
852061
426350
765812
72582
973864
751161
898653
453452
495499
688392
682606
489033
755271
505811
315243
937415
478744
17882
293163
136455
580520
824173
845850
717786
587875
474776
943643
833311
516202
320618
614789
55386
200801
797409
284559
320493
261475
750836
309382
379829
389845
880829
925754
94531
719768
935040
823225
341237
636312
294812
960243
515569
664513
137613
83197
379389
104402
895195
740081
138878
586761
454498
188210
829963
3262
206207
758285
609710
77388
708372
660154
261879
111530
442361
686723
210684
676887
111487
165052
297456
10804
133218
730160
238110
673707
996938
439708
864707
272397
41342
906452
744966
384826
698726
963716
575509
858553
806587
638354
167837
224872
793933
57246
546149
849549
620528
517163
961736
166346
268804
921495
489677
482927
422624
931590
670757
347370
428251
199197
653568
402457
301366
107754
870988
293568
514537
141153
130635
656022
664200
546114
141839
683514
343826
230102
805717
365443
605527
875223
384444
907509
442179
123503
701600
981391
456458
417753
319831
186497
113970
926884
787592
89018
313016
110678
159523
941536
937568
517549
812544
970521
156316
878657
782232
100614
128472
329861
400154
662672
912992
487020
900843
425690
135151
877224
264061
502550
836949
212429
525963
418547
419332
256980
164974
623732
67511
981372
911711
36380
186494
28044
136586
658246
722603
250675
694667
795537
667539
657807
647
677560
320833
528716
617449
594175
531005
936165
28152
70729
372980
444742
31634
960519
820612
415698
120392
497547
52838
981632
176597
599674
334329
523104
481851
747808
603687
70204
482492
149662
464886
934745
983730
897150
396269
927005
160011
931879
899360
184330
965989
544556
130971
288744
326978
638526
509607
705154
580904
373570
243707
996550
24920
828285
529475
556560
26408
917420
250821
81280
71167
992945
807030
951239
624749
769703
675032
996545
367397
529302
129102
452029
715800
782210
733438
257176
31982
274910
530657
271750
186851
83230
581866
915314
291324
775082
697680
664638
243045
881774
403194
458723
227433
310670
317894
307836
643597
623863
169142
548638
971977
468497
456504
889823
623844
5520
941393
271096
958827
384682
192037
253701
792525
256739
401189
870505
886550
819716
342805
204878
631942
266922
705529
320778
891150
561274
822363
503453
33830
994930
723068
533079
622798
518491
934165
126102
894175
268250
549832
345325
726988
1126
780968
311137
964539
780629
310434
750669
741562
729807
861190
333221
464799
845795
91446
408343
701889
216248
384361
244557
825804
165467
763868
955023
411589
906488
349847
499142
653467
959716
370840
951643
25766
528983
749214
986302
539839
536759
889939
473283
674491
126671
340374
377446
380356
7006
641701
633007
821846
943820
973860
906289
551443
440056
703500
972204
806980
619244
16947
7378
156397
928946
176947
350631
494988
563264
587834
380929
370733
935694
107630
759919
954925
672265
485883
865142
925961
388063
240890
693559
371746
80123
570047
796140
192079
52619
316863
234449
509791
460092
629340
915935
422442
258631
215759
862899
671378
415525
721585
310862
940251
215198
836390
57333
692900
882687
581414
529785
852418
127402
127273
273873
810232
96967
729903
667683
344276
546265
288361
338146
716520
636139
824327
48656
915108
463401
168479
945445
651213
638474
608823
679752
451932
434987
607087
895354
637813
408184
864526
454994
34754
91523
920935
113058
311788
4279
174695
356985
705206
629093
766910
39362
369334
552061
293608
187338
750704
985050
646999
141983
269584
578164
279295
846355
855364
949177
142845
37856
638516
776181
550181
131493
982751
41069
897895
206031
637203
200076
809180
799891
70344
371701
56755
712727
232474
134071
765875
770928
465890
661150
200300
616390
414192
989926
208254
178196
927910
960523
350981
456076
964276
182588
433312
168600
657259
706605
258908
7162
486208
673356
660610
139284
421792
815243
218618
405444
536938
360476
406619
87463
700302
778043
794000
233087
535616
329061
464936
664239
612312
905190
841465
127715
966793
811536
328562
16524
229115
999559
127868
51785
342664
785338
479373
729569
561616
986604
486537
137069
902522
289712
605908
831379
52423
777075
799225
900396
128596
909043
877232
681223
639404
762702
288591
658375
439559
39861
834320
179687
627492
903935
159355
711582
867326
821850
63216
649374
901230
840476
496915
506998
828124
458487
699732
153559
268771
28875
585433
9907
507905
832598
339915
851713
145079
869383
286458
728797
965443
202736
319470
571661
161656
215769
326731
400543
586935
156784
792159
209582
730380
59486
751500
769731
459431
548470
661069
494999
188085
613703
426342
942583
489818
757585
106348
474048
317645
304148
178478
462538
281745
923907
234431
361121
317708
832536
606817
267630
908869
670337
952400
904181
740287
330296
121512
348664
473900
37552
44659
527672
953424
915115
591571
834395
400884
952105
936329
76713
941314
843194
217183
390512
313348
843573
259384
861320
792244
406657
721202
19889
752255
294672
656437
905496
411931
928684
356763
432121
177729
701417
32316
362654
495625
23482
398548
859653
508642
217120
482131
642719
839274
774461
861570
499509
608880
845447
580557
975973
890307
130712
577905
585099
988279
748961
199363
518587
174836
780607
217690
746282
720122
419814
248282
767340
251957
952826
672158
290199
779640
188
177857
343943
958169
993569
757577
426620
961322
877695
683569
623261
970959
239584
122514
486623
595073
16313
847853
81921
561822
963061
710487
606575
584938
414890
544321
682630
737894
314669
844515
72311
993995
991169
301573
945477
704995
894122
405162
606824
529733
658592
693081
396116
642667
291487
151305
508755
105457
461019
647080
376271
938028
902929
265288
145964
166949
892345
234727
363666
870449
190743
495193
597704
219950
359985
89812
301691
892700
441371
672024
599199
916501
8750
680441
4397
973610
584151
919370
106954
154780
138635
758440
996232
873076
342680
599200
723589
592768
500183
137534
271473
948394
495422
851699
541294
259446
410962
508514
456912
36311
687417
666887
915331
556399
2669
713860
18764
968162
349901
194378
141288
1493
262734
135328
328080
54793
807822
104147
510302
659086
92169
680122
391945
580261
504292
442981
540236
224758
493671
978210
321446
708714
920712
172011
542714
832230
295906
98607
396438
574629
667653
170747
773008
533361
413542
762437
744973
747966
775799
886869
352667
15587
603218
712913
567358
236534
937871
66019
227144
315074
814004
951881
599393
279655
158988
82424
806823
18639
369680
523246
374062
24584
539330
665939
200680
213699
419609
363915
604704
958184
608279
104795
297505
916116
566
452853
222515
651504
146048
938145
137285
593327
854590
832586
30182
681700
890952
979235
640749
83325
754876
10356
495289
474528
199562
922437
141203
127712
850539
125989
432112
75292
923249
281111
780434
345332
346874
651354
390861
12841
364030
195156
100775
930256
408008
162010
594457
43059
194114
553054
611762
185604
238888
962614
136283
822527
720607
561029
84981
387099
378974
757640
871326
91116
377674
850303
89427
66456
69920
859318
396848
353651
650764
58798
377938
112250
604886
795949
66397
831017
937852
677855
773657
614137
248090
242280
198647
49210
203398
41671
263282
183816
524728
147496
822673
493037
373606
388550
976008
77203
762478
400250
642046
732260
251693
866405
377770
469248
973037
834359
268759
993050
9787
556953
857798
872944
435157
378749
587698
282789
296514
471871
971502
103996
948028
489592
316715
699123
560393
983392
959702
568570
123368
956829
178334
777998
225766
155436
537811
215479
204048
374827
935978
510426
78338
715648
839005
239291
23774
613290
54383
35603
850329
791842
22861
221834
575855
841837
703760
5586
907511
575681
878239
259104
592208
865553
835762
828486
45819
806391
787121
277553
336451
765885
665530
400445
345879
615049
742018
437168
972664
686306
822547
1178
899085
339875
656115
904583
244692
153339
449701
722974
540787
826333
131017
584857
27244
541195
588446
47393
397807
142523
752424
900805
31882
3875
510061
196567
936188
981734
339161
782627
282535
559898
932673
604557
130979
343541
959236
364806
725423
789845
280013
824682
600194
282409
586550
10106
527808
642047
573255
617329
888008
473450
998300
710276
431338
211407
141412
877179
625334
758605
121286
26471
187759
686726
469086
531391
464159
660302
845220
407387
682884
560752
446445
816908
377384
806359
248588
546582
430670
685088
764753
847819
112584
857209
526897
66309
137126
161270
106374
337663
337672
418736
127213
54352
909205
279578
85389
690182
881796
640162
994807
21915
632024
662463
341865
375638
958440
788253
488109
877121
803868
147235
851999
521923
537012
44573
697227
776665
62338
529099
785140
631221
436216
253253
177266
349619
357212
774409
184435
957044
824024
557859
318625
588057
730605
90615
237796
499422
695432
850094
262911
785936
245229
434747
222549
929004
188816
739913
600206
266774
569538
642435
277973
851123
712712
54911
220025
280867
395720
581512
658163
902686
165981
716166
711
442666
601225
164876
370115
847414
183178
653246
641444
62487
112965
175197
730072
783324
290975
691505
271519
8399
542379
795026
674443
396171
851965
292050
246694
217653
540189
611914
85746
400024
425688
216832
446987
92577
538928
293682
82025
978739
999411
165250
412354
875496
60969
639229
471052
861478
610535
836745
229408
824665
1152
351851
87354
746770
915995
710963
835037
889148
733024
673669
40659
83190
656140
755460
815122
691026
166373
433308
446010
907946
48263
193260
96379
6105
973468
288655
410516
394845
264234
923974
46518
198791
847494
157763
618311
526108
302438
944980
195522
570956
454676
545258
986875
334348
148991
214854
63808
323282
23660
917695
877660
463661
503625
762418
913141
551166
335202
487046
500501
795351
755692
705562
181253
230254
185727
900366
669717
333565
886305
355755
879737
96634
624829
886192
55054
925678
240691
151482
485306
908724
122057
237326
130352
577809
519359
793542
150291
969322
902847
983831
647538
554470
502323
58555
326834
627361
28081
711103
606665
667017
537874
626539
958310
181017
610336
988233
87727
352688
897517
211220
273762
977549
785216
385087
994397
763561
55723
560350
102008
244401
681144
881013
689232
991903
979330
709276
405407
27124
870879
138827
281607
166420
242171
522248
861102
470142
121344
683946
48130
822694
50225
856456
60445
547568
264982
53059
148100
105611
276434
60461
344458
260776
527312
955157
638098
308310
604
303729
825137
89916
491086
623206
359858
495346
758112
819766
752307
968380
344993
161286
50860
254755
60419
989771
66512
875634
833998
461713
360460
373770
741815
133224
998828
746978
765835
912939
32605
291487
518598
212782
735181
568588
581120
13571
122350
445686
715719
437737
18778
773927
640264
549970
886993
196413
452902
601552
157277
890918
234669
523675
911191
197945
623520
393217
462146
562100
529646
551018
71828
359310
77443
552327
478229
217785
734843
783831
487457
778422
383794
769302
260551
27988
281079
701314
269140
522950
877855
470794
899562
790240
284789
25430
68041
850094
166287
41389
92976
550449
726140
398535
242844
419639
334105
36336
720815
30550
690051
292822
26412
222148
392038
730671
976351
786774
211508
870665
792986
667923
757234
635119
847577
27829
545196
339829
75783
54843
753033
426465
815834
59117
500665
649462
313497
419822
651018
77598
617661
380535
889434
642611
230517
789430
894695
947242
685892
590850
652995
109660
814982
668921
160995
430323
21200
950776
889366
993005
620724
537910
667922
934928
196835
703677
488361
93931
817902
196806
338523
492420
719205
975153
912518
713059
190176
87390
982969
204602
747164
440939
370854
12015
530172
97418
400245
619272
645489
665405
520565
892914
257845
406961
430061
245742
954417
313140
79825
437529
325567
147669
387024
714646
494921
263383
160650
598105
558416
109649
859103
971667
159561
889317
890915
136437
449826
967387
399278
253859
762466
196505
440015
797816
346158
335681
406944
946351
490343
443175
860660
37812
334065
102637
430701
31880
919951
621822
282155
963595
24362
538851
324639
352233
29297
766597
662845
913892
46489
946240
71952
560889
38726
812063
748135
962738
364930
260154
965805
219079
757673
748457
130262
545138
879912
953124
168246
265614
775642
929977
144876
126955
456721
850664
997627
912432
504310
311518
755384
552109
282504
60876
254943
44669
249088
222628
76673
607636
418005
616816
839321
699499
632667
792463
78140
444357
256647
711180
982446
22620
111501
87324
803601
91117
73578
510132
327672
452957
436862
419781
145433
522567
920401
157013
514529
580835
217718
331707
723106
563540
504524
190839
160039
372493
819873
814507
104873
566241
902066
578682
533146
390247
773902
723388
47582
365702
347609
616667
987097
853411
417515
492109
761059
142820
69592
951726
928472
439455
337163
409849
915917
60516
461387
120547
578333
444067
32224
901524
186145
918012
523470
62402
614462
719330
579840
496748
106455
677034
290432
477872
831011
214262
634915
786890
798234
28728
162114
257514
904970
5029
963106
368817
429318
889848
123061
865095
81789
447072
318778
117083
446824
967240
875711
615160
403613
785600
688263
554369
707329
47181
184966
82953
815259
521866
525193
790289
373251
805560
33842
832287
845881
556586
550561
394039
99921
191686
865711
844537
545292
224568
183828
453398
810819
924729
581032
290160
941309
169527
67398
449038
970143
81954
566093
668473
163139
676499
312576
254453
219937
107224
16525
400863
945129
359136
502251
709856
372723
969728
688796
592203
204558
663456
722834
387737
279221
768197
896046
405054
199968
334779
610595
27815
72438
307806
583929
634643
261087
592517
790574
606027
337016
350732
69879
818751
282336
619005
372900
153983
199983
427610
131937
579475
605639
338442
745944
745463
316930
363038
258868
735542
121867
572286
380865
869793
203336
266740
262575
488556
352181
112469
994358
153574
262028
864199
989907
825684
986208
848628
236656
433832
420362
803402
958177
36515
412474
873579
303883
905860
932975
807544
430559
267755
408641
61173
987588
21903
966811
398489
108755
687001
24007
993333
728187
83547
615522
724670
173637
555888
340334
62521
377715
773808
40006
287426
443585
478096
559596
214136
619661
256085
803902
842504
449426
898419
797064
344341
673680
702278
877939
844225
550536
957164
945306
157659
304163
189757
468029
400421
361970
89064
376974
964480
242192
499179
477545
274678
564068
61870
459105
648740
618883
660861
992757
132418
499762
693792
955362
953617
920457
105433
857490
168352
209587
647738
978738
82234
717777
169376
846497
168495
455294
692688
864196
900541
196845
272556
776438
118812
206767
429713
905629
160099
735058
147600
489112
865818
822371
710856
447572
253341
279315
18397
950334
223849
650679
394391
378899
710
67497
227289
30803
434833
470732
752187
330067
254117
385517
652487
617714
515046
893126
217997
166371
173161
829852
967011
566697
939779
794248
279165
900194
211501
819218
244325
362298
99217
801208
397398
497280
112947
894799
606715
153237
149759
343233
261631
545601
155947
39604
239248
979935
573960
944780
920118
638329
468331
904710
960330
543854
914482
278981
328596
73360
225781
735594
484229
302602
241675
462428
562701
121534
673718
251879
846426
940909
642412
482752
485935
979344
217986
984359
273564
50499
655031
546661
228639
174241
73883
411061
498263
8747
904795
531839
694113
167009
360809
993279
26194
693811
47500
876228
91599
576401
637185
140757
768011
310175
230413
757038
347102
645316
967648
853928
757119
104290
989159
547254
49822
237344
388847
900939
308320
669410
438129
826521
564536
227802
222078
810741
245535
72888
694024
998103
162799
753277
115338
327229
451362
620333
52245
1582
367522
53411
273273
665756
542348
444350
864716
410787
383302
881465
605210
694446
128569
479257
667561
800120
842925
13055
208359
47536
657728
490589
438770
825654
834179
254277
359492
879043
809393
295709
289337
667749
271885
422319
666175
38311
878615
630045
733401
939279
652138
239794
524111
953024
995061
642131
583926
839872
487444
569876
368088
916692
586058
471143
676607
302472
200413
915887
137507
562571
634638
976178
578157
449014
276980
158445
457703
833581
25780
218178
846915
793694
185439
871693
638661
285927
675816
958228
485069
286228
90880
369436
699653
698438
931088
519320
365923
375663
704915
61565
666779
159929
794125
232305
713893
979974
974699
982881
785574
926546
291448
373362
329790
588725
184058
3727
61677
664389
352935
696737
542178
194073
146311
574685
473890
262504
71207
302262
343633
628751
223991
68532
746720
997425
896129
161757
740372
513465
968326
226255
69679
752251
586551
540399
684925
884792
453325
726844
203708
450752
451269
31357
74217
812146
198588
216025
614947
977311
897698
215173
976510
617293
756254
212567
192295
329047
105214
132090
717103
801265
971225
516922
782710
208778
986372
887807
931509
335434
455341
473303
877735
251643
584407
296876
984853
718724
747378
794773
972541
558543
948182
621767
54174
616332
466012
245228
336227
545743
880089
888460
356201
305749
724216
506216
179311
239716
228147
878758
528473
568400
291822
129638
637793
304345
327088
96050
325722
708210
290750
82004
201634
755549
641878
642114
796388
685041
266501
798133
250503
305150
859749
160536
369143
131463
989815
921627
790990
707117
763161
515046
348574
771181
842980
233131
511582
719936
457764
809300
571246
137761
832884
410588
147976
944427
613238
968058
324037
175904
789805
36023
298185
774534
286903
477728
134349
934827
168938
755160
494023
493002
261769
322949
215992
624710
935074
902442
417938
808659
576648
471061
19779
737396
532329
678959
644834
657054
729163
775089
924277
44732
412967
653238
593821
957708
481570
607531
689054
357543
125284
263266
212303
989469
607511
12102
200218
777982
729406
949865
592753
745718
292015
983545
324558
782032
134511
233618
397348
885979
204584
694509
746663
474410
605385
53557
990389
618804
851962
431098
492960
52572
599483
585599
193177
137484
376856
294509
702394
801658
976459
466091
117999
286605
585774
795269
798146
210648
773723
692297
892546
907012
205410
267569
129936
913933
397798
389818
974854
740963
922836
860179
385348
201136
798209
142641
81752
952377
389791
860223
134409
100830
524188
815539
8257
241083
910808
851580
232212
689137
428544
933271
200753
910399
778764
107073
686820
529289
107153
786887
24837
65531
548291
707641
961153
622279
638475
233917
404674
147082
98881
643967
455870
306764
887687
522438
851289
709286
951233
977250
39864
554878
164980
607106
417123
18862
237882
926498
208790
840707
281183
6177
324837
231585
527580
664752
173193
438852
617837
898726
917771
143969
81873
183025
852875
209579
811358
116520
38829
945649
983614
47419
396961
672292
229258
814540
27278
212343
743489
374678
943323
935263
833445
195403
525338
512314
307250
35837
255248
172556
339772
330290
363173
249828
52644
167962
660197
71773
539638
771356
584112
919552
31906
721420
673284
751879
346581
306810
782245
254076
437940
188964
305575
316800
881717
79883
475928
53608
347929
841314
805900
107970
632266
264995
992197
121333
197709
731773
7039
548102
80227
935016
915158
667319
107010
350488
444437
612938
353195
852111
144668
196323
226792
55821
249965
298507
260516
820835
190611
742225
413926
965542
905775
405771
485099
310590
693920
73530
227296
382814
222542
502667
561401
400526
836564
177402
240049
317539
244552
197201
936286
608145
629863
665423
243952
469783
690658
647267
384134
249816
565119
641559
462060
803850
682990
550346
867765
282183
758697
31638
170226
127105
448518
268816
712652
590675
532444
714093
469443
296114
383376
787777
387075
660802
783547
242851
284384
718085
614649
90797
103919
221102
744657
24288
35072
888980
591868
612004
464187
928130
698324
293164
432406
299819
881114
35192
955760
27898
156132
609012
817933
908680
20513
815486
945391
601639
538058
363973
953101
314587
211047
756429
948786
52776
629179
939918
385077
500359
9038
745468
837137
212786
381013
645922
115488
553439
932287
92840
939321
436745
879262
360307
641634
558825
304049
419563
993908
304196
656202
58072
461578
624798
111200
374566
39845
275084
258035
346503
389024
383591
542808
568375
927690
505500
26784
34715
886565
6049
438441
110339
298170
449666
174784
10318
419991
440793
282673
144813
458343
26524
684398
140672
911532
456528
259480
897436
610267
212764
103212
908078
710547
740216
274381
677945
468028
744708
99434
780155
951417
742517
141707
851757
503433
592554
493950
536618
499519
657501
882200
262311
606364
490549
378986
214432
324230
259896
927618
464276
395495
358301
889114
258150
433701
974847
581538
211173
311033
122734
607973
248037
382574
665120
996378
471692
126776
291845
242634
586921
663983
868728
655576
324670
921638
738577
576434
605982
222572
325655
647123
167345
79647
284819
771890
445269
779559
777983
57674
412383
673238
614878
271943
70847
452826
442341
551754
671361
940573
95959
537177
939952
305530
178606
466470
893909
507419
705013
765626
176733
795187
141939
481470
844248
95893
356801
979878
844638
843760
253629
784379
277004
229159
643671
547139
401580
552465
290760
611086
399091
817802
565475
292256
983139
873204
618692
207990
340369
434446
859556
391479
69633
776814
749327
700024
925805
483038
555308
493484
219109
965969
997051
379239
202704
118977
38366
580621
588880
13862
175246
712219
91716
500564
763182
637329
145191
824306
223164
775099
977749
265554
532900
958747
199086
328946
639855
177269
55507
63374
715480
473591
344333
989472
799103
331778
233102
323958
613239
960729
48015
938029
38458
171749
747800
750095
510972
697826
763742
434887
215964
6762
236486
393789
117687
867164
356680
636754
268823
324585
117359
807545
9353
860219
234236
767152
202573
663681
825194
569690
106534
429083
905997
26619
383248
467231
156244
136463
115793
123142
391533
694855
371816
143415
977031
73569
115490
14061
478323
538979
77836
198279
969892
389875
644739
719724
348885
73942
619687
811736
627594
884483
123758
485704
842542
415907
786260
281022
956699
438696
927856
397617
668473
349639
489186
476181
684861
428883
91753
95618
978131
841400
614289
42052
882902
963408
489289
213182
984444
700261
497875
318715
396943
849092
539732
759891
417750
418106
960651
882166
273618
684590
15071
643608
403300
739034
906320
125881
27404
441959
280528
773711
341836
663269
711147
652883
320619
576356
328865
796965
194581
402866
883156
394141
827039
919857
388636
888687
333993
944531
102840
6394
796573
22965
342688
527661
384659
717205
809078
628246
907159
435314
842458
25033
205186
532735
181404
665001
172868
488131
920268
77206
279492
167504
999086
570419
65182
475869
729162
193810
733579
188930
239327
237695
917855
78992
847160
658790
434475
689995
451030
420002
393090
246854
125388
192290
724569
417113
638250
42810
267272
414208
488977
961860
871789
296275
452262
392369
108527
4957
383202
349808
659552
410908
570117
887992
669180
11157
949802
187958
59918
576785
198070
261966
17394
185783
996458
962960
981685
534855
346264
590009
682264
768689
726899
368547
73652
192336
740799
169418
953079
850182
264103
719867
225228
273844
132333
763931
879193
887766
382908
317905
896738
144378
517977
661137
179467
714267
954808
402950
549626
684126
100203
151323
151835
384744
333237
229991
707197
67418
454781
695795
73626
676906
127518
846376
659444
21279
42203
13530
97370
543081
586480
14187
300234
749082
761795
484509
686320
40709
537785
950520
223821
222257
167526
797716
525811
101946
186204
604292
616108
412101
263332
549727
139962
147550
264651
27372
576890
305904
442771
310889
189666
138528
737547
175608
145833
581638
406521
219047
981958
726216
638579
399706
398032
659925
454733
253271
354564
445947
828908
599150
531429
741734
626361
975107
64062
538934
650802
629498
378883
373371
226202
735229
733270
40016
997265
5869
908133
287633
540542
521506
160368
915258
117352
974817
23464
840797
926756
305561
78323
109632
265961
851866
504972
137809
292927
727699
897992
730822
618070
356038
206259
767893
298291
857162
566745
661965
939653
295548
786016
574416
424854
669124
889490
481389
774749
845375
245625
284958
380976
810510
824547
108379
459798
339642
37702
679448
524282
954754
866556
751522
499708
349572
310127
654290
650274
2948
171984
45675
485548
421659
171648
95382
166213
529086
798674
731767
684309
84970
689704
601451
572404
458729
358969
89632
686776
712964
579509
88594
5423
235398
865151
883998
602408
217000
523801
916548
587308
922206
146142
724542
665354
290237
780008
33335
80528
298055
326161
124842
789142
848533
841943
580952
595380
907423
62937
447397
142035
24683
789374
167184
161185
941840
739509
590669
895518
889190
668950
938241
51668
888333
119848
134298
919715
447446
377020
732296
521018
760465
317494
95899
504674
797300
144939
292154
67380
673764
580774
107389
371435
498531
232325
160616
513684
343127
121857
384261
831970
435699
546571
741213
266142
849540
150929
564818
98171
650074
462559
708252
76487
414993
796515
183198
389438
709499
639881
440036
667449
622763
526149
953596
821444
562529
804079
233326
993357
160525
957767
582744
566007
132354
443930
708011
504846
45304
48062
173308
126549
186301
774071
159304
136252
505338
454588
974535
501806
534942
806355
146091
509446
922281
374809
121717
928673
987223
559774
968756
324046
636519
974957
461276
139106
582022
513769
178943
504361
993565
849810
218922
823287
492340
424935
174879
243420
49985
83494
838058
824757
406417
14511
88546
190047
821458
834566
286846
680199
903291
237687
465105
263581
153560
646548
255523
611751
55541
382042
730990
616754
106854
70066
260658
253667
133810
347091
320437
11051
63706
86276
244571
114969
774857
174783
64541
318729
732761
467058
916137
295290
793151
866911
840982
598270
464533
357922
692802
777866
336771
144275
716875
184685
162825
549825
413158
494622
148394
270303
45151
212205
39672
670139
684781
179676
468601
901865
232433
206151
751923
852158
417611
828862
878297
841080
598489
280307
374866
969915
694733
628878
304162
845174
2346
462175
821943
787940
827419
773931
524306
620143
177648
400167
943440
666351
981814
832579
229269
457999
939569
34525
932436
291600
868408
412694
447932
657832
101870
900866
938242
454786
254872
563961
114567
59433
963616
888266
97703
747391
131301
987279
719902
789095
695677
702556
467542
646659
264072
375633
851601
759575
746546
120975
514287
735116
90116
902023
714141
771473
593448
953262
783834
706524
906103
251789
992743
955790
297472
906356
259531
42421
447768
687823
868160
588011
34777
792784
994173
986843
300665
759884
734497
966820
971527
728290
907257
278486
172739
708949
510254
366105
808795
202875
473486
194988
912062
820239
688501
331467
444383
103713
237271
