6161
336915
347590
882825
5284
763348
901885
142604
316047
559581
749077
112683
989172
629090
191268
676852
290869
52753
538750
171470
321801
836948
372435
594439
890862
226099
504677
523848
351017
557847
674340
235498
853563
586153
729767
968865
164002
705369
257801
776150
568456
69499
973982
627987
563020
569035
783953
524376
226028
496209
484443
394186
607500
299744
982882
654091
695525
17592
901932
588005
39245
697995
77566
456223
816030
864413
191573
18098
950150
265348
996160
866326
383339
499215
678552
345397
898553
671363
477022
804097
179849
256704
297519
574049
389871
348867
108518
882566
136224
535173
726158
26140
281726
827008
540226
914333
837698
738065
320676
142335
311813
349945
553590
104398
585067
358077
192472
97108
840044
217902
414238
233524
488192
953475
395533
328918
332327
832418
297843
809020
35218
755645
253280
400883
262193
530777
770820
831590
319194
610922
49254
257037
235091
315611
954815
906882
415996
294121
75249
799220
511900
557167
922215
901620
466950
154812
602186
217197
394343
268448
711260
674609
246511
161990
935285
229422
770522
778811
29208
840255
29978
674573
382322
764319
569315
819534
125614
724472
201554
695992
739831
809241
793147
677674
184459
49351
882382
160401
207097
555114
850660
411298
569719
146344
412076
38723
443938
823823
636269
688841
796050
353580
147447
343708
162457
103481
130090
406007
589017
727090
276770
215308
126399
651976
887294
435780
828768
530991
89100
41444
678190
619602
295698
777099
792086
441510
981243
238488
413562
272540
128477
202408
102598
749616
736483
950973
612785
41695
135196
53690
802898
123253
472030
533066
527900
855620
827480
212577
947768
90481
642932
491099
696190
494952
178789
746368
112143
375535
692946
351017
748625
82904
808862
674876
255752
462993
254676
24914
334606
864917
16428
523706
717295
19077
605564
79191
302243
90833
691454
258020
385640
318544
777658
834584
710908
43440
128400
978597
867956
689607
739364
794266
179452
932104
736806
343720
609004
824593
563388
729345
17858
727200
629711
668636
973122
682662
208111
832597
285287
616244
621028
366002
588804
679570
774866
464065
146684
101487
36104
18396
303578
530674
843365
504143
546254
915630
29607
776656
990277
841909
448145
402156
671652
547395
644920
346115
480
929883
868779
237930
704956
379760
100413
883822
755488
579001
681329
884152
318931
414247
347776
180940
994069
498611
599113
833835
618716
231248
36182
747097
364969
727296
644870
288249
149381
933443
111965
38612
562141
111786
9316
751864
567223
426313
620798
503549
418448
787914
468553
535011
97940
148574
983725
79895
848249
460239
628356
182548
225657
582450
669798
376871
352106
366904
375440
888267
30395
686755
879536
528754
196621
445397
17935
309861
288491
510467
472987
224258
842920
842697
990800
69477
414612
177112
694979
532770
718426
479562
647051
833838
502009
566486
870604
516957
524765
570207
872737
436037
894362
399591
968101
600962
851716
527904
844254
520595
119981
499107
475335
841442
472188
514490
901625
80737
317222
973463
852277
10640
522444
285928
667792
392539
347761
880002
292604
617503
334678
645754
415022
959117
984884
534419
181105
576615
606934
325073
150023
329896
432976
44396
444215
992832
639327
606560
368888
898493
517279
827553
285688
47045
70819
636396
727049
143872
971508
443833
636777
450322
500969
306573
382508
147910
585952
178027
637704
130246
782614
663146
757437
412359
697961
366946
370847
731393
679399
854144
297345
417436
839250
57594
73280
609510
308083
601564
813609
814913
293143
927168
561480
935130
55786
98011
790542
193427
565615
663156
609118
521027
72538
809457
104180
868947
873674
989130
987826
138377
118502
668574
251593
347041
322899
91300
184192
979287
324623
614778
92900
290946
816685
929241
918860
556634
141485
828202
943112
819162
403575
544753
211110
268801
546868
556519
159584
332146
104522
29543
623781
463547
903538
918462
952002
624498
196791
27365
397805
659131
782733
190090
45102
897703
296843
403786
954091
81591
693638
717180
301326
477822
451404
312935
47253
434724
260346
780371
765749
344391
566266
414909
218796
887227
970461
169636
503714
667186
275473
680640
266619
109431
80447
723730
350076
474964
104644
126550
379671
350356
261129
64982
315604
644067
258433
944216
995742
91729
599998
665912
374376
78645
849009
653136
791482
744110
336892
896723
133212
788293
620277
460409
518749
675886
962298
513364
71616
48750
706924
660290
928900
819350
679370
540283
727567
788461
483114
803914
528758
850540
368917
726617
372076
881314
390336
40165
99524
336184
755235
88080
108900
1039
845816
732373
20488
345541
835154
926294
301104
262167
295832
271633
169960
694368
76828
504369
868338
512832
517212
739649
822545
444696
511444
720187
121524
640945
929405
977023
104702
756476
315302
502239
332782
502388
173742
144535
14960
14496
80027
654618
387903
502964
277467
600135
446325
749399
923988
21050
622768
654272
597354
689535
171107
83705
639821
129634
689206
462918
658363
138914
147739
334623
280409
121476
985327
930904
328426
855043
182472
296545
454505
701092
759969
789738
648905
181096
12383
383455
611847
418267
128447
779473
113064
317962
321439
668980
685909
638417
321701
718981
165775
754514
640208
995140
971088
838658
357785
402207
81792
174877
198981
229039
105616
517370
265802
191323
816119
47609
811739
748442
687303
855768
206034
164055
532971
296869
628729
876013
321663
203726
994102
435473
691852
835412
270032
302927
496735
373918
835810
834925
541956
210602
796123
101420
771428
225758
139310
652012
947448
892029
385309
631407
323753
124341
171550
384246
462086
581908
34983
164743
537377
574747
321435
311120
757447
417643
174993
421478
789593
424604
907005
988838
672779
889261
319357
501116
266041
575125
486018
382658
571745
470200
3865
956864
128449
483829
281877
171538
121038
719644
965723
492647
988686
990845
476810
949605
523091
302427
760644
307370
748308
979648
417886
760814
688041
917930
107808
227396
931298
496675
392185
977727
293829
434286
897666
978097
185059
52829
947757
297935
832470
345856
952010
505072
952281
128504
472565
460084
940036
259945
551648
137602
520290
867214
887481
323753
447601
256230
150199
259048
306485
328460
522566
778121
721913
539172
259597
121255
432995
269873
808920
142417
184115
100420
784999
559111
664856
424399
513554
272481
729455
797720
458583
169423
893657
81225
4930
457915
826295
359972
333560
106379
764740
737875
406495
410882
61392
761117
698221
2054
667477
135221
896844
902460
617272
151533
330407
126607
139933
130888
615316
516944
219047
875692
725342
283960
926091
726710
183725
627144
182927
68584
517076
315153
785701
731133
663543
476560
469662
110110
111511
709745
7181
262509
725052
454068
19001
816381
326462
965293
433342
616805
843439
389157
876992
604138
841064
831519
683277
227673
881711
443701
122126
263670
296834
674976
776618
328014
303043
60630
881080
165161
559551
2061
498974
227356
16092
791454
863627
242107
456223
218117
902925
47851
366872
759685
736015
535444
485483
905960
534387
768246
330555
714468
454408
556883
13940
292185
595112
454410
322933
294455
272817
525316
296281
29053
994014
987463
708897
631580
652289
568744
337983
895162
367839
181469
34305
605650
580200
291568
53272
175480
237009
996368
161797
424826
449104
330690
486239
203682
907827
434741
957315
740313
368158
81714
61848
902502
906207
756274
282685
278227
254639
250569
790034
185648
778440
639425
346272
849969
923805
916162
179110
240562
579131
731820
958721
852956
801850
357511
885303
953375
479647
87698
452255
891359
747986
819832
952241
147051
111222
628000
714086
356584
515882
826723
980811
54412
818460
294873
401256
924806
301893
947916
776327
613755
679748
714766
992227
40044
345883
124583
984175
611443
135296
134438
39359
12012
883361
213848
484119
225841
211512
237975
881615
487229
445830
915642
435167
282930
468719
522666
270221
193525
934705
734932
690736
677559
493698
260538
693215
456335
26950
868005
452283
887043
298666
562933
692310
929766
92640
831064
818687
718939
974583
978137
988908
896055
477077
593360
926018
892933
568532
727672
312451
809443
540343
633821
868052
682377
811592
373172
80042
23082
7567
279813
135569
102067
557360
370179
859161
330928
1442
495740
148061
288846
202696
862315
951665
701947
370606
446571
58599
851049
240545
572806
919806
171442
619307
220908
940264
337046
143849
895999
955191
232223
714763
924235
703907
160229
837672
195155
330426
975086
796348
630278
240676
651629
677695
881233
901458
918379
739554
140366
452675
90627
927720
164954
784051
947207
887327
969924
554528
406721
518075
22880
155129
752788
435405
294268
865510
638848
251941
845994
115631
348099
14145
606780
632842
335133
537264
654478
38787
34669
704071
595325
551946
108919
711999
777078
461780
209671
212778
490857
88303
870638
62416
362843
503975
36907
724202
995675
563085
647014
327418
816012
906602
815573
706565
374049
528384
639041
308078
925032
184761
696675
98929
613885
416943
587112
179704
44575
527831
141076
571549
751647
427146
119939
665789
947124
820338
543370
588213
898348
57101
388219
587388
628541
65569
665799
107869
127674
795389
54974
854031
834401
583911
647027
910322
697809
243239
749243
862952
377688
608047
784851
88270
762922
292261
199009
907734
691503
562575
797267
385923
55347
637978
973028
415679
556161
814471
169533
96156
510281
736435
666424
883237
654782
20097
633983
167329
863997
477606
194899
351716
102887
353360
881449
193105
761935
179764
86895
868911
833743
690738
583532
921063
138357
61864
452549
338840
332251
367312
496539
706583
214612
308758
426962
435526
752770
634491
645229
95247
520581
365151
438101
178110
467470
809582
784696
668664
990353
686186
538574
440156
309977
552464
656439
832757
451509
295210
134657
9945
236944
165616
230725
471009
822431
314140
803824
510468
10099
23945
659360
338066
857710
356039
501732
887691
373138
892030
494822
459674
775029
511099
515365
963121
171601
985564
419482
213122
552824
401172
22908
708183
44580
122332
160287
842254
144364
907895
495991
577781
926867
74143
42427
213886
978491
394129
152741
850271
874679
608690
190230
856392
849789
845981
495317
787714
908410
960906
637560
455777
166592
153052
636315
507365
927323
165063
666445
313971
926401
593947
354123
162859
279911
105842
109348
719333
832048
385330
192891
741389
571136
839168
908651
309976
463855
54658
52613
161122
714138
991054
603188
364518
317843
469428
402754
313049
703928
493412
968947
723235
730273
120766
956751
961851
849203
625077
879422
115998
886738
325854
906635
697899
49523
25691
727051
301470
600463
60126
767895
615399
305395
464732
14900
427494
430708
412816
916884
346566
77377
201065
872054
216051
89297
216210
421032
515513
797498
615387
349548
971514
350755
897609
146297
791372
868178
354487
123608
293677
694687
22951
440303
235683
617610
845161
531675
966005
877800
559078
353462
301439
217656
840905
465400
428278
27411
870411
222585
830841
634370
237786
994260
593359
354922
305254
410856
110211
141730
267464
805752
89497
297957
954959
983282
681708
54371
343271
719437
899749
75250
512104
647051
495770
268001
544185
710878
329472
435437
359455
413415
12431
153613
72742
365209
335537
264616
96746
111100
126886
985831
46018
687566
953015
274468
428298
269252
351572
581057
774924
706286
353996
767126
723850
408888
664297
679938
246251
566156
667686
457698
882496
750805
554190
667616
933425
884767
683507
150115
127432
475546
673863
661604
274202
398653
653402
460641
154381
690760
200688
986346
991115
33569
850494
19032
845186
512032
295489
667997
48085
59622
757052
23287
874274
257000
477260
633343
57456
673674
793769
59038
671157
995558
270075
161630
726850
393323
526294
889182
403468
990626
153940
340832
73944
928268
471118
433788
611010
511784
124663
747960
390057
123985
768212
969455
512826
755267
95579
993517
418968
121854
877096
94365
576805
962179
474326
332121
235184
722043
752320
992545
614267
423031
722068
688936
523815
156754
507152
429127
609022
701683
139421
9236
204893
257391
779780
825998
320828
673227
307537
621999
33628
75039
421955
425380
473740
738389
687340
567449
526423
76177
489580
658413
295117
765355
727620
3333
663340
783511
81305
384637
582764
488422
675720
503480
202980
714277
77920
773528
994844
437027
802688
706377
155056
601041
777934
489720
702557
443202
366289
459106
877355
887441
706924
591623
376823
981089
718776
725501
65180
642047
353468
301664
200062
918692
608012
785575
587826
458328
955323
33810
844557
681840
990781
914623
144072
953592
677470
997532
778381
952939
269721
533367
421792
20767
34710
815538
595437
315262
943684
248658
811050
63598
986638
750710
257640
975890
211772
668964
583740
939498
856425
179263
459908
406038
682333
48021
229336
148536
986758
806613
932303
347062
82264
557853
173867
391071
571070
479858
875746
139045
627131
339657
643850
318024
941858
462594
932895
675924
407534
969844
164724
789761
603775
260067
471861
556152
7858
281934
293652
221237
525787
148709
283480
507655
586081
191512
188862
435061
934583
938699
359179
547003
709619
19622
401903
508721
918860
141704
406423
703949
291765
694619
308176
571839
356176
268674
442963
555514
833937
572719
198833
30931
503088
465170
89372
908737
212106
948780
472591
376133
108949
520642
850651
801635
339710
997996
91600
918094
60321
406669
113476
530081
147364
19997
384387
897610
713393
134497
662227
649217
541838
38012
70818
295350
535962
855391
142990
395721
105318
925405
577361
762547
664877
536346
393479
563266
541361
918177
947806
486913
465332
985811
751705
549685
93841
749053
456385
50436
454517
859779
161000
839921
15548
568569
672411
754050
416236
69201
215587
605635
118856
223982
881080
929507
192210
658007
328643
418171
921953
287367
328910
195183
319322
523681
499595
637229
700750
723456
846398
977171
102768
767405
411143
541869
606833
897130
154512
398491
265274
464875
97295
573713
740421
788324
36600
767225
560217
405565
416707
642995
588000
603555
50581
511484
349542
158712
540238
175660
855280
999082
612654
849497
476791
922593
211492
374810
949952
382482
444021
928934
532633
641905
363077
300890
111025
937539
685958
700313
67989
873937
444090
849165
781443
748472
488742
390988
60524
679262
664981
695575
109451
75903
678341
994940
101085
84773
609459
159771
629500
734198
526590
245381
482076
104807
442298
89408
263456
210831
730388
685735
743130
443094
957405
896302
461982
512268
735733
145732
33473
516182
731477
310033
634291
407618
485368
782751
602934
382396
690791
989332
468986
67034
849696
747101
325015
470866
707938
872039
616614
428363
479704
807623
563261
336720
998495
71162
773509
965921
394870
543430
201849
732004
234305
308223
719036
383801
300282
977573
484823
1579
790005
663275
254287
732482
555149
568083
939423
257973
254960
694964
140503
644604
841092
505117
440273
359940
804021
51924
940235
449020
591709
229495
190886
846668
729998
577476
942714
722598
430527
47988
916052
663092
118032
518849
110541
61745
511803
588361
785224
667348
567513
776011
678983
285030
805518
749902
996586
34677
636563
785184
530566
241761
976542
246780
437086
790675
890992
151429
858049
754190
190971
459183
350784
531421
777837
273597
183113
402220
465117
61156
307044
528115
620561
716559
172106
77197
6250
889468
685917
717863
162029
919363
117961
597587
943598
591095
116917
563964
283163
102885
315045
49396
780770
822394
99887
846762
262656
131969
102807
32695
601383
819657
115210
269463
706827
772452
290932
295989
91338
603596
156990
313502
696950
863393
825895
845592
972288
184590
241022
22220
935810
562825
715129
553502
845096
93880
376373
218013
727740
969905
206091
921110
712462
681370
105035
342083
214524
827631
586392
319585
266339
748578
929056
836767
296418
787357
818870
820850
152455
15715
975885
467013
569817
567764
133907
581582
45314
114319
745575
958844
842838
881330
604985
262924
291524
46589
354365
928827
163096
295956
632396
303382
971114
608995
506583
153709
515687
732060
161160
429926
668153
115291
843575
748909
585558
516907
760005
671881
248610
295842
918105
535690
934530
57319
815733
960159
196607
883732
24820
490180
689746
823862
486754
877208
275922
808305
478711
573004
528759
242305
39858
478904
596234
182811
436367
239816
258027
555762
522660
398803
660670
2325
660126
771404
94835
772469
982418
848337
696113
752197
877762
468129
810335
953914
277167
346027
26063
176050
868566
515201
567815
43697
421064
185643
245228
179654
558505
351000
175373
406028
813381
142064
708617
77324
948298
997316
194143
573120
12198
798695
311056
564914
539262
570134
32947
40131
105031
946642
574997
986440
820165
99407
39754
792207
103070
470916
678228
925375
111770
822243
401007
834525
847290
553827
317943
261483
143921
960952
762295
89131
338179
215461
712207
290305
667193
629735
376641
575158
41598
673298
331416
277465
953434
356538
578037
285504
137288
835656
292407
693612
983029
654764
813702
306762
889624
210929
456061
45014
509864
296620
872114
112922
626623
793934
544802
590164
449097
367385
210174
350966
474664
512111
378444
286663
802088
810950
673532
394215
260634
180600
582536
360111
35343
749879
720326
508471
867187
932382
455373
958705
877507
104482
374722
203954
497324
640935
537086
717073
67586
956847
365085
31400
482201
309805
423142
32824
690692
655928
887826
775081
950376
564891
510203
99438
2939
191433
744674
986375
328606
700206
766493
365408
878485
739680
490139
560471
384543
303220
693013
27611
332982
942765
264980
976495
589221
149392
269081
818126
276353
362963
998380
918505
235717
939763
573380
953932
842574
783013
760015
526110
76975
761892
909216
690055
489970
611817
462259
580204
247596
27449
383261
75222
414332
865688
714708
27696
584288
229339
168280
974319
562291
303131
758846
977996
615495
853894
350871
82157
250395
228943
777601
878306
929273
336197
853641
52042
693807
129090
987324
41174
487399
960826
651209
384293
737637
303667
705748
93903
719261
282387
696217
463934
994287
900373
754747
352245
536384
133846
877929
879604
922614
955596
395243
58292
984655
147733
82703
950605
769311
914413
641386
422392
647268
132346
737357
451054
949767
137666
463238
149359
870578
595964
440784
405406
676168
280516
579992
179913
657094
85223
496748
778887
981684
256350
5634
477627
470471
852312
666595
738101
445206
388208
630322
8183
934135
309310
982237
647700
951478
233545
378399
934260
247281
859674
828783
224309
471955
805036
304968
488940
640363
439999
890966
307721
891560
462411
277306
780056
260659
323794
920506
728036
390889
721294
55176
968886
491316
118090
784237
549563
708677
798797
280722
328835
929776
810608
184619
310246
841507
813137
330881
709505
214596
635232
758554
22622
695079
371863
297222
443890
422825
995206
106953
640063
344811
703500
532768
905050
844526
236386
968626
165511
936584
221265
111893
684864
922625
738436
893817
979732
660941
150456
790389
488685
697893
190799
668716
536874
2052
449860
51419
507050
790523
479609
270466
516202
418673
433325
233517
720838
328379
522697
407710
493276
692948
451801
292313
830670
234297
493976
413196
101349
965859
357028
79768
286995
373474
804048
877312
973265
717715
509080
403757
705703
760446
49007
18779
621194
555086
956021
274532
477279
38957
478917
339623
527070
778748
65130
234645
778833
791084
684593
287768
255804
555452
707289
773856
727575
392911
772391
489802
543799
391081
743062
576239
186507
533062
203692
599879
715969
742807
624616
209785
123784
766874
552024
389184
590129
15252
766534
321019
845743
443374
725906
530641
107325
774122
942043
254270
374430
334528
2007
66367
521472
114329
919683
676502
501626
512743
452468
180283
897012
287327
56523
679327
242214
554516
285254
581725
668601
975729
478644
609024
571977
257043
14913
591403
146444
670337
237999
204073
616140
904072
860837
58194
371728
198711
247649
948886
340889
314868
634250
164457
808840
904442
231329
704651
538397
652016
824725
731955
455898
880934
586613
66775
636293
995310
221056
556698
676813
463829
451032
299347
494980
388669
68629
104182
177867
597720
337718
850658
63051
736195
548659
68294
324255
803773
667822
175792
477008
64706
144711
22004
980152
596424
50831
889589
406919
787605
789908
488339
304228
775547
113371
283569
739627
573170
45739
256929
389653
557712
484102
302767
284341
495719
578931
466439
114079
726075
258550
984580
114851
146462
890018
438166
974839
342698
292485
541966
100914
570651
957249
640777
989813
231366
671802
206199
194212
442490
717227
618183
218706
81202
622355
118577
913275
357043
107469
526367
880874
774280
249022
349624
528443
104664
191720
782347
218043
310945
495707
684949
31787
651155
263178
521776
703524
730443
930747
658520
901908
993514
259352
707354
938854
486802
313123
737947
759104
988541
472775
99970
704166
394553
259977
238403
54460
681860
714461
189385
713000
122432
519061
959615
497878
8019
576628
94076
223573
701789
318113
493833
617566
702167
948535
435727
833269
363589
631289
622946
939369
819479
202659
369188
696821
20258
552412
46487
477321
232693
160775
637315
320930
742555
903480
655936
824405
428717
267075
238497
823596
476433
872369
643005
7591
67347
691084
199259
915748
138462
597338
893497
508249
601238
207078
532793
321981
382293
270265
275753
193158
814017
6952
447149
137038
140423
326023
41547
817359
58166
174075
227219
752909
131450
921581
930729
278867
908147
884315
158833
527701
488881
768840
722773
302260
800974
959828
210742
341281
96809
442214
665964
706457
480954
179589
291964
515022
370391
280902
419285
83622
10690
436576
203783
120860
482284
581787
536193
880453
737931
442087
540997
62125
434003
733897
939818
588512
412948
861872
693453
136196
239407
26534
96406
586723
334518
414626
744546
703943
529951
173626
550290
279294
910821
472885
477039
541565
63292
496383
258233
314209
826287
439158
191563
530576
107671
437665
810156
315838
53241
789760
908660
497164
811197
584254
522648
855947
840583
269635
334357
519133
74164
27942
903989
511676
850035
885824
919937
51925
158461
780379
104772
887372
337842
697930
698743
838883
504146
90706
605390
717557
857684
276614
945758
851228
224039
642544
297833
287026
933122
73323
561288
887093
457386
285774
339059
382020
821376
969475
84144
535302
885764
722037
686742
90410
224362
830503
121981
422216
644055
394082
834437
98854
310328
329159
617855
22871
63167
71938
881915
616639
421500
44639
902383
809969
713300
154551
480448
600185
635424
173826
583024
771317
946148
820176
772773
982238
611946
706771
421138
523493
196730
764500
296452
844984
744313
8134
32267
269859
934428
153784
484483
669075
83911
578019
455230
556855
329542
465763
690895
240063
830502
236419
510582
893190
197233
898993
360931
618956
588677
508624
942313
798428
817104
490669
762688
679501
936810
448521
878582
466723
588879
792340
579188
910869
646648
436603
894441
536297
544276
113624
574997
17852
900712
624712
226868
798238
22464
656667
747717
588057
258448
79396
120373
211090
677356
758895
898285
176009
696481
741266
176117
595963
164718
319004
417155
981799
900450
791467
97508
683053
421011
652122
143174
309201
165368
808982
244768
573471
557668
807826
146814
455337
358752
441169
721772
641644
713123
257056
976511
970897
610416
869286
91771
805135
92109
859411
313892
493165
219035
38006
214564
140517
959831
759595
540885
672868
923564
682417
254316
135982
647666
594394
435907
931743
693703
574619
271362
784588
678920
516995
218473
131464
881709
374153
348091
771651
729790
488894
549642
933260
796470
556449
694940
457399
339698
476177
986807
15129
733782
393501
542734
306672
660285
955703
257032
887520
934810
817672
84905
275544
918128
384349
441631
519379
195690
978942
250795
698875
664600
787295
461482
840103
574150
733168
921152
949253
229883
825103
47328
358803
494987
907358
839417
582407
546777
517934
375808
118991
884141
141146
1942
141235
909486
292209
399191
15190
709500
719755
659327
70875
644652
731196
599800
499619
115553
795303
766980
803189
330563
625130
865283
220343
652767
332215
556642
923289
308699
210114
361504
511697
72532
10518
626238
445312
880982
47747
813827
319924
619383
288114
674985
522119
240848
534553
207335
976484
556121
651465
181212
602153
917152
235876
692309
624232
690598
72941
651451
107528
613078
862968
460572
276297
852899
993856
782932
806437
978237
488087
716760
232209
818607
947448
239390
563939
658392
277688
729900
186765
17283
382235
826300
755911
64742
43331
146505
627339
680756
651588
170682
166842
363103
238098
438183
260700
214126
603036
97740
497733
336758
165490
899401
822610
100408
274913
999571
811475
243927
1055
67899
205123
95604
154977
95513
318898
908968
296523
584405
578692
832925
485823
547985
454865
966153
621782
482422
334957
220872
881133
243802
549315
159637
803671
735755
730651
613
862832
501627
583739
659041
521937
375879
679209
332414
533727
348518
649358
168762
167998
67434
405557
873524
752612
969526
697971
975592
398152
625533
205217
141255
608632
147058
817733
346287
946954
19282
842703
668940
296426
683722
102271
265738
846739
733701
576739
242230
17177
427350
586174
607408
779938
828223
536837
488143
726133
589788
711811
946257
605226
711471
914908
585981
353921
604553
189294
479448
249743
817681
478099
445376
189267
246708
448451
563816
208103
234921
327191
772592
4434
809055
303464
239135
839610
494918
918166
725504
684599
848759
616612
729112
503042
364161
258625
498880
626252
214097
135842
526754
442475
694973
21514
752660
76783
258669
152107
3724
697619
914086
943334
969855
570639
234933
264623
604827
822219
749940
147980
235613
807661
959356
201852
397839
608275
149223
883252
126178
356636
265920
920772
253412
552353
533258
161689
922781
138562
153449
87836
334988
588762
738417
504695
461945
604948
845642
435895
662455
214039
295804
672588
698360
159069
659741
306030
163660
355426
958420
301786
222712
448503
462025
255610
833071
767861
754475
896547
339568
909519
995805
937208
166587
706369
856638
653547
48945
758373
309267
952228
262983
786596
640916
716666
890086
627209
135888
280414
405731
511921
849213
496279
334998
721695
466720
443303
398745
976300
978325
824525
802719
368923
107836
24100
677358
2699
912192
387433
888634
237637
487941
108058
855456
29237
806893
625593
71420
499958
110919
147759
657063
350598
459862
629710
837584
926233
30137
651951
46645
977801
792764
555130
887807
920170
994746
134148
636472
598268
515500
831507
77290
990650
32019
833085
97685
932879
823166
41326
980364
899304
653752
550663
836844
125156
945042
699812
948154
534952
681288
511734
296408
954128
346195
954767
945956
297472
533771
289085
894062
192792
525878
536333
276371
639878
159985
911217
826938
677429
44985
457404
146667
948387
670871
656521
725703
721232
3366
301820
110376
253074
157634
424032
233173
32198
19535
60848
230306
396000
76899
472497
698274
359140
296273
912124
512458
389102
136979
815322
1636
474155
3987
607495
778732
798314
568342
786713
850891
577741
229189
463994
773741
790297
920538
259153
811713
618733
534435
282112
465933
381776
882166
212358
162347
109283
211314
933699
245091
612661
135277
637980
225062
311733
820543
233077
455461
321986
211434
420635
614412
849247
432421
395844
90207
702658
727363
635437
71343
345995
494213
783587
161016
437586
164409
860254
394586
539481
868044
14599
640563
967137
244339
154395
985365
537112
214066
135591
37801
184047
374600
473011
700255
904010
922871
956283
458769
627729
969331
586968
349363
239588
491751
608702
910521
141483
252574
982110
262022
583946
386452
890284
342539
120116
281050
177531
542980
627479
722272
254916
156299
126901
136226
462405
855384
866835
893426
34502
535894
589577
549662
492534
19746
79098
166461
600501
244898
997662
817435
27371
980480
847739
879038
866709
219714
99507
363989
300128
207304
960566
871228
934189
663649
51095
247406
985717
917129
661117
414920
36294
93891
180720
429366
196972
230351
980819
82940
412843
249289
665329
140451
691431
109406
260719
599230
176103
93931
194529
222488
994350
6068
645241
38011
80137
467005
926235
831007
469415
665289
612044
235502
381218
214316
748424
229680
459164
452815
460722
369368
967876
982464
758182
936682
909368
118387
549099
830599
920133
157914
444548
269719
229129
293020
481253
911313
255034
358005
398147
701930
841215
920617
352772
936983
137916
623654
7062
149313
174187
390709
562907
595845
905381
797084
440002
767908
706433
162196
593457
709646
767443
209954
777694
926918
797974
552085
364797
481138
598756
353371
710228
952257
413089
631551
520682
797561
23096
36995
752926
225756
242237
955094
239379
699894
929330
459698
427337
75206
516325
492948
800583
51014
885750
61849
155572
195289
680823
721586
339590
724561
486252
935108
451857
124889
201073
462046
174849
462469
636795
291160
808867
74933
407927
598340
311645
929888
342542
524884
17214
638210
454346
178888
67440
975460
301266
861905
433162
544453
698129
813063
224578
787874
276725
735876
522880
201127
972756
982107
389133
33586
610344
583928
685866
393152
582843
780758
781757
188470
831390
738071
874791
301006
574675
296771
406129
991196
270666
558496
610340
434108
133576
402985
690935
897499
634724
738415
859747
176734
731564
457545
730003
156274
408868
306489
23479
937393
269294
860893
78008
393901
405893
110735
231558
59293
17123
528985
291788
525154
433219
729624
413061
250356
649025
812
530152
250926
41053
887449
57599
386546
928734
13501
393622
688698
530131
596462
100046
333308
950965
471471
846289
855865
655272
311695
654176
381475
170720
136159
893511
260457
73568
618446
782514
326176
749854
289955
404122
505615
293827
215637
106840
515671
13966
658826
96858
982845
939672
484138
285299
779798
904882
384416
996236
22030
707946
57837
994936
989140
177709
563432
642662
603686
615622
953046
595823
376564
379013
146978
171856
542259
199354
865657
574705
842881
877281
4356
725667
551792
836888
210243
464617
646706
209226
926915
842093
788127
474288
173756
429204
289701
101550
676937
880427
729420
96281
102980
294720
599588
708632
697213
796302
564366
900328
77271
934032
523429
596857
809344
221046
930439
690102
685963
340277
452739
107042
272108
112825
727841
946653
552719
256246
784776
755463
182997
32092
885392
164603
921964
811177
479525
576700
83209
762392
537620
164910
717701
722551
300277
881851
967057
771414
406133
86230
124504
933275
638399
984028
862576
409779
369863
494742
15483
237987
163443
260379
808352
540412
856678
864595
378274
499117
66602
408726
171482
140594
30968
960306
129813
45611
738407
82828
540556
209863
942768
849438
716796
216863
882650
316702
159394
49951
329350
669183
776085
701151
305817
877904
48639
260304
977921
878019
518457
68753
213542
46089
553858
128993
364783
19928
105372
713199
142254
315406
335748
37966
556521
556143
642252
565124
698246
587466
589398
422210
551954
353275
616175
660973
585966
860105
161541
194394
500822
197999
604295
272281
321423
928568
68888
175464
611693
564227
659759
302153
806910
537063
171790
14190
270615
90095
992860
365968
341880
333574
719905
729118
444958
619182
470110
773715
954342
188778
309959
108128
895193
262652
648478
559497
140440
667209
970669
225548
937189
564184
866336
369019
854347
867961
943484
623595
489004
855426
97728
834693
780965
130293
729751
241721
473823
801469
234934
794387
835893
396951
400792
969382
537981
421390
574484
419364
563637
36766
650455
386896
891020
256570
590404
588106
756234
283178
511845
46729
178012
964364
728268
122792
909824
544442
42378
325463
293001
340492
572875
732466
454864
698100
106444
882094
852215
410312
258811
724207
377435
293085
136490
333880
842134
103758
766447
556538
121645
647068
419354
755085
237981
919407
671123
529212
142653
702011
287952
77178
342160
326782
807921
709043
811753
681253
516536
713598
350267
127567
779176
661742
70524
459113
466745
161480
495222
456248
993204
360975
105962
53621
851633
474938
166497
433682
828907
72263
1168
826139
394813
314984
329511
233528
527484
413852
636022
346510
521392
830425
28924
515910
545071
415013
148622
968549
905304
783108
550817
274202
802857
523916
84660
894487
972862
195988
656924
745751
492455
582219
431853
774717
559012
983013
344066
29917
16511
231023
56362
157396
374790
364292
250543
163473
470756
750296
376772
114615
613403
941233
897930
519003
117217
711670
431935
10984
958548
646496
775940
39906
788058
252685
150601
64711
826841
556211
273239
868113
592912
997425
599545
80793
374032
331841
557768
979030
743195
771146
691026
52674
66007
310994
532006
571101
378031
76625
80575
344843
500167
878625
141771
262808
714457
679953
749654
543260
490033
859992
849368
569338
742721
11494
37655
29250
301026
88342
745402
167222
534312
776640
874156
58922
955744
569452
358249
834244
60521
106465
703016
705635
909036
189467
616037
176413
903865
812058
217482
865632
192063
726423
517945
330745
25768
60178
596601
676403
915279
635142
578426
212888
693727
671294
31558
212115
776969
590529
334727
366005
181153
74985
673647
651414
659350
152274
643463
807252
456396
902189
933528
169015
814424
294196
967472
231413
944599
180024
333137
903696
822379
424598
669052
263453
680147
28232
282133
527585
60710
670999
500851
211028
606892
352687
103238
838855
243033
597835
490725
517537
916775
437199
912372
167621
524943
530676
415599
828304
34851
567197
3989
71166
296267
338889
483571
389612
727962
187682
183947
318072
675276
365810
345634
244228
136670
966133
203683
617434
718474
640649
100467
119785
37022
37761
490066
312814
638776
815962
556906
616750
853472
639877
619832
723295
993346
748067
639060
825830
219782
976015
505694
686715
228686
321748
446855
716714
155403
468031
175801
445938
152828
138896
524324
482448
936133
751882
325286
858198
739560
428906
397782
679028
253794
700532
458670
347864
104036
258344
133650
605490
523116
976468
634817
116048
602176
687747
97175
795305
609287
507027
525564
232885
823620
682852
225837
244473
692912
450861
6181
636897
900658
447976
73063
33925
558461
365037
215019
20814
461574
539613
30179
561394
418529
485813
847784
287258
167287
105282
201158
837477
684454
871731
321633
368454
281205
147914
158594
504521
303090
520493
161346
612979
846443
619481
582481
756166
470149
558966
92131
456931
571900
745093
975289
368074
344759
957301
282439
413694
486855
308117
446663
659908
577980
5541
815898
713033
137828
63493
165206
135459
69601
687439
823664
145072
148262
189696
705095
829531
945550
633553
742603
691837
986328
624676
204616
851359
980611
515098
641683
804638
215938
105921
8783
993383
619420
610155
201564
277282
201188
226394
537054
138924
357135
722583
945445
154940
393143
508129
88254
704423
258091
761411
923093
908158
791536
263102
932485
921493
545689
798374
213694
525087
166526
140745
913682
513077
33756
334345
54364
342453
916361
97355
574733
396231
714450
599688
355733
361083
289075
372673
579946
621838
572978
419215
964727
56524
762456
799256
645924
642703
307085
33502
139838
253093
343247
609137
967684
989775
440398
289797
493069
853990
54120
794910
178456
204633
491772
112807
646898
450001
841133
949667
866494
609077
580149
953915
735588
653449
246947
999221
783193
573489
33843
501318
384646
167700
724616
979134
248152
500124
960904
397473
539491
157273
805716
134038
504563
111813
760546
145209
339889
410594
529594
435851
641071
339968
352137
915785
673616
243227
164325
712346
931095
628896
559262
461409
502538
583504
80701
418163
708674
306878
742620
946594
583314
522994
91361
504
619282
52080
662873
520959
560519
191762
846317
909693
306480
503314
612675
540414
860656
585764
252019
181065
308691
278912
643812
144436
139326
681213
470915
634068
509560
863577
960223
918732
726287
80085
177060
933510
702248
264445
161395
286016
961703
39494
996634
891902
528887
715728
197493
735902
748662
573834
393376
233736
220736
268852
723863
946755
879511
337664
778221
361637
201004
293010
233189
269795
551372
989223
185009
494982
861738
963345
218885
571967
156741
222560
377750
513553
842165
779165
56692
996972
796248
261808
742657
363930
444691
126817
764813
594962
148487
666299
956176
909419
795090
120908
4802
650090
902079
925770
265179
847164
819787
438416
247458
143999
398549
372293
869812
426106
266721
64605
867540
628077
888200
721913
931177
660036
940288
774890
516376
963685
107716
173459
279678
221224
141408
130604
951562
794854
570395
64931
176822
149546
307136
743389
667360
309509
253579
276378
190921
933502
782701
371254
254249
442470
116284
495627
456172
621320
623483
763892
454029
543167
637505
977965
824910
546979
191496
80470
288721
385563
831380
663766
145622
549654
393469
912156
604562
445525
652507
188609
195624
186272
915790
68489
938310
901080
793959
807177
379743
307948
913911
357154
57216
847526
632882
326379
952978
595549
599614
869357
524459
352781
664350
112711
999952
607619
396662
763954
730635
723250
641274
174431
237349
212196
144695
524029
757441
563850
414142
437591
465237
475572
732264
74329
839109
570908
99659
557107
22750
395036
146936
564822
724652
427776
108141
231131
648184
863670
309086
137603
823201
582242
319579
972441
376213
8974
970269
749428
935213
464511
259123
328152
754531
429410
434692
18812
98672
684325
883712
392871
107398
536931
116520
650420
677223
423095
884726
548724
835105
675890
770217
845682
854182
499815
897969
309905
879692
891683
257268
717330
735645
477690
18939
877106
99100
379260
680765
345072
522389
313095
814917
198380
423775
611382
779138
815659
83442
892727
124203
602039
657631
782651
589005
25060
798640
797510
778866
348717
208924
358
237744
994172
433895
478656
545547
449416
550228
95749
107656
993241
475592
38596
484303
17319
249149
157146
91515
415968
165151
423108
841794
478473
6790
168021
747132
109244
553169
840899
886994
36303
75867
546011
336132
44629
155549
462677
99094
63422
768416
453058
68696
818330
692509
817121
788689
672635
197939
639122
890951
475319
200835
885474
130670
760908
703595
586436
533803
778847
91230
374561
89155
5213
535133
85958
557861
335170
515668
587836
730000
774200
742867
370997
629090
764695
525095
617378
337471
966283
273237
38690
171546
875219
608434
802708
525027
621734
397666
4813
161421
566576
629931
537829
765306
508474
335989
217452
830470
560295
61024
530299
669485
815578
595586
578148
109658
918773
237756
995211
979725
203901
311031
537038
569383
602713
891584
63072
980885
30073
486782
540403
832919
858580
517388
211923
952620
321865
87031
751568
842844
733287
159253
893844
339553
340744
146496
872467
436787
861784
311790
805215
160751
40947
944494
582363
831203
570284
648961
10056
157944
493931
53907
865147
100669
648430
295061
949743
189900
231024
99256
174583
771547
850598
11335
866444
436833
503270
530465
523076
458658
162339
697618
111204
13401
333651
633934
311692
975682
592881
897993
584784
417281
366494
825142
301992
899058
40291
317145
720701
451342
452753
976395
818531
636086
35210
339914
414758
988703
587672
640762
300349
682139
554554
272956
488284
762496
827776
863978
193061
987255
2252
10732
459006
825763
203704
308666
60669
515819
151894
126702
852672
198886
157522
498116
90330
894114
573748
4722
242024
65041
480386
689822
228929
877841
707010
568897
138251
216855
688669
537238
22315
169847
803936
545854
867796
72530
365851
823795
361665
720668
733996
872487
625469
654728
377110
152376
57247
345427
47050
777490
800212
142122
706632
334818
707413
654905
840735
250995
363895
286993
999952
757222
787425
967733
471569
463890
171223
424898
408813
743734
281397
734584
26120
449815
192248
61609
562497
993339
58231
145084
838128
756544
130991
278750
807694
214873
128955
387591
323572
482726
405666
975972
587132
454896
240267
158886
283844
951166
311947
530919
333777
112086
740319
519924
139471
231187
603381
163259
625015
697503
122533
59922
766281
744654
48381
624417
284089
471320
221369
78894
15462
364080
571858
363204
260805
535301
335917
286526
978652
561556
936372
195957
724715
22120
892098
264004
447205
520944
641912
385204
333403
363643
512301
95817
506
331986
379138
321448
879147
450673
822738
641379
819032
834276
214792
610467
966543
122555
477516
979505
655550
934250
862678
554977
64478
820735
106659
281627
985517
50624
343236
941383
37523
543648
425299
74004
648102
975006
963073
608357
428489
815803
605451
631386
850287
715030
164043
993590
805310
939365
595947
772530
224334
378386
826868
349661
553104
75183
870660
45678
476555
682008
162846
321000
68098
49892
17820
258024
753394
198727
129343
866254
984503
447367
39527
785990
298254
668889
260382
439986
378805
850328
420622
971830
36527
451937
928531
405023
104740
462605
249131
185712
329445
314380
991818
635787
397708
993499
358794
380665
160961
893025
579840
317398
153882
433324
788010
78748
904730
650947
59332
477386
168858
892583
814009
733232
415814
538283
518135
792602
265022
709741
297243
65559
812188
803248
787660
896548
657685
501015
416676
688826
665080
634176
166792
248561
95700
397755
537880
159951
714743
537254
988290
884658
627280
601062
584689
120277
214774
318916
685923
258562
372482
684385
537
394324
521814
632344
922087
117416
801793
727406
879403
2848
729339
165880
12058
853843
248906
754250
99510
635797
447112
632151
738652
590302
332475
788394
364153
342041
394468
694784
126941
658507
156755
987967
648936
351006
221623
146135
856736
865738
642164
161908
392677
81183
106925
454557
651452
53233
236705
462124
425287
379231
455857
705130
209621
371138
405567
4935
223766
585455
342899
799986
771175
886122
548119
503643
870028
742503
878562
601027
372283
90621
548370
550332
442005
712106
580146
191555
4400
512381
951291
92726
27599
679716
24279
200947
941747
216914
346113
649679
577482
929228
183623
751536
208070
161361
407473
674440
932617
289700
100412
97198
158204
429815
18751
626586
326015
561718
953455
163965
205114
121773
495358
431291
734226
777494
668126
684934
298360
593219
807203
146840
373787
303204
823238
622285
327102
779766
533061
704218
258596
750729
256744
910894
21351
377004
349471
107811
937064
134518
394632
392481
488032
546291
525964
454288
326741
916650
706025
690487
620393
788552
692042
191542
155149
692843
956306
600860
850834
384844
940471
357862
786848
884873
516043
772757
906111
763918
822999
400619
149458
588384
284192
72449
803941
914053
651403
260552
516315
200916
2524
703642
547338
192405
189914
290108
923042
774676
776463
374771
469576
538055
99243
782399
414657
573785
82952
964856
435273
750034
379849
472836
367812
178469
994715
994547
6732
575639
681373
345207
900649
419207
298524
451715
860638
657502
649975
656894
288736
247827
292130
216868
999330
909979
926405
509114
389259
365100
188164
461867
524105
996269
260698
181636
911935
522812
825566
88777
738138
773659
446504
990898
160193
288376
263373
525253
525930
276695
910789
20177
396938
825438
668526
229572
43237
252732
540394
247658
744195
755127
605475
178370
286211
993426
778926
54591
398345
947799
671309
29848
981202
644358
438479
321932
719145
502170
330578
722294
643251
825780
951337
202824
782372
595111
821464
455975
709012
895455
484476
541027
718508
181358
627144
521937
12602
476533
998121
