100
180467
170842
283104
806024
825214
322459
541187
179938
336674
436007
186320
63853
787781
488006
262079
618864
113623
385850
691158
613133
449510
898284
803214
592959
686863
310584
701078
325298
141586
700626
841712
106047
458943
161107
156794
554371
636173
460132
23175
866395
225674
773509
124524
318973
189676
426427
318935
871350
663557
527252
191321
565180
170261
318552
156420
597871
66041
684238
181231
514865
822146
771687
225686
888542
574049
867660
857374
920938
746302
731519
508151
277014
746727
639024
250459
86671
479269
646367
715251
790115
304811
89576
512280
673312
90984
744560
149302
712523
664507
169066
88141
339642
487558
425223
25233
443471
960092
936056
906482
101393
