3609
694825
515390
773657
277839
122816
272052
701890
879178
718971
248458
99745
707272
704362
62319
592264
110348
260077
2454
285683
657258
311279
633775
64592
726558
706012
745969
475500
569114
324543
615828
15062
32638
15261
151771
624114
567264
266984
887182
48925
415531
409921
629990
748760
815299
127341
157153
134163
612070
686803
831317
586775
12430
261135
866529
128655
416660
47382
349215
481556
581326
692518
357462
728980
170521
343849
500844
405759
574610
589159
494585
419021
648733
46948
125046
565743
254697
612701
486964
251281
664683
28346
95370
463496
102887
336689
49318
468766
645645
65591
144484
561399
847743
344867
462524
676862
30769
369761
415222
488721
518313
309552
81785
178151
79782
866905
6049
359162
233981
703468
174446
286196
778079
821784
549977
831066
617814
797127
215810
782831
653166
255476
868932
862631
771600
274538
18858
9417
834090
319834
81691
98367
316202
191128
258001
125693
165513
330931
268008
533964
362692
686607
190257
296690
276902
114625
79974
68320
457538
594918
401208
731064
177691
472192
42692
707928
624358
261487
543972
647783
337895
64583
483681
878363
102393
179667
13798
896165
686986
450375
679089
443002
889794
218778
716130
132606
662948
194888
854422
669263
894892
817122
484973
688747
845529
451600
129447
701887
435300
419141
114349
592846
662542
249629
401996
791642
386841
405366
147740
223954
592717
264455
421246
93879
236538
407265
794085
54892
475293
86689
561612
423547
770299
239023
271461
551166
507498
26263
478129
527728
86767
885186
88267
629393
69858
381775
832126
857679
517614
167667
203767
514776
380597
619050
735734
131033
549265
467768
387230
887697
653492
420449
427788
420535
423985
633793
883012
463332
699667
791466
422150
261215
763755
474584
689088
485188
215655
378866
827261
866031
155006
261503
871803
227307
74792
799105
591386
238642
215850
219123
792080
292511
434991
705083
150714
429464
27314
343532
658253
250929
604569
366844
455979
870655
703483
258684
14769
666651
389121
205113
88684
36878
577290
355949
735563
499903
521193
576643
276016
235126
387626
22182
513409
777260
386418
138340
469787
554129
120451
891876
897446
230778
34590
289793
671139
468709
523235
141154
597153
49450
360788
102904
851055
492416
102105
132531
534540
883720
445148
181569
459643
739418
161172
88324
772371
494731
469087
153711
479922
330968
714535
790685
211153
618737
448552
57326
387794
319461
128040
192702
530870
547589
13604
562916
545899
479032
223116
437572
267522
839163
845989
769841
746239
730706
281933
832131
846346
108656
507579
605488
551171
250719
800195
651819
515954
98892
275993
781462
258332
675282
194734
884516
670258
317281
68118
86928
859971
196554
840298
365267
334193
406027
235592
114438
582849
457938
446072
311925
258412
214543
256042
139452
159411
890778
836923
515009
502671
795838
289111
309421
186662
507329
425176
525768
266970
24849
259948
725424
224667
245580
678452
654806
479901
233195
164681
577333
473572
781165
185786
396240
427451
30044
569456
687238
737221
703838
332434
26100
166091
102587
351588
573704
284915
231237
702890
54558
53585
851304
140299
106009
231128
332816
697457
47135
413097
571346
274924
436977
465388
328056
71094
118150
357212
223724
405329
428099
254077
584511
621133
333273
656265
464407
145894
692507
513159
373619
337097
616570
151549
722588
196055
571198
227324
410859
154275
277796
527834
337777
875253
615023
424382
280358
362385
622828
284115
44177
414001
607046
16735
374001
179727
251874
727790
869222
361119
165432
238279
386591
481241
775151
547136
631201
380340
223380
22605
192336
427758
492919
762452
376957
507496
891266
367452
277420
879438
652022
327524
722145
559381
171331
897040
279239
60188
761700
608765
873820
428469
650358
661398
770397
349597
196531
202431
748905
658887
493614
610703
449428
742391
468589
232507
513323
303529
383230
115244
882366
770258
690936
735251
74863
728287
746959
16403
111830
59866
821939
333148
840398
297163
273958
362584
258528
793914
851992
136222
310697
599570
472321
547364
134923
189409
537018
881650
214253
149981
113976
569746
367216
312737
164614
249763
814223
351988
333534
823116
888625
508938
555043
112909
288783
327172
568670
265042
727292
547315
422227
492737
495510
97882
125440
413746
876072
563217
499730
374046
727065
409862
781027
378512
238645
752606
51444
131257
889877
869177
604546
373504
839533
111379
897320
553461
328179
471430
479793
230
155303
791757
506073
74635
341699
109092
108959
652668
404448
195179
229321
139331
464546
851753
60692
523564
372002
335853
75093
754265
507222
733840
476945
9681
726014
135958
49270
659832
688238
191220
215380
490586
718099
509099
82364
369505
75620
601874
568915
605095
307655
135410
827410
357221
342492
552266
811614
864201
584074
348499
99103
113958
725604
444446
586143
357510
532216
662650
812768
122586
160468
611985
246138
653298
787413
8562
239697
487783
174989
67689
370575
254070
602576
599242
501987
843720
167675
258894
603029
271788
144930
716244
201796
500326
898709
556392
330303
68320
234094
144481
558812
672478
73561
777731
435544
301552
98272
219557
228492
26881
330866
17038
231336
552525
844944
279929
335534
680751
896052
704119
787534
481975
315934
358643
831834
734875
649884
779280
587365
250021
690229
190191
516701
767690
630002
80429
619969
201434
249673
9961
428129
548627
842536
84291
484689
556656
429627
305888
523497
294559
390457
218282
498556
59024
872113
141525
282451
593450
649389
157468
215814
125624
530752
15177
310134
651680
25649
271667
315241
477235
496996
655298
172867
415616
227361
66574
195070
112356
425348
849733
267046
477532
30304
140876
877876
10267
256368
580157
11748
106038
97660
804622
446421
161021
13252
362290
365692
723492
14252
129177
793349
337824
55972
464179
692840
589933
265427
356753
803780
896267
183776
581836
23611
593386
488060
865183
360553
894426
79663
340655
563425
159045
210493
17772
775974
207608
729621
670799
431747
629628
587638
776675
634633
818723
282046
656544
110051
441726
206321
708594
11318
808012
548450
392024
358874
842124
194209
365001
106255
47379
171297
479569
268158
109145
141061
365496
115502
363214
496230
104516
757184
186602
117187
791285
515527
661602
530470
665454
685927
103799
879887
514260
488905
69864
392800
872174
540184
590119
697923
685516
69755
352713
695291
776036
661775
383255
640326
788312
575072
762338
127756
807956
762309
690484
663816
60499
340981
525825
757199
4257
107529
685115
669121
197626
411952
343013
52331
634225
282377
445503
818103
652750
821600
62433
176593
754959
284072
855491
783222
169423
721329
2936
328923
287075
516743
773467
896407
730497
443239
755650
584175
62972
656126
313967
717852
667114
518943
334918
387802
821798
335009
482328
557423
712561
404179
378813
382710
671924
29021
777537
338888
523328
702420
602517
800711
354518
231513
14726
144166
453059
776240
593963
19863
749923
383608
556408
137042
869863
212395
205007
662687
557233
320115
138966
839457
120923
56199
470051
313279
367127
706433
702356
586544
218321
863902
9020
200963
281201
570705
865592
395784
640189
10980
537183
180669
327995
371276
898935
676697
772724
34279
597957
278671
716820
664213
270940
241504
47406
723504
347063
310464
717533
622314
895905
373539
65893
281090
69937
266627
861463
244610
643476
345105
717331
308247
67522
100309
267208
192686
739155
580036
477303
48936
555178
580158
672278
629882
808815
485088
97232
652771
257723
195532
341673
607146
173004
141043
447808
733332
443641
575933
470093
491615
509311
799957
17001
125023
11961
321811
671789
729938
722446
456103
576275
518689
539429
533151
513241
588757
235923
654869
746532
724372
574965
326264
868096
126391
74041
104502
71717
862025
568950
4899
65622
437822
662781
441256
572900
400141
27623
861130
74511
343084
639437
281814
631180
286950
821271
803975
401409
581532
89388
740627
828877
215285
818664
845944
841990
253379
780300
269022
435514
334068
605838
838249
332663
14577
319185
874206
36198
657271
881168
887983
289169
507439
416660
71493
504070
803084
793126
163305
571123
84769
648285
144143
767729
468476
573272
336831
457086
464675
4712
585057
869282
509194
572741
862085
757939
53741
375169
166252
541364
450672
703641
794646
812088
73201
53543
528681
479812
236518
530709
59226
763475
679193
326860
89020
629331
477853
753706
367106
31404
59467
804882
51602
82209
378142
4061
858121
494415
689927
768655
742533
597938
397453
288389
498322
18247
374724
852586
81780
893196
54633
80168
595470
306852
44920
738523
848237
217751
694155
801569
589461
622741
183183
102350
730757
676411
119172
116860
896041
238990
289521
778592
284444
128069
787201
19160
696888
620899
29406
92096
232796
275617
351528
678147
596920
80075
621682
415855
489112
394145
630074
562337
235051
837053
197155
544256
140623
10996
614737
719749
96602
769365
806816
569848
103943
313647
407040
568310
860092
891216
753521
281422
26388
561287
356920
579307
780302
203723
448827
166795
303280
619924
186303
60175
142745
527527
283323
685707
259554
818576
646232
845437
807312
527176
146792
361562
268122
409333
415135
728964
174129
228848
733075
54968
695536
411138
817932
295777
785128
617479
288725
555978
5910
511405
437358
530898
602904
425803
665492
743348
239315
618093
572647
781567
305578
122300
338763
436007
710460
644082
933
203436
854154
644310
548705
264004
745302
406296
770032
706440
338728
888010
649551
283864
738218
880728
71202
224556
161075
331270
351551
319192
303649
547397
311943
590490
556063
287090
405680
527395
539654
52747
257757
124096
638752
33007
615471
439877
611527
214801
884020
387765
274540
303319
244926
597680
275540
843733
812207
290585
762749
875266
547088
727138
138206
775252
340673
818102
714188
143101
765962
385667
22937
826241
236688
372579
790454
672370
175588
849541
511226
582922
677397
634141
384027
180004
355174
82500
888568
357656
694042
693645
683225
501777
266443
503750
182030
333005
103705
507431
375349
409136
775424
527354
297111
738789
726147
602566
156401
865235
653445
580986
728753
758871
218358
134419
122998
17348
480234
253770
372698
753107
699333
61981
135052
117928
755251
229624
578837
395652
567060
689952
625949
712865
358164
463676
75814
215693
525177
469696
67989
73925
698454
714711
734673
790829
156956
401708
226500
598666
721487
159989
835582
106141
299191
655805
403385
241948
96717
88269
528632
137230
498965
731382
506376
27842
93324
661661
797800
441836
316726
60867
785765
396318
712090
600432
792254
372831
743178
826908
73575
575883
708890
57529
290664
891303
79345
663745
703173
744351
694877
203319
899001
477182
72993
346332
96667
1160
432522
360881
599299
471159
431167
618756
386118
767665
524726
19513
870652
652546
581412
333654
11043
748347
160524
783051
211100
173863
109209
367292
63508
126054
227623
487116
679421
543176
198619
143784
450330
142471
404274
244237
134010
77025
223639
872534
631579
441329
709358
493190
295920
608169
790798
22415
32829
339342
634636
665341
369535
266672
312018
216963
219336
842533
227662
734911
609704
57601
6567
243307
334504
634451
200042
84483
586352
325567
572450
736751
548329
615412
497958
692876
25052
90985
216429
170715
383704
86969
583260
316517
156499
691607
596128
176457
177512
561136
749591
314084
587935
760636
777929
603868
701930
792064
45364
157385
597771
806276
560485
345344
21907
583564
234722
665438
655973
702453
630084
400493
800345
96237
96450
211702
202909
642127
685512
229475
810326
682682
713958
715343
485252
69582
262661
490669
67363
392322
503573
99794
435342
698148
877666
655712
351070
235470
746405
391375
380688
716833
700055
605370
127748
172833
664448
851844
246593
897581
547885
668997
788790
314457
370143
247989
203644
560298
390912
638227
1336
65421
382833
801650
175324
280500
653599
371553
567021
597870
718741
523381
688831
60354
97674
775862
622012
736328
815994
445827
484676
205924
669203
451106
639629
371008
456358
366344
628012
152196
790077
867841
544716
745685
806572
541021
461723
461095
215040
233880
463621
72416
220756
763460
63447
550379
493058
202740
864965
480470
107286
408423
6472
285480
142142
165871
149567
179170
841982
436478
702998
795217
880225
317644
655076
280109
272777
369416
879790
48946
455303
699992
607433
832312
371654
463822
429053
138289
383778
245641
461381
829278
285174
612133
743058
878766
753779
18048
420367
276309
367020
554218
302208
831428
271470
410696
377635
880363
691150
160261
319001
860776
342970
21430
476990
617674
302769
402824
691923
34375
249230
326985
882621
756566
401023
487567
397351
223465
369013
895913
589410
894539
182132
401568
225964
773074
392554
53897
95182
817921
160061
120234
538400
190397
146300
528134
698247
487786
162071
819271
81727
165377
554283
43975
594771
54096
337173
195963
643689
226414
245896
198973
519259
525593
102138
105364
771328
771598
654072
754818
518921
458884
572314
581994
84935
593510
578706
95227
374665
337483
450237
852574
201731
815924
325788
387672
462123
143041
127452
513756
687805
623920
14001
235568
601823
867891
176450
650682
799838
137709
593853
703944
260183
13001
77067
478009
748754
484470
125342
397770
731720
490563
346439
708576
31301
702611
863909
614735
524456
252317
343128
276710
298184
441315
201043
97592
896913
321549
254735
812839
108332
483234
304156
762254
275772
885890
852306
459307
38789
101314
408998
682727
172391
37188
382041
249476
520616
248339
460906
191650
311311
223864
574796
365037
148748
306140
689842
754151
503638
185723
205990
844141
183020
134145
393849
357609
577821
545476
268084
299092
758820
631805
569806
312549
63434
682916
105910
623867
3087
556583
701904
724323
848291
401158
675933
684550
561871
213391
674482
256945
117137
514577
330955
795586
323940
830783
797816
73901
531742
660803
394901
670216
574899
205851
500600
556793
698038
894549
13988
688186
350944
616739
675002
380294
802249
442779
855215
88803
52019
91566
743032
29996
214375
113955
460641
778841
797943
530063
837694
449005
271522
236819
799065
127644
714070
650833
881642
859127
893039
351948
668581
821110
13918
296828
712428
708896
682021
722987
679557
244442
98654
320783
430535
371082
896347
11140
566446
426694
335017
482309
515374
412670
219470
703303
54276
148419
787153
229651
267207
883186
740504
367741
451101
840033
186636
730789
508331
323205
47226
355466
442277
674014
238003
571814
745731
821183
206514
265322
872724
62974
549373
189942
337708
136980
803173
436245
571001
689201
728360
574387
440723
550175
332246
862044
69938
599825
224528
27731
383962
645353
303436
818539
792913
23747
785973
858822
618993
63873
489296
753031
530008
569043
36569
193622
92220
157570
715275
480527
458429
305082
140735
20935
72723
873554
69516
254141
50822
324473
286541
608473
529501
480927
525536
740036
713934
292445
506986
682211
374931
839874
310328
674161
207038
794363
731872
254711
255907
491069
184934
374251
738804
285970
342074
470051
310858
85470
294687
9172
167871
586413
781095
247691
776920
291324
81913
616327
477343
18048
739733
154354
424336
242518
529358
85786
396265
696328
659126
865200
136804
774233
239255
256123
577985
168717
49373
83962
74620
42040
477298
3669
355230
720642
667777
310654
798544
424115
335900
491018
248170
10849
744953
660710
848073
830259
622327
156567
185343
224176
824511
174066
512164
881065
214789
23541
166506
50464
481997
94944
665774
71316
3850
827859
293994
486506
745921
228262
354888
563385
66285
682271
298673
724242
744732
722067
218564
150890
637847
363420
742082
17702
133502
835443
256005
363522
489810
126571
135089
263262
587020
862026
83491
116453
572906
255876
228774
80635
502698
166677
533604
736194
32367
471675
656857
492265
54881
245006
860388
768370
351921
59709
850935
195326
621913
27942
708557
86552
348418
794386
604315
315323
679519
25195
736959
656160
692055
838266
710485
28360
744320
400673
454057
169826
588903
259986
629222
851833
503180
602410
601293
648509
708009
522190
261057
77101
773651
761184
267775
133886
101914
846654
432268
175307
641515
858679
248230
869401
549364
444171
617852
680996
121351
550750
864889
341644
282072
198872
457820
466358
377185
773276
444099
216448
571685
863811
569542
580709
554448
284308
510176
179241
707389
421027
301991
341474
654098
536195
383357
191843
284806
560393
237823
106086
53475
23967
88986
396084
409798
322241
88030
319604
606948
92439
361707
405711
688870
12688
499880
750524
832308
136407
64562
691789
109008
522069
84913
172116
884441
713506
559303
271283
619825
889193
844833
730655
366616
182072
377776
585072
579447
104513
783217
505256
744600
492304
798536
279037
238546
489640
833836
245189
512035
311516
580475
390685
827447
815207
378670
297078
356933
555657
395496
394684
88760
2975
67912
164868
776682
847934
731165
795698
815404
836715
835641
876036
795203
492858
793182
689855
609165
566369
683830
270836
509314
16471
302367
770350
206613
144015
57378
527034
848376
381515
822916
430547
175583
214047
625814
595050
54845
359396
524935
215791
211212
878581
675194
635710
693512
363561
91154
566472
534938
842317
257097
111197
436979
61565
136608
52787
573934
859807
676177
776566
214488
352989
507008
863020
19787
103165
533648
536964
872150
574014
5650
835802
351704
8337
588855
388745
817547
164338
746119
304206
88542
249345
109419
434164
581787
625825
840580
698082
90631
407277
839166
248509
724103
216146
707999
253915
680416
661261
508346
678597
123767
853921
709376
492360
110519
37813
805270
138521
378896
313160
278529
627394
617341
509682
486846
227950
675134
173336
124718
607340
166500
222443
121614
321411
377515
534174
75173
365651
665473
806306
798455
99555
169061
56289
278743
528013
366667
837811
573689
37538
700764
265439
586277
730427
852377
105330
211719
848285
688864
774997
70979
583816
513736
735694
239205
27196
761447
157782
243959
612105
621363
882546
645485
343474
465764
251088
556634
459932
32952
812448
26277
371705
741937
432588
416501
701227
597369
782518
471145
11575
475973
515917
251685
237416
801752
856330
638855
548285
608286
22029
216024
401200
187705
182032
84030
54468
554552
591620
345517
315754
601571
820240
114653
863920
586484
683459
471191
292935
801151
469490
133418
99087
118162
10130
432090
227265
396311
893012
85624
357752
241014
209528
76780
641885
244887
899471
542638
481070
119494
718001
355989
45675
117903
322135
849927
760797
317737
766711
655695
827106
764847
111098
132300
839801
834633
731771
569542
586022
136137
139358
269307
760707
304146
743850
361304
375556
194291
227620
583459
476901
666192
676938
375669
448850
506081
114665
380485
122323
56116
832412
248447
494161
732494
851329
132084
422537
715983
520857
181899
129421
142900
364636
545493
278705
600501
882007
292254
169977
463950
733155
657088
505308
194043
139875
507185
777940
471805
137210
242460
94661
195705
358214
9837
821832
528960
648989
158630
117556
835689
621890
663503
696615
485018
349476
808874
419030
142917
86196
666212
804943
465135
458625
798088
536967
118892
290257
361101
892549
40582
598974
564304
136842
543037
523818
661340
53435
586984
623073
309285
80268
117497
666250
335797
377643
260383
512201
817374
768774
199205
361908
128366
473274
37880
655824
52064
86042
586021
341863
119822
572568
489569
712776
858500
594099
283554
342844
393105
163325
132202
51424
467159
778887
851493
416324
545505
571691
245480
212894
468660
10262
431929
40716
93726
418832
700269
823237
459755
490249
539212
724378
101719
345826
782129
748558
603870
528885
701229
73806
736142
49474
895660
95311
774142
522424
329583
106276
81112
881532
467192
313497
358289
326680
584261
314959
209530
360931
570323
447859
5391
496777
78243
501917
18253
61175
28698
793698
245824
563941
60451
670263
13913
710400
366063
362819
57343
161683
246013
30079
218653
638769
755476
403052
506585
859874
577004
433457
496869
702952
687853
881904
523950
790220
519632
642436
394834
775882
217665
216698
438159
648438
73766
148424
411350
868393
533049
347214
832510
39660
102833
820520
240532
132543
69663
840621
518096
711175
731572
312647
82564
827346
47296
256591
721741
591784
214997
599972
1036
286576
488906
304968
237390
387132
199196
373815
70439
809810
559502
255077
246398
451415
113105
295603
110690
285402
772926
865230
860730
894395
675200
96164
726617
427670
859440
314467
786704
687920
190904
369776
446430
576381
342744
720449
802147
592587
886919
447160
686898
188014
6513
493052
8708
633225
290815
163221
193866
148982
378485
309028
491930
846322
402932
244317
241802
757832
660608
711522
399451
811992
209851
252509
402125
471012
628048
698521
781584
618647
493900
864030
551642
443378
638343
440583
797557
46740
456769
125921
680272
381446
194919
57347
522773
858560
607380
372005
274235
651067
699796
757950
66738
86196
320036
691326
86043
462010
112917
30148
474266
413204
227760
720893
226052
34994
716499
86938
290994
641486
680250
442060
85176
442846
794168
397503
545455
783226
561476
751120
125134
74372
504081
141292
168248
585689
528150
570855
292142
504338
467212
36374
208773
737751
58582
860329
276498
442273
453690
201385
350050
528714
103949
321641
192263
223188
711342
730860
747756
56210
689128
259507
202761
503607
243995
55521
247826
630265
791764
68941
317962
666657
882393
746179
713013
675411
461857
815480
862794
709076
856896
533063
831591
102780
222912
780429
717184
306650
365322
522685
876431
83614
805220
279937
829999
548519
455157
130735
414244
345418
787588
755811
315985
386779
581183
411966
719725
67387
194775
291771
251312
141375
166792
478602
669063
35512
59318
859563
16775
432036
231314
882568
634750
558321
407037
127407
49412
349385
412708
436107
621009
487423
62825
346014
596169
14388
466434
81245
829874
158021
887290
15176
896486
765685
682518
730372
464804
456467
144114
270743
818464
523976
132298
349920
130843
756095
306101
226448
283949
239921
245643
163305
841247
184972
431591
479537
601333
226239
478055
40530
593992
817317
299248
85042
234418
820907
519279
108843
252130
671583
194490
890566
395344
254936
547829
875448
211147
432892
158609
584057
13357
81810
218415
503292
566896
879429
319842
490288
317369
359441
3601
395315
51411
304781
743228
58862
724727
149301
733046
240977
632519
214898
114545
196779
328730
277992
143640
158661
40881
763325
36277
63580
753416
483745
403379
352666
123113
850814
439005
771056
205370
204637
798821
324146
787446
212626
773442
392559
20857
117094
559856
839083
337269
291487
91803
88283
130850
588526
885878
648636
73395
714932
197669
17744
118179
506546
806044
860534
406989
820396
591774
707589
135867
697144
592679
568772
83063
497449
889413
694473
827005
134227
109633
711245
827793
504410
165980
594217
324205
389372
857908
380687
48307
600087
881702
559110
37857
120088
395629
543299
255938
159137
188360
641857
46880
867990
671514
182046
447896
444101
689355
87697
445126
172911
321772
88555
518495
285463
128184
803273
746462
588678
710805
14675
494870
59929
134330
289685
306886
297256
670187
287159
109578
823699
715039
308218
316654
96683
547683
195538
629405
16154
389271
351515
824920
32496
391606
647449
327587
130059
357779
631152
128377
99330
369246
605436
666015
776878
426598
180526
87638
325109
130809
467556
350346
245461
109383
378628
845736
601866
203557
624789
38092
189500
740813
518361
458616
206920
725922
3563
44832
252264
58865
55409
482786
485538
601907
893086
124788
521066
120335
799815
462550
287669
637564
274591
768422
465339
222372
480754
690226
37480
742021
165338
283431
805247
31217
4609
291305
692811
103957
645972
396412
425732
181590
526817
62846
831130
16439
792749
696055
256161
192503
636211
290953
180378
592760
688092
627394
821625
305434
743384
864112
694104
75846
26391
325876
22103
616583
544039
643375
122190
816498
763082
510361
28434
226726
144339
716880
369471
833422
784028
788845
46408
223556
705255
147027
699960
89584
176880
315873
416324
466125
798379
198439
183791
439916
765951
104981
140889
669939
455134
783086
517573
308573
408896
409947
675174
320613
341211
881660
251429
17597
654625
214778
508594
246328
371190
64344
562180
67944
662157
669032
585454
881441
175326
418618
403041
727869
122085
399950
273816
611705
812954
227595
735204
720380
340809
895048
619316
271479
850990
566631
495104
8200
841807
579010
412402
273401
311573
443293
413234
123109
805095
192443
613261
514363
318149
742093
177377
631451
89055
135493
638728
573181
502000
810472
552702
97201
17914
582274
889456
296128
868351
347636
386179
621042
826137
449032
76638
766761
2967
616037
819990
137899
876788
504894
84980
838973
165493
165220
680292
26314
191455
134556
583645
675139
242835
159436
373768
744736
452584
714862
284623
778948
440803
484295
610979
147807
541300
746929
97481
658894
214832
888820
784675
547549
519687
285396
699863
383276
847394
866724
288510
554863
839707
800024
430603
104847
648760
360696
630133
340846
424453
600496
200643
833992
835021
326756
425684
147220
238069
503137
472616
859562
673557
461935
91246
797311
54931
537283
804522
664236
784094
85904
327970
508365
545189
445181
20870
744677
5298
164338
798682
841758
143910
2540
764098
650318
88817
502704
472713
282485
476942
866364
457389
666851
118329
125145
