2732
409271
529084
662302
781144
92717
431919
259055
474917
630688
745131
542546
208338
650171
715491
279662
622720
533988
265180
565244
432566
459469
829627
423554
339094
148899
459017
897817
694427
295108
695232
272240
465266
250190
657588
827081
197233
537266
496129
875618
455576
705287
703660
68558
340803
20090
207641
642018
97865
199683
66121
895532
310356
210355
65454
808220
590013
463050
693197
727015
79651
547942
501869
588736
565384
370581
816194
139303
338088
208043
348593
87678
398583
197327
794624
501878
549238
183888
255004
424425
67634
692757
721989
3360
79929
836817
547578
828244
703673
674421
501757
583569
534839
380704
680450
841079
73705
66930
830457
510362
409713
2654
444950
365162
235286
31005
651225
478733
719264
781823
626143
779751
730256
783133
302756
848444
545914
591306
260979
320876
384832
562728
686989
234845
196524
322390
705169
687159
265
679111
160269
3560
161951
694990
274594
654503
723465
622709
314253
109142
318357
133517
246519
584129
827095
505408
19035
225956
858346
549826
576783
18504
804260
315782
847697
40813
40053
277229
375535
757476
509756
183865
705459
896211
45478
259552
143337
489084
815172
812539
861871
120471
307943
833758
212088
4955
240507
604578
395068
483868
600605
631806
304800
614062
152699
245461
326973
897927
294918
668360
397616
604963
828726
408108
808989
275105
107963
124214
540417
210475
861499
316531
532531
745875
555596
65044
666421
833400
40496
317799
559293
624424
752840
686625
568634
40863
588183
142455
85638
444078
596500
198091
83367
588343
337899
365539
761217
528500
36625
740438
449916
878808
728801
886688
113645
272429
889144
126549
164931
839612
483625
734002
379825
780620
809182
201199
681651
498017
833037
613520
748830
612390
1586
668443
457033
718277
807790
78500
191058
6066
492796
430979
48430
210312
717260
526311
35953
514027
581694
226981
435318
359725
877084
397096
548332
854796
254100
270444
576317
337432
291281
875750
678267
666226
823957
298139
397865
4336
484853
757713
323620
477246
423697
487746
463501
71262
174542
665964
537427
411248
598706
330342
459713
623788
115132
799598
276130
852364
190653
859869
116172
614631
117591
815099
850352
893720
215504
232591
388029
279229
686323
83631
406507
53787
500803
863510
865451
182751
711805
890963
230984
8832
341385
665598
118457
544448
358684
750661
807847
861296
495182
896453
166838
184819
275859
736532
278193
154587
302007
219515
113174
476688
561947
296610
69883
230831
253671
333891
174716
681871
898443
747744
839843
138110
82934
103696
41106
566666
691058
674804
59887
6620
409434
433416
111277
544511
729176
711125
102995
319167
329855
842948
4683
33772
617250
3149
606153
757565
326576
565773
666101
124529
59181
885398
875064
231760
872206
349440
198943
645489
467792
663005
861999
638101
289941
577867
556805
703952
188604
147490
865832
625160
167420
239245
549038
197781
201789
109205
483400
275497
167090
423289
72170
648457
666263
225146
609659
257977
775492
335315
41205
764726
387915
354502
674586
191037
411188
8688
475667
235913
375121
162047
97862
810234
886560
71482
620628
392176
724350
753214
725611
337238
104770
333066
67215
310556
850333
815920
96768
137917
556780
344620
721864
20160
763063
691088
707235
629305
611562
308254
731691
224463
473069
355375
756320
629625
813249
187728
718160
168865
153274
247948
548680
311146
223412
550564
801303
497006
890067
617884
217115
164320
694267
522095
17291
692721
375336
281986
363936
496110
342155
349782
324161
188230
800546
20119
764490
49608
23731
717585
473559
886795
339941
7619
206578
795400
712730
3916
763959
129730
720493
104769
119585
305286
782500
511968
91091
651597
529234
610399
373157
214270
123756
314878
105192
19984
167525
891451
179224
75022
162633
72740
562589
544211
812914
14630
98974
156308
144427
822500
279683
676445
221950
394148
578500
425587
43740
118084
709556
165561
628809
32394
642724
375982
308576
668600
94197
453556
734571
808958
95134
254540
672023
700234
457142
435324
246199
857114
370782
706866
125784
341138
620526
322466
323964
796521
689306
42187
435638
191454
489825
644216
748896
301128
352402
849411
266524
530123
749500
761524
677510
621094
778224
399879
326066
23401
893717
62539
494375
387875
269384
224006
781431
90906
430381
682582
107994
743284
564598
797298
88262
605298
886095
269231
295085
83389
536676
242047
507027
817272
871632
212948
569067
472117
452547
802883
325677
270115
236398
189443
321973
805061
650382
95412
876155
298270
449971
121852
710635
882569
172332
281996
619201
592101
251921
308322
412483
352429
219693
262664
829178
403013
845542
780121
15501
876880
98058
533828
266076
370463
286839
198409
616087
621540
319014
83008
67769
570852
655445
202009
140164
537611
72497
464798
278010
417210
644349
115444
412149
122171
627841
309216
89188
414997
400017
670759
161154
629051
236088
15598
498932
43614
505090
323552
674975
635875
438339
883310
317380
407855
863079
851248
126234
549343
243127
314186
5222
599989
622373
782922
415512
290412
568948
702509
661573
145164
304134
578401
780701
166361
42371
150149
214569
417638
713924
302765
747203
714023
574969
691874
827825
831716
529341
810566
533855
681513
8564
513525
31384
567738
181565
430727
632801
41636
370874
247698
535890
600527
213625
654476
539313
765519
314975
655437
704301
575002
293872
225235
314069
485204
258749
758944
175987
675238
320842
156318
96072
128269
389755
637219
661732
193646
555994
743919
392162
124231
690504
641554
488958
584129
390750
800459
107828
381570
586142
167211
826487
112766
879995
645207
487978
15790
698209
720268
387742
875481
494115
126365
723497
831438
587615
382777
151839
516564
668880
834664
270096
5560
45648
38387
796414
333542
621256
283587
262168
680435
319861
469505
18104
495767
400313
558525
39638
399256
226331
533578
123143
806785
710683
228103
634422
2161
675863
149657
830524
877520
568787
50515
37983
332253
68296
200088
714085
285762
723084
736183
137779
648617
91705
224596
291814
75432
830429
212712
272013
305911
534782
373887
624353
151363
847495
331839
396386
835867
772180
357672
884816
156295
614550
539991
379107
670232
731715
399172
369767
554362
282973
629484
33719
850790
534269
513417
749620
314165
340764
879836
174051
381391
23998
185389
251809
678209
124411
444169
70083
397005
138987
593931
859470
788252
111150
848053
652591
833614
97013
175133
757529
263857
737648
498373
791897
377136
113941
377314
229175
462787
478218
128318
755755
674116
788911
290297
170554
624994
345291
652234
181068
280782
46193
282980
529226
219603
547150
487124
427833
591458
86386
480262
554990
129035
550201
875207
254893
754921
593397
717445
232098
261780
671258
592114
877499
658682
438757
607112
822912
122855
339786
547974
595696
11936
327064
671032
458585
820912
728363
687062
602324
681626
555695
389475
250682
244333
810923
887125
468103
602645
756241
413748
705066
871694
4033
822491
62566
73748
1589
5692
236872
104054
631308
854080
22980
787816
197974
296908
632431
791864
718745
486079
253491
486136
628318
68792
437779
448986
667931
466228
595067
262906
768318
319796
833730
367605
713906
369886
652991
53975
681105
591898
200677
90898
393127
782781
787965
38378
54910
128002
739582
258862
273739
51572
106636
28097
864821
877000
636138
318582
251421
439591
473341
861466
117518
524394
789406
544491
141667
762814
497691
178343
163599
659847
542316
247391
214285
296320
647373
285194
501156
68512
478140
692822
848151
660120
40657
199321
639175
340441
233557
601573
774885
246611
703680
597882
622967
423641
639539
899254
354214
371584
220367
877928
360866
757381
291568
512162
84467
780142
362313
780908
866205
863496
446461
241812
380110
438224
824343
674916
452680
775438
751559
347596
429958
254428
110586
323966
740940
410692
629172
196601
736271
532583
183213
692765
135934
553754
196005
414237
655980
88842
176773
747699
355835
75200
857812
363757
565927
429504
288562
391269
772684
371275
99573
295214
811060
717029
472637
555690
256513
390449
238774
324153
7411
722776
330410
708299
782999
720520
754144
848087
791981
384697
436821
632676
597204
89803
4181
839396
212916
373579
781846
629249
388871
286228
670002
506191
846245
183378
336767
844001
102762
413826
14956
798712
87974
116790
463898
535254
655586
512757
117012
251633
275466
301790
52077
374851
894971
463724
463893
390974
330281
395061
261879
760796
398125
651309
819794
388116
461611
680040
622450
606121
802172
753309
63082
145404
8540
753958
113393
107458
497969
614435
461590
278129
186262
217182
61409
690931
31492
731177
889191
375517
216220
169635
552137
347898
5075
174490
694794
581792
166394
412011
691595
284932
284649
330789
78181
695273
668296
342667
53154
788499
812250
469656
859705
283578
107974
31324
791844
639994
132771
485861
288575
102087
699423
65657
50784
141438
567564
350751
607885
204279
722568
521694
641054
619799
144103
803037
433968
204801
620607
7370
167715
10796
323024
606966
522577
177200
601038
741053
605356
656026
272812
442147
405458
476447
9511
682970
506607
599725
474156
588961
407088
623997
116871
245958
130015
194533
387977
501355
832192
477546
656532
521958
95175
125394
81479
286019
324467
522039
454785
385349
755211
226648
431155
268521
58868
714986
171047
432651
779916
584875
568455
560930
166630
154999
119243
500518
793538
96787
741699
810610
659144
274983
315549
634852
301217
151465
399795
555554
700083
178484
858452
501911
213847
621464
505165
16858
745880
622539
690004
828431
819529
735484
238161
269191
67971
536136
494634
864291
460155
303654
31625
100566
231421
311229
96107
665992
801767
418293
808616
228054
290275
783466
165659
656503
859362
152125
739021
291258
291634
523110
63810
504587
159324
613380
681759
702356
34620
645748
813781
220000
270078
582464
804655
702267
587217
322510
324213
95541
610699
90617
191995
236805
590425
23518
412425
217706
435425
782029
576647
214605
775542
36255
154916
712802
728983
443014
743715
890957
126085
33952
737507
547586
750302
612133
808106
381989
148635
434976
823725
488015
758210
721051
49182
176914
169129
74322
828659
617012
684264
863946
249583
330903
5081
555418
682287
592665
353487
77767
325427
154647
685616
323150
365382
141164
137489
139835
359084
376600
813164
341846
342792
628251
81408
551261
650247
675905
269446
668716
717644
892696
804011
482009
601369
709116
802255
292060
112887
173971
48568
89707
781026
580692
777907
477093
292499
758659
725033
660100
739531
562967
179706
78901
67545
341853
634617
72932
863817
731925
796804
214832
630890
166202
197374
519741
748761
446304
782922
452553
338383
750773
288550
337206
372580
126537
733410
340038
328734
615114
210748
307237
480762
786888
674841
242016
424629
525592
408385
639379
567960
483412
676888
442688
896510
351359
108181
665148
132292
241447
868929
297219
631724
889123
186509
405068
210157
520955
115312
55159
793402
408678
781308
273954
757325
209710
795388
453979
234512
182417
482668
753296
747656
495425
510869
33634
788255
516235
818435
309144
581644
550325
258501
317680
76353
21024
297761
640752
102225
158444
107601
676954
107004
570139
748254
110590
235768
198125
300279
706058
726590
529931
305070
203261
189870
177440
138991
694585
49951
708641
15006
97398
274151
27438
564044
659859
222468
623024
717430
563111
223621
55746
445914
475478
756471
765260
424534
763135
601904
397066
202367
614258
583058
64427
705147
410975
518044
566869
699611
749705
829779
866982
718713
242810
140808
34518
239018
485424
517799
315608
686879
65333
459259
117951
749342
283628
24801
269725
830584
446567
873799
647655
844135
586806
511872
632980
99174
445498
540552
278628
278349
109591
249839
612989
897511
475047
30819
750545
390449
93356
747198
694396
25042
857693
500009
303209
15154
307330
479724
11347
461080
371451
676915
86377
822403
237146
668606
442859
712741
195377
236677
404081
456471
125190
171078
764395
93021
665187
458253
166595
315128
379945
663102
785919
770497
322757
397954
427842
661640
140411
622988
439602
830282
187615
257799
791188
45992
424514
136318
129939
248522
358729
774791
190496
778319
566394
791629
225716
749391
156592
574520
45712
801296
160814
261275
831429
832098
659439
806522
621008
184823
329787
233270
791357
743457
684854
439799
341548
460618
509203
325397
97137
333514
25798
102658
706357
370793
672791
807799
668154
435378
136307
70138
73276
41455
627580
827305
197171
430215
288576
330949
336117
130577
8871
122526
2169
99731
606950
300983
856213
23099
449872
93046
28200
829689
644876
749803
501652
249176
427202
77657
371268
305240
212687
587846
334028
157833
737625
662971
547277
84901
881948
810776
377207
796970
266818
365848
164713
19122
324593
214203
183316
626450
82846
370166
157053
144236
464351
36596
154018
405840
166782
894439
835508
434614
168138
515951
330530
206257
220264
583366
422998
658192
169158
101
885849
401078
718704
228407
896305
382772
772572
454648
29835
337792
710751
340585
276020
430261
841762
448243
693505
452582
102448
711605
274766
29791
565254
156556
530179
776347
130477
493885
504691
176028
849732
510690
522878
26954
493301
18735
459223
184779
811274
773313
847135
192827
671257
742146
101488
890856
78043
846299
615094
131373
624922
514198
445207
126441
448200
210478
202708
470107
71884
588917
427303
740797
70488
250946
527020
689018
541910
202614
600796
760748
150561
352425
303061
432054
100687
205686
162101
75515
353356
226847
249701
93210
468162
874558
521395
779975
679252
318826
486231
460487
649034
412162
815095
503367
53415
884345
4806
840120
444662
810590
82791
44299
634435
526790
528335
577190
661382
264921
26152
576129
869881
252694
892114
578080
661291
217859
625061
179948
352334
570325
709201
426448
307178
822296
700678
727629
690708
359835
744560
498811
639769
407996
30553
687708
739029
623564
384114
585822
860161
787870
253389
215342
265384
281265
403778
299507
686970
759415
752113
835982
410905
134465
275495
788140
332177
303914
895993
49125
292197
530877
163565
568436
699300
173059
169561
421203
425723
629581
732771
91539
17956
228250
200487
54613
848187
731941
421559
577384
177329
766287
834044
607839
259194
325828
189051
882094
407073
734765
67731
289697
130748
666577
644707
277337
411546
23048
601865
880164
462296
429950
484548
60664
195955
467585
136475
25452
335639
434631
475958
759026
518230
707006
781226
37845
824949
775985
408947
171115
361504
780020
344569
533527
123710
45805
455349
359934
111807
728383
415213
72867
733809
892436
645563
630689
405618
424454
760876
496709
566816
664938
513412
290406
605549
811129
613438
262050
886606
789404
507537
626902
75890
542836
814383
162969
195983
612580
92167
340662
848695
878555
303146
10468
599499
602978
774378
716259
558854
805406
397215
234229
516826
229762
562627
573719
546264
64084
217565
291035
815496
672346
428219
865603
763993
811137
302328
684700
146418
483626
673629
29877
469927
401425
532228
614010
875879
516187
7223
515089
151122
323004
74775
25488
152648
504899
139609
707833
558749
613730
29002
734868
649769
627517
297203
288807
642971
856910
471608
399316
46797
13427
638299
251535
9042
881493
52958
452859
100460
322390
475429
695904
153883
773782
885721
267658
688688
874017
762120
235201
366911
28568
189290
346753
350643
374555
398431
357334
165435
751856
539700
565013
840354
595091
229157
184729
822428
269914
543356
505433
19773
762340
807863
320899
205380
297789
293992
620663
403988
101392
333654
335170
615555
500362
145696
580022
355786
418023
55330
610722
404413
499067
417264
784595
825718
487903
349151
404295
263754
657013
294339
36905
690717
462266
209235
450222
392529
898056
456041
134347
673625
140613
891557
407409
573931
582059
474193
263814
484212
524885
757471
130209
618566
750242
276975
402914
42285
146089
98989
233388
441407
536538
395063
250144
75409
810925
388796
180982
465734
59881
842399
464538
27170
744339
271835
469025
895101
604720
895329
888327
185460
498553
177724
549287
252057
338939
716118
596822
18986
806983
8179
229724
862399
299708
111003
619024
496509
877103
315861
482734
463047
230037
422031
710392
325109
89901
654458
92743
318204
844205
282674
563468
91245
464295
501596
442343
532922
46519
710728
608258
728274
796748
411829
867436
475630
237360
376468
44046
287940
54678
860324
822219
547129
10272
411036
322392
42196
227977
794536
40534
651693
850517
44043
617896
829636
416627
279779
658997
271502
253325
432681
467964
270793
897388
287991
52591
470801
490122
498085
275854
489740
691509
858092
780800
555327
279901
487915
600816
87012
443323
697512
521954
172435
296093
13518
453232
839804
743474
509236
638406
675607
406191
476575
896918
263379
713083
157118
565145
172907
37501
523667
577411
652759
67904
445169
593858
793374
530817
638592
12018
328456
671285
382109
682527
454834
317561
416255
77017
198363
483383
55733
332781
96571
303889
445771
782054
123156
665102
209356
238335
828864
836894
569217
452195
289386
358924
316663
319363
574904
566175
131518
66260
140198
130156
287309
264003
213934
76444
27747
519765
766403
621142
135721
581951
177566
729737
101076
264286
758735
469687
44902
646260
689717
683265
264148
78337
150472
475179
572674
293818
808371
595148
362793
242280
304896
589173
99771
798431
778540
531579
154910
147129
146233
218339
525204
160655
132802
522249
601276
313395
4681
775340
89360
810669
413900
553337
52751
561616
64631
193139
387221
133720
458707
538524
207463
208003
334491
854243
292587
288585
880207
646826
562579
10873
356929
700562
327962
276881
776173
192965
206311
651705
414022
570496
456751
101469
622700
837755
813879
806982
120089
376503
613110
573459
425562
617794
744601
840825
833915
138378
682593
754900
288603
224956
70887
240233
439711
594007
517919
112122
719138
329490
454074
631908
694026
32359
524005
305497
338390
755867
606063
843509
543507
270730
364552
499679
479950
485908
855877
322014
129924
582558
819137
519701
360853
346022
148989
323037
663894
469671
344647
608893
79686
580292
269016
578152
65432
276949
831095
605364
760112
242124
594364
888018
735817
892419
430063
673007
248274
457859
377775
269062
777945
514131
154926
425247
522783
615547
161433
96392
144428
136948
160182
387599
295131
477551
377094
115865
601430
135838
145482
412098
22428
33347
420898
689169
625151
553459
515951
678967
140298
801190
531066
56613
768639
419165
382926
105415
162271
464369
47361
107008
345539
812116
578160
874179
833415
319750
634280
397547
53606
235991
754080
320440
722433
376659
789795
615878
5720
581935
221965
598956
191803
175375
769355
840750
75994
886929
689924
656608
305433
460185
283158
650263
363263
667034
268729
124397
486222
479742
712353
700945
657645
486163
381183
138057
684256
387346
163142
306085
213913
246988
441867
75809
881992
314771
419333
491991
590670
668322
305076
396894
239503
638058
676063
95267
41254
772858
718485
211746
227890
605259
416501
806849
178830
533701
788617
102825
553759
45617
554989
294434
23046
143933
101838
403210
483829
693157
192941
11506
527582
541028
138082
289782
533031
475318
646878
386774
683706
322089
729960
340917
