4486
887862
553610
119597
677318
154493
311424
740070
586933
352286
597372
109087
340580
714741
737573
573489
621048
515140
133816
551906
397769
19711
244048
84443
700478
256901
18416
630360
206442
373257
571023
816671
77058
798286
477857
230536
341049
454673
264286
813435
591003
134496
732114
321174
792034
174185
256417
589133
332248
435757
124788
269036
261130
85139
290051
112793
361413
778328
418401
720244
800145
40420
552447
129056
46982
297849
787518
151899
86190
332165
41845
42761
185049
666710
427322
180175
83607
143181
460241
182203
381430
165867
359759
236641
258232
204008
13929
592289
256079
744002
398750
356580
515992
471058
566237
175588
306706
766683
366773
462891
307257
699388
449399
129556
591332
136741
554249
153454
427671
429798
885066
705471
629989
561858
23518
448229
431973
258754
314453
133400
620880
336007
408892
854475
591093
737975
727839
363505
540697
286809
881209
508860
590286
215131
367642
486912
484463
667536
325459
613750
733941
812536
217953
628445
779609
264279
587828
268187
176903
300999
263099
510562
288987
758985
813230
424685
587578
378231
452472
641897
755920
869685
120031
124401
451361
42982
252400
137809
624366
863899
739404
264076
22087
376998
89353
619097
8775
465357
731782
525352
570224
773433
875312
439811
132900
597390
93386
810287
155517
212885
784060
338674
65642
617397
722778
616494
522918
126849
552815
623883
85718
883019
350311
3380
659391
137813
397654
704215
413858
772264
713800
586576
190677
537950
587462
737791
207104
269337
246657
620565
108144
288311
841727
96110
417915
452381
657535
613016
880593
254320
824362
548243
556507
186978
672504
29520
601778
134793
838556
15611
418623
734988
789934
499285
814283
413463
899571
16538
365346
847823
522538
102050
485832
380895
774741
646819
575960
49967
736482
820339
801493
737110
562198
777803
684015
890150
310037
435847
823413
797990
413808
231306
884529
737246
230987
666878
47012
816203
227497
461529
543422
764082
71799
663387
716026
406961
487859
271956
674036
553937
350231
297250
15848
448536
498533
379672
457224
733851
667920
341307
702490
336048
297604
153510
456748
53889
620532
440269
134325
827933
35358
63742
434825
796552
633629
182627
696504
759603
207819
485380
792515
429478
235729
654314
386300
507002
849260
851646
367450
257763
576093
52528
161014
495338
182350
448884
114757
153113
269980
542278
609521
533936
161061
231214
799190
370901
51696
419295
856375
854503
734707
479929
61274
464563
850372
136846
247879
752991
442848
417570
558232
16868
758514
337419
540637
305914
12897
740056
518383
748811
261720
95598
66126
854345
456659
607438
145370
198491
646499
559826
607690
302674
70942
301526
896749
526971
77798
698739
728443
155725
584020
153286
718870
442305
416865
83568
7330
834722
202033
726710
813151
846778
394844
561577
187327
512524
36282
269248
896360
244160
547467
167777
274791
72056
765952
236350
498127
635138
290825
710844
293325
876838
695932
575567
867209
98687
624798
570050
817275
541990
201746
543475
298375
159306
207995
451770
815799
313148
389840
846025
232628
328647
781339
532815
430625
477917
807661
889367
682868
168300
576898
492910
705041
649263
349964
810690
825124
687233
820447
402021
415355
641100
370200
878193
718078
197279
370219
884901
231532
391935
306183
236622
213523
727636
258664
124481
629036
480356
127769
228740
126640
657757
140804
847372
390843
115020
357656
678817
268796
859819
560406
113438
129461
34582
80024
526997
300182
645118
1757
431056
451792
756823
292853
365841
211672
25580
510918
248506
274843
508723
302905
488905
128120
250138
768004
833051
41695
90784
330133
272498
653444
378849
86455
614321
209983
464297
504068
762596
767587
164170
495560
68572
806393
117161
521645
202168
43704
564242
858440
183999
375427
544076
738752
319402
794560
751782
497942
407999
684496
877905
636149
818263
429200
789928
41176
422497
868875
190569
209778
819232
781178
13543
748606
295471
218745
306233
839939
198693
44774
409546
752899
763444
544569
326675
482753
894251
601275
45126
276205
177659
254916
583841
94926
248694
629
303874
290634
239891
862030
20090
181973
609102
471054
64794
148659
2637
194917
640842
189612
115422
641303
300569
359371
448028
173327
74350
36146
385328
541085
769853
16670
528531
476174
553461
580179
124881
522662
29910
783396
431530
605821
709951
168705
122739
666995
501350
401661
436121
4017
657889
59002
144645
165630
716833
233076
892955
85882
40351
109031
10749
576602
692399
840605
419980
518305
664592
346360
885710
445848
296165
783896
345323
618698
538686
457418
326257
868094
160847
547246
602968
144561
302466
624227
168640
854415
407625
470321
695510
827822
833035
394898
414550
137192
240224
743997
376010
418099
478712
398801
431184
110590
555957
38363
705625
80618
118841
123236
93518
724194
645849
484091
800749
742425
329425
525434
687730
154367
276082
817622
580273
141279
209622
520904
454079
149592
242676
858196
467888
761270
825071
633235
665274
657996
452457
533345
312985
303057
113045
874852
684204
443924
128425
530551
206973
763708
889170
781459
646078
111713
374370
107865
52623
886977
344356
432062
320572
29568
532848
638771
214978
90719
292794
604752
105522
126199
263461
223261
381198
113074
687829
88893
291409
381831
39458
264311
708556
259184
641384
723074
778794
436297
119035
401804
487508
89608
225464
753063
349201
225459
476151
214992
592773
527970
68989
300734
521339
273970
139150
579492
751613
751747
421887
74595
133248
830095
384520
430031
458461
576488
38520
199227
424057
398476
553924
409443
586502
842695
557336
700375
729602
288166
276238
81983
508189
69747
817531
457680
37177
646418
623718
59433
291914
217463
488565
561546
466812
695009
493536
673170
286868
216471
469926
814450
589263
767934
729502
649460
739302
124212
175142
304674
254931
43980
838455
689972
216653
317862
158586
98362
180751
396906
715283
517217
306744
723585
654428
50438
276971
376144
849837
278293
110582
544722
375734
210332
147599
101649
482575
2961
884347
686145
548327
434492
555048
459257
830776
256098
671866
445871
168668
582064
547075
34702
411545
812384
516459
137463
655831
186891
387504
77457
34771
468139
809542
512654
721388
343564
339583
241084
514170
174478
890214
236580
812894
830201
137414
9826
633077
593438
419239
151874
265094
805958
856600
148979
479259
763994
78536
595435
256972
830990
848974
143095
517110
436106
36169
313629
74635
122518
39618
842160
851459
312705
421678
550447
76209
837326
24687
789402
616592
27996
269177
799026
194620
154161
131058
520173
871101
235394
280883
386610
102301
117185
848939
237719
159899
108676
42755
137972
194104
511470
792924
645283
626095
605756
175604
634423
234242
452078
769224
75574
115503
780079
866867
389365
839169
614275
877877
78766
153763
297133
808623
61696
266767
760858
78762
551524
504805
575853
23447
475591
153047
105928
650193
147336
716449
452531
550559
24272
343094
633517
264277
551145
775861
104716
590970
894525
745882
692562
743237
182252
699793
336878
131840
308713
269606
320652
26543
69906
41208
515066
892522
217482
492908
391960
807205
213716
777341
292252
137201
767150
188496
475103
430203
646568
362054
878215
79634
85183
835883
511057
308294
639515
805132
31130
621516
239297
533126
223819
343006
447702
150904
768607
542655
574033
391930
198643
142172
774106
495303
291849
558734
720005
307702
863000
150204
292454
609799
41875
156478
866448
755608
837908
133916
538926
272279
382181
729812
858236
721394
714635
346075
166307
139434
581840
890427
639375
383718
212491
423450
292879
336996
660718
583099
769417
827594
557292
828254
189399
303963
761029
482018
548450
726981
468847
636011
71033
119159
596739
520574
509006
276751
249473
55018
344429
275729
258464
650881
592666
372596
619606
482275
472294
768439
456032
583323
229165
20593
161840
833027
622480
750086
306640
186819
386410
818133
436215
440183
373201
35374
600871
229582
337130
817985
782239
357614
266313
51090
896676
233909
607044
582568
228039
574107
364915
569284
778931
287859
528423
676783
400694
743888
427652
321677
668586
297381
706844
667693
456542
266980
768841
31458
109189
538535
578598
669036
710939
759725
796298
448367
307792
867805
633891
586726
899634
184870
700587
85200
683291
411783
446858
579368
413972
433834
484583
103090
877028
880235
688780
209489
823930
398358
328597
337398
232243
649870
817044
500307
181896
516938
776261
844942
730231
230171
709225
852017
129388
645928
824513
289758
804299
277978
185641
592575
29469
841908
810446
639003
586293
607705
560046
201765
519966
305553
258826
575919
256387
189767
882346
33212
856986
781322
596813
93202
229742
55059
817163
249998
550631
210310
764362
839154
285144
386481
354553
389369
421029
325969
316621
214060
499535
460116
34101
825997
705918
460058
628380
450448
290793
795636
883386
540969
771237
83087
594775
669408
793096
661930
562942
332001
722329
699298
826713
28880
272566
639215
878639
824314
622528
308711
548118
522759
576039
786144
82071
635500
349710
738707
140925
775133
425307
480860
751417
714527
167901
58174
113718
381819
191674
782851
748276
2990
373012
601473
189827
899837
877816
331128
786365
728006
297795
187672
700384
118578
61072
826656
423302
228359
815042
279169
878275
639674
335307
618593
299355
502721
58487
492507
56190
730855
120280
722211
276417
810776
196014
203751
289274
95452
855539
494834
868280
597601
333440
471210
322588
4272
29184
135065
602072
33666
470831
544008
621954
212428
148366
637415
340724
806869
562150
383242
427940
295816
407733
118446
192251
750276
550394
291225
20021
513521
249946
497182
100820
310798
834797
243872
812768
99526
737480
661166
319295
373025
795495
520685
778477
327382
292503
648627
242776
664061
551805
331151
597723
357282
586343
670983
750197
148535
594925
215481
64069
282017
757026
171107
738725
450386
481245
408669
283104
586263
6815
476772
881200
386311
52512
613778
668408
780476
304347
721865
222907
499358
261362
548111
159800
611482
698559
518258
719043
668562
764249
478892
165376
674895
870399
615746
474494
834001
66404
776999
549742
829415
311063
470494
753951
614457
575277
54908
784536
789666
553486
494252
561009
19516
301561
132204
146606
736692
462516
780948
430936
571932
676212
689271
632218
104703
296037
150082
466453
141871
763126
298977
145601
873466
149029
131489
640
30139
274178
388528
262880
864333
708483
871264
489710
375610
371524
706987
531537
4434
542040
323569
767306
471255
297712
879548
72358
504245
30503
383908
831965
264239
42536
726959
170282
701876
822556
567760
791527
827377
54868
591760
475653
474912
720975
534090
49605
298014
742440
842832
259894
22586
542848
483180
237995
339528
58083
730529
600952
99510
677241
493263
78441
46774
317868
735829
432159
586746
826193
317200
282184
689854
440501
739298
116922
711743
435077
504110
722379
685802
422490
262560
204528
792463
327679
361738
848273
709363
557472
776904
217733
810021
675441
776709
230319
55656
822232
676470
411220
834063
116024
89413
77463
18152
437883
233160
261171
295087
312987
710095
698101
635811
542957
794557
653428
379573
192202
305678
359054
696380
386267
449047
505984
869382
866945
87146
363009
89705
598591
318712
728539
2840
571812
69457
632552
423121
91224
642920
851045
592595
534947
383602
516629
189644
825589
890061
299989
582001
361749
616444
451351
610599
237641
463472
768093
775133
541150
75299
730932
448669
87189
760158
373003
138072
850890
417787
58094
305214
47106
681860
670563
618767
586481
273434
161440
505867
873030
428178
418055
514341
479635
411770
551232
595767
755036
18265
366545
340559
570779
357780
702524
763015
178030
77324
630869
410291
641022
799397
824031
221971
557996
189826
49410
811047
799866
568172
645802
201090
4020
279410
241535
585496
49017
487081
757117
320209
248874
367988
248656
577695
474701
684256
842157
361644
342558
740774
376367
616109
184883
158228
689517
4979
511435
270245
669045
869664
782866
156011
714887
314358
278963
707855
606768
795787
519163
27664
745826
179257
401030
105447
180524
616882
835144
874475
77019
637584
112154
454320
95949
556426
538110
355371
678733
599587
397777
650192
816240
890461
303597
696444
676715
40427
157688
601103
54191
826052
539724
335409
182850
200146
473124
821045
879195
651850
896671
888986
316570
266071
639604
827406
873570
506447
480723
152526
66419
521383
656436
60041
756680
412418
809822
790883
30794
688229
725557
269620
574511
578758
561313
208208
323955
374850
382456
638178
137681
610669
766727
406193
820478
38852
670914
287909
11522
179711
64005
490082
225651
782595
842438
239923
270448
25460
591802
532418
174648
471751
270016
741124
330533
480277
751246
217586
171944
495371
652822
240689
399137
750334
681588
229331
835482
383581
218327
809879
344994
353119
245353
130571
403585
39035
618653
262002
174877
558358
543092
591008
677224
413526
294668
826337
607139
582357
8422
271674
312180
433330
412850
543656
822015
8034
708473
750725
749924
64836
192743
450889
390293
831249
536563
378508
475793
488722
206700
695913
111170
159628
864898
41311
128304
327702
114605
308657
720576
575691
558782
174541
781260
89307
452865
423530
479904
879836
360235
780554
780718
672126
4646
584191
237743
44635
462102
81962
192087
789165
843399
77438
298259
344058
686613
195139
287490
348427
105624
359927
604941
820922
715306
607343
250917
519177
749398
157019
117751
837808
717278
381959
730830
422222
208073
760605
563781
365313
496231
777800
104711
395504
446851
383860
386917
430341
728036
207377
262035
490648
252927
578231
441632
189863
773309
554883
610481
313858
642565
21215
475481
823618
141925
470655
377302
697529
78498
563335
602186
174565
657274
800427
704373
733663
422642
145263
313804
295280
630593
88397
515064
503394
886424
33556
367885
407796
462732
219405
431877
272392
135810
584217
486233
447863
432725
120887
280731
600676
568359
792514
850867
584429
484514
454326
685812
276125
459562
580755
370234
519103
628353
555354
669923
308302
599158
271956
891783
89639
408683
463442
216821
795744
897569
40655
58347
616818
458626
703186
190705
310545
145547
277264
488723
105724
670356
629966
641338
705552
152861
605220
423717
780055
169815
640925
28585
61437
685037
858394
288258
111779
465325
141782
441013
206637
348822
270404
513732
797623
129311
842933
425516
136292
844130
348310
511711
640918
675108
50807
631065
242650
715137
675462
552321
223738
899608
157273
802526
884022
459697
645386
801555
457645
468711
93308
600664
357397
207286
795036
211863
110890
196353
198148
11360
376579
647104
458233
511689
105280
780677
216499
648422
718495
831113
404989
99105
498094
605432
817458
808598
151035
251606
831272
777741
235432
854156
40201
286836
312890
164659
537339
346521
659856
208764
254306
579457
58544
246777
60379
107176
872861
43244
606121
382485
723685
449098
391149
106681
381367
441259
595726
75492
216018
258064
893336
438276
136856
670545
514304
613052
356065
536867
245861
26269
474380
630179
856627
659139
229168
490018
133538
651470
350769
819436
614075
202618
200046
620118
72538
571838
757463
184964
643342
284382
57277
373332
810558
783629
596993
293770
287078
219779
850350
365593
791711
480503
538658
95979
59388
125081
746503
450189
185392
59983
161921
589594
578733
894665
714848
453603
280520
411107
117012
619383
879801
100023
45824
863413
577566
85116
133512
406283
81438
883135
59236
558217
728491
747356
366487
97448
261761
376985
723289
165712
134443
662111
323375
338186
543748
119446
57437
837091
144923
366524
91346
498746
521328
456162
36609
663911
293756
543268
250512
172007
719885
751394
573673
113640
273550
854463
62126
305869
162565
85973
68553
488958
601525
690547
563969
816848
393860
202677
267433
792620
620887
20446
842995
805823
533818
164117
75810
124542
474428
101721
538109
28307
816150
116545
109215
819208
303308
81589
661419
590959
516012
360867
97948
87307
398036
197023
723067
211743
108912
800026
503594
660657
653537
283261
774653
810811
306713
722818
353448
142126
153442
707503
607699
742498
225150
631888
349355
282591
88137
665169
158514
62881
875547
81173
511254
187244
41994
652661
439551
895436
157773
277240
811522
788006
67579
10283
661939
353633
436849
572158
4759
591179
460722
345083
617303
199882
420104
864675
305776
802047
339433
786599
496488
674008
218550
295232
587675
234131
85277
325707
852755
148490
377758
112581
464758
826912
558250
436830
49913
478918
215015
745917
620403
144874
5744
218705
218124
605372
373241
678446
692084
773534
328945
851500
825328
644264
279264
856152
746415
498806
801392
527509
277274
32878
144904
34451
570122
356369
325426
644362
144468
310750
636926
135283
840031
606173
486816
522947
360374
104079
16501
632165
747161
199727
173123
434483
91118
231749
644350
639249
559637
497959
555494
435878
575257
502412
358670
179447
681026
261807
874488
697634
118407
45500
587995
351956
91168
531226
820806
561575
716538
509813
607711
559996
839300
854119
853252
351377
229063
341410
889363
462687
332594
28636
161989
652114
449747
446744
206805
118310
575041
371565
176702
209146
290390
120917
583330
34548
591322
583060
869735
221905
298491
539971
140283
869767
387257
265272
818841
127769
500285
878996
212452
422326
434250
767464
795440
588238
355628
390629
57216
653234
623084
719039
716489
890951
140581
832221
79638
889159
244465
188223
784037
648404
243005
574700
874734
301945
327484
701432
394084
678655
532470
210350
341684
180713
825889
480223
772715
402349
360552
192167
615540
34032
604615
694329
110782
304828
646329
111879
897083
55008
355465
209264
126341
369924
623812
520549
401148
425544
416528
64601
716651
186296
175350
267877
706888
472174
829530
750870
101017
113252
559947
614548
591476
543764
232694
837903
382559
212398
554549
421800
676567
671541
367813
540281
313804
860758
415701
616642
852392
378182
326778
130257
412240
3640
421664
142221
66883
258263
539610
519007
568224
416038
9306
211230
614469
754162
825053
807414
642962
807248
259677
372723
546955
105176
721194
747248
373660
355325
234227
494390
517463
394024
830206
233011
636057
323249
744855
155706
803114
17562
841765
18576
497219
7751
806776
835578
760042
201469
83135
404768
140153
483478
581846
561694
127741
291999
832348
465991
15450
194798
43810
279734
738284
473987
675456
428723
650056
555449
787778
71935
601377
538665
427711
194172
824294
599548
80458
216763
538056
762891
469985
188931
36890
282485
87107
165659
43537
9276
444831
395892
285643
514780
477927
618102
188396
476521
99
337158
616163
439268
331650
587152
865355
292793
313452
316695
545325
820696
773171
738102
297283
255343
210567
187346
485655
878048
138696
887742
523050
410084
120310
833002
822577
93852
91205
870826
855226
687151
189069
595678
241612
128005
99677
423171
320140
678782
539119
578517
33180
425424
850167
801791
802590
2108
590933
622017
848854
639660
724938
110588
624365
837707
13222
484414
639090
277760
556320
670757
567771
523049
850016
873361
809449
23952
359158
385706
512969
764044
772141
502442
839255
193495
404314
596073
83165
436263
65358
670692
887642
717804
334539
318729
681181
639621
256148
420162
527472
317311
696572
382043
262450
332715
36736
683570
508317
173274
358257
742522
438534
148855
41098
781131
451778
15394
349632
97865
467813
373893
560439
875407
73798
889236
108529
758841
373471
555590
110305
373675
724817
361770
410430
84514
494372
681640
736691
253172
431051
791798
626675
230502
843270
75667
707498
364906
52705
771235
195950
761459
207642
273128
336212
133303
255776
875161
506879
889151
270039
643714
526772
179758
180567
700567
464457
265996
170420
484022
324828
693998
292697
300024
710975
269955
437870
543508
182704
161789
867864
145233
430151
175386
287711
162981
864361
122223
231435
686702
117178
299440
879143
627756
156463
677470
669992
309562
414689
349933
393159
134919
199742
694449
528010
390933
841113
720421
323361
752942
235618
185911
477323
166589
43952
639955
222297
8944
159674
373995
142250
792328
645285
18304
85494
382426
170839
834191
244455
414790
392619
102011
877505
788465
249662
613362
114050
590657
182566
780191
158115
223412
676322
869100
573727
669597
468267
478354
728427
546493
714122
113311
788675
830810
798980
625602
380838
76414
165968
152821
25719
475247
872458
672071
661861
305702
419007
665094
835780
815470
234120
176390
487482
855612
416020
269904
678966
712869
803166
503018
344666
104192
451486
413471
417913
9656
351707
684875
164571
15022
73534
796388
253406
166794
86658
645864
308375
481179
604775
333888
160406
641779
729509
245934
665287
749880
568350
196728
441525
568712
856301
164624
811817
141868
64474
852319
685680
318263
633903
666478
468762
411612
877221
281329
278367
419690
851639
333968
130364
286341
788088
899603
56603
105121
601057
680010
154321
187869
192386
44758
10400
620698
227866
672696
119005
645687
592514
713971
317420
793835
71715
137856
755079
273117
264968
841007
74622
537123
431086
819604
892504
893558
459095
610966
718711
792046
363518
870127
85978
186591
397158
112416
304155
98672
349323
17077
675193
323827
282041
278160
767409
149190
867771
444533
487077
547078
753900
568593
297214
289386
338378
778216
56430
818851
746216
233690
606894
799374
810882
119569
15238
762898
251371
668073
309387
738301
872419
842780
813378
473526
734629
837129
771651
206174
431228
678368
637913
270153
338549
433965
425925
685266
578479
237695
462626
292416
522383
346132
774020
200787
747824
7363
816570
141418
405592
157925
888786
545365
79270
242048
38459
148722
239496
132850
135142
89063
82569
100055
26246
705210
322438
530902
687606
719088
412609
561326
826905
582432
762799
762649
355677
778932
619661
301306
660697
852795
486928
486152
385910
333645
757209
436279
438601
566365
161159
440031
261982
474516
391334
797931
503920
50959
193093
645473
180725
580503
327781
487721
556823
428441
848878
35291
783389
84962
844252
205257
732296
177273
522518
867046
423193
283897
294687
371379
574864
813321
793221
767556
168911
317881
204951
788467
2653
723803
680404
289312
13126
87100
796414
260771
762559
215422
590990
117808
511912
778067
622273
188198
826667
727640
551887
214836
796672
129259
76540
437576
185267
342891
701896
407606
878173
852395
394145
832929
585326
159410
158424
270441
674701
732594
273521
665649
875158
119074
560915
307979
249602
708795
302272
387
438277
61163
668095
474661
462064
874329
83957
869963
799830
202743
417426
835911
188140
515677
887559
397610
756298
4743
277685
379918
739630
6893
469504
171174
124639
444635
712291
266720
21103
584236
624093
536692
695578
765480
64106
156652
404971
93495
424620
757136
635454
837985
300776
457805
363520
498179
559437
612001
474418
462512
544718
416037
519885
613506
207697
331063
507231
436891
743456
602948
34995
226077
598845
485134
4047
118753
526195
594815
65975
295640
604039
212331
785423
258364
707277
241883
281309
569874
222871
54171
241421
27967
248457
506113
350190
593412
575751
753176
630714
832791
631951
731433
479986
292255
534531
191781
268200
347692
665279
274418
798902
717168
892458
787247
225228
396958
407303
797573
98215
610654
188682
819628
145853
492585
679112
182167
371413
397223
210823
233309
697938
468899
860468
114661
478897
711624
432820
310861
605480
888763
142450
669719
204110
799636
114711
864721
774650
583930
505784
523967
692067
853561
300937
448199
831430
407395
250543
457977
847302
345568
664148
36857
503054
231443
114451
712266
638482
145740
496883
618393
6420
29027
219856
631971
109410
428407
788500
94084
247228
426243
235109
669853
53619
882682
503513
350753
884461
196831
611332
139900
630597
888707
246578
494081
214960
412155
540336
277998
69626
430941
275780
747518
568431
337592
387549
822347
842357
554030
849124
521725
35862
538927
46866
163124
358012
107378
848700
846766
833109
232242
741098
539061
726006
287075
737157
579720
557116
321167
471662
49796
790798
849458
756395
752751
712349
391150
232028
776898
568429
678412
759116
564336
738638
313104
260611
636918
15555
611319
6040
416193
698435
572272
841188
419191
371742
323764
876434
622563
207287
158531
701362
838337
218224
395260
257324
644993
401540
190137
813458
532795
385965
470885
469743
411952
353477
819227
42299
890553
420394
92316
644016
545839
537147
862892
804951
727606
750623
290762
317147
779238
777285
789963
21920
72215
186501
752593
450188
508296
47525
152621
735523
223084
170649
865422
800113
588147
125602
16260
792575
165424
880406
844246
879273
390028
856256
355260
151559
147366
403390
54298
363431
607141
430889
799450
711707
661724
57810
671141
823150
550904
32647
549757
325842
47177
176756
140570
800854
9194
822311
192287
215667
170159
522956
80728
865989
542123
703095
197683
806711
161499
636991
477592
767383
470771
712583
697030
254601
350082
228857
535627
698903
754404
386540
149791
887013
407972
755236
427710
37282
114860
885720
29312
427067
620747
38478
864407
120074
722241
358051
298244
694060
560426
186023
657303
828625
574244
465412
134241
289420
732319
108192
613815
180393
162817
681528
472805
63870
728499
461260
620269
624442
398155
249306
468667
712891
666390
228866
316358
648924
673922
237256
743301
260939
841317
203736
533739
569464
549230
594244
892992
829129
883622
776777
519070
403850
62242
710768
86725
512194
800584
44016
193019
661505
843196
66992
413188
58838
110214
560970
43673
565053
460641
547051
235688
694677
234306
453368
880168
645744
18115
648970
349400
471491
400619
549754
33075
230237
855164
672727
563121
116341
60217
95156
891517
687228
409202
404159
180942
614481
633933
426796
314469
558131
203987
768528
657986
191473
689812
679977
733187
135198
843416
789595
360091
715968
217539
454165
892170
866023
774371
87474
841566
259259
566009
79484
829734
634766
120706
559435
132207
645392
350081
890570
20253
265345
707211
606426
619016
899490
37999
319088
71376
74052
54304
218426
721598
72066
757312
429888
201144
120491
640586
133765
637441
141431
202460
4172
774187
723899
25920
279223
811513
351415
560085
58858
814646
718412
234911
851758
545516
645323
164071
247474
563938
474921
826672
261452
139637
604750
370136
340861
612529
641421
77958
238067
441932
403150
617143
623048
470847
534375
824831
755847
146594
625609
503422
721199
377827
603382
529024
161615
755171
838481
521105
274513
453165
392942
473020
169652
169587
42376
274270
395058
245927
670961
4075
31552
79955
875588
337404
146708
125846
153142
496276
783840
513340
510155
314510
582972
637208
898981
231909
501762
756577
624632
589535
873811
525126
285785
734935
731127
781326
634260
553477
74754
460272
349052
197965
226322
745804
622621
235457
518516
8837
466221
51347
548902
174012
360225
70682
630423
530186
627741
225600
553579
801625
896739
210663
571739
677696
660269
401750
790585
631737
221717
669284
640944
147872
584209
422495
528778
364010
860508
620152
881964
730271
626351
896463
176892
797814
690351
831543
42627
394188
483776
165574
503917
710113
309688
97628
212716
878703
460014
184621
261404
410631
644272
531756
768194
263146
120916
161237
617518
842401
248198
231863
195680
824985
399873
124669
348199
505662
324985
702104
550083
109491
126196
296107
848364
465004
1849
73234
77644
5064
739712
465839
628711
94350
139209
537938
149851
209634
661801
340549
313090
383076
777503
845809
141684
305926
67365
251185
853898
695432
884386
485425
689309
873106
879964
425538
459181
716397
467307
667005
362718
704734
482312
399793
245020
654528
396420
14091
817343
108861
433589
233409
175785
656649
446475
676603
312108
727963
409185
258942
170122
776936
674703
213750
424180
641790
636989
499488
52179
117786
604209
869905
98821
21414
549993
60230
365951
427378
704709
527466
249970
578414
307835
283069
562600
730626
467246
193127
407405
569003
77465
606617
405034
869138
544196
581723
708556
71529
381017
886808
35
774789
530129
670307
709287
211251
447240
88228
96757
501657
118799
3778
11351
793770
332736
590223
630466
377412
575307
83691
280313
641322
65583
410166
831311
758041
796485
9045
354025
660746
380054
412543
279137
856995
273549
460197
744711
89594
266759
619165
27970
287271
886983
777738
545556
339204
803366
254569
864060
538339
104071
433401
189429
300077
16937
757928
809468
516819
735349
539799
167855
371730
300696
467145
811920
156872
97770
240877
739785
815021
763852
159461
432809
533393
266769
851155
448940
11632
692051
61663
66233
818260
95462
466279
300421
249319
500362
262756
611158
401074
715610
769332
565250
124983
459169
499178
342741
262728
802828
847950
378000
825443
680922
460562
117231
127211
430097
67762
550723
29891
784458
393350
122078
499689
292140
315944
62254
498028
286486
515005
518848
626476
294742
809698
68166
718957
443351
484277
41939
893207
657943
810396
880258
42285
865846
709973
337399
27720
476682
777372
56701
211408
659472
830642
180335
438454
33053
513872
514706
477169
92626
172552
505343
86931
188686
498996
611135
73639
85949
826654
96270
264073
13870
377995
517698
175810
658723
566725
747781
143678
487873
184035
245086
525388
291143
631127
619119
880785
246972
786100
819959
690409
281441
353561
177111
836892
161093
880095
233649
385081
696087
320507
609292
449234
578486
533776
183028
734995
256133
299412
102207
332128
435802
101789
747498
642314
643477
500712
698178
78253
98414
187622
445599
727753
257063
446148
679211
65147
402305
659733
30496
450936
689226
125726
784334
574053
3091
656573
265948
851126
74592
685015
769190
892033
583993
441565
347493
361854
221886
803418
281005
504030
549783
376060
51568
361892
584169
489980
62143
767332
223524
186060
121360
774231
475481
339996
490395
653848
470313
335912
239902
509726
293401
177602
732929
858359
426914
791223
829652
20733
433828
101985
456052
754423
608602
406665
577580
838287
504521
274774
279480
742635
408019
322902
543781
138154
280872
283304
341428
46429
705308
506180
269278
877952
180339
84968
626802
876788
104632
859455
464441
795354
606125
267344
880634
117134
889085
401185
405561
853629
541869
825189
196474
687332
10226
658825
101859
60966
26972
127895
789376
417130
272207
194757
44288
189391
778514
651646
597821
613485
272768
745514
674457
484394
95100
386204
356643
839253
213506
736184
686073
473314
22553
655455
396744
114402
495524
629272
118190
52735
641591
442525
567073
52465
563047
144159
536296
675264
761594
566199
543847
892662
31198
491051
472920
551552
351510
272088
261652
833057
722254
874402
807058
637299
249871
292149
614406
20923
162510
642679
594379
19495
813407
298509
444891
33447
637352
562599
678938
420326
464656
289352
459731
620131
6166
588597
316250
150160
347485
623546
411825
261414
727461
330035
226566
474147
61461
666718
800762
728706
636756
783195
689244
103829
410328
155484
435379
144960
785014
13967
24410
597877
150711
224645
890822
3848
727627
641342
259716
591599
790967
834867
165757
360984
408010
344352
264155
103463
473134
776140
698181
674602
465306
751958
856550
138266
639908
859902
427980
157360
143604
323661
470829
894882
403795
9922
480932
173017
90818
444953
745400
626384
467560
88570
772701
195979
229891
411580
890868
577330
73023
347924
830317
274056
866308
335934
551374
135116
344585
390534
675531
262379
888039
820052
882997
352672
190441
18642
74832
679722
680351
287995
895131
787304
720818
851329
465492
467955
277106
684315
659636
477432
485835
371369
135990
350672
295733
613414
