4110
434988
101365
696849
593130
424061
502884
575213
375208
412478
830154
178843
151405
863565
518682
160505
108109
826924
635523
160669
800619
178796
662074
45621
699311
353704
631808
615177
679264
190927
501073
549308
651486
559001
776713
182001
140862
797050
260498
344073
838307
827861
150830
241419
314005
263368
349949
689213
560033
554405
534540
483151
594669
879808
692858
25239
708374
821060
775880
569622
849704
168257
358589
176154
401273
671040
314675
846045
797858
774999
155297
95946
761595
249431
489318
655839
490738
249570
369871
353166
804712
274523
207589
617214
352616
837558
33142
244751
583717
9358
819870
152251
840527
822421
443858
690679
357137
415046
334920
89017
176650
229110
261958
679539
350981
262633
891366
230301
589240
597921
21539
677073
531350
403954
139108
886384
602705
784048
636513
789698
581840
182154
548694
723259
370216
125904
216483
119928
865210
893263
248925
406505
415721
600701
777909
495785
255670
549679
501699
427656
713146
589897
421935
206026
354847
664973
703099
631623
445531
220532
331280
45043
456010
144187
830148
777113
211239
814389
186821
437185
566023
784030
651749
742545
22195
568847
473825
744943
339680
583085
566896
591844
68492
275068
644740
406043
473110
683730
810592
258377
730426
639750
625367
92775
563817
131238
520284
493755
251489
756040
836492
607157
465806
150328
265972
737333
371772
511729
64799
242857
408376
830951
685952
275668
757474
862624
37593
489355
613265
609923
460038
740537
843651
514664
290217
727554
124543
111567
81715
362052
779402
690029
91403
753849
831106
679009
879614
851833
178810
711045
831427
842525
251954
671776
110089
842558
385041
640472
295456
778556
201026
541861
638145
331962
535754
868480
29051
590727
142402
353338
862331
615448
838356
723305
523703
727536
828438
488765
499735
421793
478366
501073
563456
708460
11233
153725
741183
606149
185549
341737
152078
459026
447903
621979
489062
183986
299105
623729
773185
318618
759460
341994
872490
872570
788406
255103
244612
292543
636319
836080
883667
588658
740030
391608
869707
330973
278651
199906
381332
211149
78601
104245
814998
541298
548986
21387
17639
723300
715422
565344
64590
858240
845498
27141
602483
128400
431617
872275
706053
432361
420562
126397
606055
827182
261005
488383
425016
642289
136019
588915
113757
46362
412249
728354
314862
375200
613032
529463
395642
866644
437109
221167
213687
468349
830136
570317
273066
28381
150411
721418
76815
142867
881953
786793
34342
99002
360160
150889
252634
37999
892892
881395
700239
488304
619026
609523
565575
190303
335838
828708
383793
846821
254937
218084
812560
116852
341074
473223
344515
811333
623975
788295
262102
873696
81665
262104
170884
37498
633098
184154
825414
536825
581836
607400
258941
58739
541095
171117
73368
808276
575086
313014
591362
591869
232254
841122
490700
49098
382716
19414
889554
471788
241322
17582
313965
325013
775526
21614
341877
389427
508192
198742
737040
309235
36053
97876
129851
327271
551884
486419
5747
361410
417549
520113
649697
250143
894713
668174
587808
168866
655498
320352
875756
134518
176071
643684
701481
45270
24132
740142
867373
840679
96340
73890
441099
262626
540268
242364
216829
313392
766966
337353
493005
866701
245870
11224
392480
183023
584637
73099
193023
673888
117487
818311
413700
88743
105043
39851
20861
898822
844527
22398
308928
164220
459933
336033
192908
595337
213029
294595
717271
166290
245752
293235
871385
42587
548647
344752
564404
738129
303614
806333
679199
769482
181025
895536
110829
381699
394241
500393
450847
781705
255962
434432
20355
852148
391884
758711
44710
356301
798741
151471
297565
895057
53511
558934
329868
893805
282923
682717
671154
841097
637969
292936
54545
587649
140947
776735
794845
319054
57573
121058
562497
863876
183579
131193
137736
269940
44696
828808
825390
159058
5581
763586
719684
756529
495958
463189
9306
8106
692557
791235
125100
282331
521514
740849
345804
367948
868664
783095
740904
179404
199316
147096
76151
57595
72516
154700
841733
543873
357010
381337
789912
764923
783972
353729
650047
731894
163226
612564
459894
570131
97251
104549
279480
507851
764827
533883
676770
876524
486885
297886
50112
517378
298497
221393
554550
879569
409003
544671
459149
407101
644656
404333
536920
738765
540237
781391
84930
508100
615590
238391
49109
738095
855679
870537
778409
586877
589115
602218
133064
270568
612078
336406
102906
395282
60673
494608
210418
859370
321058
539892
134900
442446
403653
141225
581601
124875
870684
651730
405313
346143
91150
56515
260683
186688
246455
306929
709844
683509
308347
675746
220369
133634
559336
658340
892651
172545
391495
424697
117503
637835
666046
422864
47022
16535
699718
850735
541992
411801
245348
517708
186640
108876
828231
340155
13228
661834
492381
255362
374379
139735
134225
384104
8915
358270
565925
798924
319654
523699
790504
336561
601488
562680
401620
255191
288304
849019
582310
778725
335264
31740
450523
226690
536131
639213
136772
152740
115179
254514
233350
48031
342531
278887
127536
55903
771423
395745
177242
329937
449055
844973
366710
152827
201658
808692
223382
507180
490956
600192
34234
471214
685566
150776
377171
196696
764879
497863
2681
144800
128700
891
495366
404878
375025
669482
792461
609931
356364
424142
418746
255864
94538
209553
5224
403003
279728
544196
155129
227253
621688
481097
100501
32047
807254
844624
51778
384274
425862
618750
712251
378133
117077
36106
773617
757841
382504
109506
46203
569457
591148
198026
293819
836101
665915
558628
75791
403766
332135
538443
722161
56500
750631
831097
783563
190922
317916
679689
49562
482035
184862
807607
703870
563078
264584
121539
26139
844013
766492
405684
584399
897428
800500
349177
855024
729756
477126
259339
674145
99375
582195
566222
840689
899406
505133
483350
681329
46885
126787
346918
162704
842400
204458
641908
658037
723064
334569
880457
736247
436550
697889
473188
289148
571128
189367
719838
483052
897313
350816
614856
670674
475114
26664
86096
712335
72422
719422
150563
397210
171236
520256
219212
503768
780061
833886
795739
83860
23214
683661
470656
514491
831903
276715
661143
296342
814209
175594
414334
837189
175831
132380
606784
359189
347211
45817
99510
430942
376002
730767
243940
472827
40617
169926
476095
545894
551598
206318
833294
258319
526220
624872
547246
771257
623870
231279
35055
374802
215348
434305
32252
182637
445603
702477
758872
65854
642135
182395
665283
894481
360836
257042
785373
309095
391162
772362
70177
514542
797463
609295
629202
143771
343094
187086
788
396199
832069
413055
683153
181059
471572
61231
785404
256666
750217
897129
214802
370786
134129
487841
347804
31165
468497
771741
547153
462802
404698
31520
542649
568836
324635
166356
204652
812940
898608
103314
498168
690071
88313
498289
646946
258654
318213
715050
583780
324190
211853
428164
802708
591700
241309
600928
886021
163351
748045
891203
754118
678737
317902
69083
182441
597979
539071
388048
657631
864724
787839
444393
133406
137982
455389
719896
342980
896726
669068
374883
66901
375950
198098
725712
566592
847528
380000
726380
45185
367409
297979
279416
247903
731895
727032
75600
150773
25513
349639
352377
745454
514794
816582
201575
430249
267761
540215
138792
706941
416
623052
462353
224309
516126
716702
415650
82588
333139
390204
516952
740340
640576
67809
893968
426208
521593
366558
578835
447490
677696
672791
538274
423039
695231
49226
810783
240254
533378
139401
576341
114479
667726
264713
647974
710504
472418
163731
753679
209419
890377
592279
484441
807971
545528
750369
486047
366189
526602
168900
765495
161012
10678
392370
886623
53588
678025
738606
578598
208992
599846
28248
340948
355200
132919
735015
618326
549010
799342
581430
608810
840048
657500
543669
16035
702226
661933
35648
457946
635434
843006
294284
303825
892782
85437
518269
183493
24083
607612
14262
898960
250324
736817
682152
628343
687154
179884
359499
578519
96309
185749
236778
336199
820241
298594
10488
368650
337412
399379
737121
574611
70715
603210
845500
854165
567221
99626
469404
52678
533183
589963
38214
253360
827166
446358
892381
417908
840715
638403
646712
615419
413144
755565
877045
786810
521137
44079
857414
354145
836830
417278
28650
330816
280804
792130
283575
45782
630636
334481
337299
454104
67579
692618
733602
21883
338432
850379
630618
609982
370253
117680
327666
281718
630269
305449
4153
302647
74963
478486
268771
749692
848003
757089
457661
190612
480586
809944
312002
525321
768343
478758
24934
775182
16173
599373
829903
673956
812481
728579
522340
490025
591678
40998
165566
787934
801448
237564
44283
432467
683005
837451
753329
833617
611415
295986
499711
733347
132879
586754
696479
273410
396284
578429
347960
277084
374584
175913
882896
622784
539427
732401
189087
502953
64001
366713
892095
549829
301854
743739
3583
485888
288594
255747
847606
380978
846592
347427
820148
353729
607096
505428
218612
23700
354492
318122
529422
52214
352896
108338
211210
508547
577258
265867
148623
619730
275001
808478
361145
292831
17475
319323
817224
536916
318582
669809
488405
231795
726271
101418
499168
852099
476425
94593
416068
615476
554942
426433
273196
402000
873737
668987
140319
727041
80475
176995
365751
597785
370924
543688
29104
862817
457914
779374
635515
820578
509965
175082
396434
888202
149691
111142
611451
715494
431709
638452
54358
551363
278389
847286
793183
524535
53272
12181
639917
102522
481518
728317
500976
541213
637515
187177
295775
645735
468073
852413
391550
703099
470561
431058
416937
36662
556421
732747
666559
689396
398045
891527
768205
479794
676508
845840
216181
349166
262046
4208
512124
386154
380832
873859
78797
161744
873404
187559
339117
714735
190592
123919
212380
536420
321674
725304
113476
222644
36706
490899
641602
423061
892788
497153
622062
484620
423336
777373
225736
126481
854976
62930
630945
294896
763181
810637
205123
93096
179022
419758
301054
31926
352647
176056
418160
727884
765082
704584
387856
690970
341380
455842
798136
212942
617302
272390
762892
619128
374478
866306
12555
641062
333106
330657
452241
685263
397193
701889
894438
824747
793270
615362
37159
661151
273458
586363
545391
501303
728036
320262
163073
887819
216895
539451
231445
553636
718520
209851
656061
529656
68643
146115
142770
204368
274185
52224
411936
147115
510536
62689
143019
170524
665223
719304
312156
719599
490036
205915
69996
72361
475197
736119
162475
259884
257895
740580
464653
788569
667886
760867
784307
848848
519929
633091
295697
202708
248121
192979
897409
157738
277278
472883
482180
875391
123062
789571
515248
443241
349347
887581
109530
828582
870008
176830
458785
872897
732144
726431
272981
293875
717674
185314
889410
19685
236197
589832
583869
562900
403444
853215
786025
251213
188478
713305
220006
44568
60470
679768
552568
490450
579217
356677
536431
146962
710697
762047
426584
452845
559597
762865
887519
584436
407330
4252
643647
697787
350619
424052
575144
393813
213776
342887
574380
50587
517022
691031
515270
414795
809371
717417
742215
625613
876052
616790
433439
145809
700965
622623
511140
693588
354740
331677
314689
638658
883658
553814
427454
302741
279311
838764
307784
78299
248129
438319
9278
251797
382032
467795
739831
329692
713786
197820
653714
457279
356830
452725
551260
337767
744351
16897
331512
168923
490359
693033
735214
743519
801845
790963
873363
609335
608501
536020
596912
210186
833914
679068
393074
299330
656586
626479
653101
344687
622726
557300
764525
619819
395204
266727
319099
282456
671404
494537
630825
460102
859179
5943
16890
374705
540343
382264
883441
607942
526016
173903
164756
663430
792847
499601
888860
684708
275006
460912
534172
383208
716915
312950
381100
629750
254587
577229
541073
142184
443359
729627
282826
822392
889637
641068
157818
849850
331173
831943
525581
639398
13126
791554
811336
420787
687797
133842
420146
534815
318049
350906
444249
587851
491030
145284
658754
450979
87093
669134
832913
604572
670380
534012
558193
18038
841271
135212
261664
447680
571378
40134
623418
495258
347993
554737
827169
505718
240639
103587
184838
304824
430375
662481
859318
26589
865987
102116
349604
283767
580423
73901
757135
290006
639016
305295
281711
502723
256150
240026
123266
34854
697075
133112
674157
545383
55023
285792
862769
704625
762946
65321
461836
513778
714020
815096
653257
308416
624045
374266
205925
713558
174372
515629
784031
124123
588806
806040
132859
396675
138966
575931
882738
573167
824187
141954
660026
96304
845690
699667
405582
41385
355792
553478
19354
582898
725228
357716
365637
754041
310440
345320
656858
350819
668674
388851
232885
568080
598107
512220
537255
241980
827755
249428
89926
187297
319070
69542
371285
493274
25391
869613
15595
62339
840640
20481
846658
351132
243507
211881
705502
192364
437704
62292
522295
779810
353300
251363
606309
624535
768122
305438
266920
809935
558696
275622
100881
861951
182993
355050
488273
638632
489890
704628
468380
718849
175684
153083
103896
291539
409453
209147
354312
379293
207458
462081
489424
396472
133869
765120
23044
752373
883447
856418
749649
582051
354243
129560
753864
48621
335687
879602
609602
184671
553191
220074
436693
880457
35984
269146
497234
657756
207758
375406
704855
9649
685834
806260
239032
744553
822915
537712
809285
293615
638119
48492
370839
210010
123567
335469
144669
587278
629109
581984
755742
61058
234194
434515
350570
529245
846360
492609
421122
294810
813321
727813
186752
816810
61779
167888
83523
884248
280968
791765
570235
756231
636286
443297
31598
767512
19039
670344
779589
766600
25678
633786
802391
274870
58423
765397
45039
615618
27121
706996
307644
198257
866196
736837
154965
183693
77233
626649
774823
344618
288914
704116
354780
176451
609326
837412
519434
148386
372329
721806
511349
521150
323078
61059
438306
298015
98410
647154
849849
262589
527151
521720
212181
206854
697057
797138
301388
572287
438296
868851
771158
761346
251923
556561
569564
453317
625837
142969
482398
21979
168287
791107
70912
597908
298258
787040
3858
725376
214687
348175
419643
317009
886181
82320
671553
737885
810437
600048
165912
482754
149213
244802
275621
778149
403840
119887
382413
864627
899823
344740
468639
804008
816694
419594
280378
425166
406789
474227
703100
69405
137321
861136
524393
231073
649831
428096
449428
376153
736724
414882
281261
682044
494644
494571
599015
517174
341261
536915
258820
285936
740807
244714
767520
864557
843554
776681
561751
419952
558036
103874
798452
778267
644286
208537
25559
621587
499369
591788
568673
807519
576514
653614
102847
627471
126512
202193
310833
631290
443598
769633
75190
241887
204041
735982
397910
286125
149431
820322
646923
695934
576498
338481
326061
804894
833200
605261
832633
581513
132352
650425
165565
51378
779139
744374
259810
427105
233733
816377
800055
41716
402711
78045
826774
878854
631690
613173
801813
695308
734505
186298
277867
693500
688019
754402
495676
217833
571668
587282
594467
565513
757984
263498
451068
341463
762603
222910
734475
342292
351112
565062
22188
690249
491355
566891
614264
366119
45053
228545
450576
38864
141612
266356
495465
212206
694060
39227
162133
877472
24638
593610
421930
195062
528892
398787
202769
538290
36878
681932
850413
132654
296396
522011
805189
825884
673904
25710
859664
89448
509526
268280
687260
553530
202484
315158
134907
863512
719888
63039
628523
621352
111299
169113
643457
4851
218440
378217
304145
637094
283072
372994
421628
88497
468517
32671
810806
391570
488585
889611
166226
4012
450602
839837
534413
482128
361716
97026
691476
491294
1780
428915
739219
334981
771701
667749
142875
557830
285400
644063
547183
727543
119604
864389
575756
272995
488456
859347
571154
345358
622937
744326
291315
596055
846381
199637
770710
345046
776898
826909
343848
549124
828011
330009
471873
760666
811976
643952
181070
519762
335106
28841
460320
181642
242496
218873
191217
488263
199400
518365
611534
477909
342549
333731
663333
822157
98161
720739
405708
94479
545520
51147
513195
627087
240874
53175
135624
575500
477522
679040
498030
851483
182423
461899
205400
691522
101718
612930
4607
796481
13306
636544
217662
602763
798546
877062
176990
689937
515917
120971
623459
107712
853332
624336
616274
451713
539651
56464
450045
427486
853830
708342
316973
509733
296749
465226
498059
137316
33420
404804
217579
168692
414865
166945
338197
139187
170114
574130
634513
549065
614546
145521
475182
828556
506080
105871
101487
2751
742733
342217
532180
287989
595288
272665
628864
232980
897879
314889
713484
770324
830100
15138
541255
670406
393633
756642
198984
753329
85786
471180
532498
272760
553942
760922
857154
31480
862569
823661
127992
803053
487161
354981
280672
62324
616219
333996
160764
388651
350250
679116
515600
460853
17603
754497
354601
125818
119103
8361
167050
108299
447054
327320
458229
87970
630093
270792
803059
433895
849219
170094
198848
407056
354622
75016
333398
67616
40709
146354
808212
166992
391705
720119
487978
710412
33581
845253
2212
449652
660287
808601
230097
37954
214386
345370
400814
523083
771625
241090
596148
698430
579714
267062
549787
598858
612845
318390
373129
519741
867496
461968
471580
589158
844280
723503
406415
512220
281958
443185
489708
877752
831891
135159
372910
513276
577338
752341
69906
822551
287392
732649
795866
132417
205210
897832
726621
19712
672764
799956
824943
51054
608121
557994
318088
112881
426812
424119
427699
676074
105218
818859
49365
879753
315825
629254
818328
434333
105305
526094
149364
517418
774214
8643
716985
444659
651391
171498
485563
505111
875550
521157
181529
122743
358380
280323
849676
583189
613081
373972
505577
50585
347156
838709
154292
654157
662125
97994
836193
896584
466021
773513
322023
155208
486350
582035
441444
332120
569733
890750
231239
153169
160808
504365
638494
786205
508437
658881
465724
149879
479201
428584
504678
262605
469938
38612
406619
589127
132506
766983
96734
548194
588208
703914
678465
140437
717964
439837
546224
874837
261151
583048
512215
417076
815597
230032
126736
602564
102600
790950
895149
109913
394666
187993
257982
450252
394319
399052
301280
189339
384972
357602
57347
558158
30352
388565
84310
618133
800149
172774
549456
244398
328323
253358
552317
347074
439202
60627
567396
678511
57881
245047
556050
54944
868040
323499
91429
282296
8638
459936
118518
384909
406712
736446
881219
189905
338903
846253
527736
347853
487037
598096
158106
100518
16739
400275
841359
189217
554138
130905
409422
678530
844796
98232
372159
289040
105486
375392
622894
254805
135573
338902
6449
471777
886161
671199
420179
102062
81786
616855
94716
73535
80374
255106
511871
755905
37269
119130
178017
400947
131017
139431
522401
586146
426949
346796
364008
253421
705712
554686
411949
437672
518598
574800
76005
819707
82412
424073
513030
356586
722285
711895
589879
132912
806710
577469
65142
410980
640971
254024
602917
437918
630724
795743
839314
323315
266631
32152
262305
223291
584099
99464
167640
285812
731622
301715
171462
44448
133788
853569
780817
419465
329860
716625
101436
197348
714801
305543
616113
654995
659066
533056
671312
10469
607614
812167
705492
555320
36376
772801
565214
289663
86074
515106
808929
731070
326569
737474
382281
312914
531061
100970
155816
817838
871603
338280
462687
682047
13049
4419
523013
87953
731638
39912
530423
27691
846380
887746
590076
350038
480170
746088
417844
769883
91306
721969
46684
55145
502243
217155
517953
163478
480780
188936
307455
509821
453198
289506
306644
404934
756101
362229
181958
110819
532307
334050
234477
841974
43585
138709
658398
459184
380626
741460
101045
783028
294566
854232
252927
812410
260200
673784
471329
859280
698644
802944
498185
56027
773225
748769
819119
666843
691590
172161
112039
218284
579749
605363
235493
766665
708401
400930
121325
502987
775813
181736
7831
535759
344706
897019
869852
780917
3916
682278
214143
172996
592994
682933
592891
440268
279800
474185
748452
494851
105106
296620
156
541585
116256
479327
575286
810567
355185
529871
478239
374954
16629
632231
816525
725870
721939
460222
369639
781533
735651
181393
513711
290167
194697
617931
125288
659251
804078
212576
450184
274211
188829
282393
169435
464949
703959
340266
620497
601910
282548
707104
306149
886546
322903
325078
864107
256310
444300
172358
690518
125271
398496
528092
478051
5611
679037
216294
870693
841332
816225
692744
170126
812605
697690
539725
92918
370077
237152
786871
847915
529145
711566
93367
305974
30054
94495
126104
701829
465004
896065
862070
105371
661446
885305
29932
111504
409477
48467
277035
577670
554388
840003
330343
78729
56535
558141
374282
210722
458029
625101
673132
609305
387572
345076
888218
396836
181387
775841
413139
100080
548786
248871
26962
15658
3086
389024
424326
745931
99082
341950
422301
818622
424503
53353
702494
111151
540019
464443
830198
728946
648200
889076
16107
877325
244683
349626
419852
851171
121061
439024
815113
770110
172334
723026
553599
763417
656949
772747
86764
813223
762140
105171
530944
284802
492832
253256
766708
742260
587319
13095
706133
687451
254706
78919
819928
836381
491202
744051
190578
626921
380630
602050
197183
384069
283778
476117
795904
317625
43356
679276
571458
815416
87680
501797
615001
316614
836116
253746
649548
50986
747973
257493
564169
874801
205264
673019
19481
291036
196381
143411
837998
473224
336261
120362
135577
642712
502740
195332
819193
795009
187945
395000
593518
665042
428219
640328
415499
796573
56182
829980
877705
783142
118563
466138
309848
815848
55717
846884
454768
84766
634528
593199
866310
51445
547860
577083
809531
130731
345863
720851
468014
587907
39712
385987
663666
341321
727983
870929
873882
408380
616747
848282
797072
474653
194900
552010
368805
235411
414358
139574
548611
68984
377423
626202
109662
813347
863591
462858
550248
299634
373822
387415
350564
61172
889893
704737
480851
451185
833218
48787
739114
674999
851094
740352
136101
238658
96475
572791
830772
245542
141767
559813
800563
649692
643502
24104
602104
341767
213348
205356
701286
885410
246911
413316
883390
56136
820922
138342
657269
853311
15702
285699
366752
233921
180572
448993
637036
192905
472286
733079
610314
112663
47867
118885
664039
768
265761
419982
375834
233973
140556
655667
174327
541165
847373
358509
130656
379954
770694
205286
172347
505221
300369
17236
255583
469423
756800
365171
366024
405734
809728
528510
373034
677208
129911
472394
225186
171222
896300
589183
718855
382112
604709
557076
716384
571849
379499
730150
523823
751079
443243
582964
273611
291641
302358
607194
790699
167541
798343
587528
125694
747757
275812
653503
560280
255037
671198
688808
532263
110036
29587
264752
542692
643517
736691
803427
784964
447465
418239
806308
708590
181050
120269
431014
506503
106734
586408
53162
575081
229926
196373
158774
244722
842003
312400
554702
499449
624060
835445
124978
773947
452269
247898
672052
525875
608096
68601
647156
238441
18369
137452
508986
270369
47008
849
376174
542036
801240
519341
460183
802204
257591
136813
737103
888104
174474
361863
46144
210895
92615
787295
530334
260962
769910
299941
589823
603962
392060
678012
529627
750737
729189
570326
593436
658092
13101
125626
365922
98805
718092
492040
417430
97032
860828
256883
615561
593475
668584
348653
421064
600448
754962
304705
158046
689343
85889
370841
265030
246012
94150
261439
146667
506625
265641
294721
419487
715476
864629
361902
361620
413776
692924
321948
326618
85457
706312
116236
523606
44489
650816
707654
458139
48528
359347
623134
186631
105144
736484
216120
268605
217854
90769
187655
750874
570396
349026
39985
526582
445212
87307
73198
751385
40135
441182
555887
462360
595644
441328
253436
592971
72124
865798
650198
589772
435809
163164
616891
699469
336303
113233
770695
21334
393443
682931
294679
554523
804328
365506
16809
636118
447912
826564
402560
871654
461215
61061
37028
491811
689708
518696
524326
691260
707521
815310
611457
435887
147257
769889
816059
392996
725961
320542
274698
113479
454895
196574
252148
689377
9575
710367
15727
259378
844925
510195
820200
11981
631484
59525
139487
36943
43653
518947
558446
668893
762747
615884
402794
545049
279995
118520
191395
139040
163754
292670
803238
758052
407910
116454
100065
416161
665918
465164
265126
216414
523070
449165
168521
797731
182658
321202
432484
47057
255755
138614
448282
39201
32272
841973
394551
702973
131436
469235
858454
395957
822325
48421
249469
290656
616685
740704
487523
589040
312177
206205
557906
711471
48783
103654
573384
154107
75124
655072
614007
650396
306979
357524
521963
439166
704130
540540
769196
397424
303823
210758
316985
255671
288047
885096
362549
666511
774343
38144
434974
53408
607236
547814
368471
466521
487828
690770
301800
899019
612599
367683
739452
444932
846064
641395
197864
176135
89910
116756
57739
119685
843752
482182
609552
490458
382493
275545
533232
89574
507320
273434
447413
318822
582682
165980
607545
113230
808882
844932
118574
284582
669391
43088
436119
304734
261239
405188
777362
284111
500912
320051
495577
636880
761627
594471
599070
701041
45408
410158
390964
6136
715268
484033
303948
110518
208760
524081
632733
426692
610924
218032
891261
381919
266432
87674
347276
358206
811194
111774
330192
384268
124883
721389
459706
484518
602444
604797
247335
380786
722911
36282
246723
528634
328560
30666
712744
581604
186530
744411
664197
233935
785446
679436
357594
583788
572494
645237
260191
247318
891743
749587
470787
340560
399877
654420
527250
346234
765696
372315
130704
234031
651772
277169
427235
407582
352255
559336
40461
738435
102396
165421
188790
696898
733284
761418
710408
815903
241596
244245
300212
344252
145385
476408
245458
699440
270440
484349
131717
421057
658362
597590
189469
608638
581629
801191
107766
817371
293078
156977
76254
324777
574249
295707
869300
668305
67211
200670
295980
366093
122767
649934
588687
12548
21021
211329
90431
426560
640929
840669
807863
512462
880671
865474
348977
664433
695172
699504
121826
608419
72855
653238
570272
202793
263759
870073
544035
262257
154686
425246
275145
138507
789643
130356
617876
529441
13053
490945
120846
313108
231283
22887
181453
535765
594001
133266
270673
474109
448021
785057
582025
753066
59560
63086
190358
41878
858256
618684
627752
439221
226241
172156
754436
127531
27956
210908
458887
867175
883344
324684
454148
206176
458852
859439
835049
314603
307094
856923
513248
678262
71990
30860
845137
445252
117516
142827
716773
724454
240785
70998
855749
360466
293209
466765
223393
463938
473677
361048
850124
166315
360663
898008
782660
714424
257270
419465
898576
297635
807922
31728
270883
887344
99913
462311
441149
741094
689672
572482
491600
690411
160565
323741
480255
7835
12841
316484
32963
798980
527291
833022
53351
308288
824887
789207
431507
537776
590574
145065
185095
895154
417639
301830
770653
221407
21171
307013
44624
418660
721054
382406
357116
12986
438786
494596
289851
134596
281013
531670
563726
811653
316834
652897
55677
6971
385045
805150
680181
534044
851536
887363
316752
370507
802779
700593
767155
364055
756888
265946
291824
717008
357684
322604
294124
651655
431418
287103
134011
887298
437730
144470
196839
184728
438950
478069
810224
385039
107508
792256
138637
164303
371584
28460
177712
769666
580593
845349
376168
770539
133116
323898
576608
390657
25038
796424
469381
16326
5346
759522
452452
522216
565618
724058
247762
373139
699659
607087
266117
436656
288985
435602
550560
424255
584129
674486
844684
518188
162510
461077
856481
555473
608290
179353
673860
292360
347374
67758
517578
675851
6110
890433
627835
76458
655947
653332
731634
106536
696660
108769
791872
689395
530599
551496
20337
787038
432184
267255
507942
476445
523444
93077
548993
654812
245840
719308
207104
91451
561082
130737
763232
777834
857201
177232
108674
284605
12913
818360
793323
616909
568646
481633
520806
372619
222178
80758
267204
581089
843849
685250
669956
94951
231241
330331
745741
130975
293896
826118
147416
251310
405365
356709
358890
863703
881792
651492
437375
431765
725446
446716
120067
602260
738981
154625
571609
399565
860334
795599
801214
114045
170328
212268
52744
309728
279952
752441
850793
35887
342862
294682
650863
893332
737764
269120
334317
478725
708848
192624
670484
21349
115664
487474
498651
329810
591797
781687
58239
588588
278639
590855
511907
98980
659112
277159
431896
74236
234190
505508
18231
119040
671848
152734
632907
520033
112553
477428
611053
22570
432482
140168
214759
726433
232818
425646
191674
