2481
40111
694263
42542
300974
476931
848618
498831
882260
492533
561015
205411
314895
713797
291953
786208
253686
789271
862695
794224
594777
359611
524650
458444
621210
270968
865421
425427
373684
488949
619557
232263
128921
350980
88528
637508
157787
487498
449330
733406
699360
198511
39290
841334
730232
688799
178115
544440
27210
749082
847574
598132
101546
557662
617965
404919
871944
74863
224754
804486
63554
298337
193670
706679
158073
859778
771774
520491
477152
21670
564712
471340
507121
147471
742251
517663
569051
725753
347564
307077
300630
827776
793933
899412
721878
787151
558736
843821
28701
391654
16825
807450
363083
758311
791377
248454
404241
663549
851655
60888
293860
44873
705809
884653
143116
316778
68400
423986
405372
883784
868209
400731
604796
588894
383408
468355
768641
191970
844055
211360
660415
384497
140069
883554
595637
356220
404713
71592
483622
827465
640685
354174
763656
419944
217360
142295
564149
436883
585452
520292
169919
221088
785302
188686
443009
245542
118051
383413
306256
894378
589671
15941
890544
531461
890745
93010
454563
220403
329235
762609
777820
434331
70646
584498
840626
440566
690954
314045
119312
462430
561634
146408
718089
867412
478558
812914
562792
364558
244522
426463
808998
851003
769028
184625
25493
34580
396283
292479
186169
767713
888339
353748
160470
157157
178372
448135
84581
89000
512578
500339
601920
556287
881816
557010
581629
538361
889134
843067
407415
250184
851401
548212
7655
209707
308561
655478
430930
408980
155310
96892
549340
158106
734828
655847
860058
127453
500989
750706
517029
216530
275709
299020
852970
584938
865137
173079
418815
325795
347593
70492
454384
827082
250628
225449
635543
803467
799315
361417
150666
241688
746326
446878
522542
667314
420610
292669
827786
177526
60772
670917
558102
831847
328799
883550
310770
277748
567473
340683
115635
428165
55379
792875
419224
782728
832064
586545
528283
328786
337773
596414
486019
546868
828598
538072
836534
833884
878234
160297
608939
678500
57564
608759
424637
92028
355595
134491
493852
593807
399867
624448
634526
293428
699986
625658
295283
661972
749343
32577
704694
444754
526404
122248
319615
454268
878996
186846
523637
107949
854199
88001
355777
17756
752715
3993
47581
672516
89861
96920
481004
456433
450037
108364
816003
265412
774567
887743
524229
471939
131686
475756
388876
222048
823547
623037
668867
165156
153747
259813
256241
890712
850334
640503
691087
290320
542324
90050
330427
388757
744690
327593
391877
158765
70786
811139
58662
777352
96665
317740
104465
404490
76057
836998
742338
414480
820311
467600
714706
688641
416951
456096
271053
324722
888019
705376
829626
629686
105659
28899
212505
411297
710806
366147
330124
806199
436902
698200
535724
516181
133258
807894
611996
532539
132573
113636
873786
678581
813979
137844
209042
212773
214148
469732
415277
258511
280473
723728
801158
867041
726531
72530
255069
767132
153108
863352
294405
111683
818021
69887
826424
66687
106686
455985
644746
713260
270260
724505
591674
833988
177612
779455
75717
672390
579934
53892
827605
431203
689525
869531
533271
782757
406194
367042
483179
101819
43504
898812
868276
678789
854563
664525
596526
759129
539610
36785
177439
428656
415939
537753
81574
304561
807917
18595
808432
235383
852265
350773
743018
78657
263402
790485
64721
184406
851083
483336
83077
644178
339152
590309
879836
70354
316932
555925
795570
164024
550017
602186
656286
780187
579119
245209
548320
365711
771203
553749
25687
3948
708233
272362
528623
508638
771580
430226
573271
311624
531954
743255
355377
164469
298869
394470
152834
564893
284140
729292
105129
308624
283384
873840
38829
161026
580826
235820
528270
825299
625714
693449
589982
297785
490178
844983
648969
1293
671601
213958
297583
249263
752459
735844
774674
18807
895909
844371
147658
133177
403807
271685
781782
4084
611235
877047
589934
309399
431977
864711
617268
725200
758397
54676
385928
37811
51384
690257
807674
876771
523882
829893
440890
401984
258298
632834
21324
437997
34308
714943
777432
466108
773473
604404
640413
396217
368741
50802
739302
408752
104993
6845
37908
592796
199944
456200
595322
111820
392111
453483
853128
369908
387566
574114
819679
328078
553923
490469
501412
517067
494293
208959
410224
177466
635990
66414
63043
843282
256834
551927
846072
836288
583876
620771
304276
382312
37912
372601
278296
255130
382507
1145
478742
641235
647998
244083
575905
830957
639690
717858
257117
602052
215869
519880
333781
286885
230818
219558
695147
168309
34303
682520
623050
840091
58488
213324
224087
13259
104337
217821
889798
666000
126800
380304
185385
376821
141601
824490
270691
597297
47763
468140
399867
608301
878752
147980
455436
863250
673866
557649
873177
336564
407104
229739
818974
882869
899168
67244
216545
266007
532502
352903
431079
652386
796131
199939
389316
208078
663321
641884
503210
525550
174562
692407
646466
86969
600352
444288
428057
864662
44176
102754
635793
458499
342248
827010
662297
128738
871775
200568
353143
727297
502668
377994
571105
527940
469958
290535
474059
771345
336874
527997
633050
131928
348443
218328
581783
124925
617540
707800
549536
755172
433753
5357
682648
752439
627964
729458
610175
416759
804155
672579
577692
689116
789654
861116
555798
790283
29758
85615
675202
752851
818521
749954
56695
14052
377570
175171
473469
421773
419150
626856
617252
636336
635049
515367
869713
412612
74783
78063
42611
773734
323830
739778
300244
48446
652216
469423
865195
550409
310351
545040
770766
340744
245385
883773
256676
95844
31132
125290
529592
187708
458498
373796
41610
235406
628069
840644
899328
307998
579254
725197
680058
715653
712534
89224
253891
878616
387800
204537
229507
507892
554462
138621
390034
78851
37439
622050
572134
59022
353579
9316
273709
183904
704069
111072
665494
644818
601359
325430
65034
550040
181412
599840
613464
639335
268446
391081
690862
566945
112727
822124
342148
780991
75853
218666
146194
711161
40255
406695
121921
139477
343028
599682
548383
400074
135611
416047
22668
634672
176396
716307
823826
358471
281102
570652
337649
684480
134322
326650
877976
358571
544252
490141
646128
227838
138273
250956
118258
228030
739660
295839
20185
697677
779035
15034
68850
423633
262055
484551
5872
347325
496673
433583
57788
330590
366295
261300
799017
202276
415093
102894
394917
213739
322505
764032
837548
709957
481343
256662
307735
3109
200811
224990
757074
899243
567365
777568
486891
531559
333901
36762
239269
485100
387472
793725
510316
374066
202148
398238
532131
361703
461357
844346
831866
573172
148770
535177
789628
895912
144009
125277
328228
597411
611871
867767
792047
20481
799540
331238
374028
639265
10131
885502
707760
194576
214943
239121
680903
859543
311928
745324
257797
831582
262461
684081
393722
22427
783788
494412
344771
805403
31173
738484
253437
206924
803052
554400
443125
584229
660205
286563
896699
621234
772410
339557
161717
427647
695728
267936
561808
755008
520568
385364
102705
61948
585353
152199
165321
576916
578730
68797
294471
79027
567189
415983
196199
840883
735672
260875
856040
684169
253045
193576
243452
141487
624648
134820
743992
682797
844265
856829
296811
445379
390087
724968
617068
294004
372085
328785
268779
367794
764321
226287
192650
102947
339711
706851
647813
629133
150212
637613
838508
237571
5326
770315
246001
735692
641729
753295
355868
155852
583212
279996
783741
466545
668586
109853
328281
638588
605093
478018
83717
248522
623573
700824
726033
695711
128517
135555
732059
76494
351702
557850
852388
548518
376542
867008
434080
704988
367112
868026
600007
223793
377087
473906
150024
361121
394629
498055
608925
577544
492765
879471
374074
836880
506313
301674
114175
64443
493869
57028
233965
327977
237746
807430
76629
595783
9191
412826
118732
779700
663394
343193
558555
832369
443492
765650
753778
628517
351675
427226
633629
553738
206433
807851
226862
124823
43681
746971
884762
772235
333498
370169
128800
582899
361980
608773
524323
382136
336495
216589
425753
690984
393490
9184
517437
538783
189441
726865
525215
380369
126960
688906
195547
802231
625077
809930
166694
842036
520770
459485
631396
660451
531823
224054
251223
601599
758422
437195
232434
108302
364952
402861
355692
797899
869245
576483
274864
23599
343513
411394
149937
559483
453130
482411
82779
515364
276733
129921
814949
721915
167472
174021
410178
582232
624978
346096
781014
162947
584903
56940
454694
757406
195592
830927
579528
273362
152679
793718
761434
404885
458383
132986
76206
394933
870666
122865
163459
103716
673149
64739
22831
684767
870990
223399
216888
838076
829126
713850
721794
496208
360081
778492
127170
356891
705601
169287
360913
576337
735347
857100
746333
458053
112969
577676
680441
89876
725910
779791
326997
254507
824793
500421
618248
443573
459393
783223
192265
126405
517294
601609
741598
131005
117656
88430
255243
630809
666761
134792
246796
835739
706821
333211
455134
170644
550346
7148
523991
325387
786098
304443
890614
653165
881813
765850
824693
557777
341420
764425
336827
443366
888432
83216
493870
737980
174305
735160
220421
15116
342499
120006
250012
551397
352226
516821
755457
502804
115286
294895
384491
566191
340929
153095
589066
671518
355349
178326
295833
427878
560724
313649
470128
348563
106991
246147
865718
187554
431151
383404
345044
328745
638098
354390
869445
674019
653357
632879
505161
713531
362161
320648
711193
482420
424936
382729
349780
264434
881150
310222
669272
603465
430268
412355
436045
898273
798255
843575
121051
183042
217895
893760
123996
476866
127644
100875
83915
887752
35211
42717
352059
180028
876927
813964
522181
738669
37066
342675
318490
487806
130834
814774
72503
132046
479273
432818
699670
657154
532436
90399
725696
295506
541549
221958
348896
755213
736004
220857
132691
567977
52576
678067
28860
797291
436771
825262
525556
33679
384844
38650
766494
855797
165462
720128
629784
439560
143838
892852
824814
864876
64514
101040
461737
22019
661476
406707
417541
674012
15790
292821
306208
378170
552847
242821
466925
36220
885731
225890
649801
172718
409393
809106
119493
484843
636751
566178
670273
568044
390240
400123
143130
581234
842717
114589
229499
180268
481617
562779
499343
350277
891933
811955
654230
91054
660669
711783
870677
802083
395138
386589
228936
441533
482206
624911
364275
115284
695999
129776
522614
892142
596370
431676
803838
647816
262057
634683
367672
124671
889143
562674
371553
381339
403127
214469
704218
230586
477165
564461
212695
315029
9220
586866
800629
829361
751959
150405
597099
30436
485259
656253
692538
180193
135033
431980
164126
201122
299082
254845
328391
849777
10299
356236
244193
74163
12767
730081
180782
691057
397220
746667
387574
709189
224589
284533
6261
120797
463071
727784
880754
338831
870808
795677
377872
381338
662553
599005
211102
182100
224388
845719
641513
84373
327136
78845
872113
539551
631225
310139
553592
875145
806757
185396
872023
202886
536641
381563
703947
534839
338778
857452
459661
857674
122376
330949
548319
257196
194773
472484
840769
380786
267419
47902
93604
34496
262378
213912
506710
156597
140329
751206
68124
409075
485493
698814
674526
22030
572677
386584
885403
618321
786893
383460
87421
786503
52929
541448
580872
443340
70129
690069
603148
44657
453363
875717
134490
20934
643423
429491
700180
636615
682003
576054
153916
644038
622391
141275
58542
643665
655451
371807
438474
735583
322908
391270
74057
618556
606085
845947
443665
349678
183762
167684
435235
38436
763408
442944
647570
781978
532577
165408
451310
706379
679931
112000
668510
351060
798224
343457
324461
125409
624520
208356
895259
496182
344714
679780
498515
744220
116666
559057
433565
127110
326940
593061
878346
551263
716150
215844
729453
201489
569140
447349
83689
474484
309029
808407
366053
469426
202851
356706
644957
424243
516944
350748
844146
260586
726555
711092
175457
221115
239010
379774
747728
207687
11986
629003
566949
104374
419529
620836
657
805983
197853
84164
852874
302551
383477
551536
287126
13971
803253
56019
744643
648348
573079
194106
360147
485807
550133
165352
216245
356397
348419
495447
556079
407270
404408
778892
383639
591677
331342
832309
843873
650551
589055
459426
116786
355782
356079
736798
338644
637805
740617
265480
382178
432879
505505
51602
533731
816312
16569
544405
398931
355687
839295
114063
444221
472758
554996
263802
638437
17064
21095
413194
205985
473806
796159
520675
486024
811190
221720
171061
344035
784721
434788
809621
176672
232448
354675
35449
799717
845690
817549
876751
279617
296795
185724
246554
255390
88044
740999
627275
377747
452044
224089
233784
307542
645432
672129
697499
53743
443292
297554
397770
687271
715286
446698
634414
387487
686595
878767
109058
113725
141832
550837
540490
480097
459391
145917
319309
386486
491836
190936
515217
768581
571867
547785
30738
521635
611688
455976
219198
770858
53003
741890
635760
772453
889902
682750
541607
703748
52908
26490
77346
365168
591927
811316
603930
51480
508390
627206
234812
617738
341626
516584
823713
147038
42795
219449
540556
123756
335411
252856
808448
704606
172119
331564
310075
446431
90958
859076
39859
687251
362191
329625
477132
619552
329211
179247
731347
461258
600580
182330
678842
576317
600217
12254
667247
342051
458927
869742
158779
609173
717613
182294
509141
320398
10996
63540
343648
304284
569257
320321
409224
94255
443169
762158
578644
713684
695880
47561
277480
276475
481453
378847
294043
621011
88526
630427
596591
477848
444635
573933
757298
419651
446281
503654
22928
285408
100054
762175
90035
39581
811284
205721
417016
730558
600053
733631
448751
745581
685873
515559
494351
384814
150550
687256
581811
258961
709996
571846
675477
335329
304675
79992
241862
833913
826780
378923
414535
26262
523538
612591
749031
428456
18179
51471
130681
336386
626942
185550
376240
853777
174763
436109
859514
560841
337137
822121
239735
583450
75880
451969
470453
379585
294620
43381
85930
751100
823098
108969
558476
157526
712506
450665
217680
240224
399881
89448
312861
290112
244274
185537
129900
889443
864105
380190
53119
290286
609812
152854
556283
643762
667542
251056
199523
191614
716952
465062
588370
439854
80694
876294
19957
849825
899268
858994
409699
234633
752059
598567
599001
172604
701029
126426
687446
210599
796544
440478
287216
86657
80082
485731
512114
452445
15977
338744
277619
766170
408557
721745
872915
794869
176549
761251
211764
217822
296451
655948
693939
600136
364557
23568
791745
17689
70057
823103
353859
571041
797956
597554
83874
765896
888927
97331
636752
142880
369302
482236
639096
168538
68334
146520
529696
110004
518107
195591
687230
598768
286571
690717
117620
78783
241555
340777
499497
474204
656339
196050
48678
613110
261416
277981
640137
449829
389231
222860
88233
595070
759217
479937
571528
153665
41615
269025
180302
277104
318475
193235
554471
430778
338128
178599
315899
817685
293504
809523
781093
419561
449304
754521
429875
738825
190913
327845
474490
622013
92950
744945
855410
880923
475565
893163
210165
325973
432132
258831
1264
664907
536874
432846
530467
676417
63015
644176
337019
319659
267816
57973
347209
19492
371723
582775
692351
568511
317699
788843
709222
618036
446857
90151
515935
526812
219743
756125
345588
832600
234306
224581
791194
41899
131819
750329
132774
676809
487874
457562
441225
358823
187809
181649
402473
4721
554432
124047
213693
561434
378273
859029
287140
582670
609498
756784
635139
710084
600795
51292
522841
362735
509435
583657
25281
13844
192132
117723
325540
367413
395703
538283
411480
275244
364989
547435
46201
93811
309515
336775
261985
472992
132305
76231
87687
375951
320255
66769
351410
811223
26708
357355
288345
860254
616805
391358
122616
703368
15271
664726
172336
275275
483289
441541
139836
850878
648528
392040
775468
351184
712960
113954
116288
592148
423940
96804
744707
17178
553259
634350
871649
661593
822047
68239
46534
362569
455987
385895
733588
78829
749032
437550
241408
510637
139836
610222
125610
601057
335504
42283
352472
540362
316596
374755
30926
862587
366705
768145
49163
557716
381650
491563
51331
448719
508080
301067
627796
87379
829465
11146
456456
406982
395036
116776
519623
658272
723188
409289
481909
10778
583727
380793
672335
528741
187737
219280
348925
836951
239082
145585
400661
442657
893992
461356
102892
351740
791002
604099
749785
274561
649163
222506
175880
605879
791927
670632
893304
777639
724533
442266
837618
572076
850753
33526
558726
236647
612709
739212
573732
131151
587331
566569
313107
401284
633602
207605
303185
116164
414546
224701
577448
877847
216125
437803
426857
639813
727661
336465
888712
602760
130708
399172
715028
380668
221019
368101
130993
574386
807947
807963
890068
109860
571698
542172
616346
644643
893810
314539
714789
75148
718796
626330
205365
764473
758564
36721
400735
61651
717041
370343
513996
603749
358627
306669
217392
502860
440913
615850
564516
470763
382399
694017
377667
106683
201608
200239
132062
355424
652494
808464
890045
79254
714331
547329
806099
677194
541170
54336
792988
99109
753623
790255
109846
578883
620024
805880
877657
32546
91031
51850
269747
373238
354677
186466
39556
442809
850748
729509
458228
221440
860649
