4862
754411
655139
800654
860287
575794
573616
164261
803287
595049
216175
345043
776772
189838
757275
802278
315672
869800
189749
774403
649659
385327
237409
644380
109486
168170
464644
447965
143004
10260
106104
41478
888096
267288
218825
41587
502445
144668
768399
351095
51998
304506
131561
199080
261787
753064
532114
452307
757508
467577
252195
142128
207549
265469
800101
70992
236534
81571
312113
432947
527830
735135
682725
381590
182692
528455
830021
634793
329585
830263
441708
307071
360901
767732
75470
602974
49924
746158
540236
239319
460669
535294
247986
425935
306031
376015
453104
528828
289305
273273
235795
588427
326076
125736
427968
639774
357102
390651
99820
337203
521502
431080
814747
812191
480351
307165
77971
826875
418868
464258
155260
129716
755766
94267
346166
408230
393989
11145
435991
68579
355432
32335
23072
846924
804802
70417
178106
314466
278484
637945
645042
344599
134793
456276
594287
709342
72641
468025
81964
219969
456765
200970
358390
563600
636196
152211
582147
814327
624241
272847
96301
697385
25946
402825
636458
665849
738716
857600
40329
5511
716968
252804
866763
565111
421188
551453
389564
224989
438207
8780
41997
187444
272053
470056
114191
630607
849883
731146
786541
169031
359400
519237
473862
347922
809601
580204
614886
741749
717855
544952
737153
852336
123294
111361
770251
877976
557956
637673
404822
534690
564556
282296
356233
604506
580047
108514
428218
658707
389135
79941
642664
123833
822335
862415
126007
192131
804369
518364
750120
157669
719293
780860
189141
357889
40875
397747
870022
215581
85022
69019
429203
578736
513949
28132
97302
191029
567871
151899
11979
676034
134899
760488
730888
14803
628041
837553
124819
361535
735200
702364
629188
618669
864588
869074
741273
254623
457635
444735
438192
814411
221445
652438
763908
588011
886630
237266
641702
303147
21690
338199
784471
880000
428059
610966
707328
242039
147546
541647
478927
797739
679744
680881
480878
91536
255711
881853
11265
899629
61466
393449
119708
158471
104973
386144
66847
829175
204570
626086
463503
607486
632274
2201
293618
281327
582557
104756
500198
510634
449446
559853
139902
660457
709413
311518
141082
441460
398602
885473
250722
615599
333571
381268
521696
671475
345546
562172
434551
509113
887118
237541
495779
203154
595581
765703
776174
473621
90955
468197
587660
362384
524417
8655
738869
480191
505828
622440
789500
578555
719681
465186
408112
460937
312723
795972
773454
654355
16336
218317
548737
564116
483638
745875
405400
840845
342605
516324
553890
525013
453593
508462
80776
367117
389247
503098
471238
419377
172465
879314
686952
1354
239160
76995
341054
676512
764701
894558
176923
585997
727924
772473
412976
642925
708741
408659
517312
393457
727768
484052
17183
280883
285725
671346
753356
539364
88309
706256
460712
629121
670752
290593
234994
430020
170020
333482
393952
781687
822646
519110
58620
736579
38121
873635
286712
707206
707472
789705
805008
605603
435889
655451
346971
272308
613641
639990
442317
314650
158198
402774
224236
330773
322436
648920
701549
673007
137303
249146
210475
159570
181650
10047
46627
496986
861282
598831
74798
509541
86603
592794
361308
427335
374732
185597
205769
282747
99729
794333
13183
565587
124405
638288
447049
207536
816274
278172
87086
865197
94151
703447
362322
846262
64261
138445
116357
847862
166101
386848
616262
423438
241289
151818
653560
194049
22622
547678
550590
422348
121931
433516
512438
81363
10216
699267
844208
590102
364638
783920
405866
755843
107207
730661
158121
721893
174818
111830
661366
401339
120053
883292
510354
214371
335263
231740
175511
474260
447161
263970
549709
378731
682120
822534
50438
701501
693987
724145
413975
252332
48091
191289
658675
753525
836875
576488
841573
207558
473757
537403
65642
778636
405975
306086
325480
732042
639904
685973
481711
628966
55123
725421
52043
422557
538079
83600
22115
194775
329592
275008
543089
148117
595422
455419
551454
119015
3303
30532
115001
431322
824396
273218
33652
494926
719885
236770
879996
843654
108610
122680
289651
724409
171935
872483
862283
673221
11554
550126
676481
845219
331612
887730
874963
96661
631514
522841
892831
364220
283696
845661
654042
730951
792385
36783
656458
796421
557293
852372
304001
553819
115703
680330
609718
687249
130321
451976
503233
4871
736262
159747
687443
299654
789092
899021
793296
619633
744325
583703
317418
335513
9816
80407
131387
245839
184945
738085
451935
570133
746153
481184
807595
432782
275923
626638
244782
615028
723133
800608
545538
245256
85759
181043
891663
236771
629571
70163
450365
697803
374416
393146
388019
417602
780469
610006
129777
625529
726415
764393
708358
693281
153847
548170
646479
114914
428459
334057
852173
778084
283575
768047
264865
178411
270176
726467
829607
666912
377101
254954
230861
512265
650642
181638
11022
703547
574170
398847
833231
896614
373584
860543
549268
282415
587978
464406
210368
54587
288979
96894
157064
160422
9492
755961
577171
427604
265662
500855
898929
18815
493238
795156
325812
85007
717565
783518
492335
623687
93147
721428
856585
478940
698152
593705
738174
455137
507671
251432
676051
719613
327839
755794
860947
259326
135174
474595
437899
340231
361740
201554
282111
489765
197554
111095
291111
726079
678214
556391
492041
453292
91180
93786
267732
492894
712746
28110
171830
787772
759504
413412
666907
143949
252770
14792
187042
287440
512643
84495
651966
185673
90432
3193
486438
617302
118294
705301
34361
559999
541152
602372
154194
511820
651010
873557
835587
615984
645835
120720
758641
585635
23946
125966
191532
263246
350449
816677
353513
39263
140446
372130
147678
440637
275179
65135
619866
397973
273492
541172
368094
791442
68417
794649
598844
377388
509103
817674
534282
614167
260191
541331
840355
885724
673850
772811
390715
13445
265247
592685
898076
189041
683691
827008
561442
401927
94244
1561
768527
409416
102370
203863
825899
670301
195066
107788
742044
125551
548233
343291
656734
540694
234713
546332
829696
200937
786835
850013
98107
812212
155105
272387
732303
185768
861726
352686
84507
437644
796605
410714
773657
146769
170579
601601
561268
559555
180418
436990
194439
14107
722946
711757
820915
189585
77230
813359
509532
749551
608105
299817
621825
101537
248107
49675
381910
234313
374220
546574
558879
865806
665035
415831
893804
346069
315035
165592
591116
169800
516427
468278
785935
894098
547184
417701
579836
502157
315122
460431
364331
493522
65264
63027
494464
391407
12656
425290
603908
686231
94887
646342
529602
704116
817217
614291
817403
356567
342478
443167
58503
898480
751402
257750
187209
534137
338695
668453
162605
230060
149624
175040
287616
225557
100860
428256
307564
462755
877413
658276
875279
33048
605509
361464
499031
749023
119445
174931
142396
296253
202209
285754
287193
782944
518034
508930
22697
319988
836281
446579
200954
580308
789845
631495
290897
85150
540578
481490
298138
40671
297534
339260
140265
396654
513945
838665
270194
289461
771064
307098
491745
809129
179846
648333
573655
360090
562296
795679
700547
500166
475739
452049
1304
302345
64925
781736
388592
721487
42676
370766
421533
608649
421615
611031
129191
802046
459607
12510
810376
786361
468801
161517
410464
258528
879731
767356
787253
72549
194896
730352
479338
574101
791458
792933
557019
891693
250499
434406
182546
18029
137800
3865
439882
876741
403051
558104
156030
396235
706707
8121
234604
152239
809122
504784
416779
847334
213883
533802
689638
816034
123469
810234
402708
428195
121985
502897
435125
101062
140604
676582
8076
449499
131793
142869
884308
739797
548582
108996
265472
520571
406721
139744
693010
611035
219536
391078
249271
765438
895954
461053
682462
596759
807332
96641
325459
859733
694092
560059
86877
800727
333883
630923
294064
615007
662403
768232
412591
391519
242070
262206
127938
509104
663094
536278
230927
396386
678878
372915
239224
727630
207148
62360
70514
733799
164041
835816
34621
54350
494455
298053
287492
297317
677814
573722
119187
438171
22770
605108
507888
561286
505453
386539
653272
524015
619876
740638
116375
559079
348289
529244
656930
704120
250781
394207
122357
302326
278383
179795
565764
231220
634294
185749
126784
318226
83839
404726
700425
610676
687859
450015
42090
21263
836831
547022
264949
168028
32481
103390
174876
363887
158477
512453
786985
345281
164346
405494
795451
121800
361291
47175
546974
7209
703517
699182
849093
154436
96746
877860
606630
717294
507672
479883
592818
54652
100194
590700
443919
366587
346016
286681
591668
846524
576853
230961
142945
860652
867381
319905
291481
237858
49553
22216
252541
67122
701473
676595
327750
652607
684012
434663
508158
38925
68823
126846
577883
21267
377800
554248
134841
461615
723029
856786
637587
643636
276238
834372
876382
63231
766852
476933
728994
545383
69908
22777
871734
330899
104372
53130
170615
449221
448569
94852
718852
888052
206531
768122
477977
71671
55973
49703
887366
689501
595189
292623
262348
631962
470860
599620
561779
66140
334810
69604
175179
890812
707465
406591
583517
547023
180396
593078
111084
584828
426949
871615
70318
871272
70512
683525
122113
525933
338959
373900
692524
288905
282610
213683
829747
756883
19330
370610
722998
44584
574379
173571
631431
464675
609572
82845
831878
148300
386748
516251
279227
396807
610851
558491
429486
33293
139410
824290
865062
29880
534552
175900
123325
9143
267938
540290
683773
270146
109381
466164
502873
666535
856139
727622
494410
775266
677656
392920
239813
466540
734520
809340
260277
243178
221384
853564
303194
862599
305469
587892
811197
797980
678484
955
415758
248395
756311
489631
342173
558859
629705
506862
841682
223293
332143
383537
103593
776061
405210
863731
272973
411508
684565
262207
131376
131978
355783
897383
764036
29529
375046
449473
226553
829949
799769
225164
876020
159784
455495
822352
71880
81778
388961
191940
98739
210541
814665
876553
597016
659798
243998
646579
27508
139591
892933
807399
85663
554634
654101
689696
295937
49544
223007
835724
519311
748576
10329
813843
75297
718099
643781
392216
855409
896859
387298
84408
15569
327516
150831
199760
804457
673619
79927
95899
214732
655915
440158
831768
736503
606670
54726
23690
117605
748089
479326
655385
537426
311272
315464
476246
536202
674512
274405
58907
208300
514347
469632
438673
505856
226670
163860
178987
383410
731671
702554
100816
539179
104290
824563
527798
607179
677819
4462
517289
101797
101581
253206
235724
751030
710137
599547
721974
210531
386403
763964
24029
387534
71942
747790
474737
286964
394023
4652
88094
888711
783366
420731
71061
706179
557905
290360
366085
851663
796756
371904
23587
692594
876235
454811
84808
124944
627512
83494
731993
195839
335183
873948
281186
65450
555630
88065
194908
89185
820266
637291
897454
756027
597349
386349
142991
620937
132444
885185
472937
693560
677949
682673
894937
169443
479477
805473
878003
584755
214631
57469
667811
226996
88409
837915
852782
696533
755177
100333
325079
886427
247837
218533
377309
882530
699223
647877
343746
302674
414407
137954
663718
347066
592314
43476
853233
23659
25553
80093
150128
593139
709420
350771
673239
590197
678821
181772
724549
200642
385402
59877
589701
810294
492386
611215
152561
688721
674048
579286
502545
57552
362805
531567
481312
537863
319856
651550
517615
114398
695489
336129
195491
505285
675499
627901
234458
79253
331447
393475
270571
502629
23877
847134
5675
147237
142110
207995
848908
779323
359077
755125
91200
513848
377003
812285
706683
275221
411650
762115
738358
73583
829481
874787
177360
530781
333158
21806
683599
207050
389395
700308
137668
190291
647119
469195
93581
120990
762292
756319
317460
648852
348424
850038
444468
383198
268749
593951
123611
371192
550164
639318
535371
55700
595407
123382
74235
825549
607779
526012
589563
59270
255004
726387
40405
714239
652378
419362
646190
192659
530538
159118
754475
222737
322575
469965
24081
404213
387775
633480
641061
145603
784330
99788
895698
600063
42581
498958
304744
175787
641285
707576
47073
19646
478743
861525
231808
867742
557805
396436
90419
9626
858978
260380
166871
608518
540766
822253
182746
157459
64165
682958
135131
212746
532137
688729
8333
810917
127872
660383
338395
642763
800913
713529
700134
72070
347112
593964
164586
244963
541033
365848
377631
875877
447169
375646
247322
897062
405367
652043
518995
182923
522530
547589
430402
568322
772436
599568
490755
193403
412596
390750
101304
166912
885610
612593
347374
172338
436531
583406
266423
230114
5204
231456
601974
401961
438315
387238
813370
326693
774688
217562
482946
66960
131195
185663
153694
592670
320624
275206
601814
794771
233653
402845
53316
467390
397044
381333
150972
282294
880699
101678
403884
695824
448817
27169
359646
176378
606179
468074
588826
515575
815068
13455
472904
764439
319412
648978
676276
486963
295423
438351
82826
317826
439782
207634
523617
515386
790003
592888
840052
88070
187589
13696
707563
217952
148548
375855
270776
567532
114510
490332
832829
751345
632208
834910
266539
210485
584304
297968
26598
543923
53191
716030
32196
254076
291372
722160
868692
488423
389292
166480
403195
431670
820853
540536
5977
330439
162257
747933
395083
530771
254321
458930
325673
736423
743679
557115
626543
430940
545717
40943
895257
31381
560491
529672
642824
174644
388907
440459
525249
214778
35073
784910
93653
261242
281807
146443
53403
298488
575773
834432
540952
411395
619085
64447
24289
325163
130669
335385
671672
742433
7141
729794
290354
481419
385136
746657
738457
573600
848615
194839
347117
62406
76473
774729
119909
276453
802999
28075
899155
850023
388107
659979
184646
20047
228873
495447
185193
878324
612670
89805
409704
85752
601029
432637
485075
890473
694681
460956
7419
701747
190404
329224
206298
189055
746453
70739
236367
857965
376944
456622
334470
603465
176928
839187
366582
771373
674152
284719
793572
364083
570583
877834
82950
16117
772889
544692
735810
172195
655146
604430
418931
703776
440293
246514
163533
751354
834011
273985
715608
579428
114687
524039
262585
175794
596798
338380
215983
144111
688397
49497
27128
541790
456282
67781
92020
124876
11396
641500
623297
708686
351655
719915
102213
378589
177839
351658
248299
642378
303054
765158
789956
850751
621288
542154
799246
452340
894155
449897
685299
669867
776861
281963
589576
839433
370734
663762
850390
501745
790252
223207
113366
170846
11188
597670
159124
192028
747110
550499
61142
453604
726834
691351
174614
742003
50191
645899
61835
584037
705995
306335
192870
881683
592380
351960
682680
1254
575732
35300
600881
646711
688755
232011
42595
533318
383734
640916
172293
210
98190
180817
836403
616283
418124
608232
174579
9650
660056
500350
254322
882873
55168
387234
215629
18332
130861
690804
195116
210860
541490
898416
761032
755188
351166
178907
139918
313274
619888
145673
346779
68660
755754
779016
525383
501795
58590
764748
358654
717905
515878
591768
142729
861155
33168
767590
133420
657594
141109
620019
780808
812
529739
530282
397696
667290
199632
276299
5849
634606
425095
756856
781819
324052
289247
148188
88948
864945
156623
341368
866300
778756
243518
477163
775475
683447
361278
807870
892550
92673
137977
699529
621392
186780
143491
224677
532413
226847
114831
812623
411306
397719
797758
491510
406920
101767
306353
710881
863424
150008
506240
698144
616176
654398
726628
481389
210579
231498
4622
304094
222847
862757
464443
282411
10856
722768
814206
160886
255874
737237
302877
567420
437700
145801
505625
620054
100871
104032
82660
645004
535917
503245
872567
409015
394687
660117
75227
520049
189647
430895
315525
279420
253820
816026
722431
7339
724308
115483
253729
762449
809652
774129
315487
819364
2026
500215
564284
749261
724155
59541
447324
224560
538209
615459
78391
605938
799052
566044
603977
653579
814922
872474
31654
632010
320801
359508
368907
481247
825272
306961
261871
122185
326070
398823
72761
756381
692418
208725
623115
212303
81449
875417
6812
174336
306687
656559
335524
811141
225788
13830
829264
734448
244200
448288
317941
646429
601009
690439
264353
416026
524408
134567
282413
366131
617100
126603
588270
151674
352207
881079
298635
825936
703189
523360
306409
96722
638826
821923
559010
642723
397363
248553
196117
467282
703276
164085
595991
24840
106897
712582
86534
206384
860409
726544
212861
498211
790588
112049
396772
789007
143637
704723
702719
507587
818850
299901
629799
445178
152200
668886
577078
861217
150612
783767
754748
529415
198012
133643
335502
81728
694948
254183
798526
127157
414077
856704
13573
171244
697255
556653
35165
335664
609143
227738
516332
775933
83892
340965
103706
404426
589084
17849
540291
54899
363331
396261
301512
22593
547707
47737
716832
476665
95279
652636
261900
288126
646473
718316
72521
634915
121396
867987
91486
201137
877691
742050
441780
507601
51248
592301
806022
133655
472649
559874
175502
231468
9925
106792
385855
364982
197965
710480
388273
276006
291285
589850
622422
210173
835649
742663
798347
828316
36932
188342
609035
841607
305156
166558
484125
164788
309050
599623
31822
381846
726997
761605
208185
135905
487934
172274
214371
469049
424054
217606
827171
852636
587387
847157
342782
808008
821098
549382
623793
67690
423518
525868
672999
899204
706934
12291
43819
295354
748437
505576
559095
500698
281475
791125
176746
552677
173617
613016
439097
788670
228218
98351
395772
681934
710468
356194
771369
825042
714086
245244
751870
107682
148004
224359
754103
90846
475541
198436
173088
667351
481254
551940
192485
296983
771543
195878
549797
870606
283010
669645
357380
54010
629373
803037
51839
892146
613877
624051
559963
780495
797466
871070
694166
3447
104058
166365
316511
428072
823141
617685
690722
896158
585936
701231
521211
429665
574869
265037
586348
766670
209207
644135
830570
142911
263107
603335
537649
94618
666066
303452
850167
113939
776907
542367
655678
875199
2693
147648
150051
470102
810954
536107
380724
220516
572471
165437
104063
450220
560321
43933
164389
165049
417937
305113
132525
605475
521232
519966
5524
701146
110973
723
108771
858418
519707
494707
175289
857260
555528
386853
217639
360732
401704
138554
65722
89404
873665
423330
106931
34893
804894
716587
701427
735236
868439
409975
164114
592441
556360
648632
639982
104840
309277
597963
150081
365729
228687
586351
347371
220626
105192
490176
8782
129263
566243
514260
393177
330523
39119
590193
878108
560150
358130
207593
728954
181731
358026
205748
281181
420405
424143
44201
81827
464437
620564
614904
70709
105555
721900
771014
499033
490726
666697
14757
142877
758913
445919
284207
318356
411381
6472
796256
761662
806557
156224
3054
458879
569034
495729
766886
441329
389899
537705
455939
597909
170392
364486
230253
73221
251355
761876
797068
813893
342460
817838
274504
743992
402920
254656
652319
681871
351165
257101
282945
17756
185717
569164
538028
251045
227532
10317
544511
127700
307599
112570
853725
791210
545219
475673
762848
653171
858351
308941
791350
164341
790440
282331
859101
583683
2711
567595
567607
447503
425224
634629
724202
493627
30226
361082
304919
725552
658206
425765
499764
458856
845046
358374
201512
683621
127499
417486
828643
540421
277314
489466
571288
204781
20029
760086
577207
760706
684578
149442
122731
356598
416554
395058
832909
437984
372104
287407
293795
292516
32691
20155
317785
777554
850546
675537
627450
75531
506500
691435
55627
469245
725865
173726
490692
6063
150064
470336
332972
148760
343965
822218
383632
771691
798262
288888
210623
596876
371659
68749
473765
857446
812288
282835
856738
791029
348537
80480
255719
461758
138561
123668
143756
406495
630166
132223
113872
152801
120020
807327
275790
132074
322716
52583
488281
238575
10209
623932
511348
638534
96464
85241
351569
80537
195033
675154
440995
455575
224830
823221
731233
538756
885175
359692
297274
453841
842367
787135
307056
730918
572382
241559
830547
41724
494068
331390
407323
104903
532031
225505
652384
308721
403593
800439
340409
644290
81714
552955
674896
430874
482965
364341
762687
855585
210809
823608
487593
628181
873718
258596
374487
678083
844994
82635
804877
330738
653176
203633
261257
271704
605059
481100
55575
731408
571980
20139
89652
173155
184414
778195
366077
278627
586450
111621
654674
717783
538908
781787
52077
799792
441809
322449
328185
191675
25908
124160
591377
113455
68219
792517
46679
603302
695906
844065
750093
623624
568844
795225
806515
379746
272242
541374
538557
747286
88458
548743
790864
571500
18580
158490
292570
53926
515235
230122
253323
732338
332679
81049
646836
14744
637043
357567
251770
586515
443536
174595
425750
755613
353661
581446
624172
295778
628769
424031
402566
117430
531055
440032
640845
156867
262037
486744
211716
499451
3201
554450
223616
801420
656047
808891
84648
514289
816948
77665
33669
880965
866240
507030
276773
59762
112436
23092
409011
64168
659232
170171
814123
33257
515543
363733
152604
7040
431090
760218
792414
15410
146333
150447
12333
113998
360770
117610
842370
33438
483920
2736
283212
585951
401159
36224
299888
781068
82339
591720
667130
13974
460387
332341
260543
245649
540437
150248
15857
118376
823328
473187
571678
224497
115949
274724
735077
864026
367186
381640
31637
802658
459356
683185
735204
898437
285465
564802
780969
314736
553824
770791
288120
814738
225661
677585
366519
623123
214333
585407
312897
731678
676530
575960
72086
326458
167363
668917
573724
117783
6292
446300
275799
636963
449869
13254
898753
553020
190217
883970
403302
897887
332285
58867
55358
462720
311075
898868
178951
676243
632643
233148
823935
849990
323709
252989
542107
256529
816117
583526
615783
313894
741083
377832
150043
591939
507414
837685
35030
771239
392108
51684
628057
106656
860848
33202
626306
279234
852809
722850
684932
448020
447451
625125
201727
771237
811669
449141
774146
650972
819190
136827
338425
593549
241276
597072
76532
893159
567915
690529
536855
276522
267062
502475
145431
776566
515276
819302
464856
310078
747426
503006
744960
152379
784890
269725
567990
453630
459501
351364
329565
792349
95482
712312
611719
355535
377131
671257
650968
166322
559264
460781
121112
132937
705370
20060
98004
55332
231078
20884
90834
535159
265507
245581
642959
194957
821042
691527
430040
514165
476826
136751
841441
541786
383989
354721
10052
721328
83003
171207
495225
20650
304169
359359
294062
867817
861261
661722
442052
284623
768144
117441
232519
311922
244288
335347
547751
758315
90905
577609
51927
127182
321968
25050
224290
418260
877724
741082
44645
643252
487169
672189
523180
834897
745210
811002
491117
334541
329666
309002
382971
646939
340288
27856
414536
363569
748301
777842
729691
220444
853986
886981
211209
654126
256354
197576
679763
850418
156962
568583
271548
591872
666097
820159
281670
196620
46504
233057
325992
477433
471887
39344
310285
804971
815016
605156
763243
301082
809020
277905
519583
819426
825665
663105
579394
542552
567781
704222
107434
455287
569306
330028
500608
448087
893918
474387
222873
691231
332037
837306
197971
416690
515621
571214
794190
291621
463742
848259
814788
406384
248868
429010
320870
718691
385323
313312
718837
687152
77325
102271
660602
458694
323546
391661
183682
410942
534589
448154
384538
899022
69799
518664
653827
737306
840379
548427
298033
76139
347637
279439
891590
582008
115031
675385
584230
120321
695506
7654
221558
494618
378637
152495
78262
691652
379381
725870
320184
777431
582082
776794
334333
640092
859873
468815
148107
899928
304547
683465
501388
613634
519329
767726
314213
380149
236010
121419
800849
226112
285292
542775
564506
328763
528186
645172
58324
12085
54720
811667
721750
552488
237600
800151
105685
207118
266439
7538
454303
886509
172306
301644
188113
187053
462135
890979
798006
363627
767857
57228
523516
213990
42795
810742
706740
772054
104360
367023
588742
169820
376013
122753
630703
16501
373196
723316
115992
617096
37390
440855
72500
216959
114907
831705
30549
532530
145129
272818
385132
527998
528543
18943
740987
247701
120933
831017
33881
187535
713738
630791
476513
744095
144274
185242
14007
637472
446874
722614
423481
467278
535144
636865
875325
237073
831924
546292
836813
408147
481165
874590
745019
493939
827689
865160
331107
765394
688813
571027
380956
880811
649877
63965
77978
328096
15201
106627
527363
191663
253149
399041
619275
340899
655083
142868
448495
826503
128622
414272
428811
778773
884374
365965
844792
6061
644163
153516
298022
370657
625303
164472
437105
691341
33853
876504
12515
884132
27696
854273
520198
47109
377930
193303
356228
468044
887882
256660
202365
692485
260480
637538
350660
560668
81560
514082
618934
469296
353760
268015
806392
467846
496600
250940
239373
89465
509205
569466
46737
345839
208114
408918
29044
519142
519668
846431
262006
138190
504056
437221
329019
36432
486652
199645
304044
549452
155783
451329
259882
260897
886517
244596
683343
232580
337602
113251
286723
166259
580274
857223
74648
740068
544923
682183
879106
141623
365777
740219
243670
665994
813228
267691
630366
88043
408823
347989
235991
440552
176535
230862
675143
227170
550454
682048
182814
712064
188363
17873
843144
745472
92360
314244
870187
892296
188160
160025
470436
675579
218962
450543
187192
41479
598423
147050
540826
428635
282532
706064
598872
683957
429404
207917
548994
841369
303190
702102
419545
558686
897862
222250
424495
522883
271626
384501
70336
215231
184691
277486
177964
649910
327886
345920
852241
468039
157806
461126
39265
800226
497528
533711
299301
613207
899627
159810
452462
295370
369866
292987
79923
160738
817447
334258
627276
27745
453997
515453
845066
748237
854634
450220
697776
290445
135031
815282
610962
719440
452262
67843
404585
703846
332487
68409
835601
26930
287831
49969
627071
34263
263653
269458
586113
22768
128898
571277
722900
60700
377573
40192
16092
898198
254520
306485
809124
46466
247138
375592
398386
799108
331474
230981
858662
847114
860516
483727
254991
477322
79667
594174
145802
444870
116092
667232
289880
343051
643915
838688
393882
588378
43909
696739
227884
429309
216209
392271
851867
207483
535427
657734
174116
167463
211141
564400
807659
601171
96324
141400
268532
111170
545749
90957
86178
617978
826371
835656
615914
742584
72823
724333
837427
12574
244706
782922
834764
188904
768777
575004
181289
648284
894861
523185
561052
358975
165173
592073
483276
572292
310523
678806
402133
1471
182897
535970
295036
780856
873262
350319
104044
187419
497400
12409
825394
630700
259247
895576
491217
314905
523572
373218
91171
700711
184149
324365
264589
247118
52662
538706
316958
282849
636540
808301
303428
96997
167449
247681
479883
389027
842224
703768
150002
599000
763876
447912
382603
656361
278881
656274
456399
462964
240358
815619
316124
200898
504654
46717
365069
366361
256058
265104
430388
401550
526428
266434
804854
864343
613411
233646
813955
186431
51646
552648
843184
590546
778158
234974
321523
741880
122380
406907
869146
147935
572980
293413
82057
746864
429229
310822
894478
216644
476150
719655
826243
795600
199279
893240
606111
596987
879137
711501
778553
92144
894251
826595
108634
740495
206762
753056
144349
701213
145636
569783
39078
623260
463409
460267
835901
617110
686310
39883
100870
522995
667167
185500
146174
137802
258665
426836
712819
865875
29801
590658
490144
888187
590220
673420
256708
875633
561740
208912
570654
396445
640348
366892
522663
721872
348017
474585
378188
197687
175692
419953
397031
863177
446920
140049
759865
148160
647964
528090
14694
38916
511918
859666
662860
603074
261141
251591
255201
58588
142249
804531
895945
242907
77993
232603
780785
638783
779528
787538
669227
253911
608757
292827
398758
115883
898021
48556
72265
108662
92959
89773
316140
258354
52836
512255
388466
892684
411897
9945
661991
535958
209171
140846
494034
79771
340894
571083
275992
555053
712138
358940
256365
810554
162130
374382
261847
775069
9546
849903
196481
512561
51492
55666
140952
834208
670399
186606
437254
602394
233390
347398
392712
703361
416384
721059
884910
422785
102352
774430
847471
421693
516779
886170
394983
243973
255802
789229
392334
323203
409771
160095
893909
252244
213920
326028
856736
783028
25812
353988
274523
310194
266021
774353
685434
402211
827907
424344
393585
784370
741043
132696
742060
235893
410496
275408
752204
48122
361023
314461
373695
432289
106653
102561
80026
94435
561575
805727
589782
780816
703029
606147
681637
832823
198485
206943
816719
298814
36976
493615
509037
292209
237179
573822
808513
724343
266907
493218
557168
163456
867253
639714
16350
125690
186674
388855
830116
490211
376012
106032
376015
426681
596760
126672
343608
782061
843664
28371
10908
576950
791131
228270
19672
775202
523067
893555
647811
39015
555250
495028
552264
314296
362546
469023
456830
885971
252256
426183
185254
208823
624516
356355
635104
89843
577936
224624
490313
580281
517130
183090
539157
849265
835576
525591
661446
280618
11655
35420
208487
7211
264280
750313
785255
888968
136488
206296
95605
287056
603066
91668
658228
755395
743555
565883
649819
265473
718737
872261
636940
146270
594649
339967
644398
827409
326076
406992
311690
25899
814069
589597
87039
879589
100033
191847
708034
597587
249420
564338
337397
125237
423188
784385
254178
310539
116732
300829
215733
448488
127791
268565
430900
256672
784847
849919
650395
849371
382137
278460
646552
316267
820663
160089
93504
379642
804930
616369
265324
56253
458801
810321
100980
39909
410306
309556
794949
506676
668932
807788
779810
497932
875743
776034
761493
341219
817377
294549
820624
445427
755013
561374
607653
144142
534594
803636
436574
820334
534381
705547
486233
97962
540780
500216
696868
798565
176153
724143
703441
675329
300238
85421
418518
53905
334771
365042
343332
790060
29890
845606
32065
779517
837875
319164
501540
321654
419849
498548
357517
73125
101912
449306
753182
526271
5393
264139
729210
124345
610987
532856
146393
263830
558064
156964
152005
696027
773889
666055
80756
711230
84967
860725
578690
796540
209047
358105
824714
415113
3681
172698
116352
484034
667318
358624
471790
712031
806963
868079
27210
636901
413678
160018
851633
590296
63516
234452
832386
734317
817244
194823
122361
765629
269508
626471
811878
824949
529990
673016
837801
825131
157022
610508
677773
93035
460635
9634
620030
485711
29895
322760
402632
750285
138645
122785
514574
766122
774086
638497
735395
212684
641848
585429
427336
635789
25964
590495
274051
323628
696466
567103
279768
719646
347539
749902
532967
586018
463611
230020
678209
885361
555201
487129
889672
886036
324756
863880
401187
260528
837059
60720
324250
408348
5609
298196
91092
23091
115092
435330
852875
280293
544465
798449
202345
547208
472565
362019
519297
899148
210634
367658
607404
720299
149588
520871
172542
826943
590143
518381
487396
447086
677351
276068
851485
860225
114787
582634
517298
244178
775951
561428
879635
821475
656469
69842
58960
152204
260888
19024
228720
21196
599996
814136
259666
421249
753525
795061
464606
769650
594506
890963
9414
506761
259718
785218
483934
80670
854459
819002
694485
606767
819315
811832
380879
208620
758964
828902
612001
653998
323599
610072
844873
748264
655430
65235
49255
324437
377399
119144
93467
132401
147210
232606
137916
767652
836339
425102
696498
474169
58403
192904
22834
868300
500082
120562
90579
829410
102049
224113
331057
378963
857455
81856
552542
805666
879738
783453
394016
25805
341936
160643
117483
396223
135697
778706
677627
297475
234178
338443
141901
759508
176593
803223
361883
588463
257696
371816
250163
522378
762992
374935
623956
836286
344460
507179
477700
285727
662478
664795
848592
499980
295890
648491
652000
719490
632405
135699
607094
634635
727721
180606
652740
782548
196568
652141
893831
733724
451922
864635
850819
649575
750134
846876
393372
634099
24089
530942
248975
638274
145141
491250
205899
758550
79889
848964
323247
433084
805641
463685
345761
4734
69722
436394
656008
112348
780652
250253
558695
208437
399324
106641
763671
67935
579781
456996
326240
737494
743499
593213
804147
9745
222148
252932
810566
873104
880130
196305
333837
127186
7073
607564
159345
624739
5450
737683
301680
864370
308002
171067
421426
603392
372402
144046
697763
365044
804403
351667
674129
534156
745781
478763
438212
416750
866637
608758
173332
19325
731993
592182
457804
618663
97777
38636
292506
861755
895884
460191
220111
539736
596012
520603
843577
156448
32135
722613
44026
279147
895571
863821
184677
239992
172685
727340
210933
655678
877605
663949
360938
802209
595274
345368
359841
593729
369134
897545
358062
710284
324405
804719
544441
791571
846688
690961
470578
494137
806832
568555
247058
630728
129145
709750
705744
265214
185253
388645
146908
524741
682657
269707
541691
438817
510152
663899
880544
796610
316746
478503
286211
725977
479737
388362
427233
556454
435888
778049
425456
721840
622625
765779
430173
489262
641561
514450
591556
369475
217169
270746
295115
53127
11156
41622
819100
152959
546792
167330
411261
593487
158267
567690
279341
275974
853195
189361
123997
529303
664018
248687
648968
611272
743789
769426
364625
502499
55655
94757
583480
424618
331558
629422
262744
457063
694066
249296
690368
192833
731901
673489
234956
35275
558964
504694
610495
380343
381377
850987
369055
207144
280409
322815
629837
32773
317545
617643
192096
642665
28536
154675
754397
588503
288472
874853
761333
835690
714063
439167
525659
397067
368925
1549
707616
491900
646473
45296
845677
386449
370444
88122
69244
437950
120089
674261
715988
806923
643144
28707
291359
384389
497918
334720
298793
31726
721499
480868
90711
130324
415039
815973
37634
532767
437081
716890
671087
570948
633294
136602
207916
