10000
858202
571744
466011
645256
794394
269930
344546
588087
502492
352546
242624
548688
426881
352923
801067
316455
170475
85509
542286
586128
879628
342127
405760
706634
346153
419117
78465
98002
809834
56853
258035
574744
610561
584611
477555
146670
52980
796348
57394
10365
761192
500015
375221
325394
749612
848823
355397
188502
229600
60702
105236
85115
461601
227196
164045
369330
816978
791581
573206
22073
6695
464384
663205
463409
349073
260507
892700
526862
231041
36828
556258
726568
467419
542283
426240
856047
167033
410251
234389
616315
300984
506655
716534
537633
457123
353673
607013
560993
609691
24141
639372
608732
110080
619893
85302
197764
540030
384942
750603
312043
19862
409103
358118
443645
592584
462777
510389
636618
653402
757274
358029
343067
847784
400140
383111
11142
398888
188442
508922
429789
15224
745411
225174
498048
581542
365879
510074
122291
619900
471486
251635
489834
44519
479448
599026
705248
655490
495167
463753
856103
643396
223496
106497
281370
618338
106121
656059
407791
418850
374580
875713
205864
569181
272834
478120
179080
404080
761835
836517
472098
832096
665329
56297
804717
331751
777564
541626
433813
146111
854496
275087
549867
308202
16794
465799
672316
357724
605562
231399
142687
58789
141307
491311
666087
797215
531405
866807
27416
265968
28532
590187
784919
619516
330793
412288
838234
676971
551518
343186
820703
633362
478943
224443
58713
275329
317204
231314
473316
825865
714595
884510
345114
514439
253842
784662
415870
378833
564618
730006
819349
188155
771447
825088
567540
814694
270316
840876
33973
773607
198915
576909
300579
813168
163650
456482
529845
638973
275801
272726
836696
102396
269576
181941
408164
749338
95934
198955
9776
87814
81340
82298
591554
633253
103127
412567
87423
585713
811036
153314
540000
625230
770831
830113
204645
487691
121516
575576
358148
28561
534382
538630
80602
267276
634317
712415
426722
495090
563362
163330
854627
40372
78567
263350
130243
607137
797529
4326
494842
628785
886367
837237
226913
656501
570213
706624
665417
288633
785121
244783
520296
220690
793302
873464
703503
182602
309686
193328
665623
721349
504579
335950
235033
334383
896334
892798
222172
727684
174113
482431
175881
49307
372600
229722
243451
872304
690345
722399
649427
746156
170212
455678
549191
92884
569302
623166
105466
601131
130792
314685
318055
821125
605028
280389
606967
478121
152279
17831
649586
502465
181202
146967
1362
158753
134955
440196
362195
113810
762240
539954
694278
869178
863963
800150
450277
584266
3377
755053
720321
776004
364645
791225
577782
820550
671434
647962
677281
79255
624709
486501
783496
657229
294640
476227
537431
139929
577723
309064
762827
746384
376686
675885
669863
487638
138313
384141
688996
483593
552972
664538
505542
846215
48242
766457
367017
303965
655992
160672
18554
270510
895196
593610
351714
553212
377345
493717
155869
631830
122094
170905
374665
215485
866166
18276
578522
222485
110098
604982
876746
126085
772586
28759
457486
641546
325236
95952
878115
208734
333363
32813
622727
199361
878048
119628
423461
277249
543462
818402
469576
146380
455367
396779
569328
761455
392252
648011
166787
570473
671546
141734
422298
711953
476816
767193
604476
579584
624909
846067
238217
706461
833918
258579
118988
701572
72821
562303
885076
500594
812357
276478
653308
723023
405962
495827
849157
873368
694758
851734
552165
878311
369445
139952
749017
690338
891810
696340
405110
363965
137858
404629
755005
321229
811550
323879
201517
4171
552767
271990
581363
543232
801794
61789
387708
198835
357115
12324
534827
799884
762709
460729
432581
235396
671031
291209
581321
826572
505507
540443
809950
25654
233976
210826
299877
595875
202327
616861
485006
566986
163746
334405
415334
777986
696480
457778
39533
163660
37310
463794
465062
431872
701679
892135
129095
872243
345844
229060
709520
620386
406295
856420
326553
732733
162673
342343
457764
399059
250412
728041
453682
566197
4354
355201
364530
834442
184740
440787
150707
152783
131159
158226
397434
378504
435512
268918
23855
291976
350656
297749
107538
58393
673283
761986
449771
826888
142579
92767
614367
531312
743073
332799
107294
451041
169347
742909
753850
530093
490673
812179
425202
869903
552554
601400
566540
62296
859123
676760
782273
160343
379423
290193
649137
231972
416619
496232
511736
210154
851712
669766
40857
86351
43771
165363
496822
609825
125225
42765
563202
599422
858092
60869
12173
114944
69083
487094
281631
640323
56517
830531
439616
77844
118198
824107
540563
373080
756850
132460
578883
42007
574430
467185
85174
244067
852574
824217
444574
274505
578041
652550
808014
750194
160760
807518
552330
127702
206958
357282
514327
213566
886226
228617
137233
157556
579527
238360
768027
390057
717852
323456
821489
237667
30607
243444
860794
320673
31949
16165
166586
385517
595381
505660
119971
719581
164410
775347
620555
18085
272615
245200
638360
895132
801148
333183
654008
539785
409111
343819
30798
805003
662574
182681
810118
293090
612537
288322
72906
517821
674349
670186
32237
495169
700450
419841
402500
39250
351542
244502
299061
512193
107658
222995
330471
548370
299338
640185
658521
775945
224778
410777
387246
572913
756812
148843
119174
694825
69470
714287
594889
341451
637057
202526
742524
531289
153028
615051
19189
382054
279758
500348
161259
503231
323995
315903
772391
318452
494718
189771
136311
816551
23940
94516
4737
402384
173913
668138
677493
687370
352708
183375
298555
641630
618829
153459
27307
32138
557248
109550
155067
254157
117353
263417
338995
498129
455966
453705
528444
517494
508
99145
305143
403031
123370
162867
369643
609019
347642
376234
87670
329179
622798
729687
514564
318347
885559
742591
430397
274278
601528
270653
614585
850522
214313
149761
865903
672781
661847
270468
58827
435851
418121
755943
207261
294477
671230
565671
203086
54056
615026
18047
359726
538863
115392
113659
868617
666533
688672
559348
9848
124547
725329
212908
588691
6786
336114
341896
220484
821094
505867
594405
844983
656008
485929
181240
171405
767390
171302
284230
738704
81096
105478
761597
768225
42618
274877
673837
44045
619745
83503
92135
613502
415796
5488
412560
160494
328953
612809
742977
628950
229008
326076
202367
844996
878176
319039
385778
884523
799420
114052
110084
553300
56306
538137
755320
285363
482928
757355
59492
271124
533075
505798
158092
618804
163085
165591
805916
898252
437714
183602
892514
767784
27872
729903
711622
613910
81192
525295
515943
18778
575165
436253
652820
524927
21176
383728
626627
672103
161189
288813
428017
642787
66606
548201
738807
644094
340130
506827
154949
532243
808834
444144
63422
626080
52648
426505
38159
206898
609588
110399
672845
815423
510548
187446
891690
498579
201583
630863
338388
579874
839726
790759
590474
707997
737031
562173
263804
295231
208776
527281
760318
322727
724381
171080
553320
151232
565022
537740
626861
741691
697847
895728
55734
893150
82901
892241
160027
10134
325642
618744
192317
859368
895966
810109
636387
740582
391826
576229
720110
767357
77905
579051
543515
546378
840150
712829
691765
70765
699572
778653
429973
113045
339078
72456
796759
862363
610452
635828
653338
765067
568926
576210
370163
147197
552360
503955
892206
194
264163
655974
358659
827258
131731
501247
209137
302754
694754
294100
459962
830218
520128
149281
290138
335653
238037
486603
783588
196634
8581
494369
372091
113783
655647
674335
436267
425061
323874
73868
340802
625334
35917
315044
892174
721947
203873
185136
78163
424754
787732
604880
489929
609053
237557
546906
706320
269902
524919
876732
691601
561022
57117
223198
339123
12541
587200
736323
432631
491363
510400
189678
760144
310949
814116
849602
8130
116899
204463
249761
532182
327359
395554
181142
510743
767080
401256
238702
687948
374196
673633
75296
505842
730284
264527
722606
431606
680993
761271
144611
533484
138044
604852
131964
737486
538227
364542
507396
654964
674968
258449
588088
312269
723883
793118
341097
341528
468912
235723
405759
224641
143899
228007
146266
416059
114888
559502
345076
173174
661671
767349
37955
806814
339860
395251
289435
802736
741797
611597
847663
828889
717788
449756
217943
814348
133340
529500
780462
331520
475417
403668
898451
825924
125896
732477
588303
452448
491381
710256
680118
426153
559732
691057
723974
288224
83471
269906
554893
571913
621566
740613
786535
364771
576916
256514
487140
119080
604374
840017
733960
495938
760358
692181
692108
529352
450590
872598
454083
496372
160697
407688
613239
689219
186539
174749
63441
494472
239792
245508
647159
793453
383170
137500
180463
262215
760164
543097
603522
405652
428411
516305
636092
815284
94045
31108
592400
394978
359649
418150
137048
811661
690678
74379
197114
747991
430672
90701
151783
316617
78045
332925
15229
502705
835637
430820
513388
283001
824016
846996
600949
663621
254929
641648
495309
732329
168512
414356
490082
864452
132950
327010
692565
521949
204785
139339
227717
65657
249127
652343
194349
732726
6712
44145
130019
397512
434012
732849
156513
449133
479483
500487
795616
5006
46875
688097
232864
294292
9844
804345
645317
61189
725728
851614
671772
21178
740558
118462
852763
522750
624309
254413
840518
103973
870661
618676
580365
338342
215674
521433
713587
246839
504042
132678
745609
778211
585374
795193
836953
178251
395549
423048
408799
604214
676003
138894
262801
681078
564944
346262
50528
366137
168253
734819
278870
190280
411658
425690
571071
118560
10547
869869
655141
329290
717825
789989
351731
411129
481884
141291
846939
139712
673534
524275
386899
259309
203971
816453
706329
328294
432349
666153
288152
841759
78179
681775
827683
112885
832201
432792
106974
826537
848779
383012
121884
710812
884132
87961
377922
176196
125179
763788
287466
633736
310044
523632
243621
374910
845189
223160
553080
147422
346711
99050
837735
249155
26700
813571
66351
889278
190056
254305
466476
163446
191367
365040
802587
225216
76086
528660
362010
48150
633886
41136
665356
724631
815291
187697
532120
771644
428556
807739
464849
655570
199011
41582
553681
783513
579451
103635
164030
364120
797993
331593
490030
681818
789066
193446
28295
491977
14780
51308
529695
352933
576554
805515
549090
864417
383583
784652
226546
529211
289980
739073
170057
772022
327044
426279
205946
748566
418452
609045
681909
428887
52336
407364
110921
48970
600729
459290
724675
681132
657210
566740
617109
141989
715522
615408
62034
514586
798572
259540
501686
797968
694361
602751
299299
737406
216032
458538
894662
855117
427484
364443
656343
221135
799427
133894
266399
133081
23574
479071
364340
302366
424884
421312
311072
390409
469258
228019
874592
616502
880037
452734
780232
489614
58664
21897
624484
48094
323385
833804
786073
159603
595765
861177
104681
796147
383716
77123
234773
543067
879111
621930
130142
307281
362094
762884
281572
404133
411078
398890
626447
590633
164975
346812
860556
376234
821676
735314
227023
641993
307828
798816
677015
520987
852837
457252
513839
194553
448248
167248
771088
211237
314767
577646
823716
703290
836747
838133
17477
767342
106459
112167
198692
184423
683054
603812
377510
550198
111082
165327
704200
893909
151861
774842
700836
112153
456336
508976
649676
798676
565827
763423
64978
27850
8339
472673
754186
793261
538160
640997
168935
566199
437676
238079
330498
663459
611654
96296
345626
327017
557220
841043
588245
617012
304927
243214
545508
702466
139896
196945
432772
135799
859049
285094
100897
520350
408278
606837
339413
279614
366465
739626
876654
503732
12317
206597
305806
553171
361755
483518
402636
110933
189696
96851
568984
390236
303576
292848
776699
562121
385027
641018
636892
751928
465485
824
754975
898966
273020
876446
252809
43232
451682
390935
191518
521882
830194
275598
531723
289225
376112
626681
647968
199694
11489
440803
661909
171647
326786
426293
74925
699299
234868
262464
84664
267049
659028
589417
861554
32518
815337
199825
715401
752233
515351
850016
181084
698333
666832
60494
886942
538586
140042
534830
352634
253960
408748
134711
665361
274226
746530
884367
44958
108419
164624
314966
533243
751839
49090
123949
34589
5056
411138
192770
235353
98380
645475
750809
777354
186991
178874
229432
198347
807259
457325
633487
29502
456824
168899
342242
579471
811273
364443
590964
204723
563773
344825
30098
475434
233038
3259
91609
322243
70010
380586
766565
892735
610524
579435
261495
474957
396775
429845
209025
300213
571518
869533
245681
124016
470674
450797
254137
212340
51384
409139
867383
630094
109798
743029
717190
712552
254859
264163
172927
34602
237992
517317
59565
535260
230287
634803
114924
508969
332278
570531
521053
839840
381368
591421
81257
365300
314984
499659
366959
798916
828595
19628
601420
262836
513073
71175
357542
642746
654599
624381
240469
255509
307389
771735
838510
623062
15703
80831
581070
312067
87218
235946
731583
67665
549117
240690
318442
488655
128881
595810
604377
574402
729390
189387
618695
174442
125427
318548
40455
188355
725113
310030
515022
743879
281453
467941
51646
733489
488873
674194
443440
218621
119886
735277
294588
104619
813952
198272
348424
802083
369086
662679
710219
544018
298396
263828
157789
776754
812543
564991
873469
706024
840532
889690
108542
733606
560877
472850
486159
762097
376985
686353
353990
700957
728543
556529
762696
444916
40695
264875
308407
189621
725349
394125
214872
272697
273779
282058
349504
702961
440841
314316
469019
150316
505324
444837
24601
424821
424752
533538
240950
771096
635707
227872
875652
167013
259768
213209
554070
352429
494549
448055
112267
91401
56794
608329
191702
20187
641317
602867
448998
455500
413510
271487
605303
405620
132020
727250
380180
508344
683243
132186
723846
15757
527587
664355
236062
739226
151342
505705
273851
459804
199085
660007
269689
540644
760207
470062
254102
199867
732648
111473
570146
22437
815754
541885
147202
687907
624034
448998
515777
79602
536881
494781
794964
232722
552005
845694
583368
413057
671604
642949
89835
744805
21173
749664
202899
273608
93851
272224
691631
46493
11374
543209
792904
109826
60135
125289
376019
645598
72680
890213
861462
351145
427702
280943
601812
842763
444597
277876
640663
898620
813470
244177
128121
640203
73727
74438
235535
114715
165903
169411
495827
556711
50508
451487
138316
460773
853715
697351
457244
601352
357404
590387
344070
307456
124047
380340
78777
780861
113766
824458
442366
419953
83041
551922
875834
124691
108928
126397
828160
701919
545729
138043
776054
693210
101558
231062
414626
74132
236354
69436
773746
589190
645744
724756
177381
607419
368271
171985
169176
675307
648558
699652
171121
668451
759216
357803
701922
478144
614796
230792
420506
285369
456133
639469
234222
290589
218464
365459
616575
391665
89863
317706
311464
634428
210969
778667
115463
161790
741771
357417
846277
666714
207008
742022
109348
430293
849792
621313
19620
283319
869528
862540
169425
135502
604781
805852
91149
75793
589534
746043
444854
735778
149142
210711
257683
477997
184043
92573
105344
392909
89142
856768
224179
730766
565167
447091
7659
82509
433028
221527
181461
613915
379061
640717
93562
522528
112976
216461
275592
457565
511652
351727
762394
232074
286052
653383
855591
627230
139610
505006
431781
516588
379781
611419
116727
889930
844720
378672
886170
548557
579344
883569
768776
363409
243482
669935
731975
705365
869119
645795
146674
465059
501414
680214
5409
82476
280804
729532
118583
569266
899962
864290
332424
526367
361322
800477
2629
225139
101271
722753
99846
837019
294969
203411
844562
111196
288410
592438
40302
626544
94000
665633
629920
269927
783127
141746
843838
141422
327722
229948
137336
7149
289374
172828
337791
181706
415932
629258
556848
798444
423928
840234
305921
525338
258290
63777
819079
84225
856041
625445
300866
149268
879831
557294
819398
90286
631981
638985
467622
406131
32299
209803
826494
145972
820892
700129
863389
298546
75724
466182
486317
622809
162855
823855
560769
743022
329104
635808
346107
399332
297658
605441
641399
482215
77575
224971
242519
165563
792186
254685
687787
95487
758971
215307
782364
132523
306439
12053
26646
860153
608336
335318
650160
459232
351768
223155
753433
430714
668806
584403
495457
4840
474851
832174
196641
633900
207092
617406
843784
525811
701236
447506
512419
575701
484652
174274
482119
95925
826418
801500
817886
613988
177980
588157
249644
644642
107455
657275
517661
35204
66185
377567
259918
853809
511254
776208
294900
283718
662739
138058
294700
115546
589133
570094
353792
892827
39477
588627
622931
325431
789938
384378
312458
39799
858403
567519
553590
465382
242480
28491
95074
229359
490507
664838
269269
772772
854889
696874
123973
800795
361911
529012
824537
315827
749146
826099
95928
731924
765863
756226
540979
330964
141948
466194
816780
801846
57817
665152
526210
475917
753022
774535
615194
617055
499267
577966
189675
749541
572782
809314
736486
414094
221748
774206
209953
433442
52719
522438
107774
419556
586808
631124
332028
591761
508162
739337
626618
74246
493843
822405
157699
581374
387199
868818
6491
746680
775106
518907
630148
812727
623482
431098
336493
612099
209599
161934
85464
371980
866720
220235
135047
85647
37788
609356
622946
189650
152313
716387
168327
732201
478532
708241
197262
81659
239461
512274
840632
376926
150110
497103
534388
283166
27265
37687
752653
728349
658123
333959
263731
857429
133089
268422
70405
683129
826117
222350
142904
793945
7669
45060
583143
467300
240832
338441
3351
10216
258182
824041
809637
502101
557387
378000
712398
33407
567063
239612
43610
638306
686861
859310
791142
340000
99878
368730
633101
587078
204874
804926
427283
565581
502634
361072
279982
452348
322652
592271
83761
756394
428372
769051
368950
825953
773788
77057
324775
349918
34256
28239
726440
809365
219256
94694
247813
270610
714691
505101
232628
749754
39676
770913
241383
63792
42380
286154
131280
528371
397900
382921
32817
811364
769476
839182
778815
149734
137093
764998
574066
90782
639776
712434
266220
813146
675329
453235
568419
753582
471403
224609
554413
600537
491921
848890
800359
186502
337390
398583
253698
210351
463234
45530
509354
864955
190058
869412
829812
388648
703387
220452
30564
175044
653722
793002
557848
507285
510747
876185
70965
555769
666452
895386
145868
470951
358397
503533
478152
349748
453446
50747
680918
447826
400852
877095
46386
360627
624858
756611
83050
420779
415377
224638
116113
371315
875700
255067
318050
161258
44122
180253
855439
510134
526640
183358
826373
813640
445586
339103
543453
547966
492166
539098
88610
635042
718646
826675
66970
134063
45096
566157
627220
848051
659963
505336
422348
648848
235552
171176
336925
237245
250835
458850
181476
141162
330164
660687
46668
579136
853191
753939
719260
304263
858404
623031
713369
812449
554843
757602
148121
377203
2088
821062
217606
871428
2158
222903
503306
495166
239284
420470
388733
513138
296025
555180
214025
384728
548213
127378
739478
821172
37613
340621
871351
36147
609138
363447
252751
583157
814743
288920
758209
667653
642222
797172
864660
280035
173662
154622
586111
765346
30914
65738
420470
178829
212097
325727
95185
848037
879781
899179
735893
323302
635610
708209
432930
274760
640165
826590
214009
688032
155583
294362
9703
158118
291725
286393
139122
1682
559805
386513
739678
359488
530335
283013
181437
623698
53757
877472
753233
45780
141657
745118
489343
576091
155330
731908
294674
619687
136050
889328
658377
793864
416070
631499
167166
563932
325371
162234
41172
22038
2786
690900
510556
768315
672639
49070
430596
197381
681220
506194
723357
76362
217029
720270
98023
871831
840088
155625
630939
796342
808811
709712
259477
609360
665121
426543
572476
812491
141450
280667
71663
826835
770558
158604
700429
465207
107094
95911
554113
829035
415272
630521
834504
459883
142909
235585
820449
531583
799536
658436
438545
47033
716229
770052
610095
312315
360675
872970
74354
37942
120687
703424
416437
265550
627559
82299
294404
746233
361112
857750
273255
68934
477117
541530
493480
728762
639828
2809
871233
855413
315454
890298
231847
26483
201587
679598
41197
139215
442176
287681
589591
505090
720351
320140
132732
238121
403792
714632
114614
118501
783993
186877
649898
806811
712663
264440
135150
551195
329408
2011
775388
350238
298583
169774
548498
463753
531275
602579
689314
835055
618669
744503
723293
647730
759852
509284
132311
284905
796558
273716
473655
136510
553773
174592
245918
259694
836171
754103
753553
654419
112436
573258
322980
648159
767247
169252
660549
295902
651936
645846
10754
565598
74205
518064
484345
699723
152235
148876
832090
350611
374324
443525
404282
184936
131143
93861
647479
340260
309293
699
264515
297158
867523
330891
896783
804282
497145
45824
483669
317111
563718
653629
609602
308098
250629
637713
476254
826033
194448
751528
770681
602409
144055
454366
621652
213192
509181
414318
696041
225503
537584
554761
449177
312951
792035
320195
698384
66805
440105
757767
286038
666840
113072
431082
828884
702558
665912
831677
734145
377318
56335
229148
839593
271089
320682
254467
610873
496290
444737
35232
64137
322276
469704
425924
849158
46059
316422
727476
118363
810226
297652
544924
99131
649796
299763
689410
892014
265110
807978
705176
504438
297329
226523
465611
898588
160845
645569
632729
283580
682073
234697
696479
537866
384088
897737
653840
20607
45669
508001
399842
152100
475415
767309
578339
611834
511295
338020
254377
252675
529230
715024
335814
454320
270196
273386
420986
540296
120483
3345
732579
490642
281106
606599
485455
631584
443005
862088
20114
776376
787274
717320
136627
892351
187270
305352
288256
397252
479022
99189
778146
280519
200010
116861
619276
320132
800403
297486
594669
235200
895829
842445
596869
652943
493872
556016
591188
887295
372697
770073
677677
370724
497629
179375
690505
203937
746533
680538
97848
357456
525588
359483
450995
708142
716142
491686
288909
156614
554675
613565
32648
429656
294505
273898
538467
501126
196984
429112
421681
642715
68462
88271
375909
537560
77955
239178
20137
638716
333783
178871
115182
817264
181143
707210
512574
75500
196030
136702
12653
457769
81816
727785
779214
438756
282850
457467
894722
147884
781165
288435
882923
167688
476642
764926
752254
671208
161535
819597
656279
332678
287583
99345
851047
205144
134072
611702
281288
421142
655134
337817
631153
709410
396357
40744
707396
43161
44259
516980
554789
103796
668372
322005
290310
151035
888183
160699
168637
395303
287798
842476
852119
263442
476579
366142
125829
595742
763517
182547
168757
189118
258386
702252
644284
747909
425694
796684
742894
797129
869682
626666
538128
776660
146096
533746
639845
172103
765235
740281
563429
72330
759851
28506
661548
137044
778438
331794
269550
857748
429162
554037
308616
697178
811134
22922
733202
152517
499017
11306
215792
307818
860466
143024
611272
659645
611622
697342
462702
508288
217432
523308
250106
403173
234851
715789
654491
400545
440171
647744
145541
514351
7298
232879
304998
255229
766918
56680
350935
507415
72679
558358
222126
374831
479719
289467
724944
824966
4538
407788
488611
59962
176620
630729
898753
616363
497826
6199
574632
187691
490584
342236
398095
459970
800522
281815
748179
526843
542958
685273
615792
66511
891710
853060
700651
650092
114132
488382
889452
822721
796367
527186
643561
207593
886674
372227
444125
247345
437515
515982
785143
804872
203280
198299
409295
702146
446533
170271
262483
226568
783291
837330
153184
769728
75186
261608
246508
694453
320799
229614
450304
363235
668457
479170
123619
242881
844589
680047
447634
240139
869186
235908
307756
399178
462743
690000
379817
463491
598680
326333
872298
642041
747855
462246
693099
712991
819494
709397
878453
720030
698955
384477
322225
293887
330637
223121
733879
177366
336547
149280
98468
40908
275820
95662
664298
68647
344497
818800
17025
457848
487366
337507
4123
459200
847343
814153
48693
602400
90879
742369
557450
809148
714012
323490
437858
673899
579071
24180
556359
525053
694423
93739
754168
62985
683693
56032
429814
170962
32930
257230
881628
75574
306036
440230
17419
445011
740479
722384
166883
162102
88705
143678
642478
157377
779222
381518
91351
258072
462178
486685
364792
566281
130925
639106
154929
374614
668904
536142
820852
707039
322381
592670
359868
677616
378021
270746
58910
467877
91524
319182
843704
844598
612462
834306
281351
674947
475165
273815
425556
633213
781978
403553
284718
430894
825993
515324
757235
863814
632897
803084
613575
652131
503064
313045
806856
680476
144190
422963
778392
473674
771968
272151
160729
190964
66797
727103
87799
43061
41333
410417
666942
43372
539980
479764
702349
448192
493710
820842
310402
453006
43517
414830
444213
398288
762950
341670
268257
119148
486178
451333
284349
768662
377176
59488
720840
215523
686624
335850
622755
765067
470946
563311
438712
616826
602140
161098
849560
318067
684130
702467
801507
678177
875872
556360
373920
507868
461915
864966
675021
664468
701238
580708
10128
188830
667089
562524
272363
869368
318507
15736
158126
154297
116232
30085
615975
802010
790125
233206
423188
28796
214664
356120
61465
301460
87917
663661
221517
62042
399836
840136
45391
403978
361726
677572
187222
43412
770925
237536
879717
411974
269299
413563
513950
251348
174923
299400
650317
870593
842596
409582
262213
281549
669092
777791
3017
400827
644905
173651
340512
424126
160715
348544
778187
277183
429981
877304
896403
397678
668786
586623
117019
32738
463868
247496
394389
792494
156399
798475
130768
243971
768196
659045
177487
726972
60730
433515
239989
513322
443959
312908
182236
624956
350765
312707
6214
439754
237719
874710
825962
624222
69954
624206
744688
291296
435497
310995
648056
9437
596344
826050
497812
707027
86802
369294
570165
659420
446862
65073
385635
22708
456700
861389
3271
401448
59686
371556
269858
349405
753521
452336
707809
182842
33507
495424
337928
27892
790782
661007
607050
896532
816458
679938
46619
776134
795185
684574
239165
306913
672740
731076
834134
647822
170108
889547
609923
738967
701434
774040
470950
648013
218607
73947
840538
781494
236567
286377
549159
592529
376384
242930
70449
25703
165386
324767
532395
454416
53638
263050
259081
560511
534144
230937
521171
26283
545433
184888
261461
199579
578189
694514
261267
330830
152468
162956
630618
184068
617572
220862
424210
425932
869331
18063
382863
728842
39290
854315
263047
510436
682549
90052
845246
766698
785862
135299
598492
317153
659002
653833
661345
872362
240164
168358
262255
211923
190309
215189
447589
250201
550829
234482
834220
128472
350938
595129
671913
476946
550943
21085
844915
758615
392513
496577
793023
861079
252379
295574
524024
364353
646593
396658
709098
356759
766721
165737
586685
713201
128709
678379
850206
552714
30677
182426
663193
477130
457114
246053
799011
763217
92925
668006
101364
795773
895470
599061
202354
79545
568129
212775
715016
95394
591346
672199
303701
504470
514409
216398
5985
111291
766617
584226
526603
261674
417762
575561
407485
883254
692150
694984
536353
79133
285817
858204
591597
324937
396545
744404
41945
659811
652669
716265
233105
13558
837266
804827
760454
59803
798880
10986
723295
544486
3620
228942
103502
507980
496791
517491
83773
782000
39027
504148
455334
80009
216725
403122
785986
784336
1502
176274
351545
856907
531763
320049
446872
261874
444357
812004
859233
123963
227371
647728
837468
328486
771915
506370
524172
677095
29111
502637
467196
144331
698612
836734
443063
892584
897398
661661
376215
829062
704904
323010
14678
798084
711624
323570
481024
327721
649230
826933
493642
570632
517900
310356
449275
228431
203537
842420
871528
749580
500424
698922
166910
304347
623486
365658
579352
779409
16449
750256
109233
3454
375651
292346
485811
498851
497182
551680
673902
35568
605713
456257
433316
265368
550793
538571
209505
559860
865883
460055
532936
291920
596013
156895
551944
225526
633492
508412
123565
328885
638200
440320
519539
515213
892404
751245
642710
105850
381754
195728
836069
49531
663635
416510
750644
689118
505028
546089
805488
211370
218028
734910
873678
523080
738410
105343
779869
784174
807675
142392
33018
600233
734017
470400
354465
749287
458143
263502
136609
548031
346145
806389
237353
378525
440184
840190
466302
681902
212451
602304
58702
812548
817097
877695
786719
414982
385283
73342
592129
557208
741591
877122
787458
163298
491070
190980
197792
550783
313671
598002
522297
365605
512789
887620
327678
107595
33219
542358
339078
221436
898696
704934
860799
474551
294486
839916
667487
556160
224348
296913
663128
108903
781003
27085
877802
75027
269941
660481
302707
382250
166737
58254
800481
314591
743931
427888
751752
635609
527161
407802
323567
491100
536313
487343
604357
357719
700374
433818
830353
129193
310265
719403
565031
334800
88251
106863
604726
634448
159784
657546
588510
215388
799968
868116
891007
298212
292952
863341
713900
700763
504349
538718
757695
382851
139320
549550
766534
246423
485389
255517
835675
667669
565854
394721
20913
619047
666764
41338
472330
757965
460317
657108
497605
146184
479961
644217
418357
473861
167022
180144
605933
897988
136404
622966
269048
822179
886315
523927
289317
818252
765024
705993
123935
561529
92591
349702
222682
550783
536482
218340
308009
665854
265143
161106
367181
430019
261535
708209
593416
819639
561155
548748
383280
653352
360929
28246
823615
526130
464885
846335
196326
802186
437555
366226
544098
360167
310832
298382
819111
135725
883776
370815
344697
889079
739193
691096
526585
121952
874903
787600
109404
563887
418041
611798
485912
651997
407401
551442
597111
503491
231993
863833
504334
14756
372137
570188
854471
771093
211205
217294
588763
50437
144042
334144
663900
421901
177385
923
276685
871573
260836
301705
183125
617663
75638
156801
594952
526837
790160
228477
37766
302506
377437
480538
207808
885199
30278
331979
86964
405397
815602
189017
648442
642746
195269
853115
382870
111154
642922
218574
643982
888435
584971
58194
743094
92253
660669
640545
264903
682564
66936
746509
733454
551708
85028
338164
87104
327775
855600
736226
398315
324445
555003
272164
861000
556609
531445
43908
435277
105788
86816
342694
151295
111121
138480
698270
446628
634076
166097
265579
824246
615008
517320
683924
788532
597323
766034
489438
509811
448360
169928
17223
302961
695008
883940
523266
431498
88654
46941
789391
548835
261310
630702
700982
495908
234305
579510
87040
212995
93680
276408
292083
402619
47546
366626
489160
355964
717453
372106
35114
255739
534685
482964
152268
390986
478323
131921
563335
200835
716340
153570
58608
529021
590028
28986
261363
493345
368376
379233
617934
330807
332270
876853
334507
293657
330185
664298
48955
226313
667412
847762
737516
214942
199090
140984
607271
745946
382312
542438
594440
462327
210632
439431
190395
343519
62427
528871
525167
765083
9898
28790
329594
368899
742184
392267
309961
760757
890271
675013
82850
839328
332662
362349
734168
280448
382908
225591
582090
47780
894901
828808
495545
392106
602046
160433
552131
12749
372573
678905
703905
188117
742730
212473
822361
8621
755860
762688
56897
476625
425745
807959
376177
839814
333030
481567
391459
779427
484431
556918
610026
608301
378604
221369
33772
118817
429321
875491
446270
646411
205608
78804
378042
639411
849996
543693
348863
565143
836037
144759
352710
642227
704755
756931
19164
766780
214392
567532
392993
595309
464863
812281
351387
775417
782691
611390
356823
807135
530782
661570
873758
240828
183727
701692
157616
822330
209542
769078
709856
230181
670799
421012
52588
453982
687672
196846
657495
7017
526241
169336
435268
350337
459615
334819
30513
51692
732973
239164
531630
96937
545360
857938
130777
271365
867078
353845
406615
482285
47402
882522
853104
783613
433510
865755
361864
850359
790069
91067
761558
681936
204947
593095
456163
709892
51236
755704
181344
601769
404574
444213
449700
290881
625493
308502
778721
661994
131265
539555
103778
275440
458413
525594
363043
364865
63934
382352
311373
108609
798
653262
839852
696948
606436
293309
272623
96313
698626
189981
683612
754006
805035
841454
578701
763053
326975
627698
129259
548046
532468
16330
67173
724743
235778
646972
537133
58487
463307
588310
600911
651712
524678
23853
5679
776954
531975
829246
600222
144612
125996
815157
262297
43797
125926
630540
44254
583312
576098
386475
35339
768951
351059
369678
162357
429015
433182
450116
451106
410561
512482
582451
760163
107352
298530
213561
306226
727878
499600
91694
765572
145673
520951
385061
824874
81931
453861
576433
12682
746351
699283
719940
468341
370503
755539
794579
245381
77603
105045
681717
29141
39171
169430
408938
281501
693454
128037
596153
270344
369851
875955
678385
416947
653356
257719
348465
729125
31931
415419
8707
67494
814573
791622
838755
430109
300643
894023
165725
720201
548911
342842
890164
635644
626659
457115
576351
899183
804805
769028
237455
49542
161854
190244
56139
711426
726258
643967
582844
737788
30667
567004
875716
703173
251214
88175
211241
2071
402191
356994
412560
196342
32735
91458
512197
322889
24163
112485
417014
344208
342593
376755
604383
381441
532596
537528
288033
583874
649726
545604
16555
640261
767005
684028
350202
214587
383638
403105
549244
331126
313550
283962
732145
232032
703768
177953
376746
498385
152424
595016
705140
160017
865158
715942
575662
462795
2847
667905
698229
257865
594421
551513
86273
441010
36438
376783
306120
320061
89578
736977
650240
399792
133669
141379
76002
439225
500669
669419
753322
549993
733110
305432
531579
410216
394233
8016
769023
341209
344835
895861
118188
173035
653241
165331
709890
231384
670106
60361
763249
612766
862605
90258
524952
836887
160376
679055
856552
526936
672658
896083
235815
772515
281809
345738
300912
199976
226045
504518
2807
603839
234982
195495
70538
854363
100336
853510
600340
482859
892620
396543
323163
678482
702435
90265
662985
557761
162155
821364
227527
722798
251804
548781
87205
870292
115196
891312
323511
369318
201686
228507
488506
33841
129226
468747
183380
479661
791998
822310
560280
585311
283217
289732
667305
125326
817168
377146
536790
381536
654114
589764
18564
865649
454462
280047
168745
293968
5404
753376
193460
69269
311273
613220
259595
861922
27924
363029
276844
274518
642469
381894
464884
24968
136782
260524
66558
732678
250361
585064
9060
377897
358336
576469
790945
10932
779484
575787
580983
285962
512085
237165
710507
240714
593849
674133
714958
787528
530632
29146
896439
238153
807051
441243
794668
25626
591716
816715
120224
673709
201793
733369
878454
423601
503019
814842
251299
588876
850043
465173
38322
476472
561675
325067
224353
96248
485546
590849
813064
778774
149641
346860
535002
227546
323763
622872
556420
44008
508634
487477
188242
44535
625900
762014
445105
621226
220453
135527
400911
391852
817629
570306
206366
390061
8130
802638
137432
735539
230784
611710
749917
856479
644221
239809
134135
559902
45954
408370
570526
546632
834131
407806
301880
665080
872959
444270
514456
344008
834738
550128
792039
583689
580744
155718
723744
735484
37085
360523
413685
780048
359968
348093
304112
458840
848198
807116
359796
187848
815226
154685
195457
306220
795250
195067
787798
253861
687805
745563
739120
679393
515640
42634
372689
219926
811040
337781
166588
271515
786081
75733
729469
543138
111981
591445
429189
122902
150953
595297
339123
358381
543553
704749
653231
397866
382812
228639
366799
674482
707914
621242
513532
643944
438521
750023
718255
239079
679687
393954
799381
639644
491858
497759
630450
501310
872235
621880
684162
630315
455402
470516
453178
381024
19354
439925
892044
496500
479893
287069
551497
237810
13354
198846
108513
668049
159482
883325
122695
683089
7555
713698
472240
723732
519124
83231
830650
535415
57407
321274
225800
853548
605740
614777
227403
10549
171818
890313
197053
806815
362816
339275
418663
263289
794338
530108
689443
899151
247519
27167
589147
21479
250199
83817
864304
43831
718282
484456
1111
254753
899372
477937
771806
664493
343124
236933
110700
573505
775540
54175
160326
81919
47299
476892
694957
406619
107125
78408
810821
558424
599180
257761
614673
388350
321128
515466
277338
740474
831930
419214
466127
760337
390294
779407
776677
429058
80166
625866
383039
674712
764348
93449
527882
887016
7104
447845
121119
835885
574567
125013
292555
634206
841060
190327
225388
355785
333528
420058
660977
613262
875590
98214
556388
187259
828801
747785
829412
729567
136070
453086
37226
65804
550854
185564
705901
884526
756092
67544
209409
270275
597021
129016
488987
10646
767629
646838
554767
736444
598509
830605
298874
615338
554642
95426
871580
439057
260018
895890
662013
724088
792472
131956
889200
626452
240727
171467
731444
802597
849946
780363
897751
50896
640602
604165
574230
751349
83241
218608
623296
308108
274507
202774
515800
283905
606436
227032
863417
103081
865740
191359
179828
82624
742623
477280
778836
856673
167154
139819
598563
686689
485888
898737
97125
327016
66626
449391
36610
665389
859356
398267
193986
298220
273204
126794
725520
279463
374814
511611
97313
484887
266707
125220
788238
543885
359393
437879
748348
667369
270971
592944
681629
652790
340304
741598
252016
36032
389337
100011
622115
197523
734316
857514
478296
24977
731086
57436
215974
626511
595365
298687
781654
878350
125964
441236
506574
499857
425791
829515
745771
729119
982
97997
534183
409239
102479
801382
626810
488171
393060
410605
3292
368059
508187
296145
285224
314766
308572
298241
811709
161071
780381
482296
763134
173058
9594
884196
743801
231778
200672
442706
222405
21080
743592
887191
250404
560058
95297
161309
790792
606557
43046
95048
531762
700440
114767
184036
506325
692504
583715
825837
555385
699801
329002
366554
453212
759048
719617
407079
79667
110386
10471
747102
504398
621799
338036
577826
683865
395121
812170
772055
692606
41195
504803
179985
883464
484032
805001
574391
674723
182914
342661
582964
197343
46755
306256
714362
53332
287059
335205
533651
440319
29334
98135
123589
860170
465537
188222
570305
828905
412785
120813
696937
2496
405608
126303
651931
883747
359206
207568
295487
825462
466464
699272
460649
389779
689023
345394
66347
265993
313559
20395
612634
613985
468290
294325
209306
256444
624153
462059
753385
379417
178414
585135
583782
344019
50921
426783
581340
296262
833853
68167
495438
200914
46246
573135
301921
658168
548258
635477
592000
547969
646569
278486
409072
675582
58378
111205
703089
595658
554499
667262
652814
330124
413468
221268
487073
640697
315425
848422
5702
389814
75035
147729
132762
170107
522346
2399
390895
506226
300960
685085
11055
304095
592604
421994
489163
469626
10018
13227
67487
823735
189620
34779
805443
655271
691567
635232
518672
604983
811589
814617
160685
118070
332050
68531
136310
162293
6077
827579
750824
100007
791117
702093
330699
406855
742789
503755
774972
734776
41214
641322
807542
535591
858975
474919
489309
298990
444987
582166
179623
125810
621256
136666
468422
79115
616407
66385
160054
96196
378197
663015
574688
552824
560669
565931
203977
269117
505367
832766
890746
3037
519185
95847
113452
269246
221657
361220
199312
41187
894484
419772
138776
645612
375454
574223
655589
585977
880510
292622
343726
323500
786981
188359
48394
587435
405028
285081
818491
495493
111975
183878
582871
293420
538929
223878
861748
330368
428629
619736
562511
642413
409678
19796
327096
154187
864412
344155
612286
2531
155131
654864
64531
804497
470146
442176
841115
668228
364661
894236
491831
437795
337608
424936
111304
774602
793104
269035
633186
72722
796071
893223
662543
13294
588988
541027
709596
573905
879349
603299
836
188493
849122
274873
229303
875959
205951
39349
386343
308774
121606
871288
662703
576283
227054
586822
149249
11354
348036
469050
419978
105270
525988
181811
107427
397546
55668
121964
256599
641636
82589
192202
734316
677084
226151
750606
443280
887650
698833
788714
799266
400342
286761
444912
505145
557841
69614
803782
523477
392545
596575
570582
517024
160849
337919
787522
319072
828615
689736
173365
894525
783910
396873
154644
706889
778132
810974
286291
431889
516598
347050
383556
450271
348472
855636
271050
656680
658057
894747
678411
306297
777506
480598
275428
886137
205959
313325
388087
837242
18118
257774
839520
656002
39741
786509
118149
712113
648440
354491
543051
293870
395287
263105
43269
656530
146862
638521
549032
551312
532935
885193
715034
555712
93154
523070
381960
487911
791996
669313
265559
308741
299693
847800
173874
705722
540203
792315
117570
541973
136653
497521
24860
403643
835850
472392
462483
847953
377567
661005
241199
533766
514639
241837
165174
203455
494756
200809
414566
270240
869620
294095
660452
758356
153696
667419
85263
769402
455798
158410
894126
695916
677142
456886
834088
228652
204657
266515
509458
353102
681197
251492
583106
529500
825797
600635
788579
556618
546637
339404
779137
687991
475380
744492
98916
763260
72834
412459
614842
338484
382337
12779
323053
450472
394872
493852
246035
248790
838193
53078
682884
4765
884252
321074
577095
210440
490669
552230
642693
183637
650177
732474
737375
366752
714174
741643
765562
239984
859608
51708
250936
376062
727311
621460
833059
471582
275638
575961
153059
405260
62159
558246
67023
736564
867537
293931
563872
383773
799467
595394
338624
611987
626339
103209
676322
830447
32215
190401
227307
685798
509957
512962
105389
731243
185734
800281
585205
425889
576213
450143
594971
667873
535501
574839
12534
764613
455216
262787
708274
496591
663876
27747
560153
777528
274423
835532
531310
736537
867588
117057
672058
518191
83438
619761
480669
774863
516457
12780
414662
194470
387288
58275
275390
182731
612144
581435
17534
623748
12252
813134
363041
525234
731386
801118
14643
318266
372770
851318
34953
444272
158599
514400
416651
415938
625014
645788
314828
641758
624316
660292
79066
772961
538212
735097
295185
338334
29533
741608
146922
278119
497081
872511
132304
298714
123538
801607
261459
787051
21096
555357
519541
108778
547974
154160
125858
158257
53250
136313
780733
357901
459106
143730
35158
359654
781564
679381
261176
844780
580278
588626
88414
215264
37133
93964
376613
359676
112849
374160
443356
325056
390188
442707
863736
637114
108355
104904
320772
818385
40373
881883
417878
347054
854977
364716
474845
806088
841541
291115
522614
882346
761569
206636
163198
747267
528761
666439
470498
72010
276473
490096
842546
737836
333363
692046
559956
722996
83780
70137
663668
235125
469428
706229
49273
534871
168412
49350
489555
295867
472994
380046
717520
128557
142272
815562
438703
899173
23555
557478
48748
802490
270319
575480
839737
15812
750560
86816
422285
678092
215979
880922
181302
724338
366947
777500
529035
497915
523927
11314
124828
300437
35224
527668
217867
856520
220377
636129
246931
402586
559183
833787
125350
363519
316376
331518
632437
355452
583384
773310
535209
521846
721246
792348
499279
168412
434725
846276
646127
281198
142006
739527
30493
793896
160075
367728
495304
158927
534606
289412
53969
858294
542016
646811
131958
880845
823062
84982
621643
326759
181022
311964
510154
220711
537663
299925
680257
243782
484158
157858
271370
607812
758397
870390
337561
199497
365598
852885
154926
112502
433669
545704
553290
773260
188763
414426
145374
156984
153391
45107
476030
825114
295223
700174
311797
884017
68180
843480
409715
579270
122515
544168
813441
806129
707408
122965
626932
424107
551445
25433
324160
784465
830497
691552
342948
148401
289059
433036
436451
206773
546277
706889
846291
151177
11558
670088
63246
427498
465120
16506
814470
215981
160008
602506
34486
481929
647507
733208
24819
193539
603349
306862
658753
777556
583301
842336
391970
8025
694365
883909
557065
857814
529054
862732
424269
509735
460688
227101
86393
9797
692294
693838
714304
67218
48672
739454
270957
373505
36458
751122
461049
341253
513922
56905
136598
102612
125143
476797
57928
596407
542285
491929
332147
204817
505148
25906
884944
351081
369688
561443
319257
834742
526668
548425
740931
812647
60288
536215
87020
317100
577689
886039
699370
516164
894303
418718
734051
522403
640442
749803
730202
250624
90837
556572
704263
263417
149317
262348
391456
118755
220419
649517
554035
612146
541397
153726
253590
474240
563403
575337
862101
413566
834436
116700
248874
309237
422257
619073
693867
688439
88113
76124
251453
371335
855452
769889
621607
159650
41564
252528
132033
119688
235381
864814
135787
268011
808292
893441
342106
46611
723045
858055
160077
38059
618895
349460
514718
548235
128283
183622
157396
134563
804354
692454
719508
604417
323204
510494
456536
504448
194148
608817
236312
100717
586960
809403
596293
644087
599903
569447
841045
354386
264948
668551
638264
134599
778079
72115
111721
31388
767234
427297
135552
261627
221232
641373
118404
789730
437073
235237
253054
285543
33635
773860
456264
700326
897691
722281
66788
48712
661961
353539
564042
851409
327865
723163
632377
737319
887382
592334
770095
258138
664425
8838
280532
595316
595743
815316
407824
49662
486376
434315
255772
842508
592380
727292
795702
453926
685912
541002
358574
780660
499910
688329
318397
112390
284187
653944
783190
458333
711929
769816
602164
867993
796309
644104
796307
155168
305619
540735
780059
279400
521933
684069
349591
348513
473299
804269
18852
325314
464076
509363
422501
702382
286746
244526
621619
464483
179451
828115
690097
787839
706444
733062
159325
711055
760105
416221
115267
292981
471952
122258
406188
580757
710115
10373
399091
818620
471243
420460
156568
358958
35290
318232
194574
671786
735881
47494
481871
747804
689216
214430
388143
242592
381012
473515
453773
406510
596234
760855
313638
126054
599514
759747
184356
243000
475151
718912
880404
244912
502250
412621
329973
258461
226150
461613
134892
121533
311671
760196
613077
730343
782252
70990
453844
359316
392787
558908
584937
401994
385243
231979
276705
408999
460245
207107
393641
34534
235028
685098
645502
41809
207635
351042
215136
583972
814037
891270
520005
898745
619432
615292
430281
119094
395427
498198
132579
656623
767118
5739
97971
520920
110113
561006
621048
398508
476197
873192
280830
361715
687286
161815
482740
549043
280426
765697
45308
277654
612715
86582
195899
634004
718656
191042
399792
476541
185994
343980
729377
587141
228266
436367
779665
725132
411296
878162
679151
456681
14830
415397
458440
502034
208539
61274
106043
897643
601235
280734
772429
124457
764971
275795
149811
503457
683011
385419
514861
896881
644612
857795
470323
378283
428713
466298
837350
518362
592667
376300
479401
598258
881876
887919
329993
753496
603876
123881
291287
15339
812818
760780
662423
657294
795450
683183
11857
656692
132597
181195
211684
542310
400246
766095
111002
679571
551601
855968
864279
863125
283734
522480
168331
841820
793851
884601
712071
529433
484472
10263
324972
27689
153131
731007
86239
848476
737819
882336
673592
368545
27450
62069
229178
318928
289572
392803
350173
513075
13636
458133
638951
405714
570998
810098
179193
455834
231783
521976
101861
249385
762360
845719
851038
584152
878018
596428
359144
392709
251059
609944
401806
173020
437078
887069
238002
529058
214481
654069
488574
581342
290184
333518
343610
598276
518271
860678
810071
75967
656348
531358
705000
808123
326251
206078
62672
728940
727931
363878
143062
96478
417637
163692
271125
872090
2061
379511
568080
466961
465986
47095
760259
147624
608127
211134
465748
378048
774388
482559
246440
248065
824350
356546
761747
477219
47091
155969
755783
27641
245914
414178
715405
208058
857846
880785
642802
193901
706276
59768
270776
187184
754458
662302
843662
320773
860911
647674
655258
894618
100697
575475
280690
162516
730130
364342
715210
499223
82900
628498
784071
142388
792451
280755
199058
852015
760618
884217
327720
725867
841181
59892
159439
616309
818845
342398
476003
745130
673115
733461
844463
527046
136884
714036
870423
894154
864666
256910
94257
830729
866195
688166
802804
95503
897114
374669
342504
822574
399684
558745
526397
344327
711549
196510
655672
457458
478705
144651
432968
664265
390982
32068
758391
116311
72102
109816
781148
419096
852443
382494
473069
663597
468659
538961
750673
61568
136003
481509
544755
365134
413384
427300
107923
71925
487976
876522
846679
669019
365207
84665
777119
506072
735062
462714
138870
120322
517974
863025
400452
420755
836826
231611
45376
376825
1241
281095
371299
19034
466115
575758
14072
516641
355355
8048
480367
898857
462467
862957
511857
1541
442134
52540
789837
223466
46094
87403
540625
51546
321477
316692
485621
770894
45081
795129
240753
564671
577033
627388
718094
44721
16316
521501
671482
448572
556033
855536
314581
262648
754576
253498
429641
661668
544207
523112
337398
689139
196785
655308
75787
469908
47002
414901
466385
650813
467325
46186
522881
66515
273094
870179
404438
700569
53491
772357
837149
305266
658813
347895
214185
410036
553333
821061
671843
366955
67049
756817
451390
149703
825765
250000
530408
791012
763702
827048
530173
31220
96875
845636
646230
471083
487764
126130
184383
248806
72588
743290
294245
642968
797843
60027
651534
615507
389588
285283
423523
242192
741766
80170
883528
181051
772013
781356
627501
318813
836608
263585
582621
843175
722885
124155
596595
602265
533401
562364
395020
290188
892652
148945
6743
247874
99528
362702
451753
569352
531570
125927
477774
592132
732234
153097
601850
68513
682413
894771
447613
724437
288442
688596
186804
387595
596977
555170
120860
701329
306358
400500
596674
716192
145941
44669
176342
454883
294848
62374
75454
34951
694516
796390
705095
83038
629594
436000
828598
457423
136137
523161
12284
300381
67080
258453
861384
739602
417553
51629
440630
588841
757809
36623
258405
300629
671149
617715
236966
729008
355390
414069
300465
26532
835133
411827
763090
47792
769433
274500
239616
263064
442149
210995
423150
460876
114543
208248
43003
73202
675531
822769
7908
470130
427342
639138
92281
168735
17942
250310
159468
663837
71015
89456
867653
674387
265808
302787
698995
185359
148076
651210
303550
612656
718949
193684
408
501268
859859
276880
7602
797150
366817
420129
608170
491555
326448
227967
561889
660402
788309
814666
806475
359006
302174
774603
9408
359625
868115
563592
606991
32878
894263
457060
564306
601451
882029
716305
407741
668969
897111
334643
252208
511146
629721
627218
158316
638414
217500
649883
828930
401698
205583
488916
448391
516614
159400
166298
493156
201784
673224
395161
198473
266690
588989
342247
881569
311677
48161
893213
325665
295329
452767
847571
523067
191466
685589
389367
331887
681768
793557
586
253920
135939
269318
172279
396836
247465
255560
767249
12950
501526
330933
811751
274278
357759
542626
792391
500111
312891
843621
21453
449705
220814
472784
126053
720597
95027
504379
601701
648342
319749
602720
610208
334975
34122
757984
623048
499239
896253
667043
281731
214329
401590
239933
693097
426216
556024
434667
878647
855136
10711
149373
553299
14968
281124
864398
79389
295971
376535
504270
639182
524197
184120
358849
591920
618947
342890
197376
742970
716275
229396
404189
489990
214419
302828
770467
496688
377045
814690
245340
169517
810200
138599
66541
337062
480146
123097
259580
654608
132073
307724
378098
361129
200801
655798
260346
221264
681455
848342
376841
168097
11404
72642
339704
24973
759078
549453
746349
486514
480560
590609
249848
583900
214810
769086
66009
686199
590747
608575
229407
228400
526762
827909
521130
806855
319501
247506
529906
543987
683048
893732
851361
326162
108791
62269
28091
395115
55159
400171
735710
469122
41886
586488
371780
502071
60011
433456
378437
431164
297976
237386
825754
485201
195116
360150
451068
67678
58989
62689
864203
132844
606834
13000
571306
696640
641303
95095
284936
74869
9002
655964
686650
764373
803554
785548
446307
223572
802703
660881
382869
168745
493324
740048
386481
650281
310449
844275
645739
513570
116261
852375
468073
105617
625073
667252
549002
570048
505264
193988
138979
41280
121794
86322
886085
497982
278816
742465
762682
144645
406185
491414
470350
8593
129627
553091
733354
521547
42302
651856
473019
583590
84346
350184
284177
406548
879944
880733
236612
131941
819750
553945
129585
161950
158468
764963
47138
581586
87228
205130
565580
717184
700383
510321
371538
317256
208777
602487
871815
809195
187926
83458
374928
694494
359183
137991
490791
454666
258685
114328
424476
140484
425342
636362
207798
163652
540756
653058
737975
896356
788411
654332
750206
45463
670867
456280
393926
144931
6843
314977
647020
657724
749791
67963
772878
13119
139496
524329
342254
98919
401138
103960
750774
279664
856603
96715
633749
683142
295542
157347
804583
29544
332543
392491
685427
548031
305930
198078
839406
680533
814900
641269
750782
806612
370107
154865
328985
732476
708650
35201
895787
460319
518028
852881
613397
60797
401185
623951
512243
316856
261966
288603
633110
202003
609039
701258
47024
720908
435976
521655
313199
507730
117273
321607
419360
751589
531503
465239
828533
260681
142199
666692
117441
748198
790702
839799
595039
494016
667252
215179
706451
203757
2879
374844
444520
77560
846540
148174
95321
67826
614608
85655
82315
305647
318188
795914
407
246468
563775
697313
869446
646299
246485
502822
419700
28880
265246
648190
739543
626284
604825
794771
57081
337883
476943
727740
641377
297964
512988
443947
210097
266372
693927
350834
41736
815936
391379
127379
792518
834501
33135
327203
254672
516517
841160
844251
561866
117521
62654
242267
325121
667637
168147
336058
312363
232277
562240
112814
286949
101570
77698
867028
775548
182936
337745
147165
793640
856407
341618
846710
1106
40412
770242
846002
475223
568092
370866
534934
253156
340605
99731
166016
139777
883952
181031
609205
847146
479918
93366
872838
121976
849358
262818
387870
486047
539905
700082
433035
870832
217386
476619
550086
23487
724669
582621
24736
847071
340307
395449
614091
547529
56199
373217
323491
17115
25105
728759
749911
794717
64156
748151
504088
595519
551045
203969
60476
400062
798962
23342
221071
156869
386381
536164
897656
460976
247484
503972
835811
304108
587871
376609
288144
343098
706501
358411
862039
610835
5194
483785
237941
31237
217073
847845
220376
268060
865818
483906
115524
467708
463937
548936
414303
564842
841011
600768
14783
629386
445997
127867
180302
746850
619475
424844
591479
122334
117449
20086
405968
596909
385457
376224
610947
540201
112898
857894
220891
510452
603170
659017
648
190109
532448
451366
880014
480162
601072
726755
781264
347472
37540
114821
810101
559781
105475
559200
748948
331447
710504
801414
893154
459725
574650
265441
806357
349643
387331
102171
791091
842411
714704
26138
175132
815910
283460
517450
77329
296595
350745
687922
452223
320006
301492
445384
335788
357402
163812
663776
112733
616905
145143
563551
9249
176983
832120
187247
489502
178287
897576
661451
131318
734149
453336
480314
384469
157019
513633
579832
542618
565343
170881
32912
185216
504465
156403
466726
582183
344195
102473
453264
84580
566553
791752
350405
730498
139503
753759
838670
24275
205402
888165
16153
112791
63911
439823
347468
338375
621375
644171
815766
79583
102796
437661
29057
902
417621
581107
1604
309499
819653
871014
637141
812414
658794
149712
353115
574839
513178
682660
685506
580967
402415
848430
458856
12266
638643
162088
626260
635974
215895
874582
147334
487026
231453
151456
856521
297094
293045
880169
283525
202299
617348
401328
660178
719486
216385
514115
185255
347158
359738
478746
742031
321231
219059
810359
385693
559619
468686
267416
50135
45381
302918
341526
657901
44137
43029
232062
856205
14611
514998
127914
554287
622170
636229
344891
656075
393433
486530
320372
706795
629298
830484
584182
8090
767391
596682
401620
704668
45847
825725
103794
631511
628569
870225
408223
444591
17111
494746
624012
426064
372866
899451
273128
620420
660910
240554
744537
730244
893410
38160
321113
91499
623967
898700
447755
525510
101707
123511
110040
322856
743992
487458
117643
687802
722517
894811
840709
85104
554097
196975
588381
205782
589959
720681
838712
222953
777547
803001
304609
835586
97007
872944
524613
861325
250962
721639
459501
328376
899046
696959
348537
637959
190492
610818
504470
567812
663758
516457
549243
407859
219721
515832
821030
477156
407093
50404
849294
33378
813859
45332
146564
781192
314290
784293
830923
762355
642557
702823
762545
408851
122212
462469
767977
554011
230390
264866
299559
778199
136504
854111
216567
794717
385237
232537
71802
650941
730209
775183
370142
279282
148459
511553
144728
81210
712703
448339
696833
593282
774870
83921
875178
664283
750683
759405
70493
585097
421082
39396
550514
190201
749702
503135
407659
550546
240007
270550
559341
471301
192287
846510
23099
243359
11128
718498
798448
71229
507212
111967
133113
689886
451215
508010
522861
274324
355645
92541
801546
705236
785468
729582
749965
501134
384846
120656
582701
407254
593205
177586
184980
155776
549218
370790
532059
812203
882877
271613
217089
464820
775755
296461
212360
45707
217662
574036
380461
392034
743039
247062
262562
213314
372688
363619
250121
521432
872705
844596
875183
480205
745906
8115
825890
201907
398240
135770
894513
531195
45581
110996
743326
710307
441840
281856
492770
141548
283414
448213
759006
66890
341012
790815
865850
762421
250027
288166
786556
336605
826358
649871
440518
369786
637042
846268
329196
149505
660746
842287
600880
25522
62623
669805
601852
287694
300688
105021
201564
423751
622444
752143
433493
279887
789969
423833
811974
540722
522527
867869
316537
841888
401247
821926
684262
4674
77993
494641
899813
254862
773207
172457
376141
241750
225444
499402
690158
707706
208735
609511
770823
793182
247250
102216
635333
896086
275146
864171
525754
512957
130946
237002
335765
404645
629776
300125
748259
412009
708204
152566
372897
89791
656921
546827
689373
242953
102193
552145
162025
130858
569521
836195
831098
744886
678334
864098
249379
560066
747314
648310
696489
682650
493767
601683
889539
881233
597407
138487
221681
876435
706734
545807
130965
638135
197764
632442
752882
838864
13915
452933
498367
341474
17529
454965
720936
831026
4034
874851
759234
810711
169662
782337
796937
796716
331330
12443
564216
694311
578814
838169
179171
211587
344962
694785
238324
178746
4782
678233
418177
884047
216596
408266
358215
41735
392748
584384
143493
710967
805268
560013
533623
287961
599970
809582
886380
154424
112008
332646
58631
550155
148258
128102
245775
155039
840510
765038
671123
802412
160521
79308
216254
749449
25234
504067
298802
731484
418845
150536
651652
341002
864967
371142
640916
442540
849
512673
543400
142402
651563
781047
313796
696290
680830
68323
583304
673801
321493
794587
711877
866194
501161
521401
25533
241860
394696
93846
410390
560901
837474
888530
547515
116621
880783
683729
172016
604949
52576
613823
768271
557646
32672
219252
160932
290190
649927
452403
509153
9638
757404
532460
859743
845231
604739
621505
467762
745794
791658
855494
452903
183398
193356
746721
595932
721732
844257
701105
76924
455543
875747
527756
211287
456576
793980
313312
291290
155477
360881
214330
718319
553177
885861
156005
37972
458439
827403
377611
398864
33416
841581
707607
254456
850564
379282
266298
248637
863125
886767
133196
173198
539415
474765
827339
439890
557499
473906
89279
778906
198235
715407
685438
485031
474184
671398
550315
780632
338847
494933
754872
476813
862298
683107
59853
266429
87202
529990
732769
35248
613762
481263
363013
753626
115063
472915
81984
299029
687364
22102
781141
27033
796354
130454
655777
287707
578741
174577
29952
171232
63353
511476
607919
459036
688379
677378
639212
245835
328548
341373
400921
681226
590384
206996
642720
149427
645981
451912
72272
524788
80031
651196
21766
329131
816304
767737
401895
229888
208133
73276
459273
105887
727131
5309
459730
525904
586896
765021
784856
690453
235695
675050
575335
41759
838051
886385
873665
388909
178860
717634
60991
318531
671664
472537
575286
808259
733736
839694
135413
264362
264635
676058
564106
63113
424617
259108
100293
833758
772157
121447
586197
223279
689542
402722
115310
513539
634527
868541
650571
500957
146473
786674
109584
825269
62106
503039
165321
152789
748815
204103
468942
251629
93469
871359
274728
94387
511621
228188
803469
510363
737862
645367
685799
293262
181197
352249
528050
427882
534311
270441
640644
259254
357175
313551
232776
656192
806082
241572
659107
63221
656328
637016
2807
85085
277197
801472
276549
72272
274037
390426
22125
132729
500047
614782
145586
90757
46312
479043
302617
756328
183456
246538
373999
822285
443674
91563
645770
262583
390508
167387
880168
578968
277815
430839
810868
215949
18992
223279
410343
493909
557533
820625
561226
509005
160571
172433
577914
201289
163164
602707
564836
130288
655790
781429
754544
199604
529238
743355
255291
257677
870556
87960
195132
867186
79296
897749
581736
715987
354698
426498
480176
274773
323967
61975
780136
546507
636751
347909
738051
452013
560076
856413
558522
24120
676277
312829
700427
161058
22352
250547
639422
804376
844662
179951
547331
556982
152903
687593
759095
803489
153759
604076
874406
597797
452449
654654
276650
591111
680719
807308
499761
531078
539420
30455
345757
534002
651320
93973
201156
374153
128811
558598
820344
99946
55581
475796
658881
235672
535057
190981
521062
507053
648946
751169
214507
750872
279686
412474
896468
81716
799519
557820
274056
52519
7184
514067
784433
103892
167965
319027
455231
866141
788491
651561
747884
246712
793910
845308
168858
543244
684769
140510
207705
92617
305896
294261
100613
856194
672402
822080
75339
863496
493859
79848
329292
222980
55597
833318
824859
749168
850982
4267
460928
316146
51572
354895
119359
415958
13189
71961
838067
890503
402268
82728
403955
581130
670501
150748
146518
753400
488106
143012
792179
881622
701374
679461
54434
474098
833078
816195
581726
274523
219672
666863
651115
621053
542955
89933
363060
683352
747470
342433
569774
311901
807749
362678
172569
209349
421517
538794
235300
123597
49681
10201
167439
1073
458549
119333
138124
862116
550895
757535
594335
642377
6326
175797
364869
740498
366131
221815
743568
357586
7764
512583
737296
809345
105727
379197
507886
897612
421156
628340
642386
418134
226571
588277
741636
121391
463372
519069
860111
249518
44445
109262
311233
782702
388870
216719
646768
17507
429840
377313
812471
429592
544476
103039
238237
147047
898833
687376
305047
131828
718061
346157
379235
828262
178844
813833
84661
3042
311367
435906
431183
504837
852995
237763
46761
655262
501514
894355
401233
176359
379591
490718
477132
347678
8843
107709
322874
617220
818012
220836
270135
848656
448269
422057
142845
559537
126089
187628
595943
337791
163177
680199
161809
666237
272293
322931
111067
804205
410535
534388
72652
114319
570203
585026
804179
482424
862114
677174
836617
411531
332998
479405
225651
434902
174088
654556
347491
212524
393653
3792
208349
265274
669175
109408
344695
408808
625640
191634
879322
544943
368065
622886
313254
170609
890384
461059
55505
466553
467400
135132
16495
545168
617554
567423
191502
848345
235426
834042
245945
153770
334660
414506
311868
31687
774677
111585
767943
6461
522286
458259
118059
412567
463707
625085
829601
69121
499402
778483
422506
420791
296543
518789
750769
17480
658501
97453
679565
469133
806334
387287
253058
609440
247611
197101
399271
411034
835015
596286
293059
366701
354429
201579
732465
793499
254171
829134
831298
727665
612014
257351
531201
711300
783180
868644
863633
328998
452225
582988
443635
605317
831297
512168
105988
361793
533277
456622
617091
272263
74736
509580
876145
858126
728697
530445
407280
382189
192611
301899
474670
620856
11839
236946
760059
805685
596499
809517
391989
433151
179564
423599
495781
112598
299439
680895
143138
641281
16366
732705
416564
705186
758550
258365
125011
78100
87172
285807
899470
490243
315864
484202
810535
823975
100417
477161
210459
93279
22808
546388
505535
144358
319113
580971
345382
168213
582124
520882
72576
485013
422834
487193
231901
259582
406395
705959
879343
64081
730212
582499
857196
13295
333277
298110
59666
214260
854585
644224
608102
189524
269695
853357
120821
113520
187965
749268
484443
675380
824828
313172
106338
472592
603726
718091
305698
426737
34724
329821
263271
259612
26908
671005
692464
583014
342616
513787
574100
420467
103178
510026
475295
37353
745291
859181
171194
45424
769931
732733
297480
40136
502402
632025
735148
481159
116549
636011
8968
852397
462036
546771
575457
825830
114769
169810
880062
11452
625547
26517
760719
575126
330296
101212
630411
592658
758241
325926
358129
265306
654839
648443
19568
393189
79555
705846
201730
899565
234939
746828
691955
41224
387793
387773
467935
856709
381381
737846
359226
2277
373979
473153
474345
118868
379655
759978
794701
821218
845605
142446
356576
292739
450853
370882
149784
67807
216483
251965
283720
812694
417749
535203
762278
256180
137469
471024
531655
141709
439070
848349
877958
438005
163276
748049
456740
407422
85500
691111
242634
34447
652282
509080
534378
868446
538682
270853
412803
40970
147014
179940
189634
377623
620886
85124
844805
347782
379101
259198
117948
395664
197888
802810
807369
503296
468898
5595
426886
117866
290138
253448
590405
349164
38374
539064
176658
17375
15161
841497
110485
79610
252847
488830
313492
818979
386818
634018
583318
292754
540565
847709
319521
470693
197005
866466
633253
680474
517344
693042
300818
444972
635205
84737
780803
520780
23595
449282
624286
601179
698854
373362
637971
582818
859364
214750
820738
285327
260477
482130
394970
444300
632937
451584
699964
704509
352683
121865
681214
299350
778635
708298
564619
309367
357794
472805
171655
867813
492334
751371
768241
772358
604901
412804
306113
114680
643879
788763
443761
573806
862700
300872
644535
895560
870812
779963
821136
79694
346397
80450
471865
61162
309447
135191
691447
141343
376660
445673
204278
784265
499283
117701
305231
501458
665531
38626
244770
329294
683708
812326
574115
779316
395730
698327
307921
349018
218835
334370
731649
739500
313192
179522
42265
829384
206968
285453
729945
176473
366943
871489
675508
330765
23133
294886
434747
5941
438059
287456
247035
139258
247497
459444
146109
283030
418835
247252
590059
539350
667890
16617
538771
563658
804782
569916
595556
549381
9633
321953
351156
126872
557671
244704
722436
693446
302610
126753
617371
417507
25849
264659
43375
394574
444592
330970
420867
198152
239636
190355
310058
723855
202909
76837
574122
698844
834645
452581
104251
831158
794119
3109
186958
480624
150481
49371
61675
705222
53268
224842
623570
54863
782986
536687
898467
66655
35927
182762
374329
467580
893783
838887
780978
426331
667639
16424
559146
185623
116096
627889
487012
295533
486511
741263
690506
342262
230304
841382
190380
753058
501224
348373
45636
261997
635681
8968
225370
179233
66464
58842
122212
524488
189410
148517
218501
703244
804677
22312
598966
621806
596820
673715
424611
785311
684186
684114
839148
186941
828088
309716
776395
696686
395761
231735
212693
508498
536450
503473
169561
478952
93743
880157
181606
817376
207225
375937
678826
457688
592460
732248
172244
454997
255572
336257
315
68800
144719
291874
93944
4730
193725
287450
259213
589661
340757
405090
156265
418897
449490
468991
608420
1928
705290
321992
357
299927
863486
672494
360035
44817
406573
867884
56967
462497
93444
635148
628529
463044
749008
555732
432466
391296
486420
609067
389110
79173
788630
560620
462564
378527
272595
827558
175294
92565
164819
265229
443203
834401
214167
164225
714452
343308
447215
817112
810100
576741
38248
495787
440552
747518
884259
326490
41981
430596
375264
535773
513577
524537
583929
297416
820618
590415
421099
100761
829835
224002
381903
599777
711109
527123
621992
50669
242722
181821
203540
296785
121533
698102
759813
463248
425893
879300
882954
202762
231199
471129
42790
590625
365451
561740
387682
446602
244543
153973
881054
625037
401968
436229
41250
436441
682768
444800
295475
220904
796977
533368
736994
268457
556487
53223
614750
310704
630699
316937
214377
212982
589819
312435
445896
700046
865631
435732
685972
853094
891655
580262
426318
426710
716721
490289
90032
823784
640230
410109
610974
726723
324
848337
219770
148982
266550
791661
636727
862142
811743
564032
117670
289684
397461
3399
265292
106774
94794
427811
326453
159600
385543
161749
772193
455207
343633
574745
486716
536962
451309
349180
837548
118325
591775
753532
853891
508715
178478
542523
721621
776879
314820
317758
269187
502999
231345
781608
194069
140142
297935
221838
375559
629021
836865
145943
72826
343317
290548
360946
371467
69659
301511
514580
544833
122672
571143
691756
316480
646332
515155
344005
258170
813783
23167
257208
807749
88307
90644
524523
247496
845225
305075
676233
299887
883551
69114
47167
124350
840083
725760
363377
632641
454599
464506
394775
715618
717065
269376
392823
718356
353149
294313
318464
669868
608233
766771
834784
779728
167709
1344
810883
99368
30941
701146
505864
472048
2316
191158
409377
630031
421686
158998
561384
329442
430555
591305
350041
339538
729043
600621
470640
352356
886754
244949
382015
555183
479738
516165
623787
121896
243623
256026
541092
101209
11611
815815
518783
182448
566519
174745
210898
432787
291314
783484
27884
659730
