5555
62574
56935
666357
716434
974191
139694
214103
606890
297661
579238
184082
200318
605903
808791
446106
883074
849304
222156
132665
140484
720260
767718
522017
314579
891681
731100
699104
881802
838235
635986
86385
858940
575520
925717
583406
393085
576418
36401
214563
37707
15738
664623
460927
821848
877930
387695
910820
467765
569723
764765
513565
472604
309829
276243
657711
637466
425037
538059
744968
27479
612808
846527
687828
377475
81790
34271
962479
801567
777098
423278
286709
605926
540926
424890
425012
577622
525091
923446
509315
747806
841950
405366
25004
74469
808749
484934
391300
214452
982353
967142
519964
209410
470214
289894
504336
339547
911982
415258
233468
975276
763404
393915
981071
762413
447659
880666
732535
878443
195935
789889
670140
338225
31779
287528
816041
643538
437601
79569
183204
766358
265169
903425
264351
512703
788537
17435
806439
432951
156690
47322
427546
64087
691915
718698
273846
997014
547239
368228
252172
926860
776833
623653
893331
38818
130608
93961
936664
582809
279621
89929
922707
560563
73457
379951
531414
178625
528260
709745
509726
651082
317584
486386
91020
79765
176620
251793
879469
869588
350548
226155
42421
559341
795118
834036
989003
59429
140391
525613
65790
227627
869628
563266
5205
598591
592597
200836
451
954877
244939
410878
134201
668746
312650
369846
713878
494042
283410
852162
200954
825755
483927
466755
115576
798273
764169
706115
996713
527343
200046
655399
526749
606783
774826
262993
460269
942958
406305
648980
627180
641063
12851
563156
766268
240170
773670
215354
734972
594713
99938
782482
881823
532255
767317
82881
279192
404669
153783
159014
370801
469555
587559
832971
815740
570887
523764
977800
813856
565364
624505
307636
193493
629682
164960
764297
255722
361054
992199
674259
94595
825223
73599
458581
668769
997012
794608
404921
960410
362709
466011
613745
813799
77156
365432
947758
999516
520440
690686
470460
550386
268742
769857
744568
260032
289491
656437
923247
349961
845275
928848
79637
396398
365911
245006
323935
555780
986799
208974
413309
558720
593916
191002
97975
408527
928248
320068
922915
691459
468485
877099
873536
759911
228758
877341
146547
420019
409790
113686
942107
932379
985747
420135
932627
584001
600639
798642
976579
206284
353507
382290
199331
199824
505063
450071
878606
849196
558370
773422
953087
249715
219299
168864
339242
901506
994714
770737
816441
955889
807206
23272
25697
525029
531836
997679
617953
161537
472240
509008
519191
722172
919652
338591
479551
116046
133239
847624
36612
891351
943324
391317
102771
947078
72256
168909
235401
724357
35809
784159
411646
156928
122703
386389
182890
463497
290507
188564
576049
592545
536651
579822
560025
207078
114331
62308
427836
821336
44125
984827
772377
632137
823217
994233
395204
727137
474607
484028
469438
747275
203089
534904
986271
437376
963822
27531
554287
500206
235937
314047
496661
339332
603336
39451
310567
143133
362665
531366
2784
995910
186478
24761
202735
421934
94225
881792
113708
81577
567571
638541
427109
525729
627365
498456
810135
17561
612650
569303
561849
792159
226388
232758
288305
126094
386283
528308
788842
257213
296428
783514
683005
453896
509006
651479
73996
471672
974880
175421
180462
26514
762253
74578
93444
813241
609474
204820
75178
456000
38182
538701
151498
993424
548424
998542
513034
724146
520471
14539
275045
174907
456906
299667
720855
202641
726432
61034
443250
88605
652225
416132
379598
2959
985220
272288
969885
694280
600330
553727
662557
491369
703047
734656
80230
1014
339489
633050
495075
241190
721904
292469
745949
315081
886694
884389
452211
895766
147912
371908
527718
386896
265050
275498
316433
891029
711642
404748
3254
985219
294434
848622
395123
999431
745008
573638
968147
428739
287811
56303
880768
603163
904476
432390
609815
204701
964836
909989
727124
735371
163436
984954
264108
218374
788622
883075
275194
907800
117683
439784
758289
352861
223854
944500
950896
468751
942086
26737
160339
459565
399058
86368
327654
274312
97660
162642
980948
29290
260519
741606
94398
953251
123117
889376
555656
123761
504257
512097
44109
39435
584500
848777
98866
826954
241683
127526
434072
730101
170413
922775
983851
850983
989810
21057
802904
898783
776054
827693
588571
415588
499989
601469
227190
776467
841777
140233
909053
20422
984855
979739
573582
389667
386880
991299
243615
644734
989619
592151
927152
688300
292872
490058
847199
188069
133319
321447
749274
794901
924334
631339
996398
835391
617425
32381
135230
422862
241692
92683
948368
845178
50804
176706
732546
95251
86332
8617
683034
293230
836788
166363
831419
954921
442363
231455
604146
453083
528309
524582
605680
658397
644871
488608
38291
725232
886335
414843
519965
97290
777233
160569
96837
97152
307260
540332
865196
125073
690572
262225
601832
530764
737272
216199
737597
385311
154091
456362
923562
875454
205600
610832
64479
379948
435366
228192
277196
358057
520451
50698
498068
730360
193909
749990
488480
204876
102739
591597
315088
580815
66515
477454
64653
671630
42533
151214
954042
32835
121403
695039
792713
836672
625068
665851
650666
940854
492782
887230
836765
848992
67713
718654
500584
456271
167403
913448
531237
309778
650846
768471
429491
528449
570613
850355
772429
522919
265245
756388
114167
7433
604433
318898
26644
866263
675837
931771
168597
873966
687300
225808
419788
265928
110237
410796
475038
382209
15384
48145
863447
972038
409791
35777
982040
167772
801879
310614
33067
493322
347078
961470
957751
267749
494990
461399
525455
594550
615863
734755
954276
835465
111627
562728
830107
717589
306427
540967
230458
645891
452831
798518
798331
580253
821275
693244
461187
663572
317533
845833
819116
608814
263426
116624
740542
735818
132376
661250
923197
600273
783934
801799
315292
356347
300328
634779
903375
768443
771775
170627
699838
862792
969189
617387
645461
945097
725398
443742
424120
765789
373226
432801
621524
765700
681143
58348
170577
508845
644627
420678
566436
960284
316471
806716
456192
573943
893695
359037
686572
380142
769101
386453
247408
697990
601870
916868
683753
949632
36820
208763
651068
574954
462371
964722
743207
341505
84039
747113
619955
295425
171490
773433
819014
694092
153092
50645
591508
659507
167858
167715
379190
277923
221129
695409
442387
311342
396989
394261
396986
318197
744122
622310
332370
645680
141675
916240
937769
75930
689752
244312
830632
850747
965674
931373
212840
165203
46986
691879
929757
258528
394984
82527
555888
712717
532504
375337
361195
607159
848214
562162
844494
121820
137706
337459
154046
104610
8614
422671
618845
956802
546957
130127
797557
799759
539342
489847
473933
122599
831341
561157
459550
594421
4291
557829
765279
229983
848604
588308
807101
226387
342974
806383
843431
304105
844553
625783
318021
302645
965114
129731
669320
598125
325833
907874
792988
459313
558067
933676
845435
182651
174226
787907
443163
748452
285735
416107
148551
899663
943930
253251
189132
343287
783001
229856
802569
361873
960700
462405
977194
350813
214921
392064
82798
753935
386994
202083
920995
368404
296380
512606
285876
722243
720347
717622
973849
243297
214649
199396
244908
872977
96342
812172
703964
270038
81418
442584
818618
242502
252197
230961
670577
706766
900023
791322
74131
422364
896491
41193
493006
980909
938894
802914
415357
473971
975982
803697
528026
162593
819037
900484
136978
531159
270741
755651
693425
284069
834165
301101
940412
232510
290282
816080
140574
710331
117929
68452
858682
471048
801048
966661
704607
582767
344908
540364
533210
950783
358765
306761
64868
926936
765942
273566
201276
928342
26969
362042
854032
361432
515135
946801
179285
579180
105965
668597
568566
522521
94338
793780
293096
336392
914781
128589
362332
208143
691291
753775
187342
990939
343486
354001
833339
24122
457769
41032
976623
310019
384327
941256
556732
34786
100364
793785
236359
717892
909651
3573
839804
693467
56807
902236
374113
825934
702622
724117
264520
459905
578846
686305
815070
197820
674627
904093
530401
141114
798617
581588
859631
56465
926660
612350
84089
673784
444863
913690
459670
101690
748417
742115
63092
68406
361915
64497
631593
412816
855102
4079
599464
198264
984250
468277
33743
49109
420194
974018
683036
439565
535979
63575
81664
891060
733234
232882
395916
537230
539453
337318
452808
218306
842778
749524
832354
191774
421539
955976
26756
731457
429027
7986
775614
166441
257235
995966
519202
319066
445117
418643
995887
945639
690690
477861
480165
840608
197367
214904
426808
469656
807657
171506
176721
632193
268186
514059
761926
751811
681843
581109
499925
812208
481711
843920
131656
414284
241810
435934
170175
144186
357733
373663
50683
209411
795794
936995
329737
121781
558115
846721
147657
609640
665490
162592
964826
696284
614092
890994
485859
886590
296135
157761
94465
319497
458108
646562
668808
379465
123395
455046
655992
274427
672075
294702
93502
509137
412274
323711
994595
152658
802375
771691
323477
589981
739673
14799
342032
868429
584443
864604
402793
831864
862424
326252
616119
31122
954925
590518
237470
750704
869287
454749
729849
497958
696089
990114
471715
858705
132121
950330
146979
6768
131960
617467
102002
716141
300381
195312
788521
610618
612542
931915
254924
515479
673978
477882
707629
196911
15509
918610
738046
284258
459984
161512
344631
409822
848740
39487
63648
234086
572379
37403
506811
135413
13644
223412
280402
807931
984305
745350
703896
260550
699174
819141
777983
646972
433728
149845
177157
219656
219833
943003
68165
500307
571819
960293
890759
173503
510535
983079
298101
656972
789668
585057
566979
306644
282842
204841
561452
336104
405526
146130
311061
25865
693645
973558
670861
142784
331790
822885
105974
86298
567983
858218
315773
715972
732841
593398
912260
169471
776960
579116
533794
331071
878554
204168
669952
520870
429170
755245
260260
350296
909028
270857
758026
410042
343272
784871
97326
530508
637084
995856
738471
397281
187001
959391
299181
332535
885480
405216
150203
15159
298477
128676
887759
433226
591681
865188
192655
128789
595774
618192
850182
897235
828212
761907
898827
343950
639705
983236
377282
513274
349660
366859
569468
511086
293658
456685
648058
692992
417258
217367
148879
665211
431891
832579
697955
950719
874845
121578
223443
829366
227908
465862
734070
95150
683721
642050
682939
391832
616356
712705
736622
325596
368276
46024
554265
15895
146838
238217
526727
143282
661236
664141
613732
307104
982324
798589
640
301876
8306
766988
329522
963740
539400
808644
897497
49918
770537
427820
578494
850733
830285
761748
489429
163592
2374
158013
133667
405295
528882
554343
209337
156451
602889
174263
836254
141689
72918
746309
154507
903483
273667
742336
132559
464731
235853
655678
917907
475477
213846
631844
892856
507936
273241
623919
375772
984464
238392
34716
861052
609675
564337
766330
245875
822821
785839
622026
894753
170907
754685
568208
909351
412329
640597
78841
193742
278216
315350
528936
592135
681992
192789
256415
739981
792837
664842
220166
313062
301961
962219
929307
850057
935806
938071
835831
280986
415310
256360
356921
758353
113113
614699
423185
210168
800914
960492
723883
688467
547255
237546
154421
963737
608171
943081
85519
298273
574513
615015
442830
171992
621511
912358
804141
693487
91037
999848
846033
561745
66032
124985
386296
232274
423688
928230
391933
511203
878346
794443
402826
906817
490106
268362
55962
197615
541457
476568
869993
911448
222903
430193
197755
998742
969438
367212
770822
13520
903098
719209
427134
130941
321824
683238
871099
453512
57722
907313
730248
760012
390693
133688
330954
674494
786279
545916
858827
141866
431440
916132
343842
767318
962860
76206
13377
876227
996450
850496
924251
607057
640876
461405
49968
611202
745651
686515
807350
547927
527302
493264
814949
924182
919351
270709
928671
436013
558354
34627
430523
187888
407483
162002
813549
99455
844643
850337
49811
453635
109798
570791
959646
934935
194308
809864
256667
354499
658555
610339
86109
837731
93309
180232
7881
253478
358867
530119
903166
840114
796430
586083
698719
46629
889573
787878
833278
901367
654448
210062
27750
278523
794176
977317
150853
788036
757145
13486
275828
986276
280333
170875
673765
890256
924790
480796
859688
470175
356303
797362
431450
954737
541871
757281
437162
692269
903396
457763
551177
32738
761512
860026
818990
928015
346818
17150
78915
519294
238012
29524
123759
314954
945340
720703
654465
19010
40002
840848
231669
243878
519357
292729
62695
598670
284746
513600
696017
640298
988618
174274
132516
585118
413928
760542
197282
481218
57717
787340
165159
886915
289405
541184
414041
266078
490611
941925
946141
764087
196521
44838
78174
462131
594146
820057
590189
931250
976580
69384
72899
827756
589292
104478
662433
449127
347356
179435
217944
181522
314511
105876
132965
617345
445677
801562
709876
502726
608538
820677
695173
288552
627561
175980
63532
325315
970671
440036
275890
141436
121842
738051
135194
370142
448511
611407
855486
925590
590938
706504
84694
392839
656656
950031
163290
380299
907305
649202
470912
684232
546298
705749
96095
976298
391126
980926
943924
232130
62884
909436
492865
982203
554508
800373
209619
323636
730508
758091
245789
245759
283623
251819
26304
125750
368636
338162
956332
332020
290676
814651
720864
517111
925205
666377
324493
572240
764596
768590
566041
833156
677767
590806
614847
401539
653016
927443
779411
559682
50518
863493
201507
618423
748038
703685
888633
814961
224470
220783
556926
668113
724370
307050
37049
111208
455152
684502
216564
773935
719749
98448
707647
525277
28571
129124
809678
338153
888538
757328
753853
402460
544802
570737
39156
131985
142331
871053
325542
608525
583460
707324
756403
604213
69640
767411
387054
878704
75982
709998
618168
158746
340559
930682
674059
21153
703651
979676
184531
528448
931028
31841
997110
798678
37428
746499
428405
14818
817739
214901
785450
296733
249320
39692
31089
539380
478296
49802
654372
348193
68789
934343
509758
987365
654101
599742
404577
461988
335012
168113
109746
40093
512652
250362
704354
404164
276816
691760
123528
995709
803576
143154
558634
884151
416295
414227
817755
915107
768200
477922
947646
21200
755047
377364
34536
880229
139676
738704
248932
429882
126626
220759
142992
699155
979717
190095
981476
67449
49274
314538
952659
120695
30664
192695
365449
605102
764196
132229
260309
675285
816028
133359
337249
307281
460009
594313
982364
304877
200103
347174
802744
405366
664224
359811
484879
858294
634692
721363
886560
713803
715125
163047
453816
88226
231231
389369
743660
680405
771237
17110
489667
101663
185878
982759
55344
436152
285951
343194
562428
517970
311226
6194
412994
255342
3107
221607
485844
829595
381195
972986
27772
593548
399814
773658
964956
458965
511840
233452
656567
66626
110380
258235
727688
537684
193404
585724
606928
866649
280492
307004
148014
801895
584537
622248
193446
133492
455664
36025
782596
207509
962848
47418
237465
479889
895025
42807
295396
547425
86446
59332
867533
815751
230782
874215
473354
553224
336593
929059
762596
287176
414774
259873
375444
90624
491657
736509
259143
796638
787720
198123
485825
19961
119559
412997
319069
714670
796538
299250
785842
606493
296944
537012
469906
492794
153567
282765
513004
161232
613018
456207
44049
47576
891295
771775
117012
988274
165452
173861
954506
980734
565554
784563
964784
638746
403074
649744
157612
654584
835748
916607
564268
177434
179367
384305
732395
171117
772819
875555
529170
180927
171033
321141
542267
731551
392428
873481
906192
562448
666793
897428
333202
160105
362673
76740
650422
936332
746455
872270
648297
579777
931573
208019
641333
765486
350297
868014
165243
165557
952669
699613
951712
881834
331092
157577
712069
611439
978720
390899
138734
112047
926049
333693
566212
817267
248072
446931
533493
430884
274569
604340
439673
872094
50479
762977
103536
648236
889865
966752
221991
16230
711362
692781
505658
225316
588175
687102
48403
727198
58689
978033
307792
258914
584826
582997
118019
579632
519804
767506
550419
965109
417565
232438
880383
786530
8919
582620
825795
591337
708475
322747
869203
471764
619654
993032
550404
837890
788108
809929
288074
462206
492049
531896
949532
883133
126903
806288
432756
448564
687313
666806
762226
471444
683605
9095
362272
812451
443632
722618
667281
49848
779316
822578
275426
690515
220781
318179
370338
582038
448529
567262
329678
612452
215381
273338
688181
931221
843996
660769
257658
378963
378954
824436
904888
303764
316343
20764
899776
824244
11776
152750
703037
440430
272823
999610
368121
277686
762874
386737
485752
924215
90209
971824
293442
17956
484881
46317
475199
584317
508974
428157
123642
853088
269357
145919
216392
40969
997191
803561
491202
756328
693513
189485
938861
317406
269512
614407
928059
736659
985650
441894
915178
834934
876544
906228
848331
171218
805064
61060
862493
364682
531055
126423
299672
935729
128188
427723
151557
955208
14087
407201
847114
453141
520656
145257
611012
70620
243948
475084
100749
174461
121433
882038
778141
35113
714355
693278
548236
387906
278336
626739
535157
504079
236709
830500
518711
258201
241596
901644
824533
919268
475069
975993
351549
723341
309657
903576
387430
108925
94373
435646
576146
356039
950451
830869
529203
774500
499325
832225
984490
470920
156859
393454
845546
217760
632532
460120
693819
967339
85872
818615
404443
978610
21036
523301
324926
438181
787943
456108
670134
532756
74297
248721
407407
659846
684932
879479
950673
341882
666146
472370
529224
420344
527870
132777
704992
854802
810175
874727
275017
668732
308382
846462
206010
395269
968856
26840
617906
350449
240959
718427
897242
874101
138924
916408
726855
735055
776655
931537
776603
270911
7207
307333
796939
153125
939660
511257
829691
921336
865962
272004
243461
753184
313544
56151
184280
774642
502726
750151
408829
88390
650662
275032
848053
162037
742592
26344
584639
641844
651417
442454
559094
212296
541263
50061
664214
203237
775467
304368
344223
398375
331737
56996
164626
266476
515827
721972
804184
729548
361273
433957
495618
190326
256605
468440
947755
88360
149179
618581
37434
242378
785190
474233
264004
985256
101598
66879
203854
562378
568029
217892
935472
612402
832976
400378
395156
646002
354403
161163
601630
627175
23861
746408
45990
830613
543083
933901
91552
211361
448224
874162
7005
878629
772602
46193
527210
746291
876056
174030
431894
337642
611111
182440
684306
138926
94612
783675
316016
549767
621980
936527
152142
840600
425343
472385
587404
331577
296018
994540
17464
514420
862004
465332
323403
529817
220761
366767
574861
468030
830082
109616
583507
713239
929933
91888
447657
455021
657768
331739
366474
3198
555297
614837
894540
148594
6489
543463
840857
7029
53208
822250
649495
68149
594810
694735
988969
674938
86342
263080
451343
469981
918111
618966
816233
631078
515859
113072
49177
173894
107729
452301
842757
605613
723447
306479
682299
509193
587210
323276
663600
20701
558911
720634
440417
145465
456822
361654
790491
536795
419782
524305
329493
710306
792435
862583
213179
742699
567164
537501
856774
799498
849297
491718
759174
570855
677858
309939
837121
112370
830163
766245
679094
576260
128140
10192
815738
243988
193708
221022
484996
129234
970973
639004
677572
645859
784066
175877
311661
727226
346893
524457
299540
194000
491502
468858
826736
442047
367398
86579
733953
322817
43514
668198
688846
24127
597058
35552
584582
306649
910944
365690
850056
234930
783822
570175
894014
434996
282961
896757
29924
651751
144906
869770
255207
147049
681579
955997
461544
542411
896903
274853
51743
221960
835713
470210
353245
299875
52262
356702
222826
202460
236567
201472
824076
571918
619615
185901
380713
159592
488355
963259
504836
475718
824311
509363
729827
559787
679117
586914
623249
485725
436360
2108
621055
170909
233327
88942
301446
410242
727933
996863
966536
823729
709460
632865
92852
439739
271122
760410
698536
357139
107516
931850
360368
401514
406680
74264
153260
632553
314071
32125
905296
200843
120686
333933
159430
70740
879813
718429
863086
636273
747272
907061
163205
156013
258908
619540
668003
37966
385388
999930
899742
572042
293793
60119
854348
336361
339760
474733
254310
961656
619533
732132
167817
754215
969341
988394
865238
414784
181001
338244
196344
267716
835598
487350
753413
833700
942386
230923
362622
329753
595505
106242
655217
798752
82133
646613
972350
429333
320324
535847
166134
796459
946483
614153
291487
817286
312888
638760
801172
685429
15166
29591
717705
152655
557586
292021
173805
151977
389082
686011
905960
479665
30244
495844
493187
362346
547548
755193
47015
490756
668696
465976
594942
401751
204238
17824
539446
480956
853861
997468
103524
59272
291688
579530
797253
680294
493463
758758
488607
178896
305432
374935
922630
418282
877963
7766
283706
690939
591867
523575
513838
584840
356527
671062
120867
645839
164641
88031
589235
2333
587398
37625
562858
842316
721484
311376
173903
709789
324898
801661
197184
643950
333552
800341
936379
948376
713896
766987
965433
107303
773556
790978
486708
988342
553551
42036
725642
14055
212080
860344
492922
643837
905248
479411
448714
827990
886957
850397
865099
219655
539703
231983
400949
90262
422631
533222
820140
428814
267264
20151
321956
897859
798541
499279
822752
838819
860282
882373
870677
364340
837119
944415
503470
313775
657655
381310
771113
770745
941967
984871
149278
583098
399065
75438
228064
286940
69568
219393
130850
598934
77838
712990
498978
184906
322066
6931
148897
576053
308800
769258
788105
510547
252810
247539
815625
235086
447182
237033
945993
258486
11488
493740
112969
523598
331696
937638
257877
39872
371480
376528
492263
718896
876293
691597
960665
974125
387327
107700
444740
38532
965078
692779
566011
751983
360491
731822
866077
255019
634392
160047
694811
539751
692477
718808
487367
421784
983272
412524
250580
539561
342368
203979
207408
548880
998542
608980
364027
132540
613577
970661
384994
613034
568700
667325
679965
709719
40566
761219
852609
654096
248846
97632
505922
10917
82609
427527
575689
924668
61066
266196
706990
703809
600524
97362
182418
841147
413087
236119
745052
450298
852196
515978
905806
687917
188903
942661
132611
738896
685408
641493
228999
385346
922854
892574
311379
527156
713201
835164
308835
661054
926602
887300
788790
216459
637713
866569
679138
442421
90219
176762
357713
810412
28742
273800
411740
901519
194058
433318
561410
170781
100253
842825
134021
233349
243411
442063
574241
275609
868017
766139
204585
406241
545500
581918
708481
664524
694947
649619
553138
546689
401318
977121
377965
242708
606817
572483
427359
309781
577561
579267
889133
14978
665825
849730
778893
423772
936265
968981
171712
329367
863332
18058
486192
503978
75765
71752
294817
958151
88118
348884
599
227749
363076
347056
659653
962360
567274
284958
327405
236354
920392
498818
589081
369091
775327
619045
443444
481676
478396
857366
684741
860722
968959
573034
470601
260061
381895
769893
880365
198144
966333
899121
431973
58723
181049
692427
153324
676956
128212
973181
109400
677852
732171
626501
601177
630501
189516
609813
306446
564057
651809
571828
803203
755502
686262
398146
968139
565758
896520
281688
161783
347323
990060
658190
534384
396864
638138
824342
573174
329090
143828
492613
48629
809829
461590
159538
862785
644523
215196
421239
884655
230471
42090
239253
752015
723152
797948
354804
984521
401681
924203
617799
774675
963901
572793
113230
166476
820736
749689
816053
726904
787376
596894
831258
624473
629666
270878
989292
908646
40217
285442
100654
175210
302362
27341
150939
832828
971419
127686
82788
819863
407961
645604
312213
30485
804105
558870
774933
89165
781734
812588
618508
930181
645929
802789
186719
132886
85719
610453
826838
634587
371764
748787
477791
119317
873045
515645
476076
855839
311379
784072
411447
666248
171355
858152
154341
400658
421411
334007
321864
143302
277175
171910
307199
247538
233905
805278
147001
701057
925127
524913
75158
614005
709119
674594
652718
154819
595709
499950
510122
916106
278013
434549
941776
987826
356635
639081
793373
875421
635023
986450
998283
583373
835831
446971
669426
817874
766221
320317
11211
471854
511544
144741
601103
159879
387070
383748
575486
24647
703830
583508
905595
863764
328283
96386
992148
817703
907741
294045
538464
389963
962258
417177
712961
341748
525034
893183
808393
359226
442688
969717
828473
59632
328812
621925
417509
808741
621813
930125
230387
288631
989476
388131
699394
635086
825844
539363
780327
549948
576869
940662
482130
92527
469231
853568
809743
194257
688468
772359
87721
856253
433614
95547
191209
372061
552680
55078
781436
131940
449449
856433
977330
574821
317802
612880
642659
924622
332169
140107
485484
968517
588726
599658
786775
294366
134507
991997
768024
111030
319992
891525
223604
8751
232060
798978
452285
572488
661296
989274
555384
936151
982941
319075
399711
17830
648494
681229
327169
587368
102560
831791
415687
836694
83669
502700
876179
294315
16584
896706
411457
992312
586395
535727
586575
183012
278093
527168
925465
473732
695495
774583
729917
823891
925589
520088
342109
854926
626098
234896
294146
414703
757755
54531
284317
723459
212358
587696
790122
656298
450700
142083
948462
367531
18881
732856
167263
255026
694981
15399
477026
490663
623282
662832
882222
659627
984726
187971
68944
339953
193659
150732
194313
91319
905697
735738
461138
874016
41997
14571
313152
106736
696634
645814
782593
701347
304430
265300
366214
407466
617512
195499
969851
122307
223285
181305
606769
781428
476514
554905
933085
200547
193484
502389
126586
140373
226323
401993
234185
899009
81389
803087
364601
335824
452311
229069
507553
244724
811301
562679
284201
818530
632251
328705
778569
927341
105108
597510
751081
216320
863679
62734
747176
93048
507563
881535
380857
533276
120983
673699
726183
311674
552171
269138
260857
287903
269349
965692
606640
74738
747116
374101
934701
369965
875329
915485
575407
29113
895827
987915
525499
673894
689
598037
730324
855428
315930
245599
490218
575137
792176
923966
756367
596254
958731
386855
526308
970160
645098
127608
434962
32241
403909
321507
956852
116128
693118
600883
121682
695803
818101
136124
614281
478200
311866
357860
26694
405083
247518
190471
589169
265526
404258
451083
324134
542595
724433
883778
191006
717719
656874
984629
455148
495428
166581
650771
701540
870350
574902
275062
944470
352007
114303
584078
997176
761546
578848
793580
381217
467344
165306
102573
663026
771378
125426
69953
5391
79291
159233
7127
186059
42473
919847
265895
108642
985857
59263
445659
850655
552332
452206
980059
953502
665457
313205
94452
386796
596592
824487
603684
968970
785337
942068
866692
488849
793447
250659
478738
650607
405724
140766
794202
643983
291129
734311
344897
489559
28602
55081
588590
442187
136493
949993
815509
943247
130573
793627
167969
311049
4799
675281
549950
636389
905832
223246
936832
598386
790185
369465
880947
315689
589944
414253
628352
813134
17820
745901
151544
333999
41092
923829
471680
363082
328645
422763
519770
584268
276207
805109
553676
811379
288714
852964
995502
525076
217522
311245
348373
867129
833548
385657
382744
429154
79908
253042
266363
844396
649573
540478
356864
484880
796212
941160
199878
247938
359977
360761
860699
718009
657642
171078
781414
302414
240614
759075
913450
9342
114347
520501
224056
543626
2085
647333
776500
2814
692
188913
635073
322766
768232
719260
670284
901147
463132
906758
413554
459925
542060
810006
472911
755323
152660
514451
621860
563775
740390
959762
780900
565381
574760
523146
704923
133833
824200
59715
485115
333471
12220
103021
681157
507670
816058
261453
24017
142518
771473
220242
86842
281321
390115
966214
53736
731254
74559
100320
699579
409640
131679
894390
649232
921485
637115
878031
276980
980442
709639
693719
827171
199084
371216
870252
826619
932649
352366
596053
804610
300485
204135
749714
43536
866145
605409
298894
71067
594381
425729
782833
968221
876014
667108
615186
197860
558139
421816
837770
588214
795361
143737
311971
639070
258503
102724
913264
706391
164716
701145
699510
971604
953899
895218
659912
383338
336993
462394
947440
764507
87013
66284
536457
789696
732918
986505
5418
160466
169011
598645
469949
726741
468931
640943
521389
636257
298516
343147
760893
799054
406721
247822
615158
256059
21773
360389
98425
625659
611276
185795
65650
174749
376289
539605
542381
908183
932514
376803
126722
505806
857368
237317
56364
923909
701474
977471
875896
516959
266233
792859
548953
921426
292109
512546
482136
729835
771471
161270
357864
247415
437064
216079
470936
466261
792486
231184
990113
93526
865815
999493
175775
507342
293390
684988
224669
104058
427939
863101
893129
419469
50647
922086
525382
198041
555381
905320
757152
905687
560595
787800
896091
971091
27512
915826
274660
310903
285528
798833
237993
614065
169786
252612
824836
665540
123258
408749
423442
637224
195691
728571
217506
154655
82260
606498
432394
730966
345883
388468
756435
822579
348736
958270
668884
963137
133824
680833
170012
950390
955994
387148
401481
378845
663149
329203
335157
2660
822784
250606
613328
127812
688220
533904
180937
693896
812692
679585
991078
875325
319205
657435
743348
80053
393848
719102
131352
782647
520580
492112
897219
515910
402448
15220
104132
941964
963414
877606
570615
177508
900931
196497
850651
635137
234715
110541
313666
464958
299770
431096
197601
666114
149877
196208
270791
857807
234847
380522
806507
142248
846888
970738
784542
830365
143263
846719
303519
110900
781655
629298
169741
939958
384360
41451
923575
380883
981901
589832
96143
968690
319787
309691
787262
850713
494641
563655
134673
400694
826138
768343
38928
550088
244239
161019
917551
598573
207594
731328
763486
515080
702294
841130
232443
987214
233618
568784
76967
208558
666196
881685
301302
105563
552522
284222
379328
589047
155003
390965
196629
456221
23757
860697
995469
182283
940447
45440
933244
47402
898966
915978
921477
680316
287798
770531
550662
578081
622118
141780
724401
889606
302870
690502
323130
339371
260732
441941
436908
210382
10489
609997
588887
759225
158043
224516
105764
669157
743803
108052
442441
855754
826119
125555
729239
645252
668378
703472
968176
614371
15943
809419
150743
821775
155381
97650
546592
668886
75108
434644
809478
768596
151182
458148
468251
436350
506984
222508
429658
144651
220487
727755
560664
181631
910240
878797
77913
567317
423912
727973
767999
447624
665498
824585
332701
188606
105367
681194
23978
338578
757351
37839
188562
908796
460829
714125
119526
359583
307033
732453
431730
45999
372456
652730
100015
462717
273926
559213
843663
256225
401795
929559
509046
702019
381634
643618
233609
191046
753758
685828
35998
840913
585064
845274
531603
826746
686668
161181
960890
34065
180946
989827
617330
954567
851968
624884
836817
666874
622876
819303
550397
893214
408782
495769
184730
175433
272676
371050
634397
994906
955248
795476
632256
272199
198412
527432
915342
827075
606974
248551
160350
984008
201206
459097
92060
958022
62132
863438
407554
963304
476614
608975
522215
547007
322415
628160
118254
469261
765924
136628
955167
881264
502128
374317
736338
849194
68599
487023
4551
39689
587223
627519
957907
960311
657898
311997
564533
86368
146920
436891
927751
843643
342890
766201
783760
842808
527369
232543
212534
565573
975589
564694
227409
563644
437697
859555
164890
361004
460812
816801
204994
800386
233979
271226
598815
293459
658385
999873
207169
400137
96128
108591
10211
16553
257449
970233
868541
107901
320448
743754
551286
67618
35083
495970
442359
191792
806473
73547
727643
298113
953583
203443
693378
542496
84557
436395
103365
682576
882384
465723
927556
505270
608992
619743
669722
915748
947370
355171
407858
441346
640504
950678
707571
100251
95867
834414
566359
653057
583019
753080
274137
334942
485317
748217
418957
516249
779955
274214
65993
384481
103434
770429
530561
269209
105453
831551
176177
948832
98126
133258
660403
423804
701589
86614
952560
677474
872409
260940
899635
396836
201099
514366
755993
5879
55346
668295
596581
404704
626384
381248
225520
871611
349412
489500
872765
512744
496073
919265
565227
777811
309628
682308
240707
202397
532794
854495
720817
311660
500872
6801
265616
72972
32524
871666
301278
800256
788633
849457
138703
283753
483464
737869
679165
184274
542017
622124
293180
870358
66905
327259
842636
889454
319510
675555
820968
183003
937677
750148
943099
122604
616876
879377
380146
373101
80788
887847
206316
450796
655006
926603
62478
27753
263039
815648
384052
908377
30022
525441
519938
560919
704770
841409
682648
746408
268224
224700
580772
679337
680497
869466
119313
573783
975915
92896
534877
973371
657094
780466
586760
542896
748263
535785
901224
91922
336409
523213
655321
945605
666902
524655
16786
424991
623014
873446
369108
97331
715039
614436
113851
38651
353674
366452
258999
322913
325542
606290
107732
229162
689414
741542
815284
382784
572629
257567
25567
60506
617594
739304
533489
7178
847638
97418
609330
290722
9450
895326
877763
64004
761238
435693
951923
371397
824892
107750
594673
150654
722115
396795
289436
552943
563000
280
200311
219215
856398
633792
452600
218868
424198
749702
730175
318299
540842
505126
681892
253525
207475
634622
841577
707599
407882
375788
774478
659388
267308
781829
646340
519969
484838
306094
88057
27772
561216
361115
902290
658642
987382
392034
630135
956756
145121
787707
344967
562541
829109
260118
588717
571755
688547
805465
533322
920967
569823
890933
104850
500626
998332
302756
542515
246334
888690
560577
196783
154887
903234
402947
607371
917564
361072
808855
708959
515630
104111
962138
95246
4212
379291
425328
701200
57943
205024
149572
51307
898209
226168
19292
77761
232637
287057
603223
208770
602379
782092
674822
557953
255171
283938
473829
954980
882819
899681
117237
175734
665270
779220
158071
513367
948771
904641
684422
604051
798607
603532
561873
489679
766736
194297
174517
503839
208816
904847
885683
329141
344058
427096
349331
692213
717284
625156
157524
141028
976344
98349
798094
686462
724449
119989
135782
9638
734063
138635
309806
894776
460806
851405
460823
991738
411081
818311
399955
678578
355167
226330
550155
593297
7744
460536
751482
920141
768862
681932
273893
438540
664370
529654
719735
515324
994529
416756
308092
935359
190411
284316
450170
779268
254321
919878
308712
9841
459200
404934
766860
168124
43582
106262
194612
363737
514384
816083
921552
185486
610725
56350
998314
795810
934595
973411
677764
851251
569836
71478
748621
995303
82476
909913
799551
172603
866114
69658
762200
226295
395113
286425
167858
372226
663746
208680
324737
14290
757151
512523
398441
418043
492398
353822
933178
253865
966848
102870
881033
226217
495541
404319
74668
725665
987270
901733
422417
530528
83119
91375
652731
976
899447
729061
705371
351432
929821
693682
940039
172286
430753
206724
519513
334618
346860
394096
363815
572261
575516
116339
805338
725856
818672
172436
430189
772401
702989
281573
705540
284280
321899
111912
400934
28993
734559
108877
122457
242130
532933
774745
156377
762851
262473
710947
38260
328685
203090
48377
401093
255963
8972
539679
927755
299101
52049
248439
761637
653276
577652
179516
335084
38792
395689
741160
359021
139532
955668
358134
148737
125155
913964
248130
959563
276996
1228
823884
834318
994361
674198
549403
890216
528910
4420
974206
828719
948260
564045
109165
324711
549221
884912
56783
851421
759761
188319
719253
201634
526775
150219
417411
503207
678464
447560
794703
479026
488998
971870
511586
908603
928386
321451
525755
624421
421250
552568
950067
338268
534457
603286
713051
418567
866832
54260
665729
359978
305882
49153
420562
917660
449030
323384
925721
328479
283373
295501
737509
39713
848523
642226
918473
503502
297227
995782
894653
841232
254203
597595
274082
370148
234591
92578
958883
965402
862881
46517
776247
205353
884518
160321
988995
726572
131003
655182
694235
151101
751342
958701
735273
701357
354745
435261
859046
573597
813018
604249
642502
605372
205886
897889
32113
832797
940699
926948
500459
637619
138077
518311
57556
932268
950648
945109
748299
883176
683356
642114
574638
887765
733255
243869
702717
445161
974388
521266
459805
766970
311089
272218
816760
343421
791118
273024
438721
777241
81905
942800
273429
895783
578375
615485
759101
562633
931157
226607
727312
890532
839852
594056
856374
926651
3963
830674
379399
44073
672574
757063
863633
855163
736341
94012
954617
395943
389487
495146
923128
138221
454181
554714
959815
188617
296355
104557
579542
159442
941441
133189
394805
248435
548272
679188
960406
574787
658255
671807
961833
933314
53021
768750
698855
608306
829321
632114
755691
74191
301862
181076
160570
646829
21754
932534
870371
867566
889333
649448
334850
419356
327359
466826
156446
962921
477034
258777
178226
711360
534919
157080
900489
248135
316692
952539
865474
151604
672083
586611
609779
381449
691638
198001
725482
303661
79158
944217
509903
975977
730242
877221
749093
323195
166805
752818
28655
624026
891936
188235
191023
807048
584935
979601
472650
58061
705896
880771
765959
283349
384693
82352
983094
689896
217955
684342
657389
187009
581147
540853
527726
556622
673357
40022
109732
880515
662021
719666
460108
859035
317782
571552
117745
567533
533170
347742
742159
23079
521563
495194
304153
659817
812340
838942
594134
500352
906481
518807
197670
690749
767854
5568
703907
964658
145627
596848
12899
997512
909780
976700
944601
706816
700942
802122
474139
73860
869741
801075
360446
409833
76915
640020
394141
621572
199572
827634
899001
804710
777573
371911
20794
580917
310642
644589
65940
149864
234606
842470
5893
857246
111365
638214
232506
433052
905870
155069
980817
932513
200284
986565
917946
980712
551348
29412
73718
821242
953240
778334
464450
367725
261058
271099
538317
63740
916717
145968
295908
911620
678348
907117
286958
939545
676766
661698
366291
299267
999961
698671
347705
373272
958595
973318
5990
726583
904608
391231
774985
845534
941638
722584
584980
742313
786636
264679
631938
123304
454433
674814
882550
253979
335544
286969
269572
102285
735969
99878
798280
125578
552243
142802
489268
585725
929126
527596
763688
472427
854717
692376
166842
867654
235168
452051
336725
655151
226312
533950
171901
387019
471955
472649
112880
897
492215
843517
302120
302349
479059
66853
299774
519812
655009
170010
101672
290980
648200
475434
782435
842967
530638
56741
89196
646789
997675
914883
809959
125778
930680
87797
317283
744379
203910
611527
194229
224136
746764
817390
219393
247151
66936
68980
