7494
388435
713906
845477
445074
14267
712703
707581
214569
69239
207638
628838
178503
131138
142747
593692
299577
399417
687716
323403
357601
585849
560524
416606
345283
537639
475536
338384
575244
594089
297769
53151
435712
138289
58343
697214
653055
433370
691047
811497
675986
717323
248305
658868
278104
534585
676176
560380
272232
114826
547438
94879
418658
407219
247884
594663
131510
850402
258395
248993
395120
690200
23226
489772
99679
425070
158412
657325
864961
21144
219541
893535
886253
548967
799889
148488
851228
53321
593361
398503
517396
874955
816051
446442
110163
750238
419868
439004
581460
36087
563189
578234
719617
329169
452031
312839
770326
254029
265429
151349
530509
201401
687005
362788
128300
529007
757066
21000
701831
794452
570289
797538
100306
284481
284005
262449
374120
442910
869137
553825
93713
401290
634770
849377
809203
109560
690447
201490
335192
378035
102773
288252
222840
166977
374035
313563
747651
428422
564655
282454
580493
487968
296932
549904
289910
133135
350425
591735
645077
106199
517662
592058
12385
833790
312645
50712
728251
508784
61499
345683
191771
708451
817954
232228
213205
125268
547244
535656
332423
239248
555286
764823
425187
148751
777119
777045
298804
152602
5155
558434
515598
183373
432280
384428
412983
437496
83492
153700
466795
490367
551289
410670
285393
198786
384495
737041
418968
61303
838812
79407
111244
844882
106610
852687
724955
80902
751381
429398
414591
495078
489399
718804
485576
859685
885778
574074
542503
408155
540482
798121
76249
204296
730940
707909
584302
290099
451439
548233
702581
400428
213558
182773
683878
722192
630966
727714
804939
446058
807866
285717
275820
248278
398793
529810
726518
417985
19809
787880
646791
380972
725842
67818
128184
809711
223065
887198
13607
845531
840791
700558
723744
92312
343342
16700
804360
668205
866360
780307
167014
388477
883523
571576
143118
423054
883309
627231
247916
737510
73464
327834
623209
51694
253193
435341
466940
123384
709283
588060
759120
44701
447292
217893
831854
258079
212376
212651
827655
122125
436362
739047
435424
195205
722532
860867
580315
591923
640534
764577
107518
408472
646379
815445
836674
187846
209340
431764
372729
439592
318735
857636
882909
434526
82352
190130
189617
276997
266346
24771
376119
360981
525793
232706
143566
276517
737583
649304
212516
753033
671194
865306
94752
724411
92911
576316
848421
562488
384893
150820
367620
244961
423056
598905
723201
541793
20328
570777
373439
169007
261621
454090
271371
712617
707089
137352
89282
899680
113947
641757
496064
277747
377099
583023
505222
692244
883543
606708
810023
459878
55425
327264
179183
784584
726810
483519
222353
323915
74488
516958
303083
816799
819919
211139
402328
220300
269870
856029
233202
459356
800025
44277
298145
598134
657823
425924
422949
650885
533847
416735
415420
623799
471324
451438
418096
792289
317218
325786
139168
846848
424371
52004
666345
500090
252235
6002
38513
193859
515660
85412
865584
383068
640703
157381
837340
247253
129672
154621
528271
391219
566084
202723
705623
641293
747234
839824
560570
755824
509339
843279
509411
637667
54607
833968
489357
571332
655518
409499
650603
512433
253919
94914
297970
493443
895296
270256
203012
755701
645275
313405
342426
86530
34578
849027
711309
887308
880327
58155
644737
160665
214074
658464
752302
78776
130655
732262
649068
641730
194971
443683
607066
560923
216059
678299
841579
650807
218417
672570
182798
882713
535468
365706
268857
706039
656691
108068
400914
721114
533567
87939
339161
19681
489042
52372
310740
593124
402359
695753
53368
857750
708150
523341
645330
740068
754420
634099
510512
239963
54373
520039
387182
70822
500848
297573
687552
855252
3806
842536
182969
343608
594973
756219
176246
265066
43095
230348
706698
840235
126186
888735
626919
657126
427396
495998
653638
322801
422749
134893
860755
337331
30961
683003
663928
553311
92920
792661
593283
550367
546948
145813
561111
706412
856599
45241
555885
228025
7358
319726
408324
283120
449869
325898
862732
115348
76888
651160
740011
551526
461772
259982
637641
667555
350440
381467
729727
266985
712219
722397
5111
435834
566203
340911
330751
614554
700319
199935
632240
826003
643546
428637
383286
351544
599381
71407
648635
451526
702503
424289
517556
481669
329779
780442
159111
495182
794366
519498
138871
450440
661420
678720
370734
3275
894647
61400
475591
315525
717802
878834
768885
41434
202464
175101
329235
543462
677364
769681
561384
112158
727236
571901
40406
368053
707495
527701
842016
522170
676552
324333
534550
384127
399071
850947
307518
735316
411594
54262
305793
230994
575661
488341
313551
175348
852483
306195
839567
704575
147551
725814
548231
228738
353892
341390
254117
561048
164317
179907
562344
767626
809882
684839
240942
161202
748327
465322
472954
401723
484843
219436
781537
42180
661946
760430
72050
754115
725495
436545
264544
778758
314282
583104
694381
169620
713466
79290
51412
682034
513287
97223
442131
38914
539494
292796
285108
436646
108186
883161
402614
715042
464107
571295
476348
766944
124998
111807
667218
467661
798257
398926
773112
205792
604361
868468
728845
602202
209850
466948
22264
190408
363930
344102
521237
217702
536994
199888
310619
725407
66890
361683
563078
802063
490752
616690
525798
241481
450245
732045
551747
522452
360388
310395
759147
504432
560368
463894
381594
543703
806457
225456
360261
527998
378282
574948
304867
437370
95618
715879
855576
624096
117836
342622
788703
538565
5886
225993
750579
426436
658283
602236
434970
427838
181285
315950
235823
804667
470898
251434
697354
644270
414826
786371
63310
93399
157483
390405
481487
826306
521016
465894
818591
585485
797781
599740
417011
647047
560279
867880
830358
352212
239020
791663
414474
31757
898279
867850
403318
396132
261317
547763
215152
856805
39617
746144
190632
171704
551696
875276
496367
57026
553819
492656
492931
781964
407415
701553
40632
790459
555362
237107
835652
219518
780059
154188
590855
353319
123838
296915
255604
211248
203196
112278
622753
488159
605459
866219
481383
114276
447759
872478
162806
179423
440636
534186
772281
87198
572487
129187
855969
434564
669680
96975
761424
640998
409134
49813
834469
701230
850111
286797
880703
608162
71690
246647
893199
88000
662196
362504
344030
439328
612859
487680
267352
361723
234961
744566
369940
283241
719993
627668
415842
31462
65495
314783
67760
772686
765367
567855
268024
387208
278174
58461
710697
768287
101476
464122
896240
319051
453750
204028
594786
331599
885127
815507
537865
9915
111918
193946
448010
883953
411264
430601
693327
261061
266379
795624
471317
566429
819180
307998
755892
492536
660973
886566
703590
881067
223327
505027
608214
781350
712559
150026
295719
132022
402024
829150
78526
316899
667622
624186
290829
481977
824722
32742
431324
275460
611167
74572
413046
697653
353727
12005
419950
245954
550850
329837
140332
125097
553965
369173
780471
234228
303155
283639
243808
424600
259283
705987
233097
790103
126733
201976
555697
432166
595522
735951
723454
615753
499047
823569
374789
230459
194981
438857
349560
738345
148177
811572
51788
701886
628195
561749
106246
874201
709557
596613
94274
629626
207642
369447
895008
886812
722040
711258
602444
156667
119331
677640
344199
86455
327352
336827
39447
476306
801458
323246
354440
716051
534445
757537
462781
151501
553493
188839
62424
8697
686281
486970
732961
95999
396498
866894
751350
666324
763994
410403
512847
186461
798539
899892
228621
463986
618597
259852
31
102590
406363
341016
607889
276387
408362
856952
515121
18970
572279
666415
33407
751096
285860
429689
450288
814348
189935
43612
518975
333476
131335
77751
159985
842800
68940
864600
735907
431966
823874
898890
210386
54948
833841
229035
54919
241789
540989
562619
276893
604458
432189
831792
109872
231738
51865
338343
696964
447492
627781
72949
549103
327921
220852
770971
183780
702263
750619
178456
26013
134207
250084
792216
639524
462152
749419
510122
774270
687109
230105
212272
408725
678657
94842
97487
469632
95651
588445
434342
659505
481708
609992
449852
42267
324893
699989
793010
729053
454550
732140
731255
687439
103577
547166
892666
196553
71085
204668
888762
105323
629183
342802
23642
438316
632898
252612
227664
249730
63415
393475
858076
433866
593448
577003
602198
448117
498094
116700
739168
728144
558354
893395
58523
565518
175856
817285
762965
642868
97016
297816
551871
763488
134959
408253
127101
606423
463666
854957
171447
200650
717114
619167
271309
616996
789691
311524
271175
555443
459462
866880
781578
325904
124559
227172
835686
403468
544872
102252
114988
611417
871244
859410
707645
369555
891897
896814
757566
270153
753460
218859
486120
499052
862000
414534
66875
847443
61865
70885
823923
621767
879307
647954
153042
583858
564816
386803
461981
518559
688166
258312
231011
809454
454990
75936
29464
34807
531521
365655
680192
630552
222541
770832
502726
709916
764189
493419
202348
665770
762455
257188
233341
391271
230495
471944
651934
277673
232857
530644
626852
643866
748396
176460
243359
248485
681473
783764
103283
125504
547947
176271
44519
313717
295264
156689
226838
119791
633253
800739
828419
454846
515305
1651
626634
250407
867720
315637
395506
188266
696591
756155
649726
485009
303519
457420
894146
372179
617066
219299
765619
285026
685915
876615
154167
445399
649874
328163
820092
8759
858829
522529
251941
618178
795778
503111
899134
624665
143400
761038
112496
571753
423062
769179
818640
260728
158115
415805
808146
609579
465101
608642
610428
51729
456501
22421
234165
130064
652071
468344
64060
57034
232375
210553
681108
419883
344615
646133
264157
745746
758661
58470
731326
221146
492305
173642
867646
556548
790780
118802
476563
799234
506989
640483
468338
197986
391517
479500
511940
670613
122978
443045
470297
604731
633640
348832
405302
880941
269883
9743
451786
808935
854722
278066
593119
741488
5829
778202
604012
884295
557263
425119
784743
732972
418702
618779
40312
603304
756407
532513
77704
359865
319815
105437
211096
384638
555109
171210
455183
137084
115331
686602
425451
717227
451938
720389
494904
549440
844117
161697
592446
381751
513182
440217
856468
103292
573621
262174
538259
795798
85479
691079
513222
649169
523931
879446
674397
4391
658448
268009
397441
451083
698594
125497
65666
833905
814795
144371
886572
888189
549574
66225
803575
420039
96270
737204
71102
110663
622630
848607
459943
858562
593874
486003
177953
817713
54114
329123
41292
503531
765166
378323
111698
88559
301341
637106
138868
54576
364544
674513
701791
563036
774843
669151
219453
120331
308068
812258
631911
34177
458692
675860
154488
628287
477274
11896
667357
20845
52671
37591
389577
774428
652228
322332
434757
448187
496567
588488
580580
220345
32261
558098
859029
577841
25753
766399
54258
476407
57026
3834
807253
213053
676915
665392
442314
851234
121060
459914
893983
124632
167862
359400
883415
794576
592564
850071
368766
420836
807701
691662
232856
817761
679677
783435
61939
610383
484099
265477
899322
151935
168366
850157
422923
178928
19096
267654
440128
851581
115445
166078
389769
348359
556268
362312
574587
353562
802436
199416
42274
686750
806746
184698
296050
752605
207598
233647
418907
470347
108702
342629
699707
385495
137098
339441
794669
311565
728215
790572
805759
459014
663695
262279
716673
562445
497861
444397
789849
242350
402870
868628
466004
76253
378827
823230
632983
812319
83035
348658
882100
827033
50894
824178
134967
670324
747804
300282
377280
130890
505651
33268
138987
459376
59863
546650
296619
496191
132900
73257
344341
820896
751472
899998
878008
466612
874827
493424
205675
665821
188520
142857
652831
107117
279093
882946
437139
590857
755814
870298
572071
594201
896593
57427
4104
144815
796082
771082
33417
380817
25998
816913
659347
746180
271956
192522
398003
644311
495839
641026
97169
653834
620953
878119
55490
478490
637946
642504
660083
701290
84206
882952
365414
747950
625332
863902
73881
566871
172066
331755
637665
202326
837542
498713
524342
465999
455944
827565
787432
85244
883947
601737
33231
502138
163570
610753
116160
84020
163711
696503
384155
142699
431254
670965
811201
666463
460641
257895
158787
54460
799597
27762
27254
326147
487697
472821
177859
202100
495182
656250
604251
218549
661170
514969
838183
336034
660279
193802
804125
346929
452457
150308
259662
355008
379236
736983
60701
796157
545499
68451
163274
353042
794741
88147
514508
397004
344114
296697
265342
333670
784140
448902
510608
539191
740153
724454
474270
290676
592044
284086
530909
27971
566267
865124
765522
692925
828155
204354
434461
721311
193383
74757
690834
214222
412224
517984
267048
741380
885870
502136
717706
455707
54917
224452
728076
157013
852195
407524
849752
435206
290229
175674
444901
734110
826841
471593
292233
702135
681758
406217
243493
782487
697960
484867
90591
402754
569424
78287
122573
181696
342056
297896
806893
168550
398876
874601
60242
159940
312436
245959
341336
861930
704822
50666
167160
413592
114408
84008
21815
683104
158483
50944
268858
834746
605571
221232
125620
737636
879819
305076
13855
518484
722949
774652
336585
425948
604247
117000
897446
362712
49553
223618
454531
687414
289491
409240
122811
604387
735788
573301
283010
584334
172925
444123
223230
58524
174076
744192
193494
721671
606868
356610
660227
391571
123945
468583
313699
732527
729497
377781
405228
322596
394622
231051
396445
2269
343408
898778
713616
581619
665064
585924
438028
197684
238464
5135
138168
293936
556118
764038
586793
683103
696526
687213
603868
874674
207607
298366
67615
248853
309030
286757
776681
36861
281662
66068
804746
334740
118962
822244
635197
213086
469761
137865
40795
132198
393248
54736
566057
193163
321589
740087
458673
540321
295615
500202
563534
365349
607539
860790
568416
711296
447490
383723
372288
92759
538166
190355
538126
110157
553531
363881
386374
828214
727866
323735
512272
342841
14624
880881
675063
514496
769918
570216
57329
82399
648810
156332
831197
412127
577666
79649
111116
177734
175312
788380
470837
850213
192969
396506
739276
260670
216208
41341
757741
625935
693880
668292
740114
652191
636806
808262
726053
150820
314261
683755
636591
201647
781491
897831
522606
482293
163336
417044
280645
371706
396662
230411
589581
491484
286684
67582
410313
59769
296821
811605
841304
67070
326782
505603
124324
543406
444405
866212
789687
181515
124701
573909
431629
409284
812157
611600
1572
652378
832296
887011
515536
834160
780375
479660
686539
454480
866771
763443
726121
761812
93551
101444
708650
571031
512305
386183
47241
149913
367313
740190
98321
458792
790522
566234
345392
755954
483406
806106
658179
690244
163975
96962
586960
875549
559639
165396
95571
340
85168
479469
545680
764450
288128
358974
806407
827854
283605
331909
544262
894356
449566
70696
821720
72177
759729
146766
802043
182541
571529
878394
744368
823397
880392
40517
111051
349971
792922
148502
78185
530077
566106
737728
159426
774167
192589
846104
202004
500086
336236
129586
611455
144403
556032
306839
24751
374455
113990
238789
525588
343113
832914
162083
514381
802673
435375
405567
138211
380616
780804
648166
73522
186430
23635
244864
567298
514856
314427
717477
252372
807300
5053
825120
830263
566858
269435
354494
134427
38609
720828
657491
69149
541818
494477
179946
806240
799325
512706
164550
748669
60079
213241
523385
683313
821133
682047
418912
778357
270311
191404
744090
468235
465868
806474
407300
398292
165933
572371
795474
305278
210801
21240
131499
153083
276501
764542
381250
275245
115709
347970
145356
788541
512668
56381
239779
187722
14684
851683
182838
373791
353418
413958
186922
868638
127713
638903
257586
726232
285233
156140
17638
643134
41516
10909
733123
253746
327085
489641
447199
321334
513029
393942
619047
310246
702659
400629
858519
77922
192351
767363
576053
573251
343844
482667
415242
549295
457976
868649
556798
657224
761193
296331
652495
345470
30997
124144
726413
435685
734326
195282
330198
150241
216200
526015
286441
24510
39128
250147
96105
706972
363755
167746
516304
15527
417833
287905
158573
773892
129892
537508
472283
617768
774824
838866
870912
181923
587425
560468
425823
881657
210756
507229
832282
846737
823195
658468
495975
820231
221072
322668
669774
119068
438548
173796
495900
260781
81101
439018
788871
595553
289402
839499
5759
127547
251141
85510
486317
125968
446564
732174
52555
584306
836331
374990
264543
230731
622321
547943
793141
630534
84765
25332
15641
117222
598382
738991
546542
105242
375588
668524
850829
350312
355214
255747
803389
138919
362545
440779
99659
92169
706033
452642
52454
537556
288159
790281
227482
74514
415871
311532
788616
32094
471285
873535
392478
125663
16044
180388
551064
266514
705666
16650
287794
400895
372244
189327
506408
117070
625185
376549
337389
659186
704701
12915
548068
418595
175061
207698
376127
586506
566169
530200
203249
125237
714507
67570
274578
237834
176163
683337
96751
417816
58332
9127
152299
114121
498623
756372
336950
786324
101162
887001
411079
431056
647516
800933
783065
40642
316895
796845
736896
808983
564339
199502
333639
481901
649267
348751
312008
346539
112262
21634
153543
690962
22725
113449
61259
292395
431620
315509
720633
215231
426398
646793
871950
333286
428289
539837
715289
94423
734387
76543
41940
662174
243488
334835
345501
719659
121761
93211
500085
506855
410795
282130
379348
760962
754577
624851
701190
606120
865238
182487
726118
151442
511667
28762
454326
800056
697921
685279
173240
858532
447236
329546
735340
69633
523413
736555
53031
781971
272938
605307
112460
332129
533411
272094
782953
217613
539988
112520
310801
774532
804970
85021
212497
295376
436572
355665
861170
559754
194096
194638
308362
469581
48134
405011
76670
231879
838085
797049
477016
93545
587648
95857
479905
606397
71621
200201
164988
516822
4130
359054
168319
555011
346932
853772
540814
458270
31149
876848
676918
429857
652897
53358
245346
873816
372494
614046
767358
328465
594661
249442
654342
718160
185977
610947
130825
895295
834147
569208
465536
788099
437519
165800
583237
258794
130503
449767
877073
538880
852314
564509
49430
526496
698249
305892
444598
256743
591246
60176
725342
804805
329737
23657
493539
662669
511144
180147
793815
524332
621394
511439
689800
852598
447088
314970
429270
409755
855352
199027
92078
471993
147928
334874
253959
767019
160444
412948
760824
521535
499356
803147
80661
601894
115364
846002
132676
832516
579713
113415
214784
306599
496133
737841
758666
482868
244952
746696
534566
798781
622907
345395
238297
277358
313817
754381
275293
103591
759917
360513
168510
261796
29290
753877
839444
238072
760427
711523
341406
647897
75544
301057
232343
835956
224945
175138
317176
54913
243738
729334
672874
377425
107619
159628
239910
394884
207603
589016
202730
849783
99985
678832
561498
815802
491022
833552
348721
299104
314610
418109
10883
696975
406049
96967
369649
880600
748586
187623
706279
791008
738668
308232
201269
481757
152678
866690
872456
674972
637241
885825
114309
38207
694011
449636
204993
264164
504283
569537
745984
400416
149484
271494
318664
266092
687729
621275
635457
442101
243235
101508
554123
198615
165378
498690
713308
397380
748341
863896
226741
849469
622719
101354
102783
271139
266945
670498
114503
361800
61126
568013
696980
821183
42190
435650
350657
588786
108474
444387
223387
147537
623249
313916
516152
663560
242606
26568
471442
252746
180007
140914
462335
96106
401657
476729
876398
485832
523989
856493
381536
262376
307777
58006
314497
843262
785292
72309
696162
40997
53746
392321
836756
325328
769384
639027
252994
555672
606981
525662
524043
753651
79022
172373
43451
365318
504284
625073
268710
645521
311883
851818
697312
707881
676929
244866
399963
849411
152057
691297
634558
120491
574924
17083
364447
412276
365820
336974
204317
225162
667260
851912
614268
680612
575934
245029
529821
680438
225146
202037
788602
12418
696376
860476
472283
96206
173915
537012
549688
206225
867786
22701
260491
86918
74364
321044
894928
262563
529952
98129
769661
307684
34310
587082
410008
541888
121901
810373
586425
138622
13257
354091
479358
262752
732304
554216
684485
448444
744130
812943
416617
706348
738451
418075
51643
40828
28855
177168
550492
302401
316392
142847
132405
854728
435959
110216
509332
325868
398061
237210
48227
550561
558972
448022
301574
467438
807
648594
362065
817720
645290
496121
736740
813656
770919
406191
225956
826831
664367
257970
810583
90416
479146
527549
792603
76475
640291
356678
81475
772618
656594
871431
183631
744453
566599
247386
476071
263856
420912
123581
656277
283268
617287
404693
561948
616762
244827
694190
304952
341123
622042
158432
669811
36278
511768
748014
677537
169729
482046
212264
834266
230336
853521
164945
365777
428876
538206
2875
81461
627850
428256
412301
450531
253348
307821
488966
306598
787381
63459
355964
286637
350590
155338
307517
885063
143286
225574
649015
873725
680318
32060
396787
584395
96370
493054
342619
842557
52635
846933
255036
848195
236833
797354
168903
710864
782334
44689
363858
16885
526894
507218
767836
371669
779778
302069
295661
791876
527444
591370
316699
258657
248693
649682
629897
186829
526786
549229
40266
512583
888917
401377
52803
372677
631224
780067
500783
288817
402292
147494
794492
439453
652359
45981
380530
602885
176756
689486
505332
60864
174965
517334
775423
99266
289995
612819
439215
150705
648758
115441
147937
318114
216416
734068
682483
642320
17939
300191
67368
214776
183211
269663
525832
109043
290854
672280
503843
336081
830488
263305
722966
454222
678140
425022
716390
468372
124612
416498
430569
463438
721361
380319
604133
94883
810302
131972
214448
349847
225047
186258
392310
176442
5831
361650
134649
822795
891247
144310
796787
511565
350738
82491
588567
822275
256813
45176
434517
829739
8612
828933
753372
419541
384727
631499
699097
202399
879220
56484
342046
320430
394694
25871
205759
556939
632300
617266
221749
197111
431716
566124
601253
524268
332197
121622
459387
220242
627404
793397
709679
855579
449262
652576
111754
423068
259501
287624
710786
713032
92006
621800
689153
306058
59911
840010
522052
823455
187549
739316
95711
229421
408235
424813
132094
888964
664791
357264
364102
712208
557534
167532
398073
12664
336776
157141
218009
362070
514518
807307
498980
399827
72440
681028
826301
645566
198043
878873
192779
440937
791327
553770
298779
409793
820679
535951
896257
711592
211850
425436
899996
609776
217254
290319
667959
248182
361140
784921
493675
856664
168438
189831
750306
630260
430893
136077
220854
377439
64296
255918
813496
154559
413526
130666
769549
600966
258140
144132
380915
517323
632578
715918
587937
38182
148584
290099
829164
829736
494231
879009
263878
828181
412434
558482
448704
309663
64010
555285
683184
198144
583664
587102
891342
313588
467590
898822
633
355664
894447
46240
56183
784739
559813
70362
108729
580487
566249
712332
556028
346724
307956
598272
513772
160162
881292
864541
409379
648840
458579
500370
741231
491478
194042
764540
246194
380379
741682
720116
633123
133140
268419
389944
48722
456866
583701
715348
591592
567462
844012
749037
736812
702332
808625
175370
621891
313138
845578
643103
692911
877571
679788
590039
798488
268852
345831
857373
390952
231721
649696
24871
746031
103941
176220
493024
391559
138205
410807
819377
285906
582040
295733
235531
753024
852454
672752
790451
641133
696665
719504
171306
399207
620676
830968
760344
869421
33422
334493
326933
829010
259763
523794
253972
331585
352024
528318
788876
350459
454152
361839
397379
585084
89328
229448
597785
665083
196852
780854
858959
22064
529740
473504
878387
886896
399838
212189
459817
663731
218681
491487
852759
414519
167179
792205
363981
749149
401568
753134
241903
622737
261815
277505
342944
51944
32131
159690
814253
246146
737371
389159
482291
481966
225758
727936
776397
759981
697991
537757
208639
766286
285480
757201
40216
344281
329222
613012
771687
799591
790193
83535
472734
179918
823230
62992
638875
810683
235683
127422
615736
222264
637455
448358
245265
334445
814915
186067
608142
98178
634993
148797
608940
431299
28111
663224
371660
197980
364472
211437
296247
492740
430400
388134
769676
252022
97265
173282
130056
156697
77895
129160
81489
277058
865060
842041
347519
101264
191152
897246
599431
265205
753041
652032
19142
657716
618691
12951
624742
360997
523413
140410
457104
53526
704832
685429
228238
550028
277572
73561
707355
602183
268800
484525
571466
79075
871470
606754
592400
444474
561945
210308
477615
799111
33500
555532
479423
258726
282616
636946
881435
824472
536657
811936
133030
404866
515174
20994
91352
221172
781931
220346
370185
221351
695524
798511
756696
108256
384321
422694
164504
286449
59121
457161
663608
880575
519684
263363
433933
665310
806657
264878
155135
171736
213696
647971
297069
103692
346629
860208
303197
169459
636697
385000
369284
531423
192807
762197
704046
837788
805712
384136
379179
582904
617932
324721
493719
228511
540254
765322
56964
689310
514610
804909
575781
109289
683061
5862
263545
806553
655217
207556
94546
376301
398180
765257
789794
805937
479036
678976
55330
480476
40881
40494
187966
812755
164318
775265
511
762955
38558
520165
304790
271500
859231
639669
174818
180368
35846
206959
307199
753771
585119
181728
483595
657445
367230
590079
103862
442082
234199
898422
346341
257795
97366
686298
56003
10278
274204
189723
439813
140552
133400
852151
840664
887274
863485
429674
264650
826833
892389
534112
545329
132231
92482
144330
8316
732608
475356
894287
892468
276695
228877
410266
520238
802646
831093
168977
626192
644917
506394
773862
842173
477433
573183
604614
287359
306526
845376
384270
665104
380815
421383
774494
79493
840370
368463
435334
223352
131393
796755
453820
804080
821682
793265
207632
264495
748313
832128
96503
795576
90563
840203
503747
112346
91875
317705
143316
481790
692906
208442
387207
273449
822927
151329
791052
794542
717326
615897
282262
95731
781101
780917
307116
502654
431769
668055
514172
623965
851119
155468
497423
103631
513558
770339
686936
867697
36234
764264
331302
226377
257268
434082
693496
236136
270228
432517
322928
386400
656065
325204
263296
730531
745287
680343
620769
14099
709903
501012
498691
88459
168476
856909
78879
552905
531921
122871
110120
510166
32305
337906
137183
577076
50494
653993
395366
409379
279811
291368
103820
449071
27821
205813
827751
564538
878804
213293
92256
382209
710391
505276
498952
807374
868741
561367
304297
161690
458712
881274
720727
886204
259484
203961
349509
508019
861454
559045
624915
556044
467679
186238
552709
819312
196184
349519
786832
304332
17239
572586
360461
672126
12407
796065
202160
44250
680110
832510
836370
392439
534863
395200
460393
345688
833776
548499
189978
532954
37991
220970
480581
816919
472173
4635
651711
418901
6020
147479
547293
466959
530005
718500
457036
32317
9458
891001
485565
674722
271322
558486
432413
183282
878842
584862
666979
808926
337713
697426
116387
785054
725612
468715
684640
681817
471056
296499
779934
199860
660151
859264
795252
146773
711601
135950
514624
356914
234635
737880
879157
875355
71405
308147
172304
820705
809438
448263
795752
394273
790178
101611
224420
335281
285827
408444
633702
520582
190317
381593
418117
823744
874643
99070
626680
670418
718288
292123
79438
68210
185480
340657
772123
406809
572173
34184
187853
366263
701725
609328
572637
257622
218088
146194
506464
805609
677455
165489
249437
379346
150280
91075
625625
643885
187262
841286
191566
159740
408341
21921
551770
805167
119212
243704
323156
551407
651515
148651
357465
306216
348860
252524
203108
194385
186214
191323
58333
2553
633940
873728
267560
771280
670724
119651
635390
268879
59003
496043
168409
831877
429605
119506
745320
795615
462043
132514
551011
614226
446749
110798
89656
38856
107999
885807
311267
878501
92385
402490
26653
729205
91061
197594
712587
314357
78725
360975
726872
898202
548909
700354
372509
194721
276036
602947
90812
799860
439800
259970
94316
845878
699703
869063
649838
486636
602986
335342
687390
73383
706364
799714
355109
199346
539576
254357
29099
114548
261040
119033
662250
322723
663738
130174
407166
192134
742485
570505
693017
776356
157225
821773
298803
359630
749965
670088
777854
276806
41986
705021
294583
357867
606812
776201
669464
448290
548384
121860
80523
746978
200969
70070
318873
362748
162661
346292
766913
328166
732124
295414
162884
329474
413041
306486
128508
737519
618113
101766
101613
565100
661065
665870
269460
24100
229220
717601
528732
747707
43441
140860
335247
646035
208819
533210
552234
752731
222354
877495
667305
326581
492927
30559
757793
532162
81940
229329
451564
67277
837114
85077
321343
293329
329892
161207
18392
10567
110041
196416
800659
678800
657199
806608
325916
780859
289682
695386
520606
234579
157125
368379
492154
18440
775967
884344
109492
299897
315990
740595
682663
497179
639098
621961
773592
508265
168919
408972
851175
119624
43678
46872
866882
780533
286622
687732
24981
819661
519276
739303
158460
361144
764833
400917
736505
581331
322786
104564
709216
1145
243771
483215
152943
256302
357605
237270
116795
663496
279623
266976
699590
239354
786616
513054
154285
188926
236194
550717
560734
448606
789794
194904
242342
873726
127852
729720
481512
872074
556332
237257
686154
121016
325415
175898
732778
29178
719808
676752
14830
466210
833398
33703
853240
666290
186987
597639
645080
747615
834911
378975
818779
28577
700314
679392
258370
844474
58057
289176
130477
447552
835552
806122
853782
797897
52542
796359
220347
641138
201358
137483
689299
739660
524458
22710
431233
797859
881402
265637
380390
698796
407449
211980
580209
504619
848024
424275
894898
854430
811324
350762
682444
693482
746275
370698
186024
642208
707876
488234
128390
467243
7700
148666
186159
830552
799621
460000
505734
43938
717225
332397
626204
874362
886612
31834
548995
706096
580351
474628
151258
72960
898889
99394
843047
774011
72088
68639
528580
613681
482333
551736
636752
37432
232470
670419
14853
201308
733869
738649
775817
457187
540221
873907
747294
718364
308884
518941
545013
283171
349812
477257
789920
421875
531732
345490
27652
458441
819748
122267
452653
797104
219086
676228
648763
108655
293303
177512
165307
796171
48196
792630
95088
782490
525882
503114
547280
844261
238686
553224
508299
97529
111515
573780
290246
73643
680065
137840
18086
783237
39050
110995
414920
185650
802521
54659
524110
757121
528380
140975
497427
845017
327952
864363
664063
743418
292483
635848
363830
321611
892084
104591
465162
484006
774326
313434
141905
836188
616788
779472
791538
707526
666415
558971
659897
748201
752163
758152
433770
133765
368488
449370
110354
659259
361459
607819
629144
411320
388636
890048
362707
183074
787323
267047
689173
335645
711052
341872
339877
518939
557809
211621
25067
540350
710103
355879
90180
586027
697968
541511
742389
288877
139007
107806
865980
410723
415603
101706
728129
747911
800939
290949
223436
175324
462103
163811
342257
339539
638623
838600
73830
587354
253629
515171
733909
608578
144677
391083
101100
38859
776933
341589
880018
414670
819175
576623
875860
839111
380755
679964
158653
528604
899633
576876
221925
264879
1325
581624
225120
421628
124595
50551
531671
116943
543194
400319
105524
312933
463453
571867
865014
584093
76484
892101
723045
800412
649505
573345
409695
777017
385366
325174
193169
822987
402484
492746
402817
138765
882527
59704
427912
840395
412717
123345
313821
181037
879149
877228
532845
210205
738308
438667
194470
297973
782834
845772
213554
211146
476372
212424
299906
367055
198146
893740
135104
623336
247736
200529
603526
739980
480850
156954
270092
858709
842097
743145
663548
125480
527930
749503
525026
298043
673950
615343
426080
611784
478004
296573
691646
777101
732161
375544
478
614780
765306
171280
519662
197574
216097
548502
13270
217919
457099
139216
424177
646318
852738
578101
608024
760724
743142
139595
637530
278774
400366
803610
428552
231912
339916
11180
846060
321144
350703
787012
343802
450068
369986
510745
539455
404730
794513
884493
869334
13594
39916
446670
881530
258601
84676
364968
764501
802469
315667
367844
143222
505664
227032
14402
884257
816555
674815
74990
761409
317056
650975
268770
468121
107948
441213
166136
683960
734839
658159
98986
406570
839697
176603
332232
600139
400699
443356
860725
740854
186319
825990
832639
308348
10094
651649
877977
11312
254660
485458
798295
436543
783961
774328
33188
406494
217878
835985
225315
149083
698770
174077
544929
173045
882873
406970
576307
759848
415064
480622
870194
701248
692615
542436
427855
523983
778483
299821
870836
424601
883271
257159
337017
79404
11574
204444
741024
566510
96136
123713
56654
547983
571423
543167
118214
186365
248004
891375
141731
217813
252499
889117
393361
858871
614464
490799
190345
811539
675524
482783
157864
722848
388872
94084
539018
691244
288908
60943
546216
655149
328405
540017
254763
457397
335793
445594
651340
305188
675656
447324
123307
55063
503105
177710
228583
152031
319598
531532
123072
281869
717173
486076
433031
245449
598075
173387
608734
378273
463791
571958
720305
874270
306417
675589
547249
514291
198653
506289
365865
255887
136120
285543
801055
323281
194358
496804
813737
863675
118949
261152
346408
84767
257241
61799
826278
673591
270549
169730
442664
267153
471251
605877
667471
530438
556688
556417
720657
749900
772503
134953
272623
510881
843784
174738
838995
880808
812613
191844
55945
55088
49177
804845
108726
532208
474693
668165
758009
17487
528456
224684
385084
98847
394603
582063
582710
66314
3174
237065
505569
353956
412786
596838
596148
252928
300940
54883
722236
330751
409987
859537
215612
212194
878270
215065
790557
389953
338061
727097
592467
464245
357322
759468
272847
328207
528107
555208
469818
653548
407560
570849
764533
98335
70435
896395
430506
292974
827321
546493
721358
764666
652899
295792
529973
656981
139561
330502
551698
513976
639748
198312
175210
30092
159758
379752
614868
265446
137737
66085
816975
425488
510760
276717
290080
536162
652510
457117
270278
123024
884481
557475
646044
290109
670458
364612
607306
51405
272461
669978
841064
153368
25695
720501
632977
836762
760488
138243
695295
525223
90807
345802
783081
55036
31932
248433
436406
578576
594390
412351
71068
487978
406042
651387
342362
551180
495452
109650
444302
135597
844445
625080
113012
214405
540210
899813
541307
794113
102605
27713
360421
533974
185610
186458
825340
305010
839767
727761
64908
114254
758304
410549
854336
196255
418999
833384
346588
527276
388829
835774
812213
674906
661519
702179
641000
676643
602640
371100
189150
692454
109583
11685
780218
261208
748021
234490
53947
7319
295757
654546
103253
222942
563536
896901
690822
878325
156428
895694
331736
112256
338544
431403
35346
141240
307095
677665
654075
533687
450158
619037
294860
479085
20292
485557
542672
692687
393517
364877
895324
330991
167858
11606
552901
231750
419065
113168
675458
269550
893965
246192
892383
688173
443786
664637
452794
685003
356775
589973
156222
236932
559552
4716
133658
582905
642590
493620
140990
427585
776294
328984
613265
562653
870843
432066
244753
47210
493552
802845
235592
891887
810382
65684
44231
159285
489918
518265
408994
610519
670612
675650
713831
300463
269721
370350
685661
188656
878035
525574
224405
101170
367315
766910
142415
824935
373274
366906
325004
815628
304105
750861
610571
374364
108420
846397
807235
886302
74209
196675
323740
623807
259379
625870
213450
254202
601422
334983
142535
622740
581526
285295
727403
713220
388649
691588
177770
492847
114821
214947
421835
226514
105911
666983
133825
207000
321345
208239
736168
109836
56871
191774
192925
116552
530199
486972
571290
78347
57586
713594
838509
476106
44891
473683
313492
300221
91195
673869
658263
262554
708431
631295
760545
524159
253487
299981
617116
549864
881659
118286
5833
306785
795588
786223
536025
775254
755252
399696
74667
500518
773723
163691
503522
820469
311639
109174
675362
880576
106943
30174
691912
169068
718252
145395
245059
47831
60900
677251
220946
142864
46597
847774
507226
841603
638059
530137
656068
290092
519838
162318
264498
541485
699835
338944
340732
110651
701180
645980
306220
725362
126375
276539
409649
356328
124304
461316
363972
682015
535500
413582
230901
103380
412819
836099
265648
677525
50865
407936
848242
839920
211753
436250
380546
809158
194054
266522
62638
498494
115168
397289
140067
167509
568647
574534
205992
161620
459119
80212
603224
29594
708729
741585
414490
873688
306137
643265
218815
319163
669865
595018
268151
895204
620842
740951
529488
337364
569809
20800
647788
232899
116822
821601
714109
291247
544213
386982
295808
621554
2206
774216
81428
518988
225983
27633
287701
125407
831500
838268
518809
331418
86920
853624
485190
395213
98099
138475
368558
742075
185520
382387
125289
234958
594258
183208
1998
488900
773730
843773
190637
625094
193648
582501
173579
12218
180723
629586
662042
244558
557758
81592
194036
638805
478274
383953
677333
43151
724954
462041
526483
71488
571479
260826
261659
797570
398696
688386
665416
681590
852261
255855
856514
884374
721880
391469
359313
581510
893161
636247
364829
824585
252005
288921
65828
586640
98186
434582
311030
893773
7506
681413
774577
524486
450201
190038
393716
823685
362892
315859
812994
627435
67856
815426
574997
358212
367084
553478
774011
105078
633205
417796
460082
258228
712212
874500
526940
746160
350709
382606
662527
508012
433775
112307
286076
128369
757483
616366
845577
354425
745395
822975
792013
273510
434616
213463
36632
473302
82271
289683
620925
545902
518794
839711
608076
317235
498495
410299
209296
667031
792119
738491
156994
32785
852133
297192
25512
335909
528000
859364
42638
506915
175151
593322
623935
313548
261905
114548
886688
898094
380934
882359
649673
618864
562269
254953
141857
134697
450106
761059
293493
90156
627843
457121
185556
898749
814632
828230
862794
198023
747021
1660
393303
298214
701814
645593
119884
587519
152494
576061
3329
183536
146035
767704
197653
620770
239297
761544
449699
438747
148217
571616
393086
607856
341934
671685
701769
10551
659757
894450
50038
888474
679238
733339
333112
862600
679099
883886
356294
339781
791588
293845
62639
620034
461916
801752
265109
752487
273131
367328
689000
139821
13489
146455
498880
382472
884556
766442
267061
885826
390886
569168
188510
738787
885727
641732
703909
107787
639378
425614
316068
735458
628294
394145
117854
463142
134835
673949
149340
385732
359663
572948
560834
489411
184021
496010
694222
132473
144848
390581
757388
472225
677833
36100
127513
374244
183435
688444
79058
228020
684975
352606
122583
298904
397033
531876
832738
108193
736430
364906
550942
52796
787681
363913
644870
735776
213624
128030
399484
775079
230863
278250
633314
745913
372329
61394
216888
411043
423615
399079
90994
256103
552455
492640
4629
395949
351521
753411
445519
217303
699328
182627
386352
235635
103700
117090
711305
805865
846704
238392
536607
385460
816637
638604
342379
739022
228346
865983
709713
819939
314670
842088
835643
759719
109964
89593
705138
456452
320450
751233
488857
378956
608638
191979
721477
241421
753756
267236
531517
884194
480753
761434
157418
79750
532813
757695
764762
163043
854609
45741
453208
867401
663949
34788
732000
505626
329460
269422
437185
771457
890207
195683
336595
185379
456282
126408
380818
261103
618831
657139
361975
148751
109229
654345
241073
800160
206164
566601
542181
163069
802752
26561
576991
492439
714896
303902
691284
851778
673746
829345
2038
430665
145773
727756
543027
360738
660394
138173
310378
165371
61823
27665
808618
22099
880985
426602
804329
171078
873478
490571
201022
200673
524157
230752
222397
859059
650314
77050
288428
327460
809338
790168
101638
720031
287711
28993
408939
488875
698496
167310
97825
583640
100865
544261
500972
446804
323722
134271
115526
789981
482710
711595
240475
816688
476890
347532
367235
860737
443824
475933
314204
353924
283200
137205
764068
374151
556394
634182
70992
726466
103858
881823
148332
218535
396072
345105
430384
257812
438707
352078
721403
127688
564729
113869
865838
659121
434029
747563
675271
251459
775542
275051
427801
22213
76248
91646
16292
139718
115970
773982
438007
115725
759283
452948
832126
528942
691561
691129
845161
562808
353864
263162
644924
257771
143267
209972
354124
103527
162217
752511
192093
361503
463247
827527
637205
378796
69783
803222
866107
261055
180154
672941
179506
180622
272311
101649
24204
348560
709272
425122
728077
770467
199069
841062
710397
513546
682759
148069
862953
540405
297827
495821
631095
890712
708720
674710
202052
280958
606927
356960
598653
474838
546823
881208
815894
559147
629618
729242
613865
636529
777928
596208
65358
243035
610886
649400
74195
10698
723450
550755
857273
689664
846189
240410
256812
168275
41325
771932
344156
231068
532406
703138
751324
461487
523485
594339
8055
149893
649177
155731
437226
585589
515694
726118
261569
780450
672087
752019
850066
10062
172623
234931
693840
763852
109245
273097
91053
824594
95002
214395
613200
146029
792735
481182
701358
440335
247087
753969
148584
278339
697151
238496
152513
723937
697022
342728
815163
643261
480613
106234
856397
364282
730268
130617
558114
707516
570853
433949
150992
364251
680617
381114
796596
521939
767582
501370
546279
652281
325522
689415
170687
295688
433367
700581
49029
660152
556843
422684
523566
876272
604258
317491
690776
304627
690994
478903
109859
654518
77819
828028
140873
463633
793617
626139
315323
632052
726952
556953
886330
420817
659002
272840
356815
179159
72471
306630
419015
389119
162602
515747
747055
303679
283044
207937
726504
29915
594856
581684
779270
694172
694930
184616
661195
206137
198788
106082
463931
56434
535887
188415
577755
600539
32186
115352
766859
797557
491890
362887
261309
239128
254447
445539
602162
124941
199070
666536
3696
399129
303472
726738
39105
469811
804766
233447
771530
25686
84919
405876
54758
844913
885001
49232
555359
287676
202535
893021
547849
314758
869949
34028
615195
465513
558925
475648
283050
447551
624868
862155
425988
160718
812479
468373
194630
388062
381524
213948
68923
53228
445630
382581
122673
224311
684872
589167
329689
183511
126709
630168
114139
21997
236202
682170
260628
867222
532473
3069
143245
706073
244907
301712
733593
222080
818216
548834
798634
44195
162438
814059
656401
87903
381036
723784
548496
410022
271810
188130
282430
638064
564951
196240
525462
175376
757583
306355
863132
133569
294759
849727
788974
683487
800869
789658
616546
182770
238977
757021
435202
58180
54858
627607
756000
522132
525590
158641
279416
443651
757354
193100
654657
779372
810946
627238
168175
447697
14750
457052
236008
613936
579242
395786
502048
416916
311976
628749
171604
546248
541435
46217
777600
541286
544691
659494
15677
307726
694864
818101
498907
467698
41972
385489
367894
4782
777642
477089
752600
265397
397901
761818
781803
217638
488055
47520
603289
327677
302727
107693
81090
879014
154349
521835
382233
858925
75093
763899
709787
459569
809453
476696
28237
877239
837909
471701
136146
661626
545026
126275
546278
661696
396559
147983
232857
871335
62209
679688
316555
446399
371093
277246
735392
593553
20137
522758
7649
440381
304516
112058
749807
833026
490658
430941
312068
325013
872575
753180
512616
469780
847519
804048
754125
49429
288696
809216
103815
821080
676254
477860
536843
698939
798729
349668
695651
198796
633732
154462
433132
68441
406068
15079
254028
387971
845859
175657
815507
136209
186632
134122
41869
533601
354133
835213
389216
740921
774781
765330
796041
59196
830015
538904
133581
287384
99732
170275
149151
25340
888497
415737
122477
30374
795289
521606
513031
730330
760259
245823
7150
627599
408835
361507
381268
248580
292023
749534
670357
722128
878448
237031
810225
164983
146555
438729
508934
748184
715211
57631
837606
632643
738341
879064
352762
150696
231944
270523
63187
352811
547511
163908
755464
236371
445700
68203
162449
179138
108090
132070
693919
506526
241159
444741
631029
66478
420036
658171
473063
738081
458979
586908
847342
607335
203380
195426
770054
787171
801172
289578
88644
504088
568338
12475
758326
702369
495103
448390
301945
496541
12338
572617
350705
328807
767125
356942
652617
866979
51567
376145
107111
546229
292687
725534
733995
61739
391793
154648
546596
853883
115824
710679
233231
626375
446409
481449
69549
743676
862120
87001
771967
522555
671858
817708
566145
698190
229518
95304
323392
229116
834960
886351
279609
237880
823170
391881
782064
874452
530641
535585
828457
260371
752882
467590
120711
817659
33968
826193
544095
703849
811380
835942
553048
384159
137519
9139
718209
177081
526950
154741
833518
303549
281402
215834
414129
304144
374514
68130
244273
743717
863816
546431
121130
612432
758222
292059
472385
15161
138235
680120
194753
339660
238005
897170
643063
655757
541404
723169
495014
202986
366641
833083
523528
715208
375810
650742
344962
526943
116915
670763
734019
286626
240713
54870
761817
492502
883574
759642
263856
785220
768637
112705
83847
882377
13441
83361
304720
512458
704942
379899
101220
250245
797859
824732
701121
279715
239387
96646
591330
51946
221207
789705
315865
351119
806633
271883
82507
387240
362912
117607
846440
436288
693867
360273
746533
574147
211499
720023
347416
338137
170617
704260
447503
787856
341233
754750
475278
626385
325754
678767
85027
658453
119251
736032
478056
737329
602140
896449
843380
478348
735486
411590
540446
669169
150584
82060
894415
506848
211175
276153
882146
311870
195313
388000
808955
575213
415502
162468
887874
384119
737747
527700
416603
269956
191868
525621
159683
600907
611318
795677
287816
44100
490054
145275
211333
201308
780185
576469
719929
523458
363337
567145
312675
665502
365353
507061
317500
770305
694734
11058
826129
441176
843193
21402
753212
314490
258853
820426
819614
265697
702633
127587
853275
711541
141291
471531
699505
130211
302754
537072
50230
21901
783238
188140
730574
34044
440470
319812
21350
445008
513925
91915
265264
500536
315138
379972
7707
856476
416674
422053
547502
867447
536940
33910
885537
17507
827393
783864
516631
434445
264358
166914
161596
501287
241488
819623
899351
562748
268523
755284
845773
692702
817639
656885
628466
576443
69151
265751
626572
494702
60007
657544
451142
90514
168081
510139
227053
269361
488924
388391
213835
882939
692603
503631
399933
347090
113565
112508
687731
725250
281981
249543
237252
812174
413640
514483
505996
337478
857799
685270
434755
168276
569192
833816
212954
219253
525101
492757
125013
598213
668849
627069
779936
763635
123634
466394
659919
107796
809536
412785
81334
27315
295968
72065
427201
467494
180253
150185
128081
754331
45836
800294
793684
657650
28698
500666
814015
331460
739892
225608
411627
648321
261106
146844
631690
571384
202818
897320
784708
826831
331501
381992
623378
609074
437128
765671
226230
120392
531544
179899
464245
830593
358914
785995
219955
497387
297039
380528
488841
324740
87257
778041
506020
855210
529429
456553
364893
631534
293341
275644
193457
265959
694904
740903
199197
96387
561480
60092
739864
676984
703535
725613
172653
238233
465855
201992
215315
749412
875005
561536
547723
533976
705009
254764
471989
692676
192941
591369
132078
699130
322007
377307
562122
518562
173781
109040
86251
836235
882964
317349
182108
654172
361749
142466
612364
615977
46997
124993
408266
602465
437911
602605
849945
330788
861072
761252
79120
330514
463758
285118
281073
177439
351206
803528
381123
412482
546361
300105
680655
648524
107330
748870
475860
660374
433566
235296
772903
276148
698009
877947
172362
270406
339121
187354
708071
15980
596841
109926
138026
471833
235020
768398
501913
463041
539004
523976
100880
370060
248246
896885
887325
758156
113188
315362
83893
79595
109087
173770
246609
572510
54366
255386
774377
411062
39231
57357
410410
543029
155921
163637
353399
221213
655516
52539
203802
857412
839886
574462
703269
575972
224066
833015
586634
747279
352879
698429
112211
504415
768682
98884
238430
527531
631161
343393
582809
764054
157462
125032
409142
67266
450747
672758
287659
248802
336496
426795
414889
225197
360911
249103
428246
782126
437648
786933
735753
202263
349558
887645
725730
786774
511765
544403
332963
336992
287358
37652
686127
625514
650600
502353
624734
695287
834717
729453
589594
532428
28734
541376
381273
800735
560404
663358
393687
75085
247956
548082
457199
482762
515982
106659
685397
155923
594003
267897
415283
732128
754432
154232
158783
823542
795915
672715
366966
5337
712201
135677
468183
150366
66361
834528
85054
55742
65585
848016
417563
709478
390723
397201
698542
501836
520459
454773
550466
70524
351288
843899
252803
355600
552980
223985
418717
16094
685266
615098
757779
406283
233939
602826
98712
799293
562709
598286
14445
537262
385561
795816
153464
789469
180559
640632
797565
708031
454368
620247
567612
554259
515800
17597
276198
527698
844782
177794
132637
255013
23185
302209
48712
65681
685040
565113
321231
244653
505638
686381
803865
212052
208673
137131
893856
99862
714990
176938
112910
449609
132386
360012
739670
665597
565991
338883
690545
157196
570945
831792
594547
237904
319804
418214
145833
190895
170932
875533
426034
316338
859584
393539
838679
781235
595196
272061
401160
583380
682610
250251
616789
422477
377925
383833
17701
818365
637849
571409
885527
260674
423618
116254
521235
211683
704103
152332
525483
115786
465107
682859
327699
818543
143192
897043
217338
456112
470752
478753
544932
836765
809649
852287
384006
383919
473980
237569
205374
152825
735491
100236
190316
112022
707556
118929
504656
780322
732007
775543
259393
473157
71168
89335
826151
701290
19328
149569
459927
665869
482367
345435
161192
700211
472286
260138
706550
631796
299196
192777
301139
655667
337623
514486
14949
280302
82429
370156
461152
429680
331150
327755
679680
54532
812079
189396
9122
529765
242446
466992
506816
261040
755245
678673
570696
702107
518445
408272
608281
800479
94745
633524
554617
134288
452395
786708
848949
165069
396863
580788
206741
791123
691442
806316
853211
273932
68310
574631
488793
515333
332789
73126
247372
634397
628543
18980
588536
211576
620755
661717
736129
391444
520198
216839
811716
521747
417170
29131
248336
221943
34046
485421
480196
471277
408646
897694
748678
284383
792231
352467
598077
828013
779017
250118
589708
368406
475497
34554
636076
179024
453442
207101
596677
598583
885496
48614
55720
599522
515873
230269
414475
402001
150959
620186
123010
220579
339166
624965
856438
33028
389655
461916
753797
736035
712959
129428
176855
151073
18911
516695
549880
753669
820528
461228
856662
290189
224738
229364
786169
722015
555722
766543
457529
644926
496454
225983
509025
769848
526094
705765
624959
268956
392089
188584
163140
696041
616553
410484
825726
1985
363700
259006
25679
538140
822416
630214
370634
465529
229722
635573
611946
707919
828834
261542
239183
557058
421079
84385
145430
369170
352811
429826
529907
820461
730722
794968
597006
801188
664445
497898
298039
466746
243037
870996
106503
201817
290134
88047
72533
586335
623410
370894
884049
147798
100510
622180
98080
306722
516693
846276
143541
880339
667847
43200
741608
596090
568422
295315
172054
630839
435245
233658
743093
119729
314254
88028
524082
865823
727158
687467
45353
599236
327742
532803
220544
396760
315089
820623
36289
139040
615125
725867
91762
155264
535416
501123
263506
84039
666168
200474
352466
41800
872911
551656
454253
571689
517402
635803
302662
797716
866052
757566
85565
882155
804083
520183
842285
150648
228495
534857
375909
291682
782026
471098
131041
649692
477329
631343
79684
111832
105614
121780
407572
293849
249494
523416
584722
83814
501814
825780
746901
775930
150933
733708
16674
450840
306245
419886
868106
556379
341996
22456
872928
95500
469770
583062
485333
890189
655046
331497
660818
802450
782553
493987
840145
800463
581782
609806
389593
735692
546133
434060
808532
165814
100155
139577
359182
