5990
827326
475397
155860
359676
604992
27119
550687
748347
416940
57437
618743
184771
290196
854090
753464
599204
104120
737349
22389
226461
774812
8472
495254
52731
501076
657424
274233
26992
774395
4904
498296
841323
658659
761782
825579
279001
811239
551794
584772
281271
127549
121695
381433
736819
452039
596183
549311
468543
655112
60247
477393
288496
556564
239300
562640
151513
544704
46168
165540
834303
655384
797997
180673
87801
118191
142789
201829
494471
263217
397172
127517
187211
530005
358154
730504
256360
772718
137313
750803
687989
323456
521023
203907
484734
796144
311016
443601
682648
218261
421892
893327
445791
587114
441256
361961
286830
174597
136548
143271
495225
575393
542888
722511
555210
615096
439796
245543
20759
89901
543962
579000
85373
205541
676786
709838
622843
767349
619162
402331
411373
521815
12680
514364
152962
265558
521806
868276
145117
343849
440808
249076
466245
164317
476612
673084
664297
98282
842191
366938
783252
819431
5304
547121
234056
208154
897411
756054
5658
553640
790381
90836
833546
378954
664183
202863
463006
354080
117713
126565
526170
844960
366884
545905
176606
772359
60187
531305
847195
57680
423631
252903
289939
574786
412174
697764
618572
184803
316200
708832
597969
290411
111477
16031
745702
454835
101510
136301
866597
188204
104934
235714
110906
335980
186189
688449
445463
145732
558626
842170
215061
267629
97001
440239
242984
461792
147248
477940
571261
870372
149554
25839
872754
746914
292231
256223
332562
644501
486473
262810
817165
675614
509890
311790
287600
553843
714807
319144
382309
692247
517803
789843
415882
342629
182385
408537
24166
601126
630131
337157
590926
510658
807384
537608
386259
495315
429589
359994
142788
169525
410131
485049
498024
314969
555160
127245
456400
863385
194293
755916
72253
776998
139596
778969
753902
424029
482235
49990
513699
395256
789993
212379
826835
688352
203340
580783
201702
635744
689269
261747
729360
177621
795161
31310
499083
826306
854588
773315
157519
881280
210524
555439
166385
365075
67351
140046
95542
842487
839162
777245
236690
757753
291240
803322
513921
707426
275907
557671
39936
541198
323322
726830
778185
117883
51758
786494
130474
165661
579490
671092
152353
774574
474175
755381
637302
185859
358114
298807
832565
276025
816291
31200
453926
517870
439555
18278
873323
461389
791088
833109
298869
425729
72407
166159
254179
700746
443368
97741
296697
236814
896287
767428
177337
48582
441140
392163
835936
824217
312352
787896
500927
314663
760234
850739
47604
271131
571789
393923
864133
608996
854056
488444
361465
165181
767555
629465
382739
402759
273240
872638
758635
103608
822405
515991
696011
329517
92685
315932
366371
438939
772197
324438
673225
22531
19330
87707
251377
7076
560829
383765
816836
748299
322527
49312
243584
524869
602159
351698
297740
105141
462581
17494
805142
613856
420906
741265
296779
483654
857438
359045
278323
404299
830022
526131
53990
255635
877216
851099
242639
499373
436996
638816
467003
67334
159913
884999
728510
890750
303472
376157
863299
691608
382225
886424
612493
509354
746081
154998
186990
649461
125821
7426
892067
244270
354581
878773
703307
593435
159895
582040
193603
252953
242679
456904
56223
660442
408441
397938
290374
621996
841627
283614
474634
783764
79681
52265
529763
263834
327774
73834
796232
657214
704411
274486
693865
111880
443848
25950
577739
542429
874493
721494
604737
817293
834315
391505
731395
366506
116515
21288
257102
25299
185315
296281
398104
433870
6873
473836
235726
756084
43157
152913
263372
874149
382895
790501
612887
55549
695410
10164
246747
490047
554212
861592
893213
540365
835826
576383
245852
578490
55229
551915
358472
534230
364187
838706
728703
602345
341356
848550
572608
838299
321562
289839
563630
408175
837163
500212
766755
550704
619911
385177
864782
694052
534976
571458
332906
519549
274018
478934
307901
122062
21817
495231
1130
659387
328857
206221
132019
281961
779311
246906
416782
455956
875138
660968
470338
102527
432420
504807
641407
216486
90299
261555
433336
420368
205574
106649
782110
625921
261646
836634
147546
170923
397676
310857
708582
143588
81137
323022
456488
270290
487413
866925
642668
464803
26079
393473
7677
838042
858670
297665
237696
699619
732226
478148
282190
222088
154890
693089
62796
545628
215275
702064
516168
818644
176969
586476
473681
138806
585525
560633
479155
152361
390003
850338
841806
779244
661575
837020
152563
242723
700796
728135
486907
141483
133904
186642
797219
830415
861823
680157
711239
627347
371755
458458
435194
316141
484389
628877
641503
453556
654715
358579
403496
737233
235261
120606
351496
52434
234381
773118
778455
343517
810211
673532
49346
196002
15354
845696
545388
101257
613115
164498
861957
526698
437603
91005
777732
385787
230804
401423
288356
272964
647157
725566
94521
19246
194791
866341
202126
824250
891109
369355
566557
459983
23670
41061
612682
416267
582515
44497
113596
512122
496559
268515
272184
42277
251464
246909
702971
764673
503337
827767
33076
616584
753113
708287
678525
391301
527748
346554
163380
713545
297091
376968
622458
120026
569194
810661
11718
855499
489807
354155
448487
127239
876850
340533
326837
134183
701485
100255
401523
493699
799001
891049
189731
432421
545594
589786
716581
68345
692840
590369
770766
45568
370716
236823
96641
319428
302803
342369
860492
554982
589442
808497
888098
663923
824790
756811
53200
714037
502950
371045
313662
135814
790872
633928
690981
16127
654380
390036
724455
95598
124873
434911
618319
692870
648930
10493
575846
236144
597765
139068
873103
729984
772832
692583
798240
345410
247376
798058
599741
752083
179879
803765
107571
170892
552281
786809
334605
97209
33859
512431
382615
799688
761049
543192
451757
65821
311275
758111
176414
324867
499251
573755
98755
159004
411325
882640
733430
820345
324083
893205
869936
555781
190532
645393
681411
821659
766385
782431
731505
568665
41364
392496
743591
93708
746285
241935
289434
616618
720618
119295
112252
511647
796914
208673
876347
503711
594702
206290
567959
417787
323892
503089
593181
400078
542418
866591
756228
107191
159155
243934
847939
514433
174737
841564
762158
21405
206520
872105
182123
427505
318643
677347
379253
519722
181109
42483
88812
148557
48869
488784
18807
254412
12167
56930
746936
10932
432963
151521
594570
109218
34101
763068
478169
182166
767568
645493
57437
189887
817391
393961
196821
45174
690874
193805
296092
882823
898801
167540
153355
607562
218616
570478
889643
109936
823807
412363
532308
282265
845101
647197
728167
247778
148649
351866
547813
4763
649316
354592
895946
361591
257254
804820
690314
132093
570099
738851
697958
502267
193114
287913
25898
447002
345914
57488
572070
18252
424369
780848
888295
717250
637699
428629
507570
840730
290371
282590
313020
898038
341089
746818
541161
296392
255568
344045
341375
231305
423795
779496
103014
207881
11747
245622
776030
875264
164223
498298
684317
248803
688401
182294
102851
233842
823609
159983
262716
119791
562168
435724
390354
392681
152795
151357
656716
254870
441986
876153
521768
48159
798188
512671
528016
99189
511617
345982
28987
836033
39292
638832
352707
767193
714802
861281
335582
560047
606083
469645
187355
463139
418236
485288
317083
424121
864999
407127
859786
886309
725392
164923
309528
296451
279028
788814
515033
672195
487080
854694
874357
232161
271235
405366
277740
802387
893993
581556
84426
728027
157526
272245
114275
319132
658051
643156
854763
491274
44855
252722
495380
94202
839053
289144
39173
75960
708990
629400
654484
91832
139659
541201
390880
334628
248778
451440
212141
844084
761162
4147
180316
59835
222020
37290
848966
662942
487488
57047
779830
254944
364993
533044
175296
400952
315726
865715
265250
281700
572734
369568
568341
168247
724191
148515
527280
558669
595588
177890
505273
895744
701320
221732
225832
582803
256419
688399
595995
178891
405256
418451
595472
439710
370936
102784
25410
459267
296167
83569
640802
697385
138600
212940
393425
378756
320120
242017
693528
859586
668772
337008
743173
194267
140440
494856
796418
501959
49926
583754
458259
706537
240111
171404
165100
742761
620656
615769
859245
244512
702187
659413
696603
316844
147825
58687
737436
677283
377322
615535
275438
706405
682177
509823
654948
197898
822990
879013
669246
140474
280353
707006
779908
679739
878792
391
168992
127973
687133
441989
196373
628338
39343
622532
284351
433297
182411
224445
687912
512985
705320
710992
147108
597242
500076
832913
814794
291728
24605
302623
694512
382417
332520
26831
743906
649606
830280
635431
246046
594230
167635
756007
374383
349629
316999
470466
184163
260347
460396
92425
175691
440137
402438
778985
335632
634279
104730
314699
628620
130609
865626
184921
265452
418128
202383
846817
282432
862060
311586
152658
162491
561695
456007
167522
852846
113893
616262
386450
198044
617072
609767
769609
391289
20855
162937
620221
534596
656782
83392
468561
596158
246834
314489
573944
661605
277435
563307
660472
574642
537523
420811
608425
178284
250565
454379
308860
412742
195631
820577
662329
820220
228466
655312
418304
57669
664360
373141
449649
788085
133749
292944
553671
810514
713461
655501
171584
425393
761717
470894
611032
871725
25342
182679
836210
776931
110477
164245
780952
731532
481726
397964
366874
195352
842822
449531
800786
54051
781087
752846
157800
356183
514590
721984
79826
133214
521472
111883
13331
459106
816643
242542
372740
878500
705618
214041
209745
609365
107800
435192
536122
702739
234166
711322
768633
786308
360687
814589
779843
45160
269568
118423
714951
100030
390381
550659
538228
837494
747159
4263
736984
358990
320106
195678
406114
362315
251314
243623
101641
332054
498189
609352
841382
796592
879323
664032
285947
278867
33587
281160
133399
865287
603696
642149
268722
432030
794920
224302
79923
363565
647804
860660
534961
786087
876235
207890
598197
698359
854114
488210
777439
11994
673358
487034
258400
319894
249266
289969
762564
65179
72436
5618
204914
687669
669105
114988
819084
503851
867281
490227
501937
807543
100437
745575
466658
319458
575565
53982
729634
396987
210566
881201
715958
124052
476769
542784
371275
427642
231390
295171
499351
162255
94903
329390
571640
715973
465353
740191
670457
474040
54189
617511
482963
520457
766982
477043
617936
835475
93970
815863
675787
81932
306563
139350
699667
300730
409896
226160
98285
137647
155620
627559
13497
825570
645984
555024
314061
495691
891804
781299
77566
680731
741184
508863
59454
677398
18833
808078
606175
149358
559648
100175
132789
383229
176572
69302
264057
188735
540103
247516
500489
796905
806278
816564
372045
15946
159410
495244
368597
780348
264716
271772
35679
544903
554414
466542
833012
571219
373372
216201
832466
550087
55096
447004
379524
448323
77557
441252
800685
590678
517348
415802
308899
830845
869642
304316
481848
743289
108627
6006
267029
601259
270879
546317
346367
595087
327706
664840
87387
27314
53418
208315
691949
599442
890913
829969
331836
84241
625075
189813
119218
517364
574241
373949
797567
282686
657107
232276
808573
114564
282245
292547
208239
155629
448664
503035
580482
288040
505673
411201
18517
777546
711455
727990
104245
753346
47294
280098
765377
236187
472984
861885
863149
888718
285891
426521
307938
31905
314982
719439
799297
42271
281773
415781
614792
554805
807516
501721
296526
436391
110207
128365
241480
451469
609504
251055
598254
618413
267218
466499
528791
295318
6282
526319
484513
628950
762158
75651
588302
337401
160838
245027
368744
473502
876526
238994
658308
517911
425805
774748
125412
30366
446784
27041
826839
595887
45520
614425
549755
779846
255714
453640
527427
293877
814029
248832
388627
477665
685222
834765
315336
527066
551767
422753
405461
193973
549998
856637
318727
411176
168881
377880
792394
31906
721328
766895
146597
613604
502739
647689
542561
179008
27026
880838
115623
411276
586083
526820
405127
827907
426734
868845
347092
293817
633917
530528
790700
872760
234223
516250
10486
301820
401836
135425
723620
284871
364178
55245
151448
477665
347437
459955
580579
447888
343398
883760
4808
804016
113842
138478
561728
582032
10283
841398
510902
672617
223932
48082
471826
514715
786550
853309
811763
419269
875296
223434
506197
426561
464619
170542
388435
646554
847747
872843
641670
58634
683521
21785
718539
44661
441821
188307
867938
248988
191809
560924
504498
240318
49657
682732
364779
117106
387111
519195
858756
234713
734867
532776
596418
613443
547103
854374
119098
560545
724536
781700
764173
515523
637192
816567
426866
331821
443369
165031
468786
10362
861428
744787
264749
80141
579352
286721
211066
172304
313286
858566
693963
764332
891016
170254
354446
721155
88850
846505
627088
117005
856048
275539
58877
458221
478687
243613
278595
549455
663577
828605
606612
793248
301576
835407
682313
285322
424635
746342
63811
852683
651222
508788
363149
656273
778019
472305
437854
803988
464679
4779
640731
145071
883792
701547
820953
843965
17290
253312
280160
724204
533489
344234
254763
897409
348320
468453
853099
476456
344520
646287
710091
161685
533404
17944
882671
817660
153225
605797
639862
195945
665923
84417
232478
563069
552059
126689
34630
657382
791949
610386
286862
233946
740821
845474
875707
129264
374401
322279
175640
292603
479778
671183
726102
350755
96924
868550
720883
459938
809277
783294
290201
256824
479274
702174
596829
844107
566933
187273
692296
413694
494027
46441
644498
548973
648074
793400
649162
286402
711919
25035
230546
463383
300973
249660
548487
16905
18746
768914
668159
302486
770051
430831
527723
256083
557952
427189
856092
88300
841762
423030
124578
375096
801481
200120
806863
740727
321874
297569
795705
87276
527566
655588
411551
569297
703182
719239
478499
117084
469785
366544
371925
356204
601440
370156
741297
772815
849033
738460
811903
450356
356455
399165
195800
260519
722891
415634
136360
537647
393364
436816
681103
747648
637505
53062
120385
501277
650855
801063
155149
163182
282463
96501
456539
469145
175030
371723
545966
129728
369704
394535
306346
22839
807015
343730
873935
450337
652917
832685
384259
417734
293329
870779
870829
120467
42093
171141
9469
575758
700190
793550
459306
401140
16942
602739
744660
454000
242860
869310
92808
812410
699426
518888
865313
543978
168902
91208
386059
184440
539498
751101
684866
248242
869327
869491
114362
600729
351190
606390
661400
96152
87991
226832
419485
219745
91786
725216
630755
488326
617891
547290
303360
571665
41147
495636
80392
124673
432393
476020
579119
142689
495183
34036
362059
341959
479441
684655
426839
739046
894720
822283
861525
722672
132629
70723
483179
261771
782489
796463
203278
384046
863681
307762
413852
376537
416663
184704
725827
736527
186355
813994
300799
178481
83720
306024
800673
766263
51675
688033
720619
325869
823823
330906
758263
355849
636092
601561
706231
744677
298877
700148
337208
196989
791656
222907
215072
670534
409017
43551
14006
49896
139432
382813
452992
156698
489145
420395
81191
746777
197970
684222
166904
780644
897254
684822
618404
557335
694352
55302
724102
803778
528508
559235
667972
103814
516639
20041
251087
791115
95654
388485
618725
418497
124236
92322
79830
193841
190950
490739
744707
676606
134104
443386
489026
278910
160266
779443
284606
820879
461653
10560
41180
428632
79064
602481
721272
718973
718087
735535
162670
777918
739299
509702
204276
895789
122596
870157
130212
717002
470802
171603
170232
703836
417747
137288
69454
802574
304959
98277
129771
749764
206768
403161
269276
534457
303093
856752
871447
62711
428774
148610
75104
211537
740657
609558
85831
663328
204627
353585
703951
877848
176290
207007
569706
522727
355911
299069
341280
258954
610537
648544
77134
95115
804932
370661
567818
414202
819865
456054
155749
220039
763775
455062
194218
739162
414263
663753
284963
329263
8989
278435
739706
616273
650810
8076
6045
410450
170807
451724
687771
226756
879500
428985
221003
504439
621750
866745
496747
191056
819558
439894
69990
499810
673110
617086
432335
649003
306007
620212
845386
365837
633191
494359
353834
848232
151294
151308
599957
453073
347687
442090
183011
216113
19147
616962
78629
149277
300072
67209
758531
149709
350113
35652
218206
368410
602000
136687
42452
247929
106775
869930
825601
304463
852499
475296
284546
334064
84913
487733
459797
829657
571899
630955
253181
124741
22795
687761
824482
257423
24384
613129
218293
671846
668174
197588
592753
332614
894896
774365
715036
502360
820344
391999
724717
553448
396071
287091
658055
5599
64441
472697
163715
305725
786295
415715
427981
510036
176176
889657
357541
546276
482497
414796
462118
181198
721745
629851
710307
498936
70650
289499
683052
886140
160097
801415
346800
34925
84391
488676
607197
624679
533528
24782
750370
33905
603264
149413
683766
237170
765437
165646
832754
9805
510416
274599
249817
474587
717
131531
543704
263908
692402
158718
389607
789785
52821
138358
14767
1041
378645
570278
728390
198589
677938
52520
229238
813002
816985
304901
373053
210419
275736
363652
443757
86529
632624
387022
540466
349952
513448
576666
360628
431806
457661
501498
712882
785763
485783
11200
110223
132872
351159
825198
676617
445142
223053
579417
248547
505179
25031
100793
480325
566027
458723
11632
369754
684881
649061
408532
646999
367537
353220
799931
641787
812347
301342
632802
173809
589742
646444
179098
259058
400359
822481
895087
80488
812772
682731
85846
148206
860633
697356
110899
664211
13710
725219
346564
704477
222291
457779
669998
108841
575361
854277
249986
69457
329487
419001
637419
797255
477869
868952
606550
44894
541441
886821
577726
246279
252188
196338
716532
855897
853207
454638
297096
525962
821455
637596
342934
769434
703418
116735
742639
148335
451493
21393
732163
82938
877485
117491
491464
606904
216374
591519
690250
833685
216682
467673
510191
329227
43025
249828
870309
166281
785130
412240
162155
80655
250852
161937
395097
423701
779387
795980
632045
777898
726962
218186
2450
786138
188073
487695
436398
424585
379899
740708
892489
377117
634039
761776
634646
132152
370169
250405
39135
416194
457413
282583
375057
372933
403007
170855
629953
190706
480777
385342
372889
254497
141818
57909
216228
471125
877592
271985
553041
3294
449458
119052
794023
478104
549116
100686
299270
700273
256967
887131
113013
406472
323836
643142
614382
742641
496757
371491
777282
601685
797017
39673
619018
104982
716434
656758
462891
328399
154285
184573
500677
30074
617357
676187
222680
382252
768267
113272
180180
428891
897166
494152
787004
703423
226948
628257
871605
85942
106522
16870
217552
168706
529534
732418
168818
45901
337710
506001
555229
654893
874748
279416
192637
662594
602561
630485
317777
133307
661787
440401
438483
499961
811044
283537
393894
239756
886832
190348
668699
102809
68931
144343
571040
443549
424012
595804
367718
294315
244162
102857
186445
468817
58650
685477
553326
555705
122082
157853
135684
705515
145341
234205
845496
180592
365659
278842
611912
58673
817172
381164
521172
652574
263554
497369
699013
455210
96536
353003
396921
52947
495106
222212
111119
867520
803546
705896
209835
816036
327524
749273
558503
14431
787847
809536
428631
403267
253897
705703
63511
659315
116101
102435
813523
779496
462412
821551
713522
33261
84117
202324
422912
204586
354
26948
75575
845023
339729
739238
217834
550342
744827
831723
478477
522874
289484
763647
383556
787863
588576
363035
120006
834423
731511
796696
889325
133819
271828
129566
430077
211723
791000
711610
865903
715412
105077
435470
321242
787152
354354
640738
285564
376484
842683
377976
516330
690754
67905
746173
143506
47279
151573
534907
99177
176639
666556
638316
451830
224476
573872
674922
361626
547718
112180
397377
361754
260148
51537
315269
506602
206232
70065
360352
17656
689793
493463
879779
668178
887322
898233
466526
294741
69456
45436
1259
252372
42448
879755
97413
111905
185519
145683
874486
461083
175363
114333
663213
893780
161807
475849
760719
800253
787964
143843
55396
740688
795842
793637
140722
400826
849190
861257
433351
218339
679229
865417
5647
360923
586639
705141
38566
750275
577975
811088
243623
799509
588903
630440
892099
1681
298536
518096
186222
476198
579742
203995
74323
230329
898602
323863
767079
775636
613354
496356
765979
359886
545755
821168
552651
471123
754398
754448
643347
521424
116120
402813
376322
76477
210132
28168
312454
793063
726947
267483
99815
647545
272932
656430
602512
536582
371358
223299
312935
689974
299754
760735
468766
292811
238957
668165
466082
22158
623811
117328
131185
759227
114712
724268
774408
20806
605199
724658
567162
115720
839846
2590
143069
735146
542928
263663
781087
296140
13826
267099
355990
610739
83306
595276
13908
593261
842232
715835
58617
430850
426112
414663
624163
775193
248056
705586
287168
801476
530973
526009
843748
330633
305842
350318
713334
58285
766824
23923
565732
791903
528505
492724
158456
111007
899117
545762
619842
90377
234304
165544
676692
251106
283643
215340
708269
220061
189791
791939
349101
381739
750912
894929
636455
333149
327022
558173
64852
276663
498862
394061
111364
414066
232295
45794
278768
764174
271769
339762
350699
380947
812872
392574
744247
6530
289079
471504
538579
425437
119214
458803
180914
16111
29566
477679
322311
254745
545787
532415
246940
605370
41736
857841
598690
272155
520049
591097
250147
224852
494129
488082
367955
633918
865396
470547
528901
832342
820599
735529
275482
708779
724684
177750
550292
106916
180217
75526
850856
712977
769760
758730
300914
495628
406489
790868
515555
490379
830683
894093
726325
101862
461049
856342
448415
642943
352745
761849
456035
106803
665633
828171
328357
272891
169787
758240
352503
738303
156567
891851
431503
294840
460318
839697
261370
508640
568260
703593
34889
684761
381576
865682
363306
748790
772726
895697
488978
552426
889035
530373
316373
524651
613240
572072
35960
803362
329535
756293
412414
626
599450
242001
87391
419139
442972
792776
452695
651434
263471
197316
660026
394647
456476
313948
162629
364890
174698
192759
528688
815250
397853
271211
184991
43700
104127
225527
332248
176852
383677
761049
357295
445139
274760
318668
33916
332262
644892
670754
100622
442302
731901
65562
52153
892217
25213
106335
623627
80837
432922
845948
855677
289420
570340
595359
831941
589793
834844
216169
516200
701925
14616
579023
680204
143509
286532
40145
45771
884852
388866
808117
844675
352689
96434
690207
208779
666517
455276
738798
455296
754827
849258
93750
233278
384620
461283
598677
631722
753158
301362
256692
94508
685192
49877
679901
303098
646828
830289
686804
465007
807298
365363
453395
796474
645973
626065
835813
506099
281693
667791
300927
509736
249760
857310
153046
92790
64037
605311
320449
462483
608535
62245
396972
757192
864594
487160
892853
585244
596621
134133
418567
228428
615172
108179
563921
447991
210944
67392
2243
10613
678949
819946
229796
880871
42777
211514
711250
314601
412460
240283
133367
604068
741160
528633
287140
427969
551638
714884
393325
562168
835338
463987
298848
370598
499021
517381
653859
694845
222981
593954
861002
520053
220003
366400
894386
22848
30344
223875
592029
704892
457749
363356
225002
225793
334894
470034
229904
47546
373481
86397
778711
95312
756281
327278
15827
695234
674930
85837
768157
507665
118168
505819
598928
873560
621417
210678
532253
31832
280163
208411
158476
715409
862355
479781
443408
573069
162427
146931
694757
548023
291263
167656
179784
656009
398285
709964
610195
142339
155910
254800
544371
553079
844173
763375
429256
676704
432331
322960
153241
49363
333341
456903
142706
756942
249979
451675
652443
760110
137637
346626
650358
692925
200044
724105
130196
332743
832666
128336
500244
769005
14879
224018
469593
309939
758649
507842
326375
842932
270367
695025
346394
329109
431370
24236
627363
19383
449440
853985
865697
463366
722847
191170
364471
826574
723235
415619
39023
892846
709396
114174
397067
795140
568463
807254
37827
589896
353454
363160
311616
133493
499031
294301
182836
390594
648094
794092
220852
258446
144760
99612
822836
768218
761757
266775
301949
854512
539576
294171
801261
381953
597423
331034
366155
513805
770634
776929
488005
516731
610050
291893
462728
150281
197895
358841
474683
70909
377293
786956
533529
752505
456916
453488
348329
383693
652819
443557
388379
616903
184481
329684
49730
477893
867871
440232
630056
29995
108933
768630
360690
559088
113416
732509
358034
656083
274276
271272
631811
63403
707020
697521
382212
22300
82763
748512
367060
830565
462742
547569
644742
143925
436752
120371
857505
533278
485849
450796
566487
884163
512404
825690
31648
774795
531732
90676
342386
584215
500386
390031
419935
687056
555213
343581
361068
210073
796431
459632
433129
259108
449624
892349
849361
567680
879674
145723
716352
407120
479728
264394
65740
718647
360235
438224
465985
190352
536346
430174
280637
740986
42933
179698
653029
708239
402758
327990
426338
54294
477077
526949
786620
509423
858927
660878
670865
770796
645586
358705
516625
765023
469976
257062
548953
661549
285757
720349
734699
475650
556686
581343
614662
497535
332656
829428
37991
629646
122410
708318
145564
885430
182769
822499
505313
268713
676238
730696
397625
238715
4013
116824
668586
886638
273573
155908
894741
373640
432095
583748
197072
853862
371685
651036
740610
25450
730088
303194
833531
129711
176237
881467
877005
504733
865174
498765
498827
236536
340297
184015
819965
663155
680447
203349
208829
345474
386219
19912
330449
476237
503172
763882
616549
822912
272625
668343
275236
436223
111120
580007
363187
701911
886916
745167
880842
335024
399577
695336
650544
854302
378228
191815
359794
122199
69627
221995
315423
437471
89182
730166
209763
825759
664481
209842
740574
328468
295208
795349
489633
317315
499742
691359
760804
246442
828481
688896
711526
434354
286509
247415
818306
91808
548195
452117
18411
622251
315958
363519
824516
40424
566643
284210
426014
287490
592042
96033
212015
66757
804797
257306
384875
553817
22468
399592
384610
125291
511066
392497
558262
183559
319655
868830
881015
416258
324395
469531
339036
785812
217348
429429
821056
369347
267804
503584
677239
770490
585587
93723
882924
871608
103716
557963
449529
63077
489814
389827
763745
757120
748609
408933
81101
587635
727259
649475
562241
267368
873119
234270
138458
101109
614424
694896
832871
207954
324783
525349
281409
830891
829935
317251
654217
113073
655249
361482
326364
233164
552297
251894
780693
173643
836908
336514
31647
781819
610620
731015
99733
680373
816434
780803
251513
833906
703175
845140
266157
494586
17151
623171
247185
234458
773427
595517
288761
114868
64281
457628
728234
337808
50769
175813
337106
664881
100174
6059
300193
337026
256096
715281
440999
851599
559898
44076
295628
68463
67557
751014
673254
578591
177792
597919
525658
554827
883474
667182
113906
250693
260174
99206
79511
126263
470209
373748
737291
218613
713340
794020
416646
835404
246072
345251
119371
417336
869514
128094
531847
592433
384581
218058
32901
796548
476231
795933
501264
614656
39297
170330
299302
808423
599814
284394
806678
653157
491631
511749
322390
168829
225576
615953
57763
812542
676155
822497
70613
555156
781911
390302
680510
545499
731132
323811
62784
275567
708678
249634
63688
311519
450836
121252
24171
433183
89236
462286
287195
666909
331084
551615
489509
3787
345095
578645
311947
120731
520379
48176
566489
453257
731059
369134
213286
195601
265150
714134
108073
32514
3923
42032
569877
353995
763902
336753
617971
272881
729196
236148
698459
572738
758543
471716
892366
262948
255982
498134
848466
338759
786285
414931
437931
451289
404436
163860
350803
811608
159486
602246
64150
755042
330272
611820
819756
649800
626100
61924
243347
217089
326498
686114
406793
552347
752938
163352
881603
64588
230896
823543
42349
390182
868964
622351
827743
863689
286796
172050
524055
528979
373649
812311
675321
876659
571171
200603
854752
820475
555338
128866
66943
205683
829258
475130
676665
794665
155314
738784
739193
336742
408513
145052
274767
222589
893077
210632
138568
776381
215153
895694
686697
332006
763755
505615
435015
133592
720111
238815
120965
749862
418163
766158
423435
683658
811577
825282
116160
530450
560026
280192
152517
129784
468725
7689
52621
678991
706676
68737
626748
375033
386774
157771
309338
457973
64959
455055
243732
66646
56793
341086
671504
810095
577988
373869
116491
821931
49441
589949
842673
727001
865687
271387
668057
97732
270688
725602
387258
797504
761108
26174
102125
797632
780272
518284
357440
888965
573730
500350
419412
586609
711763
889338
317109
823258
355025
434850
447539
635258
846040
551054
123233
290498
167933
150325
68425
463087
70391
85803
126986
784917
857194
435620
463056
884024
811473
433463
736751
261817
675559
767902
65563
370189
63250
227225
381350
82314
852333
571442
597815
635322
664657
826619
78435
10226
62879
409779
859819
248509
172140
885096
463186
387729
650442
524695
19129
135299
102383
699951
136794
351253
168739
273267
324509
833966
704235
91358
138713
105827
195469
407648
438219
860817
892736
785159
348428
324876
521330
557177
133746
159313
474037
656477
692102
384248
33223
802106
598141
517317
237756
774871
341909
54814
549930
335458
422989
857111
723473
86572
624546
288425
840133
493073
657858
477281
299065
441461
555215
550868
342858
767882
6482
683760
745477
630606
868472
143342
710582
851186
575374
325028
330990
397237
842228
330839
764976
559374
868289
147533
760536
397993
758708
450464
524232
781384
754994
604879
456721
320843
692416
12623
849818
364939
416446
725918
400528
633920
760126
586008
305835
863330
134304
76450
463160
817932
843020
227556
103272
362780
504012
891380
856564
516311
726627
616141
604299
870538
897613
515935
4410
41260
845940
487679
557463
179679
632012
874559
321578
140053
147244
429945
657913
87759
87977
447332
564078
531040
426801
559561
806439
355056
549089
611376
893498
528796
457700
176339
421858
99419
160872
242164
810058
114844
558462
653770
116693
233131
782638
737335
642376
641554
173525
306133
862965
674012
60732
304654
699205
282933
260982
244587
322432
825901
47381
826756
832796
327291
108266
392503
619552
787998
685111
235316
607380
228927
308467
181556
554919
251122
169625
576393
15932
173019
474733
138289
111474
163470
297901
197156
84111
29870
143823
287661
541256
587703
100509
287446
838864
398296
78409
89019
503578
848375
194382
655745
381868
368505
247558
496607
383906
502073
581954
776570
92764
874645
373609
647151
151398
340904
888687
775530
268322
840657
94033
592851
272339
609619
76683
75240
405736
509910
815094
2981
755876
45004
251905
163456
197062
699949
172459
807185
823962
781059
8091
318798
349403
419778
37692
399413
195875
67759
96888
389763
599536
798753
613263
153218
139989
721669
153716
833950
215642
987
432772
636920
694513
587422
510628
302484
372119
110625
837047
430189
98882
385749
771129
496777
10893
752071
303514
497831
226141
540870
757626
132500
222639
747554
343197
637533
620513
230672
338028
460894
300825
467146
136680
19865
214646
106771
747883
240579
414129
729880
764477
484792
557935
487666
608943
773454
474502
37577
663704
168807
151593
685746
712746
755777
208146
204312
493648
587912
462828
335129
334183
880171
873722
630759
347253
522315
44966
333999
113386
849391
36330
453110
384882
435189
305077
880863
710387
402787
92827
755370
818570
620091
519771
873399
395868
753901
33678
166279
114299
779623
118025
802883
557720
395528
256623
556854
294528
279538
70263
125365
895924
458205
380117
614496
187625
448200
689799
738496
463800
585642
90814
708783
892482
716071
47015
204440
43524
803358
494869
167251
41235
44639
801485
100563
147573
170298
397934
856763
495420
534194
282043
589642
252447
764529
290246
615640
401014
336469
252378
66936
161554
774632
895013
887741
631094
23181
99040
818617
850294
850614
718365
844577
617931
269939
233132
83916
789072
241636
487913
501210
119229
36336
799046
631793
521245
734574
161137
64515
86574
381920
448993
667787
567860
682272
827554
18998
863354
852787
528667
204319
584614
606010
704248
840211
807384
79687
273753
138035
252895
243596
295606
170199
501432
150159
497581
831055
548484
95194
501770
406789
775236
377518
447602
242719
40724
38072
596011
503968
344353
677948
392395
98926
870600
638382
670556
844942
162349
141215
774057
314955
828244
129908
836072
150710
196640
598003
28100
582663
282470
779223
55334
85698
36333
632930
270975
781045
551748
847058
749876
689726
744735
62124
676966
291017
622992
157525
212764
658422
804958
503936
505328
870201
355621
456545
526100
632827
847145
511104
8895
810462
215864
149706
337463
706878
806748
465793
775900
66227
460089
197235
412783
13139
657417
647304
204765
495188
184593
546452
712524
879791
146208
896653
148097
394816
602884
47639
55756
488266
154152
686779
822385
759512
408206
575638
498419
117278
732741
373230
279550
499709
433319
219423
785137
880069
598034
801235
247335
63317
469665
599728
110433
43038
547526
90506
33489
266469
857254
337530
530181
749223
268369
332231
288527
757688
27452
384705
614541
339972
557469
705325
474841
582038
622434
746969
336943
248502
57295
642321
370550
117485
838738
295242
533709
401189
575044
669372
340692
475916
446143
879821
741684
500439
165047
434920
475404
208226
469942
371309
576601
37525
788471
251554
538241
322019
203902
860551
820092
363116
147059
390918
184127
735714
581273
186537
482246
91721
308527
851430
630749
390776
455683
381622
666796
24412
320142
50371
17757
169499
481136
745119
270955
533141
458024
265649
713993
605031
86543
380011
658283
779306
14674
229111
526581
328536
113387
830447
769567
294191
130427
383596
601889
396557
627142
123031
473505
756059
391050
702075
156342
412903
609501
553147
673944
442121
299939
848703
139846
58567
156521
361418
601683
853108
651041
141607
319917
680947
383418
702594
127820
358393
384059
436179
599412
20272
369275
532628
353447
727000
512928
246004
72650
20809
771859
225988
524626
595699
317340
174479
445419
89510
587168
108455
44741
222477
834227
408506
290587
788981
757979
428068
612961
306508
644611
155933
165353
886021
515864
251987
49810
402936
748644
665458
189742
877093
55652
528416
525231
275193
50536
787430
115981
887817
199495
201608
459702
503515
132221
68501
747603
443429
850434
287385
455730
452941
277511
133808
320693
251279
430000
852406
508311
223229
888904
265114
503030
214080
516326
154257
754530
620285
770459
344806
323200
285587
225908
178159
624091
561697
675826
764763
241384
540869
746211
668455
751188
401918
493276
249328
76652
489619
39094
875266
158472
704652
624259
26223
11766
472190
758795
107388
774335
833157
619367
629589
537655
347945
855417
346337
365766
679811
690694
126672
712462
709145
754193
461104
808505
60901
71478
746015
174753
508852
649343
693787
183387
212746
214438
430197
745889
95874
483208
259717
567162
887571
697250
191158
395752
368367
649355
866626
769261
719141
697614
370712
522811
43814
120354
448569
704727
31748
430247
48867
239625
646423
289024
760037
87075
362745
147815
157809
293579
176849
131153
727983
399719
653933
726304
693262
746500
399592
669407
132629
697795
646539
257469
117080
675137
642671
102057
539654
766081
584993
135974
814751
313400
363743
618667
395363
283028
422719
314554
807718
226058
49966
194266
764031
617563
25525
512052
616768
801762
252504
214503
653696
241980
581785
17160
378291
233044
416665
520953
699739
404203
11871
454756
857560
366369
207089
333589
578651
65890
811678
786226
806968
386608
552734
708823
245658
198280
462609
882546
826320
515412
596004
766264
506277
273517
865555
432898
628909
261866
398888
676551
620571
179913
224865
93111
804400
840185
230960
300594
579887
386082
685436
476419
91755
662385
255716
161788
460801
886788
588644
440559
820706
69742
612272
559654
514089
868968
747677
729055
130923
235765
31839
122024
890796
270960
286957
686099
163021
183667
720705
336086
475203
438374
515547
673218
363812
571395
821989
882845
81627
754562
718833
877502
65371
488902
851135
815012
868079
24067
843163
332500
789296
285642
318179
682446
37968
116370
391270
450795
869331
390341
612199
371188
39933
308132
639649
5506
713286
828472
753828
347885
479114
226518
59038
339
75934
523086
588886
293416
393437
90928
461361
793428
130464
58588
15159
820814
836716
868549
781999
741907
126020
424800
659847
123682
572191
445967
221232
561015
139253
862916
403046
668482
74708
629940
53358
520227
365615
665435
386200
613413
285333
2021
817347
783572
796543
5568
529023
895548
557571
818204
178574
123679
577894
852699
470820
520467
645423
481819
49998
289142
816598
115133
350319
560110
521787
811057
234789
86850
229202
719552
385097
791086
193596
867989
101973
560775
807762
662409
316609
431180
529114
827019
108390
487332
821692
43208
832899
214266
693358
287580
247870
8338
344172
266677
331810
745415
418531
191903
391846
35426
587148
83378
455951
176089
10710
313173
232268
12834
360732
173485
37854
566066
708086
136934
622651
159638
740043
591452
346920
150861
436515
442662
433827
194496
624859
532960
220323
19871
138034
125652
638263
612122
320928
500037
730699
176408
57799
184983
60490
34999
529537
147070
250109
145985
250233
450689
57265
585960
502613
197066
283638
677726
828529
866350
863587
108499
390439
607604
884567
336139
887914
745059
598651
679419
832051
243276
386116
711808
339346
866385
849076
501213
880646
565968
769695
343823
232519
221681
744139
737134
222208
109896
710609
570498
707547
569446
273377
623007
443893
667554
237538
667167
152592
191136
13590
665307
592327
418940
767995
541542
330492
464117
235054
689125
229005
580761
89739
141487
696198
500616
663759
192701
665488
437479
112670
153677
751110
889060
35041
535577
395560
113505
444775
620687
452488
867647
9740
677965
637922
1033
843383
818844
616713
547193
594941
862374
473372
874666
734435
23444
510424
91484
800992
747976
98503
714014
682433
751731
439862
277275
515239
33845
267684
172963
756331
617999
631158
577717
409505
127782
265351
367462
844666
170647
733373
497616
666403
739345
470935
796570
102283
614259
34722
46080
158530
330179
56043
851231
151549
238216
337327
87423
627734
828805
625517
802141
33201
522259
312189
251668
134649
384057
425979
517544
878184
120427
721179
693134
1221
290268
44000
896475
327528
360449
887528
552
89913
403811
109311
883455
28471
446112
162164
699780
891668
672863
774920
152387
595581
796463
133090
73330
618648
106331
22464
845794
755526
152619
450697
267624
760552
17018
556797
396418
783389
441872
266413
103336
790185
221564
593895
341745
42386
859823
794730
126623
97380
598807
257592
453672
898293
331062
99881
581218
696642
873919
50876
591818
22039
420173
297353
123632
825134
212192
491634
231107
101615
41909
437911
101461
722486
44352
636072
544234
391763
170281
192469
307650
312810
872480
276322
326145
13562
883038
835030
770072
385883
591961
79347
79185
526272
728260
381728
669724
196861
600897
48001
40369
466530
814468
577128
63521
885925
876069
519269
28126
453789
291585
272313
501123
515690
853806
715976
792385
673683
399065
560557
247144
894727
146622
290631
585134
437573
693827
113169
226335
180695
761810
302672
647681
243641
77073
49925
17634
403032
483807
185346
265184
360053
428173
836505
81717
262536
653270
400176
270558
51841
337565
310961
858022
754826
34914
424734
397363
600841
95776
631394
441965
159842
449190
696514
574150
750040
651727
622866
222283
548500
647265
108740
186181
602302
867039
279899
468684
836264
313099
207229
66377
157547
54716
779431
583558
467401
594615
705563
265173
308625
421101
518709
510586
818560
506737
731355
5877
439237
160788
650322
184848
495613
646463
189069
88833
255389
22380
775265
407900
397902
783906
485268
311385
466451
123947
528467
888093
468934
392467
882115
725128
595904
616127
41039
597498
772695
520776
809920
94882
464257
192627
140299
865861
791383
660398
514723
738343
493813
619752
774672
220698
96798
626030
132312
36512
181117
588574
66489
624318
263782
745162
186392
219167
113850
751946
61460
868289
631498
896094
2164
315297
522482
804063
330111
545406
811015
320353
563146
67788
361931
801832
486987
306584
521405
324579
106349
188179
97262
91305
654268
522141
692557
298606
658688
638191
597349
125762
168071
77188
152700
185575
489275
69477
574972
556110
724435
426192
361199
726989
355748
36516
852227
506398
71448
325324
841261
676342
814807
83461
78921
44448
562882
848654
649184
323638
4063
723499
642306
429275
203309
371094
526995
797208
415833
798435
884002
73906
459562
215117
13684
367364
782231
706626
839136
447679
425593
103977
471315
626874
39707
554955
408275
489559
126893
672229
302913
802707
416183
661000
793080
234729
609483
307723
488466
34757
870579
642190
474153
654432
646378
741515
565658
732221
646822
61115
2694
420862
854675
805059
663923
42980
252891
52953
229936
746849
649057
428534
67125
534907
66958
16922
476168
31648
210338
620247
756316
1345
458988
89979
127956
265708
406837
237533
768774
118730
231094
421859
807738
528209
151786
703310
335761
720903
685182
53667
415171
857812
734852
208918
338497
862786
61639
315349
7545
464884
490617
79694
251607
200224
153512
411198
874280
61066
356464
187895
484986
525951
866122
160205
225760
326443
712289
872638
591602
546263
689381
139228
506129
848418
209336
32472
686727
252091
128902
726444
829901
637816
362579
503844
896230
18582
319276
476202
105609
499374
178463
341806
290908
410608
786630
274702
690299
561151
236958
730727
301240
122409
186134
122104
665533
618241
249379
591408
380045
760602
441808
741780
776360
687938
612275
880238
