5363
337556
521115
94901
466456
112592
71626
332009
38697
65825
48084
284823
549864
331517
257072
494728
277698
421946
192516
594640
708349
603729
170751
644773
894398
139166
579343
285771
504373
124356
486559
661963
644485
673517
574193
237346
109300
888143
129172
131669
143467
412459
395746
711970
466378
498511
443097
233938
289324
817690
681268
393963
280178
57119
156261
774882
211950
676419
874513
263118
399118
106497
474023
280343
534691
215981
676671
446124
564078
868086
676972
336884
44838
50308
378461
322941
859176
333088
787957
50737
347355
446771
853509
251526
216286
276519
530755
357972
31953
187657
890026
347361
892605
268336
823725
891672
153761
369432
782809
32249
888410
58951
191750
692234
744973
142673
255385
763274
406868
458038
338425
266086
835204
773096
371724
814021
830359
724395
771022
720126
631642
337813
318926
394249
174965
109686
599844
497651
60690
262769
675250
289547
280332
273607
246999
595801
63990
598709
750122
350638
235524
736212
748793
402871
182554
362366
871613
46155
478192
350992
728570
690948
812094
695339
490544
314538
372618
412117
652737
357195
572555
609084
588096
547559
219864
662715
589778
86055
700274
706261
693828
139181
342507
625853
439880
261383
887346
760504
218605
564381
58909
655195
204153
830922
355281
475950
66502
751368
578576
315954
666199
754724
30047
118078
154006
152368
178227
420325
559435
847031
830744
87380
302330
429035
561470
80119
191706
412090
804032
142811
461198
367583
822034
253966
604321
235413
791974
578083
629059
408295
880347
206705
742010
25826
85731
555771
341063
368140
563568
103562
88183
742829
154490
416471
269346
613739
814095
657765
13539
407893
654391
350506
241205
159381
336707
551247
414246
651464
400306
153773
289178
137098
661855
740183
698175
418602
331051
840502
364616
486461
572706
289967
10889
823246
825421
113953
632078
292947
670291
145323
749496
264603
802732
650826
837301
534691
61092
570144
852571
805831
366121
125968
117761
558006
850129
560710
324569
132511
280650
267988
205230
741928
77503
230678
73078
689533
532068
120791
163604
353861
727839
826925
394221
791728
522835
762495
14532
521420
628650
248103
46324
180407
673982
404786
312938
788751
268708
707075
303229
774661
197333
609144
801611
670128
248059
161413
433681
616830
413556
242876
874118
1605
516838
676303
460469
493368
176447
775820
407125
8437
216360
346310
151366
346043
127270
199252
692426
709817
372300
678867
800510
575361
421504
635079
598708
484443
297960
741983
113167
618486
455441
881941
188025
791033
505372
100213
589476
235768
169062
187221
223611
892194
744274
356675
209252
547543
80692
64477
152758
152983
718973
541496
556593
508534
43134
63908
738077
866315
229883
168071
3714
50696
741838
485382
180833
558403
84693
205923
31471
884979
200889
108255
368908
242327
244444
202912
567875
559632
852830
493358
390048
307822
207243
573368
448744
483976
294564
203924
470714
521509
854185
864387
543009
542680
150945
162482
75538
340041
33605
881757
701673
527533
276879
862030
188698
520503
157402
42979
154870
346920
134742
423598
718461
753378
750698
317141
519226
344475
734886
749402
312159
417133
326085
329941
15485
634474
6843
272382
378688
752492
815201
154535
571846
693931
860986
766693
296186
285543
450848
580079
480209
360261
593072
827614
17504
758743
684815
27861
556824
373140
657047
74651
234528
802887
870307
584835
33549
522019
276595
662093
196063
328851
120091
161957
22875
799727
142318
520776
508577
633547
164003
9607
711689
688042
23937
515877
493375
290577
678605
437754
463160
599926
801004
513402
137296
476598
575255
618224
280834
644453
472667
725315
871683
185761
789161
547163
647355
773088
345537
464925
660257
475239
425109
223729
673938
509276
79293
686661
171021
538579
592920
334250
405326
120261
891481
685500
85829
470463
607349
635904
184498
227767
551591
244005
588192
810105
819294
288365
498747
481695
165701
725349
62191
431967
378252
568240
591390
252574
180568
662178
114718
484386
10884
825736
816813
214758
663537
176229
630545
479686
613138
45558
398608
721594
448781
552631
439625
425440
446734
617951
272302
313426
118446
199078
256255
383382
481435
208008
738435
624212
104773
49121
212069
168290
284165
514871
90441
344539
396393
848471
842890
862767
39680
754200
102097
359668
844159
332348
251092
714586
480717
72885
448904
356380
63666
73764
828356
170257
115862
728348
513397
805602
672345
436518
224887
501271
582191
247069
597559
249547
287893
687385
680994
816894
577301
790697
407816
709640
616785
664345
868947
371018
196496
471059
56222
167265
58978
454690
169332
814388
850130
77682
872519
258221
192999
854484
163241
858500
857206
482877
301130
657047
698856
394253
24974
241334
120612
22253
133322
284922
659225
862161
634363
339126
815113
518942
856292
69957
188597
459045
660034
542691
730081
895181
285901
243224
546020
599215
630157
334511
863215
858107
480630
5701
190903
418520
221794
245116
850017
528680
801002
544015
382793
843049
672672
65024
107982
743288
570540
844301
38333
835633
573377
328385
292761
530641
122620
534055
834916
422652
207736
861594
439821
257178
14352
599959
252406
882397
834354
687988
835264
3326
1820
899018
666197
451269
869879
56365
751730
888742
594764
528732
96943
466312
196807
405556
87789
283938
272263
594687
676507
853791
559198
91754
851844
854080
875403
230964
848728
880128
636626
404034
472053
364627
602869
899055
478707
549351
897649
769057
346217
455853
469784
811255
418079
729361
489958
147966
588241
334820
595650
681667
398972
664539
827059
541890
675592
715600
332284
889405
609650
837126
490998
822089
875285
792427
51240
4642
595764
894006
256293
897311
646343
788623
792995
68832
810464
208078
180979
872196
263673
392283
230210
546391
137851
607477
878059
67944
673613
125006
285174
599608
544856
707283
591793
568814
674547
889386
607242
602376
172783
867412
769990
465452
340673
486129
316417
746077
570439
44963
28866
305033
836985
601579
673594
279423
444782
392496
876922
485918
850696
466110
335726
127336
27421
433930
407353
688693
464354
572820
322990
363396
327734
573029
63528
17388
345737
778136
354823
745873
244615
812213
877288
42483
90853
489048
171007
702208
308647
286289
476051
472809
365643
146020
625271
92465
805366
414384
502753
324674
403800
736909
199400
505690
498270
454094
760479
609731
727029
477606
178472
895777
883958
3880
670647
173028
356114
195398
649956
668125
456763
303547
132172
230765
738764
492740
461253
837144
497558
42600
48508
335865
425672
728985
439501
385711
844123
711219
826398
69877
255799
646273
615928
842704
409734
550015
581763
6977
615123
479513
705886
231066
468477
651827
322551
896557
633374
758754
224653
400704
186866
524599
438847
243165
460391
49020
614736
375590
585664
708087
637242
272197
674309
386155
377964
705154
91019
634238
850850
139246
58140
698134
653472
117691
750562
668124
104522
748878
567605
168642
49282
817357
828478
455648
765151
810067
883879
610362
42054
655203
775170
143550
507272
715673
829587
795082
320472
153723
264890
498698
650567
718222
534561
852287
179742
703685
145150
892763
292823
644596
812805
668904
567608
716868
88174
317384
298958
684095
698494
58264
839394
587946
535060
860878
291226
483155
601171
131809
30351
67392
600871
54343
366149
378886
322582
144185
110029
746523
430276
536883
245651
685539
75074
625592
93860
851783
432245
573171
511905
158949
605183
300600
181272
227712
596140
125288
15173
587607
244538
243251
152293
550803
93605
376696
848786
234842
230191
584520
877632
165634
69321
34409
817586
295999
548929
653078
739066
260348
861832
81508
207116
462696
41406
127199
576157
211464
155643
404050
279741
49035
46749
370502
702062
543675
783434
192482
667712
267310
198241
559281
773611
150140
587649
871265
523112
350891
799381
410759
16205
688679
882554
707679
3875
601261
575695
759601
280420
748422
596920
380272
342966
458385
148719
166013
138911
7545
217767
166216
737445
187494
198366
332502
465699
30351
314495
451902
483369
112749
18033
498189
440817
163082
551264
720745
331865
675128
253510
73075
268674
627551
414453
522085
475524
839438
10531
387675
240844
188307
595091
712239
874547
481445
800284
188412
13692
476830
584760
757540
532553
217479
425835
447085
623610
325419
576334
207014
29636
887821
516087
565415
802314
407190
369703
267286
760987
746726
512560
56902
289959
574316
496928
239418
715071
811953
770414
295048
772200
344974
624288
174424
423900
572733
831606
366475
276765
218605
295063
732377
821815
309360
617751
514354
111057
537455
899457
512422
253999
45085
614087
293601
242407
461096
120675
755886
243293
68332
137992
658204
355294
14465
793162
181086
64501
119509
37223
464588
757518
780437
184496
821126
680421
164196
785400
681753
401610
232078
755001
19226
14291
876182
833277
11376
575709
895276
549455
155502
97473
156890
356030
327678
504847
592477
896139
856569
413226
255409
398576
476722
812864
558629
804077
354706
683171
426958
662000
422750
762985
523960
577440
558198
700509
655735
133703
109751
487999
27003
406489
362463
356095
722945
635429
63024
506321
26214
69335
447661
225709
241270
784135
318914
210599
334179
369826
432225
504934
22546
570226
592647
600834
619216
671149
234941
356223
757698
30327
677561
707329
290649
862837
628709
148299
711619
186511
798775
55415
881086
483105
438848
13396
582024
405631
627457
36887
13107
858466
136438
791712
484980
780243
442390
433835
151290
615250
890131
4814
578203
71235
289596
320181
726698
829654
452995
13976
131269
819250
838360
774038
209995
502942
448563
196817
776459
544459
64465
749349
261111
163201
461494
698598
222488
646693
809905
702741
384506
567556
543869
687486
839304
538814
683587
408178
315571
838417
85469
651580
535563
716321
129238
726209
255536
352098
679117
360345
792162
886690
3640
309253
508501
126613
144260
677548
90401
584413
650971
306902
517685
428566
352031
210148
854219
43036
595858
405865
601687
203770
439448
668425
789945
13904
84980
350573
594258
15872
325615
279168
740179
451893
749368
323946
128848
708848
310245
114662
784756
878768
284183
206273
702606
279677
688764
882482
846857
397714
146509
617648
616890
592580
421400
451413
11474
275443
421272
492845
711955
711149
587616
853402
360384
163289
656151
715560
655213
885766
772156
846216
680181
132817
738987
598059
580778
146861
104504
116829
136614
443570
579480
135675
555745
741028
51776
289298
440220
536671
769669
720278
555609
585020
625313
410651
704686
529955
428535
349012
621038
145901
873870
478917
453895
71124
586970
60743
349515
640441
48504
119256
775558
252402
255927
36989
784782
361550
251220
199029
551321
261830
392702
388890
800008
425826
232921
82999
481888
70341
170430
773697
20377
501015
107167
3379
786704
291085
576231
454506
317399
534806
14048
189497
750893
243460
382350
579754
205512
32405
672345
387282
196717
85630
291209
621648
589122
735987
374826
387042
418620
129621
484110
520707
678322
430072
490225
877221
717394
625616
579832
707271
583377
477048
80883
264019
656158
382814
293922
811447
667728
126158
225811
67005
340382
486522
629353
394121
328653
821027
853400
327407
461796
872934
818605
781039
522523
136806
682411
703278
690482
800530
683792
689842
41726
350002
598582
651609
11358
176691
190805
45303
167404
702541
4805
823626
423214
276526
70114
878267
384140
103909
276072
470612
349981
721516
47646
173912
530330
457043
713647
877443
291956
670565
470931
758432
345249
64217
434412
810209
437361
149688
442252
346846
780415
125765
803828
654509
368610
473326
810231
293690
895652
722862
103102
673219
226282
66620
135364
645139
113490
710451
82785
797017
427419
533759
476964
606404
174206
806209
776602
218141
91802
831423
263819
339617
231789
297163
399395
658074
635934
537966
392910
218905
552759
570865
174493
418705
183665
724424
60485
6547
511175
707708
170566
124226
419053
140819
377033
146930
449017
130109
302115
170242
777503
862654
644118
319091
797018
524851
12471
261572
781958
245763
19978
24556
65963
553219
472329
570259
771924
668742
781092
754508
849502
196416
272514
22835
66988
168373
160837
39455
665047
272898
252652
615557
848866
877127
595634
254985
309963
812496
47283
116769
737502
557407
625455
484872
98404
152184
160359
301467
469784
222953
856005
778579
198682
515283
459000
204640
125725
148857
738204
647071
205755
182212
456920
723704
352424
851952
753185
583510
399043
650519
428220
650627
822857
35864
881281
660128
377668
344292
75355
842942
84065
411493
741323
369372
878431
170698
460909
663517
544963
202643
82322
637701
657801
329366
91948
689040
1844
282764
316584
388015
282855
842748
364054
582016
62060
434529
148100
524648
802481
706490
695720
472240
513971
505166
694524
12761
557234
785081
45988
517470
411012
357624
670699
316197
273701
673325
629035
250913
603436
345647
337164
838759
259481
19154
10244
846250
539723
861998
741852
298517
778542
525903
45523
254309
744337
640472
699003
334273
270933
373300
820801
92950
299778
154683
449323
749299
487380
589757
731322
64286
565170
51150
599439
266354
487935
233102
742218
134710
785641
552691
661773
292122
632895
565718
659423
208880
234816
303831
252780
782629
816943
801550
774314
746107
783170
591567
223478
839748
57145
385625
703293
288349
239851
15867
250423
81765
316124
64803
441197
573112
36556
763141
850555
238060
839209
316452
115729
75559
407204
300512
73875
359707
584129
794428
712480
244543
396136
534410
75536
9612
632632
48054
461079
161969
835451
728012
418406
844435
478933
703623
660176
702276
776630
706838
48618
350334
390767
486989
613996
593277
210465
43174
718900
124246
658321
424465
420010
453304
620631
385887
740221
381822
12694
522119
1868
805933
426886
163252
448578
595216
232141
624011
618808
795662
722380
567580
433374
91045
749781
582884
237109
691909
516602
857821
187507
876555
814433
213379
727593
681368
303189
702787
808738
3630
259958
463170
112353
219591
65775
629127
62701
270129
36328
791238
860201
461162
333490
749482
350716
527892
593472
406206
725199
12724
396117
89241
872756
231437
733272
537796
706308
46836
83748
472104
606721
888400
659164
81593
658042
735089
879067
706905
117389
77034
76618
73322
287558
81547
353611
419956
29606
401055
489298
724399
701343
479359
173364
578574
762747
108593
288599
441032
453021
739105
443625
634660
415519
795545
48524
294816
513498
64128
278222
607550
621028
273261
417944
784652
413684
190119
393404
660430
458081
113595
146833
31754
888968
744792
128796
120240
539116
174762
475236
536772
635672
897841
366631
401834
71072
163389
258379
557292
389798
55144
191852
892426
29176
253328
743316
437695
855734
666768
792618
24493
193297
414875
533377
841540
452111
154260
560976
309236
410444
803340
791074
567852
409434
88953
880964
536174
2344
231119
692060
412177
501025
257469
845401
438930
420620
823143
513157
324504
242833
883708
877238
669187
529211
572915
51748
474513
241848
418759
152086
851436
242525
356812
294709
136819
296518
48300
819906
325124
883836
762723
648643
55587
248112
697811
642264
56393
348131
682405
89388
788075
152584
109981
873671
362918
518433
658008
312640
43492
598278
290021
487536
329678
872612
313693
413218
264559
87809
671456
792230
284032
458462
743662
784133
289845
403350
661822
595726
679619
769891
509854
249775
827276
876800
896456
823647
48265
184424
782558
485496
132434
511517
525954
213667
516493
536869
405716
163916
565969
620719
522152
207892
121462
109108
228579
551012
820124
634264
889874
378687
661748
559375
376839
763249
89742
152604
517713
603332
881407
202325
748407
113137
458991
150818
308497
518739
42621
267332
783172
222487
371952
13459
268535
546127
382843
751488
430934
92583
158315
658969
459683
704079
412048
639307
159955
641014
363750
698849
463596
459512
793759
288362
772410
468430
611438
21881
853832
231875
381362
467494
804961
472391
701150
179314
340003
675069
487233
606503
359900
146479
755831
655358
34084
796033
334923
517978
565655
734179
876295
58162
554957
451871
413850
859788
297464
727539
436388
226885
789466
130841
101281
722797
356800
602529
194352
75311
528190
3072
629854
795790
802952
688514
339860
423786
528363
769722
610074
311266
874054
285147
206502
609716
288936
475871
244133
683264
769223
366980
119109
99883
690970
300471
702045
375294
828724
67944
835129
151022
339358
861437
224901
133111
670191
703938
596789
148866
126378
1950
426704
168902
790932
345666
356183
800202
212209
279130
563445
12008
847323
228198
312740
728558
369245
399938
89689
114974
122642
198784
245710
313525
578357
551544
465067
522600
684356
111606
259087
416650
383542
116081
775232
853738
169878
17820
482893
683897
38236
205589
369917
778698
229446
387707
327414
504178
817432
180669
796651
2543
380813
105006
403683
92485
263864
308916
637698
401891
583516
784735
139350
230917
527652
233815
58464
805138
644511
337774
826621
277157
476124
133172
33201
493481
764639
462058
470159
256029
875645
213102
43110
308887
764505
882165
652171
190597
593435
80758
608607
341166
885802
557283
186046
417559
846566
628723
878500
444674
861668
855419
464379
458481
170791
457467
183365
779496
692023
171188
624578
661200
502529
247735
110399
753272
253579
243769
328955
814006
890770
236771
495223
474508
50466
245157
282650
862661
741041
697578
141214
727582
8312
822183
507482
681121
603791
201613
80173
48109
87012
98239
699556
677234
584760
234077
53832
89048
628950
687422
507303
655391
849969
709788
605501
816096
199097
200201
288606
187731
297113
478720
738371
271114
275888
672855
728623
696666
140041
521264
151741
580826
667514
760590
435976
431877
186070
124836
547734
408217
492335
656713
370210
442561
747531
538888
386309
377904
69634
564564
705440
540388
207282
861177
896360
395946
330974
182861
146094
178592
284265
835750
142506
45269
273035
746533
496931
50157
381391
621648
515166
491617
268873
535005
565537
421475
751350
703945
2979
470335
194065
790537
51986
525980
229487
518808
686208
811778
574329
854160
623338
453014
183332
207156
717990
472545
101902
322921
466889
656815
234294
571460
860915
827026
130680
69566
859960
604775
730149
684677
342795
106256
478107
726188
713833
685473
223814
869795
349279
97750
159058
225633
758360
529409
805612
492765
364423
266786
341492
548700
17998
499694
490369
704453
136361
309362
886929
393009
839226
438385
625323
592894
102482
87977
753620
652002
220120
714260
249001
581276
169785
327050
460703
228454
470220
825956
715285
178118
288544
159739
372947
722949
167109
699439
397538
108151
174900
821380
411207
342360
494652
82694
359709
441816
299626
244781
682062
99661
643604
310907
432910
695560
410146
139171
557396
767842
709977
191076
58261
468980
216037
464818
597823
87845
18179
616374
127855
90238
477480
816588
235407
326394
633906
880970
623216
528857
531625
224480
14335
352659
226193
683162
153735
34186
511406
601635
145572
46009
619668
201348
392095
96617
159339
890666
361227
586274
229979
247462
889754
379453
183162
131725
313596
470456
498159
222240
244438
317091
711394
364454
670843
181880
782466
369429
280714
594632
407442
523151
598467
182575
364785
12233
776583
749289
745700
674311
678667
270591
881763
173155
92728
98841
740733
499565
603363
531576
519880
576940
675620
648443
285193
653187
241461
495710
657596
697390
770857
253796
518689
223531
378406
823337
263843
495862
528480
547866
849222
353709
590196
867904
433420
832434
87997
789655
865348
693167
717143
454588
319697
494323
10766
771909
605202
336699
73025
655947
197842
743628
214489
633315
677902
533020
606336
746506
442399
731632
16768
449534
270564
29056
54745
512873
385485
833271
492413
664216
379877
137751
740076
229355
776605
338041
668040
670789
806225
115474
778612
713890
477338
214033
114798
220712
184495
54052
736101
559191
300505
705882
105689
830234
265906
812548
637166
887967
213496
305749
404716
454723
590323
335785
536087
178310
688193
365249
556262
88606
186203
569932
614209
671976
284614
888737
818076
768729
641848
650536
387850
540402
890148
509657
223872
258706
290884
715965
868168
745701
220450
359793
174206
741946
631491
526984
451307
190387
455152
880368
103803
468501
203427
225453
448253
536672
116362
142561
230807
436024
755899
148621
98755
56065
702357
429201
62985
418442
546606
612239
782490
91168
712670
783662
294471
163523
59303
726938
358556
703509
586623
781417
473469
576846
83228
498777
694779
180558
516476
444436
765426
667690
384013
548629
69346
889735
98879
3717
635176
286661
887812
365662
126201
793714
30241
230705
562107
485792
551733
569826
580927
351696
448066
546417
854238
273037
288540
196532
24975
59190
118541
195871
694947
757395
543235
15782
694461
110729
890007
739385
629233
479432
467707
221614
362360
109857
497087
214173
749
122517
1663
778820
172776
406025
13613
263307
542772
98102
81686
180674
191406
606332
486452
170406
581532
310967
738000
883970
86024
274314
702257
276178
121752
600983
44934
381283
345804
288176
541963
622999
128083
880680
222139
105988
198057
185859
793651
383580
814353
722060
102879
620647
679691
516677
423875
773868
350419
358905
179944
832655
684214
410254
177729
361876
674449
61046
276280
583073
359816
14372
661114
280226
322751
640571
158012
299878
264184
478402
683241
701191
783594
281172
23593
375975
309339
6932
32783
318198
721434
188574
408927
598831
9531
576121
797914
42402
333648
414632
138823
589133
240160
305600
346176
136867
803430
561075
9974
828142
471465
775691
753058
108017
860243
322994
380170
518406
509201
97102
289900
272679
582086
758026
357097
827528
550412
615312
553649
210305
315912
266067
23335
511273
397481
616040
188336
59357
136733
417364
534174
476897
50767
207328
644820
205405
238145
872138
884181
733545
242081
737430
588557
206723
789324
62209
265115
639133
379164
47125
290457
338740
148687
548281
186058
807418
88694
204320
200575
637973
293750
551202
550438
886881
98526
307015
174640
608624
681189
440319
463965
594738
305856
439184
149415
211952
460030
731751
657767
69841
852512
679791
616391
337119
60599
315423
606342
484740
72283
261229
679681
368719
19078
200832
111620
200947
487403
403748
508173
827534
678902
38871
481049
100102
832802
883808
431181
801359
275729
500479
669859
628938
754923
17183
736207
494152
177717
127080
157357
289676
147181
854002
520937
723470
813889
559827
81547
515643
603209
768825
178269
852730
127943
602836
112314
581802
630841
603210
590068
200359
306840
54574
117026
729195
493841
510507
280741
242544
20414
864058
826069
671924
490016
76179
772588
397366
478650
384703
257743
693181
326669
585644
721589
719800
719724
315642
307061
545760
124891
336531
741136
584089
685737
468696
498584
515863
606887
101782
195324
641918
771588
382935
550065
151682
94182
383220
75678
522444
293799
78664
684516
110206
174154
306112
794216
746349
235704
581839
307935
799981
572828
10878
570261
655660
566647
589153
514489
605268
735424
77700
490696
219860
896444
22308
836341
244504
472694
117338
261906
878644
870747
542354
861758
136128
532308
817274
387979
579837
465153
514869
883210
13302
581551
198544
244214
288897
583413
371340
477850
469157
26449
284474
652959
663894
666330
11333
778709
638459
664737
548904
634973
436465
24489
600736
260466
411784
888128
109020
223890
467243
448825
240210
270124
860861
346728
76171
40552
177439
245049
731518
508845
63246
135437
16571
432371
220649
201426
564541
560934
363504
436829
492610
693587
764296
853031
896983
103154
559547
330913
252012
884656
770140
477814
646248
31448
487432
94524
800661
642910
697384
294549
667323
444328
201523
573864
435627
109433
294992
766551
480849
87418
578553
689566
474797
139847
832796
636519
711547
696276
544699
538988
825742
369594
666995
251018
585115
755810
620985
428766
301489
252333
443584
89151
310855
206814
189208
174039
795950
470628
509200
736767
341414
317863
101724
358966
337164
360110
669489
659550
515536
613067
64493
683572
60580
639556
270069
504138
253969
220319
853174
480098
585988
818729
215980
278441
852390
276579
207137
714957
783849
712393
76557
132445
531805
482304
574620
654236
613667
93116
492173
620481
316569
364875
292246
70253
409844
569793
276709
199178
58924
715169
873825
262461
683057
519173
757552
2024
392891
237611
265490
800063
578015
72988
569578
556836
95741
261753
769788
661185
525558
336004
174289
547554
704348
368200
881816
379372
801249
7303
786184
283582
594033
495966
670464
78722
530652
505398
478799
786928
501739
461258
476239
394144
660212
156112
268075
537705
794889
569350
532226
178299
545834
737595
27492
383798
672347
51159
541593
594948
56752
554343
601857
728122
301028
299913
430902
219174
234409
367312
768429
46325
37850
63732
384252
530372
896077
369850
701845
253217
634820
464412
164048
469406
554786
498740
243208
380624
608410
24842
5339
532522
471651
587256
847957
848881
396937
102294
859910
241884
871933
331110
219503
361643
743308
366718
142269
343776
497036
86286
858732
447422
697043
495917
443212
883580
12130
388869
289761
792902
806751
643159
368772
153649
878432
605228
888039
693529
345987
9785
853686
178617
899035
273421
145561
767877
729316
215483
282902
222023
788824
152927
552723
160821
620826
817263
785401
173420
167407
206079
882964
415435
585324
91089
243127
466734
104459
826935
525340
877092
535863
521094
151913
757200
254471
635449
728558
118521
256680
818335
801803
168174
593810
241154
688239
768762
672860
728565
739963
398783
290732
137081
428612
239155
124614
748844
874455
676148
547110
786318
72119
132968
794473
477265
394787
631221
548389
822333
838547
557466
306714
308990
283136
597096
552640
528235
104579
734913
817663
504691
278069
543371
358173
491493
756694
612241
128145
433500
641546
621463
877367
678117
882653
397079
814845
532143
879655
244413
98330
235214
268811
235931
659262
279340
823641
143850
792389
283661
200212
837982
577701
87325
651405
585956
771942
437880
191022
673786
353457
247349
343475
846731
309889
245936
489810
419847
502294
755891
237083
484123
201769
786624
577339
767185
868698
87966
315355
322087
584965
872701
382501
531748
206835
879111
339302
98909
37100
765093
681647
794275
297514
191148
127413
110822
666952
443970
470681
384266
178778
680689
655586
371364
354327
683174
809158
681009
308656
335270
825032
894419
519332
598863
102939
111049
140908
48998
996
519626
356722
225218
870813
48350
739999
313011
340662
825913
710769
821136
668631
348021
60459
344893
109440
738058
602630
9813
825009
79469
382054
601786
166821
209155
678439
494390
864985
60128
192470
476140
150923
149248
698044
87360
668861
251008
869973
442336
741177
571642
618719
411566
640623
691708
659758
828427
69753
808164
313916
93953
745471
857850
316190
32973
555286
899946
282801
484263
250116
408828
538995
437711
304543
422386
644367
891286
51091
24189
205008
624774
828546
139292
777910
82095
311909
492979
326022
386639
318609
284228
794748
709533
550485
314316
375964
538131
849792
19100
120551
281877
818367
536562
591720
149730
747204
822388
570765
526358
762690
157609
844627
58585
688181
164212
655355
620712
676126
753965
177977
560926
393644
52286
57291
208126
210679
439191
442054
172288
332069
630030
793195
390934
792495
784119
537849
671929
624478
734907
69084
292085
611919
87416
765284
332045
403126
724757
3824
545517
731678
91104
42089
667690
755822
208550
789419
188088
225031
442031
125438
310184
873259
4435
482435
806299
432984
13245
365258
745512
204593
328762
147680
855046
487709
416254
216933
129527
795433
894868
876028
56529
532712
92703
464475
149609
269403
73617
635906
678174
388460
458311
797833
72416
583188
11328
483634
470139
682205
625017
325982
896836
195041
442406
80443
285534
763633
234798
144795
789577
537042
446820
860000
626249
874497
689853
479667
272526
605111
844819
434388
591909
785864
214037
138347
629210
18309
56072
758461
894312
630242
191391
116794
492223
667762
32274
646931
870449
881006
819294
443530
360601
471988
858553
204578
394696
678924
611440
636564
582765
571846
148671
246051
125345
179615
666188
818056
419884
855523
551520
805127
156279
17164
612835
314914
71279
283784
539315
472716
527922
647289
279616
156725
97850
875414
434696
166084
376163
830766
536138
797604
193723
406188
553481
322869
763941
390807
601087
462435
584521
653585
535387
196852
773852
891551
372792
647162
167815
797511
406716
644488
596310
380917
716042
774210
254240
440249
703236
112397
883022
210282
361216
327813
634762
155854
312869
438733
681894
308529
728739
20897
160389
884178
817837
439816
606282
554526
467284
263301
825627
474932
744737
688909
339377
7911
695726
172787
463423
235298
522113
80926
744893
833189
235622
675324
511152
88238
685801
787952
330455
874675
98605
781478
25172
417868
730027
681096
19734
509101
882282
95657
867295
473233
414039
229982
311383
417490
217761
474924
133036
621813
330644
377629
579459
164963
42576
756237
308064
760209
887526
765888
173421
31361
262287
56150
455883
543233
550024
219734
724371
645970
846221
253736
641479
405411
225297
759231
705659
755003
416183
147091
730201
294294
243569
329933
758645
893447
364690
800123
93037
592859
51634
384259
575132
360222
690366
731413
130813
610071
62393
435097
343126
36494
12051
70535
441480
629806
869891
715221
861201
24806
137092
768875
646396
210601
253450
547986
642790
612277
413056
863403
142382
96817
406656
699389
386584
217039
638030
338566
383645
287537
597041
500114
774099
42024
316302
173161
184053
24631
254306
512355
303695
177622
733596
825399
516200
248178
532310
154289
841003
491538
306158
539841
200628
631445
260005
93360
718644
174583
679315
603726
100609
64594
418084
380999
795325
215937
584051
697588
808545
487424
12770
795373
777255
258799
53107
550396
151889
749590
535942
158125
794232
95714
730992
455265
31220
563660
334836
451778
276901
13627
308384
137649
118844
830816
373735
385371
97770
603776
643606
166090
572770
305038
58197
157591
245197
77526
858813
112702
217451
457687
258416
312842
598976
703336
152121
439279
714723
799003
145057
445366
236446
202046
358475
719763
800514
715838
614445
626
829867
121638
719787
157872
500012
46662
427730
568486
230582
149519
343501
251520
647370
762106
225736
485228
268185
110408
537535
401326
707443
157604
21377
404400
510996
222085
587879
238359
359080
594704
288427
460593
268407
181722
206118
240490
222769
676426
417514
752445
625782
527965
795801
273351
372130
747971
835904
824088
385620
499047
397844
583747
663930
707949
730215
533461
811003
756787
450887
543234
761312
782682
654484
637019
800960
126942
779131
263643
863174
458240
575603
271201
809121
260773
605939
46744
108616
272279
856399
224561
197416
506249
193229
417298
634347
245528
707176
2664
714343
653517
435776
887192
65120
179616
790460
426644
151003
151062
393470
511881
173664
678314
455169
410260
412298
215946
458513
740468
471695
246264
668038
58939
195207
628945
453727
604607
143962
443755
448791
660973
424107
362999
287751
629053
98523
605637
151704
79456
149179
340487
702754
386966
783506
594510
356646
70908
764070
735153
99365
412354
116107
292620
417211
635931
838341
323524
483612
855149
882108
453544
771657
825993
224507
426516
897038
711061
825381
86415
506907
638884
79957
1556
526653
516455
805584
868782
379257
711484
731881
122717
871236
774245
166832
557749
612610
708180
849432
612709
746425
700994
71363
105973
213489
79487
687405
34856
308426
61315
403218
142337
176794
323171
474429
496930
211009
775583
396206
893744
697931
663417
459878
60915
623522
205728
348946
102649
497614
361066
899922
668665
748554
527584
511621
96309
765091
41267
529779
535416
10415
523436
891318
331007
648296
118689
311206
812757
783236
898884
260704
269623
29490
233013
384754
160694
125395
162232
820421
77754
269075
482465
569000
385219
623586
452588
859093
489355
729780
828681
872770
847528
29457
160308
771046
828269
7929
898083
498053
736816
437240
708888
497594
224390
577058
805046
47968
275179
785739
615537
853470
712894
235269
611902
692525
295496
246039
88969
509127
873469
330071
547302
496941
338523
138404
66815
881844
91471
319842
666699
259726
702040
842546
799968
850161
833347
594541
435872
891462
28469
774558
621358
120720
307559
387545
172548
534358
760427
245852
468701
97615
50350
658176
848973
302889
660854
251804
644080
351222
414090
735638
601152
643028
388176
735782
704672
333079
2001
565834
150229
374902
790873
554976
184757
429934
134395
614915
364375
598647
469969
405092
487178
426337
157153
408356
388354
568074
649948
886348
144332
309599
295296
152650
81571
7948
225309
801768
884379
66466
95572
667594
554619
414788
871322
747524
638152
561678
61245
244918
858396
431811
849790
500709
740981
754065
528156
583895
730473
607107
313937
673578
446455
131843
351830
736689
850586
737898
169986
106156
465975
1317
697199
397699
194613
112389
356221
154080
17164
324708
651824
760134
752053
579951
676885
516913
484450
660660
615778
371467
638535
646505
436955
823272
220405
61782
210224
356767
165992
652385
650499
846598
455670
234132
267496
621865
157671
648813
296294
534214
596228
812418
337786
95688
374761
372430
220794
185373
283380
878813
122231
739190
865567
535600
223355
820860
702186
632589
506738
555369
678257
138790
617478
175594
480605
398468
594434
334991
770838
558224
90808
888363
558518
377021
32926
557679
887289
657110
10098
595038
383760
17024
90527
269356
173493
337323
120920
175512
343225
851898
638721
710563
887257
453868
149164
241867
107600
45671
281057
257033
462181
280769
856279
209764
191044
723018
286079
891791
398603
498233
606273
462470
444923
46449
536926
180256
474286
307983
486867
402257
604903
382803
368959
302847
440197
875177
476476
50591
491570
682419
672585
410892
531576
526357
254184
312387
230419
367452
894403
5533
329378
291371
770122
290058
575158
813572
528279
284582
414893
538672
849203
789371
272760
824171
634289
455603
74168
625999
295448
811320
680968
403099
4990
851179
803476
372863
606927
676701
250151
835815
820749
57005
738242
557377
486514
284734
175144
385933
766224
35027
366006
718369
558042
365194
370576
752246
756251
645683
367191
697362
319588
304780
656662
540627
474724
624058
854428
604116
121871
718598
667780
57439
404129
580945
96591
371631
247100
660789
154900
687201
767212
741050
625677
542327
386988
682930
43187
96168
5058
609618
135780
543559
499493
402765
807712
97647
515455
630798
640820
649608
334445
647218
106125
149368
776163
81311
811662
619465
858636
808869
425853
232594
98447
21904
604759
493093
355310
341351
402692
472885
734792
247012
569925
94882
416958
6896
709770
479811
812307
369562
66784
533166
530380
327700
78151
746887
3319
528427
194402
439714
409288
828929
746312
588246
844254
365416
812727
566817
781924
685117
514472
57874
886387
721438
118365
705495
530004
742377
724023
542147
253924
548211
652325
254171
601489
312706
840406
338878
165953
88072
612079
776207
593233
129372
43929
830912
42811
755734
361809
753949
313009
812071
844707
29714
829125
145939
511281
555001
376043
17772
178636
786564
409462
726284
176198
577731
195039
751823
321022
353619
717861
371498
816506
384676
627854
608396
158867
729732
138859
21295
182186
448877
446841
160155
313112
170600
637220
493080
164100
768797
807718
208973
274509
341625
823277
860698
449831
126585
184091
231374
332643
694681
627911
786566
93478
747604
194624
99619
780315
279287
574066
873766
59269
283142
83201
679275
890829
787882
570322
109728
120602
739286
5130
541888
287998
624277
218189
580624
886124
412787
662248
361300
308968
663748
405963
607919
584055
409908
123534
152758
269110
189291
822292
28848
482054
502044
233517
339404
340004
740587
172757
240031
809847
753306
469786
13785
799843
151150
69275
398786
113754
703810
526667
874198
879058
166248
541685
413690
345298
608087
66618
374809
608293
190998
468181
52640
678961
362947
826656
854451
662050
508992
94927
502186
626048
665690
794938
49835
451871
384632
697
253829
151764
32221
785479
806022
261477
569305
644009
461370
802969
801970
716904
575456
888847
100235
643226
340811
815691
898990
789918
589522
836651
345275
482502
273396
538615
666477
719535
114668
231799
155557
785772
303564
649791
70582
369825
821657
516325
44396
831851
544675
403442
267225
714589
440287
657943
413501
56101
6979
129623
82482
691085
155038
873218
221938
685885
644977
625155
543301
22077
238990
385807
260938
404664
367531
586685
248033
421245
5795
631573
660435
583327
54986
395937
223167
233212
122698
718720
595299
500603
352959
377177
290178
324846
698699
283917
512247
706647
669302
101925
284599
567271
204998
840970
134524
405314
553143
500180
52244
498142
349624
199994
479812
294729
360258
581256
488634
802122
330901
774351
498510
533952
264560
634070
717300
325704
735245
20078
346432
196954
895127
642659
14486
874354
895913
73710
841454
821996
447492
244135
522081
661384
31756
834168
837554
759630
502975
452493
189499
443531
68212
509160
523187
472953
356556
673937
126137
525244
472183
44650
821920
12297
358279
196736
201143
472801
337001
188093
416820
478875
560037
458587
74716
691552
735218
68307
339793
459632
782870
556947
277913
94914
733850
612142
428519
291336
775911
869038
428936
368593
507903
220868
887436
500872
629914
310176
296878
45113
817083
289212
573602
753076
280014
383730
323451
454506
787616
98159
445366
675252
558683
82719
119526
762356
27965
539431
315900
233075
156052
434737
701587
260777
343992
353314
362902
128026
369188
680584
833455
891582
885171
231823
