6969
752378
306208
99392
217880
33233
749012
842275
52659
228442
457907
489675
433777
261292
313114
988614
57876
503961
868096
712394
501598
985296
958384
691562
402465
38882
341729
804580
692770
49249
615155
768279
458729
30053
568072
925137
450344
753768
707197
987527
501190
873041
29124
33246
573190
722062
418464
685414
859417
881306
820667
740710
985916
725854
409511
130450
17807
32180
640815
130073
736564
583366
118362
126747
354272
182485
827900
997240
513601
228246
351864
162819
318220
381494
43029
636182
71138
192190
254268
834943
525022
672658
464267
102552
85310
912340
177626
539317
594347
403622
318088
220534
474406
639564
22784
837563
524881
689199
901326
863159
238296
211389
669527
735966
709434
652078
588538
319928
605240
427618
469250
171991
712024
192870
703173
245413
996822
351574
133980
244567
488744
595228
38014
151166
401068
359190
132987
930044
654577
685206
518355
71891
362335
459203
757937
427929
69508
516060
235399
599304
542843
317469
694279
114994
356795
275514
30650
232657
652153
282184
245377
196796
271675
749243
608935
415350
143419
144010
329439
903585
845236
163503
552414
254416
655948
875210
362327
503802
854621
113509
977168
550922
2145
759762
907230
998546
869946
641713
893697
163488
195484
214286
661342
709993
657496
660775
666709
1250
155717
119499
376702
177070
666701
233117
18181
449458
347793
126200
436063
495684
713850
858220
218344
915201
711773
664103
25307
273277
407946
293552
697453
487125
822578
142284
49414
956385
432882
353987
757085
249030
986176
890364
575279
827496
670577
148741
259867
96252
685156
887535
780701
904955
941391
478870
129253
13426
508772
411839
695571
218678
35295
771994
707474
625974
402863
872614
560654
958761
191678
827444
944147
99686
987423
330115
868099
163410
534675
781450
424628
17907
148024
590677
612324
821987
187663
583879
848857
894625
340712
926846
927385
328962
995820
21139
304259
623813
462791
593792
977865
756675
552368
488413
981003
91781
598230
146499
725264
103920
416424
795601
995619
424603
26177
898381
887176
688769
458543
204386
637082
68562
586079
556615
857666
957156
743718
182401
37526
135687
435822
626815
43083
651893
796219
756322
490201
880616
552793
899232
901674
810758
257060
913982
675581
5496
937588
551290
971806
978968
373475
24459
424122
181128
813371
760192
358049
664928
763585
347845
516381
828351
757336
901509
516841
693123
922644
289769
157328
341779
693980
277246
103716
256729
745723
241972
911831
458701
258883
458562
588857
373741
842526
491303
662094
661385
825778
991948
258507
150778
986672
308870
681005
671475
258874
613239
802231
658223
510767
480788
450694
327946
165076
540800
496146
432748
946912
778071
157315
560928
111588
774344
525613
887682
806101
645402
769898
278295
209975
392207
445587
949367
545192
845797
844826
188453
956359
572857
882503
693951
612671
990919
354189
911952
754547
994188
52617
556675
875272
434380
256726
904115
162313
636528
199951
170397
491707
797959
200546
283575
654143
739117
609805
290970
671901
881993
601849
532570
523187
253360
307119
100342
67321
103591
109883
832171
619311
172357
328156
437091
864550
792503
248548
975498
978728
342302
54450
561986
766086
477331
199818
366124
737404
658314
253198
183015
421378
793364
569884
39125
222706
144254
425923
739928
68176
85591
555554
489565
62907
156239
42591
708046
851183
336699
95937
904683
199477
735029
644395
389555
971688
190049
252790
741628
4835
544778
444137
553634
438476
967914
966231
119260
41912
90056
835286
75242
380410
881212
373847
499882
888395
503886
536871
898635
353943
906109
349889
103192
292578
126043
135693
534006
309461
934485
443705
537385
62953
906001
348659
297168
261039
618800
986560
146097
702777
550963
876156
282095
713704
299129
452719
346584
609940
343014
654791
275419
113489
624224
421112
603735
127780
231539
78445
205134
738690
45461
379817
312312
313601
188419
410943
734516
924510
782026
630698
617177
521962
913057
23946
507499
261009
597363
190204
719721
788168
112059
366804
519684
650003
596489
587961
808298
588336
258849
459614
987007
37603
856898
766937
904877
969951
254084
375713
40850
198926
600347
619049
825560
500989
138936
617747
301475
941927
979214
943187
308387
355036
397234
400993
144840
611534
568795
678490
772437
578488
73225
31348
189774
184812
630019
614364
834443
900215
693432
959790
120879
291314
340871
984848
970738
813864
918810
193964
579033
615839
970925
806023
246408
415301
418093
648835
395822
589497
805051
553965
94622
4978
866831
16516
308222
450576
201465
640583
612312
982397
788291
365561
287950
853440
51699
142581
934826
74206
776493
610215
821459
843053
808437
114926
240540
4790
223569
963661
725111
77702
474700
135688
243655
121553
490007
122593
884883
5124
93195
242927
573462
221350
409098
927255
168691
749289
599427
632234
341957
901715
94099
610139
291413
354052
705865
347611
57573
972451
922050
832019
267113
611113
226611
847741
942101
429258
768389
220192
512593
458811
276891
217062
134346
278756
496943
566427
666210
997092
312986
372420
635783
431675
157042
407386
905569
550425
2253
68834
373797
851904
138276
823274
52679
302872
371028
53985
151308
456079
31357
493459
627133
50154
818381
975041
538679
961645
479831
445657
697888
405667
393885
40279
374772
894859
52333
579704
251901
877407
222758
918358
565153
78786
471580
108325
542101
240901
535313
976392
981616
994261
528228
771473
537434
863813
692934
160340
29283
476660
757414
464166
606192
548827
645359
509303
676432
820341
619879
949513
780844
679051
214328
95756
532701
393819
344460
625752
381912
766436
123985
927750
720516
733329
88476
815148
245868
467520
611369
16179
122384
642861
185345
304470
729622
885056
255348
413944
813918
759663
257094
905378
912179
310545
934182
403993
828509
722497
205337
735320
225427
415915
801590
705583
753293
448886
284170
137976
440696
775182
369883
379761
79043
902988
46346
902715
228439
568069
996498
255790
445219
633900
743789
677271
577429
347620
476309
273487
653348
978855
56232
649721
482762
104524
969188
333143
216079
38072
189266
429449
762241
263524
792448
880740
707968
875014
602662
568171
456053
49823
578090
603821
543779
569376
18495
340154
579862
85818
685352
795907
56695
411265
47195
902733
781761
613371
74368
732690
25038
529035
641113
577716
404747
833141
164219
667487
234635
571341
102522
879226
683319
407105
153379
901641
445346
839935
360610
614754
840954
489668
459460
869257
753818
519491
264855
432107
423805
30894
784046
458419
958094
486115
778689
615053
795739
186614
708465
337589
18151
707351
302568
228539
884830
362464
756831
303381
530851
461374
40313
200416
980805
562553
836749
770933
916241
866593
555009
280612
321601
465175
23505
230864
825362
487157
305071
844327
709171
752923
718021
108731
432537
710295
993366
791874
780016
512368
249602
181991
639979
663503
956072
323402
883132
68363
541797
743963
259168
11151
572027
428174
193490
579690
878222
178107
110367
382067
288264
953686
488793
579863
534043
932166
432229
235777
171686
531620
485296
315108
645873
117137
55358
177896
158163
562548
496098
288303
897523
723791
422410
334338
960427
725821
108914
628893
263816
264010
118201
172563
71790
148718
541777
387231
793753
493736
412815
999049
470590
623988
486434
802289
627279
71848
668384
788796
392478
177777
585020
613144
327897
947428
746388
987309
697843
444355
741351
153697
105956
841487
790692
607752
141894
436356
687837
489895
492768
124790
174234
564835
850752
920902
607498
533707
307393
48769
846485
281471
46701
748693
400781
908987
964411
154096
923394
184388
406649
957559
70516
176813
255685
621727
897699
949958
300725
377196
615107
496098
865495
535236
760972
870212
713106
900975
881773
210406
151595
418798
900256
719141
567716
963188
554841
692684
555966
348101
913112
747387
572256
7402
792030
639731
332944
121294
280956
554497
83549
956857
126086
744837
981983
136358
339303
771423
912982
106114
386574
14773
794160
794756
186630
372066
830439
101667
973476
171966
449798
440633
249753
348550
181003
587442
78247
241448
338216
8816
219313
423470
161828
925759
235626
67524
711903
956848
918832
421863
38962
583572
947313
837740
330868
479319
459083
753195
912474
89526
91314
258758
810422
584606
646154
553689
650272
539043
144661
649664
774130
478617
781126
671615
375852
741587
346420
870482
503096
795766
274602
543186
946057
748216
419931
455041
672349
7034
755763
142450
983713
859712
927880
512600
393267
937481
22191
145705
210882
53199
134764
531950
953425
40285
101825
64298
302299
660040
276519
894564
298321
452363
517275
11219
422783
315651
195407
205030
307532
326019
18305
217581
823776
832597
116009
344679
654432
888206
248396
150185
163476
532365
294126
893991
300522
335184
877540
271330
967700
617586
560583
393710
11852
160133
929285
433119
472311
753672
380753
648271
29735
877509
379387
271759
683323
124170
231514
413608
415137
490113
895653
625036
587196
841518
979297
368606
872160
270789
202165
323739
449658
975078
923289
990627
13453
581366
96237
6632
335063
59291
202086
212338
269074
576723
533795
988684
289558
289778
976605
601935
149724
710774
183741
701256
758813
919240
923208
713737
937048
763730
104117
753673
401971
602423
477408
951416
172217
587700
526295
305188
870658
733969
18768
752961
740336
44419
778237
255384
966677
443361
828088
700751
188082
371457
805145
2193
704027
712623
433511
875673
192822
382409
459243
937248
238562
595194
355680
71905
424116
503057
277382
443205
583196
568061
75990
133105
729894
157991
298191
81576
162140
428588
990255
773149
214602
419894
143933
52313
426522
21238
265667
130437
976605
434815
570714
153237
757674
495810
322077
466577
415777
648930
523327
167233
522249
590771
450169
783797
730775
500436
992667
589422
375312
652902
230788
127660
812357
474408
337197
777045
171069
697649
363551
306751
792753
988617
125061
746586
39345
695716
849564
649085
188324
999227
127814
196491
408940
796616
151038
250178
651368
161567
480615
979040
106387
202404
570429
519602
369226
635949
18988
410362
462506
691573
405631
185276
219736
983609
880625
138597
750426
694962
340768
384537
904738
908528
124575
554648
925163
619152
416554
653899
986748
757210
841461
276977
273098
554233
953757
962401
898427
506071
201152
977083
113348
515989
735016
946735
617843
596580
117666
327465
624777
91843
618925
767960
68223
564373
172686
281818
522217
632158
229888
173446
949176
382426
890121
864213
484186
471674
577512
668717
835452
87292
673131
830092
105391
942437
898845
214541
281448
280286
435355
300890
932770
528040
692552
172655
398558
578366
16214
6982
647306
965382
898437
989861
77568
429875
186153
819840
813349
111226
363555
797771
684018
405742
505970
467937
825487
314490
767778
179018
843035
571195
245026
488108
191369
167608
692275
392017
134052
654142
435325
318865
38514
529500
51132
217692
904247
564216
224535
724134
77137
279693
540305
685295
122048
852674
689752
701678
240712
410535
715771
930586
670831
22286
610297
927764
150945
360388
179508
782068
958772
557675
554565
193454
633861
890229
534249
817696
453505
757887
98968
499324
515200
386888
368822
879693
989387
346380
809827
487655
878654
924737
314541
227376
452809
453677
332517
704132
284304
159394
45519
819466
937139
920
224370
605521
221800
500709
758224
429349
411907
999259
641136
873268
810967
548350
911959
209880
800951
343776
889173
11393
845206
693531
670075
988160
290636
262891
801322
517426
356217
120741
331398
856455
41092
409560
308810
229486
967421
517631
524726
250527
97697
898655
352611
978948
874427
416387
13558
175685
494439
927122
204147
633647
516658
311370
724777
834176
78109
634715
221323
907985
593280
408482
154783
356704
102860
153152
981135
291577
98345
524695
657565
804289
618302
97569
780020
315231
187342
612076
935193
337223
317951
354870
848128
956773
367415
590113
201659
774498
775071
228946
924046
294421
385225
181996
943005
99145
491118
77605
958278
994983
400912
356161
793740
818240
212478
92083
846376
490617
361526
918285
941316
477780
919460
785759
203138
236887
955657
473076
30518
874907
933111
382181
670453
567538
102905
902744
452869
509878
147343
500057
194099
710762
39574
762323
847492
409232
460422
761386
494851
426375
135638
106360
221817
863773
92538
303523
675707
530809
462860
178264
416157
717470
763913
623974
620485
498205
513138
661945
900634
511130
829202
55153
126042
643640
408608
724126
150859
413348
580410
859546
870473
662779
159889
458436
213950
729177
142180
180244
922480
90687
554789
312608
454005
745504
844919
321514
580609
733704
663065
754659
74848
367466
779548
552769
667967
263556
117712
158776
332644
504881
44349
212375
199806
157451
899149
374338
327062
307962
521351
473032
725605
944350
632822
797152
191552
399253
949416
187717
532847
608041
975826
529515
912219
630809
20689
490908
985317
761154
879115
143668
743059
976938
927028
877557
790309
350313
389357
870344
1286
254517
54918
793937
357854
468616
439460
214189
917060
202352
899454
721611
56273
475315
815745
550244
89040
533660
623316
776280
500113
654566
914101
564007
813020
860100
894402
558920
825795
975371
530580
999017
587281
415869
852550
27652
179294
886707
668627
383579
443140
540902
608605
224720
317420
438810
748490
614627
141057
546535
568009
550984
900295
616357
457267
925924
828292
604595
605452
853156
536284
302628
200680
677242
207099
24583
939818
58933
723691
242258
348392
73596
355973
491435
278379
651624
18564
86802
688978
503483
17141
350893
646805
128768
189578
837297
133031
946111
605582
100523
105909
881501
876532
675881
971020
468046
436104
923335
963799
62265
951046
140825
97669
195687
4681
341490
973769
487462
562076
75023
875067
554368
194093
361827
924636
200915
708960
512192
560695
823309
132543
425119
217314
721158
513550
768076
191844
286970
384252
13937
649584
768545
989878
91900
933328
264557
358230
511920
646813
74080
976442
297606
114538
63431
257967
927869
175425
20886
969803
575109
668229
286305
691481
797252
368887
639925
257391
263362
450772
29521
500316
803448
913050
294020
78334
232880
304107
891236
635184
818968
408459
381352
640096
257513
472324
995619
981118
884335
427113
407646
138448
360436
365431
389200
848866
611789
6486
228668
899035
322112
211647
123175
69803
207440
626425
44341
544097
300711
544124
377952
768281
138080
248438
743507
315987
738030
649259
908585
414814
267436
63095
211389
430514
160513
925807
83181
346782
524591
862630
369712
942486
407225
662987
516817
723246
352239
523760
402888
885028
756567
782117
25843
125527
825722
552515
589686
853142
510216
284741
799404
444884
930984
418128
663368
895095
676384
113363
372045
121807
904798
254537
939558
260324
278945
648667
594723
56424
797831
890019
788560
404939
321715
172172
413684
615149
91994
2325
41379
395183
374123
16308
681344
428322
454681
446999
540947
272161
234310
665285
956803
964219
788685
955811
445616
610760
547180
488083
527983
555293
112589
226551
948771
48218
666415
31123
905780
79776
614901
821649
85871
543264
785035
946782
501690
194831
275121
404017
380274
756213
26214
388715
849571
919077
364337
383577
495395
110855
294222
845847
485067
371217
868660
314640
425683
658772
830143
911904
745353
460019
621759
888922
132910
607726
748060
868325
273261
162012
559332
693377
471481
218679
697651
646120
960194
876689
794366
457359
3475
87589
705916
425547
926987
982664
669041
255441
970229
535935
991064
969110
762631
279978
212268
228885
16564
428637
395859
312303
710510
429967
562664
17772
254331
951019
214435
101919
299315
257796
732967
675304
394452
819686
420392
196691
147137
288967
366392
326238
998558
381981
450476
809560
635712
516617
83311
272357
543829
637872
671203
3230
883088
309675
565679
377749
659918
317524
273001
112438
892554
535297
50209
25673
929209
689997
238088
543827
346692
427025
927996
362141
159776
997554
319345
635084
380619
176596
109885
142319
906660
522797
372544
975000
955751
928884
197293
820257
820101
961527
956730
540624
540060
752588
316064
566613
59864
326751
582031
883440
634533
667243
8818
470447
717200
434116
66970
452053
877753
289680
295049
577303
91703
331478
689950
803775
462088
722734
16792
5235
206643
790488
288840
697745
319869
492905
458967
161329
38852
442785
933873
686668
431930
999703
621645
754106
688066
377941
706331
860567
562144
544192
961545
397439
284256
761264
136753
790585
697287
649054
416674
554096
72685
194363
325577
160796
609599
165405
216827
110464
295056
376212
856674
551564
219991
668763
548035
851490
313097
507498
390632
106614
117396
986217
443246
771342
655477
725375
487917
293289
546614
543111
268031
216252
971080
10148
851631
233239
179000
389419
213504
874471
809361
681919
542487
615764
986191
110459
297286
517962
186427
533319
548405
713877
464232
746381
501935
764006
209224
15430
597767
171763
949291
909614
403109
752122
378838
72534
230320
797797
800828
179096
376793
595081
610076
489892
110210
985992
202998
256569
904330
442007
329835
243952
978871
149594
720048
314034
211198
881772
914030
78474
224433
767994
961594
272405
774981
765007
111020
608854
437759
361642
154590
160806
14587
353931
849539
463432
617561
57037
120033
594331
661189
783020
280172
201705
100320
880744
354945
2524
16592
316547
574587
657231
668257
901284
161014
896002
617942
667678
226270
318248
88273
297418
412146
172699
585370
648528
967899
393391
601295
912965
170083
272676
203688
263790
251924
542581
478886
268067
835118
216589
844696
219791
857540
741081
580426
78228
394931
195641
637834
499723
140032
197008
323672
54633
312397
249850
806761
539965
372664
490397
233432
3349
557840
964120
178922
468289
796597
778841
124796
915823
626251
74379
453835
159413
958682
700396
971104
168750
386694
970108
203094
108539
425638
917329
497545
887019
41730
253192
327581
697845
336238
280406
907624
934434
576957
675068
104445
439432
471844
836569
487254
277616
553453
380633
121117
573721
718804
378763
355095
133398
391874
224977
147502
533906
659555
697520
886937
550260
865190
622407
287018
953437
860177
230941
121396
568014
528062
795411
808214
671463
40117
30456
282216
848778
390375
758267
701954
539102
119301
655995
678756
27376
555323
949435
57285
723507
601677
143857
199035
97448
981644
321661
437315
299097
175668
947959
690414
202559
332389
776417
642025
147587
226108
757244
51495
65761
615566
745590
607661
789481
808193
132544
835385
277856
638534
483518
620880
517443
223542
936728
876323
579499
96968
138222
735325
461324
308845
103400
193228
62039
877193
818987
308393
608704
389261
708135
391237
693977
685429
666381
992018
343837
71323
415518
27276
336138
415095
191775
463042
512741
202420
201001
7429
425057
352047
846876
268652
821978
765966
384308
395200
416060
507707
837363
297419
932801
853180
636350
657016
569815
958065
753028
888615
640223
703145
617305
585424
635794
149024
439905
623377
98750
328729
73511
872917
78190
256212
923469
395939
945832
701677
852510
321152
458640
152785
433215
616962
810858
150109
421637
109363
282045
780885
624288
237022
925010
420797
331892
766713
376604
446872
132552
937454
372529
183098
569239
547720
446390
720780
607876
607287
521690
403356
613291
307200
334649
695198
14355
551043
402592
373252
879231
634026
109296
98293
81507
114476
632283
726828
725684
525115
712588
421616
783000
578704
839587
439340
997437
302032
122718
836394
450694
566107
811731
964208
960031
184946
892185
8311
603697
613442
837767
444164
29297
451729
27732
288550
194067
405444
887646
151691
942493
64138
569606
132222
45910
51945
380152
757185
323613
378979
254728
495746
791125
518276
547128
17726
958654
477579
615318
590255
178399
242099
246402
553395
692575
304541
974797
455291
219636
905627
198398
493932
917363
559515
514222
818645
749253
249582
517139
882702
532410
217908
900121
629289
620471
170150
364588
144536
311819
277376
315475
995291
182880
74249
667254
418083
317581
729856
52352
562696
231880
536805
137311
152740
693881
114081
317544
59658
421993
90258
531416
371174
838233
989047
316598
769971
474928
97397
689172
144403
761036
4292
937779
411726
153785
380601
256262
778218
813887
163824
600335
927202
328277
708693
729126
614791
862900
366543
890456
464496
804615
122058
747948
968607
576638
24736
418305
329074
648578
106340
92627
660482
801219
976778
158748
291740
969773
211062
151255
742554
67896
295904
660767
585565
734687
275296
896055
295080
472040
299739
979235
999900
437154
642762
832755
164748
263597
209188
650143
521212
952051
28008
647054
185083
867765
249225
98929
356698
245952
215861
22156
791432
948350
736516
377685
503115
169896
474746
24245
950301
925785
251832
847019
850977
648318
562630
64528
724864
531754
552245
767029
778405
856774
562804
270440
770513
836069
876082
859606
138011
287734
981994
728394
145608
994323
288656
689299
691075
106934
725270
589252
315385
552587
127003
35797
270291
73056
973553
780583
720081
5624
917897
423461
100736
505023
41533
551174
219543
26265
860858
527278
279028
254740
306696
210868
857390
142011
81656
54207
131350
712588
692073
516937
90575
482689
260022
212358
542535
185674
42496
281117
274833
217308
420435
471829
863393
818147
687991
531723
980963
69459
531798
231135
405176
851420
273668
40175
686030
584956
537840
822651
643098
781806
243046
505256
955445
872832
29375
676512
486480
361410
291174
711574
296534
461146
262791
456551
756509
405173
314262
487644
524743
664728
184184
504780
820539
260437
880786
617631
728123
640344
390637
838061
40419
252193
322563
532420
384381
245452
156969
208008
306380
3800
246709
700338
558070
471449
45889
534215
922425
66637
214812
356889
230316
567574
700953
772690
570048
470566
999846
930379
814164
117346
101879
650051
262440
517874
973122
685244
789225
141928
804643
217715
212202
21066
474783
805434
722420
40829
12421
412851
978804
604240
762928
62955
543698
123299
874026
896784
895203
130355
55979
95761
905140
619587
21503
316433
307207
158055
286661
675975
839514
930032
759059
63156
599138
793007
116151
840898
207639
876136
183897
343798
779497
197461
644540
89362
661392
165011
970211
424138
639809
444333
52304
66336
176700
24068
499495
119582
935938
72856
829490
133424
91236
815349
914174
545755
982007
752700
589154
237534
603492
178381
8159
870051
929820
906254
104803
840802
827624
260443
681768
21011
321886
280650
700282
268685
182191
476313
860629
31296
966366
433142
788716
461900
769611
446699
420806
485052
806381
850725
746883
833058
493919
725983
441277
341071
461137
678256
768650
129903
760863
458093
27165
195647
605310
348604
533836
854253
658131
407542
751020
964043
372766
153144
723672
486766
369811
615367
222993
847529
978633
155741
141119
477729
86539
951380
96918
842189
16909
879598
315988
41101
412857
427711
78886
113507
796326
209207
782826
365778
423530
310864
875087
594642
74438
956048
195737
565868
870848
147643
431041
126520
346126
354201
195513
69681
849966
495967
202573
802418
711763
425405
665125
499600
909305
249475
482599
849939
226521
801073
706553
900561
576184
56025
606500
162409
947995
968691
457172
244249
485653
127677
905916
193981
287616
897933
683926
925285
573706
109109
686216
931281
216103
212177
118818
221835
741028
149679
91268
534689
937052
707100
161821
316158
982467
229831
567758
558436
772575
495957
424429
906569
983511
94336
313125
882315
606628
665324
954490
128272
952228
345608
167914
350398
481037
698909
469487
599956
38654
81334
874273
482915
765681
518252
343609
416557
743949
367949
952945
258520
333465
324265
997895
292943
65034
215544
936991
390902
84093
139563
942472
632135
75264
868878
663639
923278
656138
339158
583407
706173
966987
924237
425123
636269
414942
872727
694898
729842
794012
310495
949937
743449
974986
623012
247878
979776
629618
338522
284560
4435
13839
682238
608740
955743
409569
323641
546867
943380
778337
514672
558535
361948
366415
307942
293228
637650
145127
206671
505451
717280
569393
547122
807665
632122
377208
571321
496079
920241
226258
50200
547995
570549
168414
709528
905395
599530
752333
363391
738721
954981
457430
999838
746842
908803
964941
923383
914273
85222
128270
147592
647049
639309
844435
489656
486487
302031
683814
870173
681542
851636
429552
678952
471076
321968
747759
127278
395929
956797
159686
894547
254023
317844
12590
345941
801229
298695
288202
941042
848294
903742
426969
455799
415919
238476
993093
865063
117126
804333
370136
561604
654798
213342
366350
110269
361614
523353
470789
988787
271737
109100
330513
795497
426824
617269
507372
763529
750468
114940
721866
15885
67296
575021
52427
353808
773250
693744
93514
486898
362850
651815
109522
798689
789195
415299
585841
805387
671487
299139
519012
91357
88568
502283
416305
434102
910088
687133
170324
891885
484257
330934
206609
817083
615985
289479
712744
338375
947622
326350
813223
147085
139279
483217
667289
308138
455010
264247
112988
953990
108122
965955
492241
181086
317561
957550
384428
143724
34731
412895
943018
779190
266315
999433
634531
693552
322046
22241
124085
667919
984573
93371
751328
951596
237425
149504
374768
934480
359799
126030
492565
862562
862659
480620
445262
547370
263392
243048
807428
530433
262933
343823
250163
520855
239332
646921
812739
798881
330476
46670
463029
594205
239854
414601
914168
194691
402476
545671
179996
197002
267885
278364
369374
25875
467678
261907
903905
970934
633491
882383
42238
156968
33514
470722
282674
108550
827152
631241
161078
417472
269213
437859
447212
720357
721691
558221
844213
644358
217700
413563
794847
91786
971625
966964
993660
336014
575375
356811
249486
218166
507059
909173
31646
155989
897806
231116
280811
682677
292340
269727
75136
717379
591671
366387
73503
5018
474856
137755
267929
529834
345981
406575
287999
906501
805326
652140
975283
138054
12474
849768
278871
150622
151399
54768
462951
187388
720550
327104
650403
217560
543796
799774
310820
253405
714076
414739
886352
892849
748346
4295
815145
293154
321756
190776
323391
567726
345537
540502
283206
776111
722883
583679
198338
282721
394640
332946
385375
775825
465620
254322
562781
257252
132467
175321
779496
282434
780658
847510
452741
738333
204853
766372
937257
624545
53411
193449
524388
295354
555877
725384
75514
502397
438030
189283
47762
954612
172821
377904
831816
25033
850557
480055
34973
18637
627925
728485
135758
959846
641883
224400
949058
741459
913852
221448
831516
614686
810679
388054
189105
626013
732703
128724
291091
974756
267647
459048
173068
469578
920792
957214
964775
745046
684037
77730
813735
610567
503168
118039
873883
766397
525949
32406
856457
111303
935540
480454
433352
903370
86012
373780
294954
710858
928019
84367
973717
19096
567290
964003
808883
362968
202877
590897
579455
439854
555792
814343
387008
620293
949333
143041
864083
332539
472379
79035
735456
421357
655680
389489
94639
363290
326486
295286
919763
47798
42404
173773
972292
496654
693603
15080
866059
86610
252777
731002
581974
642564
176771
726971
217451
201468
296762
908728
135801
107669
393464
617300
723466
545592
162245
160927
297301
649411
539690
704208
304945
520789
944246
219490
791715
501560
454558
834697
123736
341100
138751
341648
86382
241804
169856
348433
103404
660255
267859
275792
198931
648830
865114
486452
46156
400733
438374
916130
954752
28727
933658
228151
884295
324506
840750
47394
885304
81484
545552
236381
495455
856281
936164
777926
741516
508474
347308
611358
343688
444900
319939
629213
259235
499626
94596
148015
768105
622095
662536
855823
814067
813996
620107
116031
987545
679738
126192
439393
32453
288573
647771
834741
634402
786894
910844
130672
742068
179139
20524
564917
382658
280572
950703
126706
775470
204941
166745
672154
8229
660099
612430
276666
446001
306773
613346
139963
25899
950505
383839
240435
706894
367935
61476
828903
325288
621822
873322
929
651242
821529
410978
868074
906270
511454
446522
586853
394359
170587
401663
586632
8964
843053
855965
313591
368447
664550
892481
889855
737858
584602
479583
270443
497497
145607
452495
348999
502770
28638
896723
544047
809521
642226
929972
866578
385696
686204
109705
307785
521604
436744
441817
323278
23051
697088
529624
561050
143265
408019
14030
940895
564193
423170
809237
874207
68712
103111
2817
794343
154630
989730
270938
106988
104078
543745
43204
126336
457485
932427
575744
238129
394647
132809
97803
749055
184892
879537
838500
256503
253722
303377
598507
766576
17804
800981
88485
727137
140864
135157
1436
832798
818791
579389
820451
488109
291589
303674
200376
517833
914792
443710
962370
464051
20405
846033
276345
138031
617758
369460
176420
22690
406255
819346
654846
302598
117320
146566
845554
762631
395621
92035
544966
326397
30489
777764
909396
404615
198042
839697
153394
658816
404341
722954
624947
983137
98402
802387
732359
31731
9202
140796
935037
74031
998373
606412
811497
445619
913688
209546
358433
904355
179291
841639
776609
467226
814241
311307
908366
647884
21008
145722
954072
6138
316217
167203
776376
376144
645345
797701
935961
442270
69502
707135
547475
498161
108989
387250
967122
366414
564160
853204
876565
534602
386021
665236
783954
741449
27841
948325
766711
119441
927149
346602
758668
338570
895734
696188
713333
281940
866744
522779
214483
656453
294789
665454
573769
452542
269374
184
298907
855976
950212
990618
868851
989584
720585
369087
420670
201693
463744
17255
530227
463594
752179
358547
860980
241604
900978
206026
423373
221249
501033
671495
976729
866299
645899
13376
537219
83368
527595
788434
690474
224407
908265
635086
359902
470665
141065
402778
466887
567594
671647
216517
578790
384491
643238
217195
564978
597693
645937
262849
314724
223595
574265
377470
826703
204308
48276
14439
966054
745092
940743
626037
517410
461679
422578
996004
874363
80649
164778
922330
915
85636
22116
777906
162226
429031
574796
527717
704236
45768
556597
490773
130719
319398
947435
466421
177817
735973
872997
902295
22486
360486
327959
871315
786982
336707
980003
656337
567597
498020
935855
310964
724101
733505
7762
274403
270590
264884
454119
549877
33605
27961
563588
134393
797602
867974
954245
488031
174811
987841
722497
969414
820726
826594
902175
858914
282652
307367
435969
508105
382681
5166
25245
579227
46080
634674
334509
846924
220908
195428
165693
339728
333089
158437
491426
962785
777104
201630
282441
661616
828729
138493
33901
174566
12267
332300
260770
901141
997351
336111
944207
507840
361059
605498
541433
804547
541418
431981
766777
689952
160096
169805
459920
206120
253155
695776
349713
798979
803342
72964
331132
52252
328791
941292
634219
553067
831192
819896
189542
762464
440747
516528
463121
837225
430446
396446
71685
933792
617574
838725
115579
759892
251647
677057
526052
27635
3057
500988
588247
776465
287999
549066
458850
595287
501913
342755
727617
596746
53922
358266
825581
159671
947852
154558
809547
981817
608030
162156
286853
625254
685079
17935
627702
324060
196717
488214
794943
15139
231534
484624
770423
417407
495368
610822
642175
416725
579940
701876
540211
534775
451692
111014
633468
833294
763501
111596
256450
887907
419288
156665
442111
839178
539043
302686
1455
346859
86157
896926
942371
302062
619710
441389
759605
339779
385676
133706
57814
551051
532762
254134
593155
518822
26651
347024
289430
415770
579124
85902
194361
848156
732096
106778
90293
631231
46637
162822
738088
4022
456131
742638
154901
365831
993413
53737
127574
171727
228272
220843
460780
373164
323616
725498
149623
741770
289746
849739
280705
648845
427140
737657
983924
916312
35385
405409
560364
694520
242137
61788
636135
230257
772788
383258
498201
538658
787943
250263
755805
323799
46615
368509
714949
395051
534042
609367
159250
395352
871286
499692
543679
234205
962241
654208
61496
370827
420519
40995
295656
424683
727946
494452
137776
715087
538756
64822
162355
87860
679432
85900
724238
837585
55142
467540
341733
940094
558189
658910
507288
724868
624234
223048
202773
484285
682063
257079
981127
903784
39920
168308
408173
897035
319654
915040
916229
62917
894102
207957
776934
999983
248524
140443
196653
26798
91456
571780
901007
469529
166779
558693
212174
693889
92883
695153
897159
253473
469330
451059
709608
727907
333813
546152
994558
334093
127888
460534
569900
466694
839119
542285
54008
334473
418199
373465
593535
874661
589450
567841
455561
466414
58666
680895
346039
393220
957909
213884
724569
120445
7982
247751
694364
56050
250588
969298
766240
485155
949612
466058
819176
251464
853458
124913
82667
248437
283661
530265
506823
27496
900584
259071
606165
873650
847452
700673
518103
608896
265043
975165
707534
785478
266055
229320
315241
335239
137161
632712
22999
914499
867294
226671
646461
258557
235204
403092
820675
205415
552850
389743
222281
257196
286909
507441
806392
605850
35703
165310
597363
938219
342705
67336
458475
235246
590913
306825
76433
402263
655647
424605
228135
783391
837386
231033
487920
936153
385352
448396
433862
626323
379018
726832
885642
840037
680493
116685
764405
164313
875165
438859
383693
744694
307028
736881
850868
737067
387584
998623
665947
524629
435459
798948
574227
89773
3028
412541
401156
754129
132355
235051
185462
404269
352985
51439
472589
371654
114589
577125
59090
227747
698228
698683
550955
628312
223136
889356
823853
469808
154729
323485
304264
134134
686297
995058
634145
787296
381600
519502
702845
423385
132888
318726
591448
894250
822051
512897
886166
792708
19313
133519
777745
927852
266206
176674
603921
120259
631800
410733
192921
16945
874782
893655
895134
125678
62915
189468
2643
911085
309202
568193
713119
374053
796332
330545
420144
86844
466701
613625
694505
556370
541900
263645
982583
584296
7105
517781
623553
56492
954369
305703
757566
12642
278084
524514
465568
815984
490792
289204
441454
66502
292686
669673
290031
38184
834530
420608
179842
936665
138553
604652
126795
6502
345939
250980
198792
640908
688447
448615
346241
44934
812126
943824
251486
715384
559295
978769
22418
885809
243562
944783
596725
473696
684024
684762
117936
842263
720799
131207
614225
776692
923404
690348
225919
159281
402473
11512
633287
995850
561342
367148
227604
193287
838387
286138
40702
538405
935092
423480
534649
563813
14061
204609
801710
891504
82357
187369
269607
716773
225159
506970
38627
305601
498218
882320
193929
950250
743731
753005
447738
565720
554081
438713
774847
897760
888678
703290
893153
220255
105093
374444
913944
277567
655382
552606
706523
933609
172839
576105
456854
504903
185853
379981
782202
438964
294968
760617
377838
982915
725076
437463
893091
792681
675339
64034
347333
343368
547416
159653
783629
403096
554071
771649
219123
513524
13641
874682
705729
911231
358579
788591
71235
600881
480997
761012
85403
988162
343960
687885
513648
677361
184177
141450
818503
836465
663138
788154
709354
228657
294320
185165
835588
203974
888207
803722
113615
693176
849001
4649
676644
649830
214909
484174
978673
520150
400036
340322
841737
686813
924016
127056
127062
18535
788269
252313
41769
709412
359753
646805
83826
489424
320144
49671
396427
906397
332751
667227
259310
192766
397466
551806
384647
570706
671338
796634
973349
953899
764382
192685
409290
724795
990242
313861
577953
188187
566061
882394
323087
580023
136164
888263
23586
344984
969436
241319
53414
481359
361853
558600
479830
477307
20929
373391
813680
942840
761116
202472
181729
533412
833398
624679
913696
80719
375955
65600
359639
149310
725844
766303
971387
84956
271383
230757
587388
925182
61561
729217
430232
294097
6139
215398
565835
280035
465282
361390
131041
399626
934968
861067
445995
431605
541329
160805
424656
682125
641384
461078
525563
826823
690951
408894
86706
293193
217798
913603
46087
89142
478986
497448
440551
189336
194351
657481
274895
928873
239488
743408
61023
44094
909731
70424
206663
641681
486866
671868
140253
76713
409091
525978
370769
109928
356010
585481
500536
547825
886804
832948
246340
406515
928180
797938
740437
631447
936251
961155
162728
718338
537312
894122
441901
302663
597503
194786
946359
256492
802718
93118
91981
865879
699018
51040
659037
483414
593248
190869
868560
672584
434919
889484
151673
232362
386011
289137
121447
902978
343365
135147
158041
493857
410821
497262
126353
498201
733234
256893
969281
745148
130648
899136
210402
616588
233888
121341
751972
447940
463245
826166
395968
441538
743138
551584
877545
75343
136994
279099
135264
645517
138159
742098
615911
699772
872084
250897
130637
557160
353886
453054
938024
779379
156389
717526
976929
84602
907752
941893
218345
151015
224790
446976
715146
315411
240169
15939
485528
510485
110509
403426
273478
622444
484703
974734
918548
607045
762992
988647
29094
468713
106857
430968
164337
737029
217320
372307
403534
301591
577736
439754
730929
257907
951071
553159
912307
186352
320800
99977
271498
803505
227105
505724
215387
340371
660600
961203
750822
586416
102334
344196
728224
877966
926325
777792
10078
911912
339206
974925
147629
137110
535267
966242
156158
484187
43083
472671
255550
709451
944619
378951
296580
177815
110178
723995
663652
663543
795677
590484
243297
593970
651937
668220
420671
882125
375336
434473
787381
178766
411106
216023
405825
175403
333212
390113
767766
400916
833022
768732
522801
93658
26095
760464
993865
825786
708627
8468
797029
64906
739380
599685
339079
87679
443710
201186
820678
124249
133796
418439
121849
848235
952865
672132
975567
1675
292505
356250
718652
515922
503134
675665
31182
708368
972302
114361
854366
399183
415705
714555
794593
772034
642080
50586
191710
705419
656569
433164
808378
893734
890575
694575
847663
748021
275494
993002
546587
737768
881021
771809
636725
464200
159948
141716
749914
404129
397549
143829
803205
891018
517079
692644
526110
418898
534277
231593
41577
955721
774389
72332
159327
106152
446924
1716
398426
304734
815894
456667
774697
281656
673836
588683
929924
990763
773038
514999
147353
296193
116464
344568
622340
996574
618738
354915
150366
305070
685126
785411
737836
441070
191958
945784
748281
355219
871166
474603
115454
623002
962581
437868
421885
501997
349257
780715
796973
689775
720104
672912
670607
778533
248571
335991
612575
702336
436813
886155
43174
29963
24265
360254
804268
904621
651009
861858
838219
164252
733899
959719
731679
81631
441286
793266
376858
169213
135418
68182
914612
856263
582110
892785
795775
837183
84979
84262
785752
99364
116301
333490
116985
218139
212145
68525
19820
129595
444378
855711
810906
22325
296342
741053
609474
639583
740621
578239
323653
70555
808994
902431
248797
257640
740978
715055
906990
241221
681018
79127
198133
711997
813589
323754
372061
717780
904482
174693
124848
80332
646468
76291
597163
521812
40835
476096
252202
397390
581264
229544
61762
600059
726245
681434
156845
821574
678283
351454
131616
33066
982069
435296
846649
149120
356938
241545
904660
341161
18048
950393
42045
92244
79139
860323
417855
247916
958262
574468
53339
482849
425200
661313
670549
630610
791719
160092
613544
439892
912971
830994
4249
831010
453320
13013
418920
819809
687119
936801
212195
529230
354095
78845
190358
205318
140381
545808
224605
769585
210322
205022
253914
741196
544851
597981
292481
442642
557388
705912
564688
139783
869014
592863
603228
914721
79192
234249
311815
808019
859657
23879
308238
656311
575955
95686
280895
513815
15571
54305
614727
480535
581437
745569
686569
135107
132253
49490
695243
287793
161336
716739
666219
658451
218577
169945
65007
737435
284935
114320
601881
975179
827228
579344
232601
677144
126032
673448
820284
273978
816939
16489
216963
476243
821850
475553
309710
47289
902705
474355
452663
41890
44047
720336
438204
293867
253215
548180
538324
123013
489531
989119
964194
672764
718251
431246
854919
414053
46026
811637
30610
831716
393033
830012
714963
182935
714957
998771
913805
743843
385652
954195
518985
656409
889781
414003
837127
315588
214245
518435
418128
856977
384534
810601
183335
133723
59162
43350
556957
284563
56677
190595
444100
20873
746256
678893
792507
767833
68538
719723
552360
223860
95561
186952
807493
503050
763790
673473
857489
200721
36679
155164
215526
576885
844222
301410
939818
506588
329358
729212
273823
538325
253317
208934
365334
799708
55013
1554
232833
72460
979269
755675
857637
295202
291925
491556
195182
33129
703551
116301
420892
142536
732200
869329
543964
56676
110741
546943
123249
52083
525227
75667
799441
65310
413775
86641
237132
292562
238508
985789
906983
359908
439378
484121
982919
36510
397243
49532
15433
493611
891370
536428
359855
89882
538541
555416
774132
77778
126913
544660
708352
113235
89556
826993
967287
549796
954789
553656
677739
167839
289671
381571
850866
748693
281989
173113
331411
838239
291552
707108
525786
278082
666548
474993
721803
288190
289657
312707
386867
472180
176740
190836
419353
502705
300973
200489
258900
359131
115244
218576
872630
323062
19933
471609
460262
813396
886850
567118
977100
993431
264936
530608
831013
916132
282433
695024
69686
802214
617712
744295
445725
654140
59108
544691
342786
859840
28764
342606
156845
712885
558984
522828
350194
37068
55760
228913
29255
806483
839214
137516
35766
351163
10102
889652
297645
664964
470326
596158
651827
925895
114232
830360
153077
644000
85540
307941
812286
359541
464066
798261
278278
554088
917022
793217
432161
298453
861508
795648
570136
275848
250987
772264
949973
421630
44014
326340
358391
321174
715573
794862
633798
672085
584690
444586
238464
907666
741959
967263
790866
874500
216453
440819
96354
217190
651216
428993
133321
699268
948638
18170
296862
623654
584094
97493
371374
158358
914869
370484
389767
569358
307811
448469
101427
116675
745925
895793
816003
942920
592755
439605
459777
38305
386889
866202
696967
863525
340995
703651
801389
923214
594882
786994
586205
577249
136107
852744
989699
577588
609199
755288
495969
903713
168805
875526
125823
437062
853458
47297
975935
714101
783435
256505
402959
696511
6066
58367
606967
99032
906012
184889
526290
831783
749779
112830
569753
699501
479031
250964
377307
636559
358783
30019
751497
478913
454429
821845
213997
576081
837056
75949
590523
964429
883699
22338
932672
807635
965474
773622
821239
973939
88317
769303
453115
726658
966517
294961
40086
680382
625764
941197
329463
498009
229449
24075
964482
657892
385200
22871
723394
796505
497008
743499
657850
729541
230990
378849
945305
764816
797504
163603
352203
615658
968588
269841
380844
46548
585549
407454
151319
282440
117015
570504
187485
857351
429810
322498
284305
554301
334595
542560
596608
311954
561481
340333
343615
310415
777986
890796
81884
36587
882862
247914
814646
629170
741867
297852
68521
371089
813695
426779
917473
2112
868597
785048
723024
368652
532702
462077
977082
533504
276728
245058
772589
742959
288237
625193
757071
865761
826098
856119
353360
842776
88784
109071
212862
908605
527360
985324
539766
826476
669486
644538
923448
901273
841056
379474
874388
35165
802096
171601
496385
348513
877365
108307
787213
747557
541888
404561
745070
110958
164802
37204
423414
698570
932683
420757
795813
471041
888685
99828
512984
249114
758591
172560
899232
121927
84157
918153
691182
149614
112589
463504
41962
463380
878876
768551
886818
313512
899175
689786
420255
21994
809558
316698
35924
797494
914946
149330
885680
217841
937240
65064
280850
332751
882773
798514
990364
701950
87345
570129
65568
878898
327192
606159
191672
11534
324755
194193
690866
486700
615302
395768
354535
613257
498386
307098
616301
909712
540698
555928
487010
881729
629667
792348
264553
951870
609749
901170
858929
877746
923294
187007
122801
653278
234998
496610
890608
261697
947261
786789
138624
564900
200064
650079
375883
334783
368794
852202
370309
151947
92471
84413
352897
254245
648436
835941
566368
566684
94818
232549
127971
818775
246506
856166
12834
363494
110666
463004
931670
398627
878269
513272
919568
211396
953145
258115
95821
477953
360658
482334
622176
658268
411964
870035
668239
631634
443822
555543
98875
189916
797985
727006
362102
332642
634039
598811
263097
395069
702969
853011
440493
811431
588665
981661
900391
681154
847574
615160
974833
716993
701342
728713
715587
187895
530830
519471
353553
573818
473460
988165
261566
984243
34613
242611
202222
936646
748587
379825
48697
823384
394214
764506
819131
16833
183636
97064
872200
803280
117627
290834
151165
77173
829346
71487
539505
601167
245136
387685
436811
398163
439788
178115
259501
3285
519683
747703
905614
63414
745577
105853
572838
994987
272374
300612
112322
253542
762994
13998
359735
206883
129483
223973
356595
202320
236674
517973
198639
305241
153318
766409
45824
855504
790457
412581
289485
916086
483951
505150
942043
371368
666132
608145
848324
367785
857741
646887
348871
744264
784566
381571
267129
303214
407275
877316
562904
499974
782435
814558
825087
567945
605110
183919
435958
188133
896511
620993
499105
424201
979932
185435
642393
418192
459602
777156
491160
704775
807694
640149
436430
465309
8966
237817
552976
347686
425534
617093
166256
905995
925159
34094
952871
252306
466785
747243
703791
402758
133793
908904
395054
309443
243438
912035
936012
890080
57350
681895
595109
363129
726941
577699
384218
165591
349317
745959
160194
421695
655145
601466
451326
206676
942707
633434
66347
33705
960910
399441
987056
180135
387397
222960
344438
945303
695882
850091
428024
95885
559763
775632
487536
616690
439519
132646
144561
442284
302359
514398
171411
977964
310287
214008
77000
529363
169003
788341
227853
325122
773342
833780
768765
712253
524750
117676
623487
504442
583892
661957
761568
598796
860063
151763
82555
557479
398968
411504
266005
33167
349920
373108
88325
723938
832533
267667
874512
743422
989428
362068
879251
946640
267448
741226
412889
241594
546464
71537
10189
858784
547119
506054
770953
596560
610253
787907
631820
448843
11211
248726
99851
100212
974468
151997
303902
166804
657694
492128
634459
546056
467504
634954
239040
339528
416510
361989
91657
782676
869343
519378
440674
266877
601344
902594
305271
955597
944001
3700
105319
239380
226428
447275
530838
278928
546919
981067
312993
882104
621711
889777
206253
72933
828356
85932
840664
459165
261588
239579
493457
643774
319855
950435
340356
80900
369898
658957
104557
993655
90719
743291
904398
914036
880113
903301
32316
300693
344877
461749
534035
25728
649292
505882
102793
62857
508053
451405
633696
990533
800159
762558
889653
294444
96244
140921
789878
175530
795793
629243
503025
367298
746571
169643
753863
685855
884875
193207
278271
766393
959482
490828
869174
85856
728759
354801
868533
129000
961605
417793
807963
948210
785730
6915
80121
320658
120978
968616
496636
749282
102171
631584
479173
256995
820328
18137
926293
345034
204145
914005
759716
976687
898098
471910
908176
361934
522487
407561
83571
100535
69561
526045
115149
697048
376482
817086
181344
307493
231021
812930
568411
11233
684393
519759
434862
624332
66972
811031
96380
546729
29444
649586
179951
528043
542905
15959
903461
69115
230830
153718
418567
856361
499478
226164
978747
488172
309347
252995
195119
776727
307497
733213
674326
658459
799522
576094
190448
766835
350858
380284
109249
772528
452139
494052
148515
416353
625459
192881
774455
816926
804224
773643
38263
843697
953406
561946
519719
186722
406760
563174
968874
633758
275882
69005
909809
336963
187431
542303
388750
43019
992854
55002
764327
616210
240647
397181
974150
840901
384196
723147
13900
262441
663507
368734
474053
56069
821207
652900
952279
194798
576149
269179
485653
153069
12885
236773
499825
729806
489311
840808
82381
764232
197988
935237
127666
841284
981311
968850
174682
581324
525328
138678
8999
876049
899208
285697
230711
663448
465156
290022
313615
500739
174800
259733
29364
793144
607500
177529
402328
210480
983340
81163
664498
256734
985305
568785
310758
311865
37301
589239
863908
623976
284923
47304
878989
77962
528133
564169
91087
618143
779560
583474
145489
407254
318394
283594
65226
811571
979700
837406
553773
188892
346674
207901
982910
221377
361751
877843
261448
80870
773069
527040
77415
714127
72362
268373
629440
69063
549038
863946
442385
494604
767209
116574
928035
418586
71289
582956
675356
611474
533169
331815
112945
957191
54742
868082
379384
132710
900163
5023
54043
318847
596844
781697
687977
804724
535103
941103
339334
836285
219110
97304
431235
141461
103401
857342
14472
257476
645873
540049
127790
757322
34856
757033
895913
195493
872251
518366
814179
517439
946817
663943
675172
79992
235957
646222
612716
332875
623071
314797
246627
852319
613202
573639
140327
214636
553294
641765
899781
171976
450949
333451
