1918
185036
162662
249060
969972
2588
566732
640338
581900
836231
399228
957681
958744
151916
387749
782151
589840
952822
100607
341663
247368
644375
20309
295626
831623
683475
768626
27335
802566
910840
267308
121021
650694
803884
641032
76836
257742
484511
46280
366148
657536
309727
630744
863254
696151
286090
258129
656326
286528
549597
850343
216538
421265
189163
99702
816556
107434
454250
33572
524307
924455
630760
42994
420960
475647
464987
716196
652036
663548
524565
601291
854543
905687
220566
964716
165203
53551
110139
318799
737511
911014
169621
665765
109255
602521
892373
540758
835097
7609
746723
145703
122379
642186
961165
216773
602839
346104
853532
650352
225384
403153
177795
966791
174679
258276
631345
579948
340622
953267
322630
401235
777101
696151
236769
481644
473547
736177
549528
970667
431156
935304
292353
546544
347025
736580
841453
729240
390534
178630
201973
838112
970036
82466
623340
517489
954879
54970
986035
355148
202601
76536
385964
322514
72349
771623
615943
721521
480840
77423
82744
761255
681506
355435
503305
263220
805131
209257
682507
577760
542416
277373
406952
334566
625804
68162
132436
455932
638955
636782
692514
161792
100938
182353
562611
741248
771642
266218
639241
254246
149668
163046
783289
840574
186566
695222
854911
140134
993947
512971
280747
897361
903001
348273
171258
97463
385684
524677
20992
548701
817024
567317
420288
277308
225748
106450
527966
157073
206089
247732
119275
328001
6529
542187
697056
47334
58949
318141
436006
578234
626023
496513
663378
154206
835462
378422
36526
659528
962736
728576
419762
185160
274530
347393
240786
111349
69034
214928
563313
475384
342062
398937
385779
511028
896133
851601
378416
522193
631939
770963
278148
523684
957202
707868
482755
709820
711419
769568
728394
580300
899268
434823
930993
435184
664820
626503
613660
215902
374706
250590
390833
748330
292748
269549
374755
929973
839443
682924
303341
674611
982562
136910
852699
94936
245056
764786
694786
981535
396059
951234
555920
164599
540021
4076
717118
364042
998043
522107
797410
543082
89935
954065
294368
448346
81479
329667
740929
96695
877582
696337
552796
55746
690953
465664
346800
713931
981460
116310
237396
424634
176075
666226
541701
91325
182245
229061
861471
993418
557370
821297
7911
888655
412517
143036
692932
885246
300548
246385
55438
98094
225180
657043
802559
3120
996058
989375
74503
490159
902772
420765
738299
110722
133870
186690
638957
243474
20601
693030
161047
905123
696950
355709
935856
681345
552152
49908
450913
639495
54502
798345
863313
243599
664288
620039
936156
511473
154937
317405
183139
723322
323203
314714
961213
258603
579049
849736
162956
30250
687189
23522
256682
40010
198002
742450
593857
474226
653131
182987
895738
204460
929746
562528
473357
141068
862205
619456
545975
522555
714763
417071
11210
429919
49573
216610
379486
681512
475231
425494
309413
328634
520989
612813
744348
623218
892179
781926
653278
749207
718372
897048
382931
677535
634156
788043
156869
295771
478937
859027
606547
310272
373940
638537
708798
668306
364542
586824
4512
735918
727925
772033
952637
367989
595958
135548
493042
768273
294012
319787
300042
841829
891078
872940
405104
45781
81239
460380
915262
523310
584087
86995
839795
317492
403095
492991
25860
822279
427698
255072
374281
350193
82190
937181
916184
430351
929474
794690
460143
240217
566034
634967
358154
859023
606933
568222
731989
553153
856888
618088
238268
918331
445147
923092
997726
702668
557081
991333
944799
166770
745125
622463
763996
809572
979471
900030
39610
813884
318630
37619
811480
897598
74744
775484
834083
37321
652981
347903
708871
211288
999858
278147
496450
702581
527113
239147
222613
239996
677661
154383
284693
457480
605883
963640
942366
235452
762588
955576
364902
128368
905927
196772
473455
260789
115731
132912
114390
708487
646090
135269
487945
908238
615785
260929
160790
563345
59717
171627
259230
380344
590983
116305
829672
704508
136024
668960
797138
370029
617880
510111
922786
468319
601735
116776
538938
275506
327750
252037
845866
189245
770936
840931
450784
595351
935747
525749
336442
871233
70707
57000
842684
247475
826557
79422
363549
35329
737760
939594
539004
506218
734695
683271
769520
787326
425484
575316
458044
751721
825014
362832
723617
213023
682851
730190
498318
6694
626593
307893
509107
904699
117559
64439
905587
762338
696416
567916
744952
774477
113463
37130
643936
173864
652974
804483
590869
764479
801720
854011
278906
866957
338567
860197
576129
351202
892207
568633
211801
652847
94890
446100
121925
502961
132405
267691
444488
768056
901463
212781
339644
998100
805633
51509
890242
552987
926289
617961
491156
773912
905713
939506
575223
475795
239388
375192
809228
460025
477185
189689
717764
249128
944511
478821
914035
111193
56593
865241
303742
217579
923139
868374
42415
468744
707234
994526
199463
126966
940275
480203
480307
895484
800409
939980
907447
483758
537882
695932
212422
117016
827131
905824
358548
320067
42311
832829
24259
835878
497263
839636
938777
296620
98891
547644
172499
848798
669758
91546
571986
448302
13816
233342
47860
28575
688342
713629
3454
896595
248740
443495
124149
50355
1730
858053
877516
369141
672036
813297
438199
925133
526387
797809
711262
223730
130129
466929
376813
457675
16250
947836
793800
889590
204677
103703
885916
14325
438538
581754
956497
548406
183134
597484
312219
655870
349690
45562
82800
708401
361722
300691
553300
677440
887361
217859
712719
18351
724921
745930
21184
725890
635704
200536
688908
245443
848830
629032
862575
959091
293787
384630
208050
54219
204398
580382
893053
343469
579719
457171
640196
304300
701230
52920
767197
291700
507581
425886
989234
815192
189544
635483
974930
225591
564189
176067
273698
483145
385990
872582
562544
370123
754796
425766
900776
212485
845621
904147
900703
651061
221838
882916
959053
767066
349603
394164
634968
662046
869515
913879
392715
630240
769217
178488
432485
430686
147341
614928
326158
762492
820738
920581
237747
161056
987869
212596
377305
874393
310173
894661
540744
442865
696642
978382
487086
196094
927195
402503
663025
655055
969409
316892
418364
192425
620660
677438
373547
75117
722068
922452
120719
469845
797369
393872
766238
63069
639087
831964
215162
284862
438801
635698
560604
768597
933185
307595
267677
449379
83329
305007
797793
281070
580977
478123
288224
160644
385253
818209
809298
96031
415458
871993
73783
25060
147573
458933
534848
676806
980145
126819
784221
204231
541251
480363
156068
709215
303859
522184
621211
593013
343033
110804
336674
675530
622458
711739
139584
459893
313950
949778
564104
87305
351183
668928
555687
607762
721487
317658
471053
580478
959734
872973
227062
710233
73927
196340
814164
225969
506542
944842
176091
621913
130649
44729
400488
944840
411312
264145
39695
599457
857266
901524
489152
837197
114029
276718
584852
884356
889114
444226
25018
173419
434579
127135
655160
563032
629489
980113
390048
650161
957702
679636
132626
308594
994228
309668
501544
412556
480488
2351
342210
941611
694647
763948
565933
568784
766355
363717
170418
108126
695785
187312
385209
213744
232347
208412
130457
880807
455957
608070
299133
443393
335374
837290
378804
70564
361373
118487
480340
771323
822197
766427
675980
972983
173247
66910
68165
757687
497042
600779
331125
91010
979154
334313
280768
699889
171810
308104
838666
729770
927047
462870
826077
861063
60442
307857
654964
481940
194665
807767
416290
900535
116460
90329
610978
517867
209119
285806
5820
723941
210497
697283
34000
814423
256679
988017
759618
830930
36797
240679
490498
141510
215002
987590
815734
522533
39807
560972
862023
869862
190381
298407
450501
666406
693152
967531
808568
576808
39787
933855
527684
968765
52209
564594
147511
871871
380157
948491
651443
245367
278463
823038
300147
430302
169380
851610
546363
335489
380560
575263
869536
489725
295035
416013
647985
805994
348005
115863
652673
139861
439223
498679
606034
285477
37880
701595
314528
968862
124264
891069
71815
436804
482045
329552
93585
232087
594551
60630
853984
326973
915106
729934
630837
916030
765224
329227
641114
473513
343056
319840
496114
141459
235159
964984
196187
131647
70057
322114
839741
803673
25788
565897
931314
317277
914762
59041
288466
549077
184105
909245
86169
894015
599176
825502
634487
848524
257864
462310
926965
223429
457268
75979
969599
357257
288799
697894
227218
226353
25625
991851
45955
201620
156877
277236
518505
637350
256442
690102
709480
614139
337612
165076
725211
830122
753494
681170
662813
813836
202095
460258
847796
688548
443622
413722
644251
377176
874979
363335
969451
474078
263515
203419
95781
303154
567215
351617
316830
841283
91170
486737
406151
858926
85237
226271
324376
967585
727393
214190
566617
86178
299697
660866
807181
276648
765305
150163
18427
716647
426614
307166
298522
662761
170564
911829
282200
168984
791030
500214
117383
7896
967189
423161
822437
54609
541880
26914
146246
883082
373373
677623
601696
118001
372577
168396
103859
496695
705665
156858
759955
291480
130542
356910
917971
808632
160295
844573
333584
569833
441269
588309
947351
30281
734184
609839
936052
621768
272937
883105
146840
833544
878204
831024
977766
287837
757013
852418
99354
238196
626451
576785
174550
96335
600221
631292
700427
405998
258904
582839
122176
415242
835906
200867
425154
913914
997870
187769
200552
629241
836764
505183
596418
271679
568500
367645
387422
929163
77663
431913
905206
294594
148867
635166
642233
377649
687257
870475
830708
323823
980652
639336
936093
14174
842223
327780
185980
26192
237500
556698
104311
962117
755109
597793
595128
559058
425657
627394
198461
290910
470229
99013
371259
356167
162787
302308
83696
297570
918836
512481
871300
574559
921270
856307
122075
72778
73362
779803
962938
104621
687844
908054
852371
113299
464024
77035
192622
775207
542558
180772
273398
360763
929161
678937
789790
567078
13513
164775
976430
739525
688451
68288
597038
278817
738890
29085
840813
844081
15421
495246
705902
27126
269629
255345
763312
209604
470728
293697
853465
593441
2231
698566
256126
489286
358736
231466
671761
715458
98441
50476
917160
604798
425370
177709
432038
371483
525949
522792
94920
596600
310597
937087
643406
210191
833496
220208
821699
177791
262027
938982
722731
481636
18392
78060
681993
909538
330942
319420
820682
536705
706678
345718
184977
570866
582797
284076
426912
150832
895651
827162
483936
718530
68990
184627
160205
220061
1484
315926
363776
79718
451379
439968
524826
387988
497943
502171
424202
155636
63079
169619
125756
388166
719524
197001
916191
667781
121136
734977
583504
536388
844942
39094
199272
689908
787388
533806
454367
658946
191210
437544
951451
103773
873750
652017
295193
71829
930757
656981
963639
213279
651231
500851
907355
331381
37544
306666
214468
472922
228183
821935
7339
71675
750293
250625
680789
174001
427539
504627
42744
68067
302984
914856
379527
758153
722886
328350
908764
697419
734136
914912
125825
667336
876282
727967
563547
422194
901205
129627
938100
320022
214294
827900
505700
766521
754441
995453
546010
813150
937879
226440
111372
367333
655033
771996
903929
687693
603672
501034
212375
425626
826435
192640
994143
130450
363916
832988
965169
441121
905407
598563
808100
159260
931904
562730
13422
618850
736896
404656
279085
921823
934748
713967
34384
533866
581650
484487
505061
757966
790432
188187
117439
654118
204411
192887
322883
505185
447977
161390
341263
831590
423931
380995
324232
235409
468139
259325
947967
976026
191758
100830
545216
786007
23285
102956
483126
947992
83238
8302
601086
181168
334898
947187
231174
549779
266099
484491
708322
723419
577124
369049
592939
562085
276829
148480
936468
96920
910825
572219
941259
575685
656581
154249
330247
147242
565240
743877
605684
108881
819146
790036
403897
876566
831074
237751
480802
549765
72000
286464
161519
672098
621075
712609
97592
810626
160567
214175
540731
390358
256783
453158
886340
458824
81276
908279
222071
70973
184567
673468
84029
206971
701457
500029
117449
519908
95172
147370
759942
573025
966260
155736
955487
145306
301896
104969
941546
344225
550048
862372
746418
436718
524338
998339
458911
13317
748036
285035
968132
450484
719944
75159
137669
844024
668047
877421
615267
245632
920683
24722
986214
331273
554406
477017
488550
499048
361368
965142
995893
949606
650793
497361
402796
560389
491748
336150
404625
922401
65907
993002
821922
731634
366013
117336
659649
479150
122009
101929
829499
456267
813933
279217
860918
866786
492008
209158
258551
332335
820696
284172
100622
944437
921128
451564
413534
363518
992698
355747
399373
727232
47197
182198
354884
436700
294251
100611
331747
55168
615746
441075
462533
931819
386525
219340
909099
607888
277070
499043
885959
838292
721562
99887
608295
739826
611824
96632
940924
40446
550280
57901
28167
327111
76757
1301
900703
810901
527974
113758
937441
899985
586974
875090
501364
13636
48398
155239
705335
716664
173484
584693
378634
665210
214259
573250
807094
32385
424790
162873
251066
317417
920866
713978
402419
577432
297711
216779
301478
915202
133442
645803
523245
644807
953858
480903
865213
441081
874133
762118
478032
339900
334423
500479
347379
62086
192567
506250
448686
14855
672877
910708
366987
817890
492827
98124
961221
759896
420864
54106
704527
612870
