10000
731916
469829
292115
344989
823714
313550
390878
12827
575861
565556
145367
415494
879477
789870
367863
37803
528206
409500
198137
42723
725688
667129
829561
320465
581357
49244
263799
962424
993846
312491
275770
143223
297695
418844
826129
356514
656841
696169
496629
356733
675294
719888
472650
441111
975391
300356
635076
563521
278105
416819
650087
712042
734582
374261
627686
367896
502895
883726
844461
120453
469919
600544
646522
35156
388211
261232
586918
245614
781182
893522
401474
161533
917737
211636
143644
366341
529479
302277
372193
676506
684615
37504
744732
888514
610051
830169
587933
199015
90293
745474
663285
221753
594952
778074
95645
127006
63244
48371
888822
875671
229508
658558
543403
791792
749146
546966
71410
335779
716531
230565
140658
840779
32220
371383
975679
70912
113443
147545
470400
725779
13187
124525
143730
203559
400695
462989
331077
363370
267439
754714
707748
600879
454112
116192
821522
698346
987382
585767
548976
92167
696037
161049
322459
277287
937565
394571
874034
127927
98972
464746
30005
568623
34845
981571
501896
258148
844590
825838
827927
772299
375519
8408
112596
414155
795926
183404
57501
260029
861632
753310
348472
416963
434594
321940
678080
209538
799181
587184
274841
830461
445424
741886
938142
795919
428552
490935
352797
582917
828850
856816
675384
501078
654944
48098
351212
622847
699818
689686
460078
179903
273916
237101
590129
79788
357102
260937
597700
579377
192177
331100
108953
397093
506852
546443
61985
925320
617798
221438
212114
451740
788423
930375
831178
454686
838775
484204
783629
859488
646816
619539
121899
203588
220719
681865
959421
980055
470476
402862
598157
72839
505676
859201
527573
81986
830972
733700
196064
412461
265758
169931
315149
891582
818608
794791
132979
435383
66919
900841
567966
522240
185339
957205
904950
71967
985756
837029
981504
797462
218050
877366
931390
197913
721442
491028
68594
743274
233020
829277
569729
336147
523153
552852
814898
614975
887922
120964
619221
335926
2996
164110
808064
34036
391936
718866
554549
730596
911111
702326
127455
187518
35410
802582
987707
737786
206327
354504
606548
421167
202727
724746
421351
152653
209061
97611
780965
237619
910737
443474
803094
932014
770530
538319
708506
113167
849267
521660
136522
675368
423156
560496
657662
714851
55169
60864
359592
125182
227663
73938
311646
543718
732163
42623
733941
613807
666461
59300
224776
973870
68689
948294
543384
212020
482998
672095
805838
895271
890071
405577
539419
202046
702248
671622
133504
684376
251539
406570
85866
741242
64239
682470
6901
527844
764114
298097
619281
237838
681533
639124
180354
846276
475510
398035
548353
691483
240371
679859
337984
870543
201778
159469
561547
759355
90853
691053
247946
742963
158987
804295
138147
684545
193050
147959
919868
426235
839320
344595
830750
493053
332426
677199
7605
823945
508867
805740
894707
362999
719517
322111
911893
319514
435462
383578
964926
656881
112754
298009
291711
829895
801774
615499
604024
882920
686101
188730
897879
198464
684379
99737
859263
403473
548934
877897
267525
409552
1981
180807
597844
212637
2169
84854
538288
662174
175448
637957
950551
327479
263376
129533
454724
479591
66752
211818
530765
773506
166626
604643
17900
348103
482141
842551
321434
547165
150712
662389
41943
704239
749416
154264
877063
142817
774730
874189
931958
560365
527724
680227
862204
624351
378501
310670
795836
505833
614085
142424
982086
711139
844551
316261
78108
249443
729956
52705
767314
927478
465569
37384
701262
404792
192776
94417
373935
690645
700244
322616
564683
580700
585349
920039
148048
509117
839508
871744
884300
358367
518657
473353
853575
75808
373000
664629
614926
258474
682289
239243
845771
557102
8071
705525
887823
344128
387872
585511
242
21903
449627
965226
81810
676159
381865
446532
67127
839973
291585
631046
371159
540894
933047
615474
835765
977613
522407
706566
220003
709679
348491
762281
471209
725724
221869
610225
463614
833244
929782
11215
353523
204131
232100
125720
889711
515627
754394
239792
751765
518124
198481
193557
585218
668731
579308
226310
70450
660796
773802
254222
866306
984517
140341
644208
118992
718865
282327
754864
255358
611870
381388
821244
245846
918884
239602
155958
786759
828338
309213
340831
851342
767014
459271
735201
444464
457032
196900
731320
536419
217859
860500
171775
115917
47490
9330
406547
416548
285731
446537
940070
665844
182363
725223
33634
702079
773222
655817
418039
568958
79912
231605
499907
146438
835237
312615
386781
137350
479514
852131
820926
644781
773814
967337
605709
755176
602936
397255
478086
634249
721766
496328
291718
180739
654183
900554
452853
202193
566718
193645
103568
162743
967075
583720
38098
777057
603328
852085
566974
505063
923141
752813
632396
465586
13224
558190
635757
762488
104956
963960
948797
537379
922221
663255
674309
159888
938902
363771
992745
327666
321215
484707
795444
510423
21942
610232
670846
859459
875848
796278
235128
546488
400732
793605
874772
262167
759149
893734
375763
965088
584290
677448
509484
268694
763020
777403
411414
138558
586619
54140
780723
70149
586237
677166
317785
655745
838773
532010
290045
200720
479251
320941
740286
951197
890357
639280
671371
656769
894874
530325
397107
734149
33983
361021
220872
330438
903576
218294
989614
184241
358444
611794
883141
740462
56205
336531
393776
712922
959347
635010
413762
918252
979637
793054
459205
460793
732643
702194
828966
522130
206722
574528
667456
917899
906341
373849
17475
342231
851492
769486
356929
541391
473084
386624
811925
925393
528707
489364
140720
133893
929861
625155
307073
804219
788032
919758
612352
840048
754873
977806
210072
988016
700474
984169
746671
9301
5160
330337
910099
251245
30980
628102
884610
684538
138558
666700
586966
946706
592817
35383
660427
211879
951040
114931
672430
398689
820171
315584
934309
323559
969357
774410
760853
886269
904277
43286
694259
871879
489246
18329
537579
900012
564109
867107
374374
110294
692616
828408
710588
47829
723886
335167
212086
432227
732470
892308
494782
324034
125543
615352
293221
443266
751409
948072
27665
532831
383527
883595
488706
216455
369306
290692
417151
530168
55763
699688
696289
184904
511916
542601
50619
500990
75659
519089
898724
543198
456508
354091
103396
491587
554602
841850
393591
945956
755130
900973
682048
628152
438469
761610
674701
152374
18031
123047
896899
545718
607784
385689
988454
567155
660735
33283
184583
925682
129822
168080
288971
88507
913702
688891
126803
922374
329832
417291
911757
640690
341500
601309
828695
912814
13762
800537
783883
71418
689907
742983
35755
343048
385891
201786
3690
399420
144917
326890
783317
592979
624634
101152
297692
496287
231432
289930
409729
440112
105908
396846
485788
787151
97099
882939
92936
6948
790770
971451
238190
57143
635960
343653
54764
433171
317653
988304
50721
296071
970754
37761
194071
843078
890036
985701
322062
662510
872182
368410
757729
560037
195362
829607
399704
348512
381499
864717
40265
488509
877354
604661
510379
496080
97428
417928
134136
918139
343252
210718
984254
328951
423578
242318
775619
5039
716575
701732
734611
221643
61508
247664
545704
733642
505350
407035
573044
850632
63392
518741
989837
508191
196734
689418
963381
861546
992473
611507
977797
423205
960819
146856
338614
777520
922353
307667
432844
109618
892432
398047
82656
730010
649157
374224
735880
207489
254390
206125
81253
138476
769038
776536
480136
421165
702785
540286
816001
248360
514524
261993
560198
899507
128327
523378
59325
196183
224795
743508
256166
326324
274266
851421
95656
405568
818127
722237
759670
819696
883843
589249
628574
222511
770393
562137
259438
726539
549127
349973
722051
433007
260145
5999
222383
784395
9123
343361
861894
475216
790251
204695
942214
357079
199121
583135
46112
943905
710517
587773
325351
894137
782083
460347
68116
375158
320148
683230
895732
121757
84644
174227
672046
233763
399340
359624
499381
163087
721180
712216
25030
120766
845943
804510
352030
135872
855306
664043
303932
988768
966730
423634
24206
588673
170697
481568
809019
95204
789973
100137
395084
348358
417261
156029
828472
428966
375393
144954
67914
575397
701061
207547
105393
44805
160017
225774
334180
674324
732696
760644
211631
351778
116067
645825
927903
242989
770666
678963
205382
126046
706606
667327
923116
87276
385910
279958
749010
975263
614436
660999
719780
20015
718770
829103
890554
476043
34318
659019
103627
56629
548368
65902
283823
115594
913364
382414
918926
794911
245049
74040
512170
760136
976693
220068
600327
841714
806418
849507
608755
267632
764552
831476
808373
120211
23672
41719
724438
995249
520323
309561
499974
965960
447877
307566
694829
35325
559729
644988
561296
712701
741770
89907
208411
491588
74876
617243
335121
91580
870869
461863
679565
666685
944611
613381
655475
290867
977770
267543
750841
273310
273026
993275
317835
196722
354827
575814
443424
659870
771215
573328
220695
832298
892786
146793
305613
726073
518744
129322
279742
148078
820883
320102
390164
67755
973575
186174
627409
165045
48989
151123
431318
639347
242464
268567
287630
927189
374071
940989
420154
816914
796991
102671
724889
390409
847941
384989
252403
355209
241629
298835
291202
730796
29089
330276
192446
351710
740362
696098
426180
636347
611940
593904
948450
162263
937777
911759
422849
363543
310493
759828
249903
850556
350872
991610
110024
348096
732501
642580
628161
970009
88735
113307
466065
146842
714259
699429
328637
779449
488766
552183
729854
579051
174099
143345
465232
915179
463497
772071
854234
693338
12495
706385
389877
189889
394221
985176
652506
8306
106681
495184
498285
389772
472754
716101
327392
355996
286652
351214
633605
719072
144824
826431
596980
504168
925823
733210
171733
720598
840956
257445
546763
312260
125411
171319
970110
121156
799506
338539
954051
825794
463298
230359
558441
379078
87401
364311
471074
539798
359728
195266
590860
414841
690060
303807
409563
220310
166715
582256
769637
692922
323933
167243
52618
974776
55149
287754
52926
87082
963354
377785
17973
478294
178374
138732
424105
582124
100570
924563
831627
491244
104644
279590
874628
88805
544462
538298
972518
685208
670300
91254
293108
614523
712002
901087
565194
701721
178240
227406
53163
928151
816603
421316
738405
391697
950808
903316
741795
710562
568920
681278
21839
122883
9483
378460
890913
986122
962642
107829
890057
476500
212469
898416
687669
821758
76349
687523
623551
513677
40112
803144
479223
232814
653031
771024
798984
166743
760397
789202
961929
497739
397494
650140
775522
377277
46681
816170
26649
883852
988780
744437
163960
936813
267163
384098
339869
662887
483300
385051
987102
52087
701650
276411
514774
342227
453203
129507
755537
688651
765880
866026
835279
291980
324553
622257
816953
445183
925059
824404
28638
445326
326640
924924
683239
323655
702304
333905
397663
662169
613961
401101
291545
444410
426809
889324
855869
136875
543347
988927
789875
621907
270382
579872
669163
514376
33190
844352
480582
680429
37468
684508
123300
972597
899185
107854
125003
378886
257435
51072
492528
223160
446977
889019
260582
573372
165689
732445
741536
157594
167579
994985
98532
973522
561474
325241
790863
206564
869919
396942
790143
757100
525753
174472
168096
815141
290565
12785
688215
125006
472541
692659
284996
907369
804705
775594
247928
557536
895015
722772
468723
573891
493279
217125
789080
655916
884040
464568
189039
926660
141001
594079
124503
359902
172141
578779
609158
300544
779582
545831
911614
793603
784124
924207
313807
997392
348027
582942
851459
734090
205014
466452
486249
774090
398995
8311
156673
118277
771413
667937
9537
800586
917624
760951
957378
894824
244429
421209
503306
968621
320946
734773
808182
398857
366796
445366
250244
857424
212579
917403
890363
303902
711003
297122
456759
966292
793611
221986
755605
846721
992956
347512
65655
339805
549632
869529
667444
504047
782060
564295
248159
458318
667059
408607
410802
377796
331424
768590
554200
741774
799279
399972
323604
380672
195017
584513
930385
433861
267099
887788
432838
547396
343570
928514
333637
28895
622709
166539
422305
617493
319646
293352
892986
985479
888534
755817
791079
973720
283276
287035
273790
466157
304370
231038
145858
349523
768373
251381
470058
89152
658070
506071
287370
780146
49642
567746
946272
32372
140458
143119
132862
521215
953272
185408
321167
636925
518895
176150
71111
170025
851173
242687
24683
781714
50944
131245
708410
596989
502642
142466
970295
910698
469266
604967
264532
13487
598680
290428
524540
285825
698997
915050
448829
168082
7757
348244
300817
640916
130706
592875
39240
883547
929470
401952
949459
873440
847404
531125
984815
935969
696020
470957
264107
129574
716193
432610
519512
875423
152689
189045
203597
157226
239272
526431
341012
717872
883185
124198
407029
486639
503187
927724
176988
610194
891051
180514
307625
430524
761868
6041
294228
49251
189872
698745
537851
586649
238169
977290
285002
727463
254408
811568
447750
8914
988121
631220
790134
770623
600505
572
73902
569138
770310
101725
773625
879154
611265
861191
790946
292041
858098
992607
904095
562600
673497
526890
66907
682407
729932
573732
409951
885417
248114
775217
428956
813405
813530
581867
931607
263970
75449
115610
740209
683266
611326
747777
902866
741151
913812
875541
240498
795372
445491
913929
737668
587346
137187
705412
144831
268722
399183
386356
500554
843274
542338
569596
841475
186225
866752
993929
921323
96444
895299
905666
190258
944963
938129
801950
585307
516222
311222
145743
89036
150920
257892
357404
764661
56070
280803
567756
398746
616865
795638
995006
797758
398574
972684
487254
214638
988911
573216
586962
773735
447475
20206
798906
668261
110616
174097
970038
329353
961073
134590
6585
401317
937794
499287
275803
111208
847912
5229
319173
363617
523670
233301
177797
9841
944378
457509
776322
694482
283645
975692
566793
208381
888745
921931
213701
860861
938214
382612
7438
792462
375837
605053
671384
443505
756606
563617
724556
951055
674268
539219
49779
762887
748661
416960
992655
463254
662736
982624
18692
356194
439807
393561
284083
795747
963332
98096
923688
431151
234000
732332
841577
755488
32294
647369
212591
432291
937823
941590
622321
821728
81158
1964
83291
727873
818275
661899
572318
757602
753941
649938
599457
305555
977688
885274
368853
817228
752423
638321
276582
871790
620795
34158
507661
315442
25137
96181
217154
296752
341833
867017
47759
532622
819530
51977
886912
141763
964804
834185
54519
26311
763502
669582
467291
540121
276717
674085
304816
137004
393462
35040
394115
778799
926410
811182
508732
973112
510112
938710
825749
652620
312673
150160
75946
818189
44813
135232
480422
922369
563259
335120
323741
28474
781373
899625
502457
468584
791906
180749
767115
140855
520468
562580
578563
542566
228322
923968
923643
259238
848857
590399
93933
789290
272523
685182
601925
164817
851697
754213
373714
945838
670252
388018
855445
617456
771623
231157
561276
222579
200217
117605
596073
719586
204839
548062
282154
975878
165606
565304
939342
288240
591550
370501
89997
738431
789994
340838
252966
801039
572763
270794
872710
392766
511740
205637
953636
491612
872465
266249
357162
143022
153273
255043
403533
482911
236562
47060
734013
326468
743611
555562
98360
981322
882613
657787
863802
35199
420002
230942
771599
443193
608560
795462
593608
800679
654543
656155
992780
583410
179549
63286
756486
509839
829156
667577
782524
207268
36729
992842
646335
193876
53061
262250
101438
602665
253280
402805
217718
11997
501081
80632
971013
204421
694482
610346
763740
375387
28616
260745
53073
952678
114097
306002
558164
995272
705022
652317
829370
743012
845056
717650
643509
928938
900135
49100
710885
997696
320869
647304
766791
719438
691568
972425
710283
128294
993447
645900
665348
721295
280268
526179
658169
481773
208879
88945
688088
844238
63404
610689
171018
704595
956939
914883
188706
806777
318277
669475
209070
628099
325862
753031
350064
896198
528654
540902
892903
598352
494545
7744
996806
183414
779902
837949
808134
558521
544445
28518
328215
294612
686610
217018
690354
874853
366334
555054
233418
264181
89092
771077
474016
308902
575689
55943
665718
115128
79124
710689
968795
692407
721142
73497
794981
157381
607875
41259
696637
946624
54142
990469
525908
659151
833875
870492
403892
555790
425469
759017
397169
459540
595912
344964
159166
775005
373488
942363
355483
461913
809193
719567
525036
478160
392120
156139
791397
494832
194878
164289
592546
840052
897621
273763
90771
196403
955667
113851
586517
698883
877676
494152
902875
766344
621044
253173
457547
466140
140993
670679
247461
906332
931567
881092
347358
286285
130941
122890
845899
909482
842324
280275
536569
425035
932072
247379
200665
741363
592631
204651
819672
818358
874351
260510
460621
171013
90156
733356
937420
559512
91807
713104
531864
624311
455242
952467
570356
375780
356775
195084
715994
929512
962665
930101
718661
207801
539354
992554
582633
896196
77091
685952
482819
749405
914090
279807
972490
87937
760341
465662
995013
220868
778670
744858
644214
45275
777951
823698
782132
93128
707100
768962
616278
916062
199711
428986
474251
849904
616271
12411
17479
176922
353786
756749
168344
705707
380417
961791
153111
627886
691795
682045
378745
266771
929489
284231
630533
948415
915921
361044
701280
940077
929790
672194
433668
46271
236189
504760
706511
252965
920746
816218
902904
654760
184929
314792
892572
763668
223704
389812
454902
185536
826697
125245
846894
365435
739118
398317
23752
735189
341701
408236
455485
553479
84659
153887
667303
427840
579397
401985
796629
118285
162897
538332
107582
4387
441787
609827
877395
933388
986963
730927
458093
29421
351708
828180
831334
132400
613416
543264
881987
587218
491999
170927
170831
240906
83678
310318
351299
694485
354235
801322
423777
886682
804839
111636
916511
694015
747885
471124
513537
787144
394071
567110
114496
760038
520495
644885
783782
510052
140131
19251
854395
29353
654658
529970
391641
362923
442531
564290
375132
85745
205156
204743
905782
473346
703504
312150
267295
353455
274138
563661
476201
805434
700102
118284
743473
188642
939751
922004
593521
747660
126531
43642
729011
829072
303634
901447
261984
656669
83429
292783
303223
720265
270884
750444
998553
997368
978544
358135
561344
996584
754791
833059
87760
986200
833029
968214
77894
600531
184423
667108
40461
312413
380204
438857
204399
653880
264052
960131
406888
53267
185738
344714
886487
255312
588190
781037
150798
789937
43371
60235
216968
840030
851511
364714
571194
367829
970489
616823
611330
20782
425492
824859
901436
950026
7554
938422
561524
261272
96332
876986
738741
920195
636917
805095
811456
641660
117495
423198
217496
331807
188325
846244
960890
943556
123823
78838
361259
848037
202244
535364
733609
766375
419666
853771
124547
963783
939112
75026
944965
799522
88381
67264
381643
732064
47626
132952
592310
428222
328338
84115
177725
632952
32642
820569
149083
479375
314994
257947
593830
269372
980555
178831
363840
484401
929860
639753
591334
486536
37957
752179
773286
706443
336044
707369
520941
682719
367149
480243
478462
63949
824915
246816
245823
312558
626662
861819
989550
339507
727909
295789
718385
382350
139891
821359
404490
640193
573006
95785
12393
611393
885882
365164
627931
202630
947964
507593
436129
791154
62978
998988
276123
298523
400672
731352
85027
833783
488245
624288
245367
855715
145324
507647
903118
591568
351710
348853
562123
811658
131349
549311
312719
195238
218092
56530
689513
931720
338706
573747
360808
399695
835309
231286
185426
547613
361882
320273
767277
791686
158611
642972
225210
341140
62122
31271
817921
546741
436018
619896
570952
466242
160252
528351
248605
619052
453887
619000
914259
646085
613585
655485
558729
584232
961106
3909
231397
873287
665832
817245
966304
355919
855908
277057
483067
260858
494659
207416
922576
516720
238801
5897
750339
642203
157609
73693
997911
443078
326807
951155
914461
457776
139870
901753
292295
120243
722133
987534
63322
379916
262571
986322
380546
995526
968332
306022
641919
707784
880092
312645
34686
124791
948001
597630
899714
563465
62461
64269
400129
280424
839704
225941
873419
847486
111580
486589
458085
779107
848090
597028
798900
839713
898442
793538
291221
547808
808495
364188
410249
89267
676697
477411
951886
866941
746436
140074
272713
577025
700766
199427
751582
951046
606694
546549
866
42531
817008
905563
49448
114796
560069
236252
949368
635641
25063
790786
513758
151055
592881
27897
820638
471854
283101
603559
288389
583136
117282
594394
122039
174832
700050
315828
821460
36389
798757
539237
218258
965245
880936
900564
228035
792634
302153
193193
417609
653734
56742
288161
717577
715255
741137
661185
751214
658509
565219
947558
579479
765271
983801
739451
505119
101782
895504
160261
39302
516474
670521
473945
133888
650024
584632
224877
406362
754589
984319
747083
174149
380716
378178
177185
107073
826915
262967
514550
963879
581964
598444
259767
667347
21327
127876
133359
707308
893813
111183
904150
822801
857799
606405
500160
460961
339861
600735
402294
708967
864594
438291
749090
468321
874268
21034
485219
742187
498330
764095
538881
358733
357887
301270
239930
922141
613803
464854
618299
931858
305712
49444
309226
743207
256177
92766
889824
677032
669031
460529
528052
139997
992765
623512
10099
23696
950811
192818
488747
153339
949249
150910
987174
708435
513481
240757
543028
391723
792335
762371
42018
249095
24172
863588
650887
513086
480989
910488
647868
553866
509570
949762
308459
472304
462659
613155
6336
89030
112845
578413
351037
867622
262074
620423
755946
798830
393359
974236
506601
292208
230942
79392
409576
531133
138828
110753
964655
767561
195949
522245
503257
792635
73035
250086
652895
888596
6406
568583
44048
571257
290453
599921
750301
579806
983850
475374
352208
707345
425908
906465
989341
934753
387454
420672
758033
869225
491573
783408
105959
900476
310471
172603
574777
188206
678822
42032
645396
691261
480235
603928
246948
979867
430104
298960
708430
478105
473142
202952
726237
226673
607005
495575
165843
657328
461522
603192
528609
280958
522058
834213
783283
828108
175757
991822
67874
35894
23926
212493
796896
820567
413419
297602
688673
287033
328544
714965
557706
53760
813672
202515
110146
786285
713169
182865
830355
562238
207195
145437
547249
475120
779476
692054
840491
197028
747089
97176
429165
289184
39498
39823
848559
989420
658003
838061
329086
228444
149171
469878
252581
847982
764003
629304
396984
72649
500389
222681
514492
539750
288253
189896
724726
38986
730576
720022
380303
225073
211928
892893
44960
383175
490626
446622
80032
676751
794597
238889
729703
462311
850846
372533
506014
449314
302668
175440
206406
75029
314597
526064
28769
608238
206643
199783
238848
927165
53039
384181
425706
560151
215736
812791
411302
517199
842416
312766
379558
697765
82868
478395
856592
505915
81205
309333
643049
274754
15160
894813
899040
360500
802854
306009
752629
116538
217744
64061
815940
342061
969924
77560
735346
55353
664324
705321
793331
107230
929769
414642
942069
23248
354772
422949
332588
563647
632268
540380
263419
789297
13945
839973
870716
67786
533308
941209
838316
12013
147049
173262
316086
414973
694754
292834
795418
414077
338705
463864
806778
421141
3457
558847
284417
759606
288666
250222
440944
948308
813175
303052
289223
893586
490406
41515
713548
319868
271611
805557
222586
484781
793489
936542
535753
978769
639582
41337
47126
37893
664882
546599
372016
818587
316044
412137
300031
794617
282649
626327
740688
673313
187210
808938
196608
183819
912464
971187
329541
890094
929719
246574
352532
919646
999132
185201
878578
382351
570829
667135
299867
682999
712827
687482
680840
115282
643550
129204
94817
40063
218022
705766
68223
375815
258329
212409
238684
825726
2190
903490
189466
52931
994308
232587
890605
413922
898143
557324
897765
88728
389313
52729
588315
503542
231873
442037
277560
519198
863307
872932
993309
78442
18196
754462
314162
574253
587383
972543
565006
333521
38961
728283
282624
139167
143926
567055
617400
86622
832110
23602
419221
831250
727247
121707
502668
485285
882584
636828
767282
658468
722279
870844
227942
668192
32311
660995
520989
609653
628922
350206
587019
28327
648271
727298
891755
471976
378464
967869
215531
18934
993691
74152
340087
488033
398347
634904
60897
364266
955986
457524
122154
312007
472261
592961
798576
587588
665252
587289
108787
19459
775668
684027
403589
819812
177723
703547
477070
745791
755608
1242
316665
535118
154876
981104
524351
194408
985033
414342
603214
223208
838341
506048
582101
584684
564731
851383
113263
108217
348718
442085
134377
144188
960059
768826
988850
183660
42314
172747
352734
47691
672304
462314
946007
467530
672613
173136
988320
526412
311453
409719
130439
736451
28677
110789
571751
399671
565403
439522
250199
166885
307754
42922
129459
937668
881697
594686
727556
945890
911631
809525
570575
190765
818622
708464
197239
311118
579049
398348
666831
856880
119002
480112
246336
576287
320101
893317
924436
369931
422778
889285
386461
421803
151979
35501
324996
788094
53499
221196
523441
877484
611615
86462
79892
591884
676628
726770
304911
492863
465500
704742
305792
978809
496854
214453
962094
369696
919417
751686
409807
535948
727469
702502
495091
39919
229574
148720
134481
895502
728477
365161
509804
383277
868237
553448
963682
690377
11783
899442
979985
883519
385619
339876
131686
770506
194852
401801
686531
398249
541205
551180
215692
868127
358214
536775
241679
15700
805966
527225
958030
627353
259675
188886
463914
713737
569517
309881
598125
231243
589227
758133
77427
907955
101345
82569
582006
193416
109655
958641
13045
881120
178575
715289
151809
315304
765850
578157
920356
475776
521623
14091
729006
561347
340745
416410
758237
172900
65684
215284
372136
187380
398932
665151
108712
544960
897114
846617
714532
200918
6084
702193
274039
419496
364728
40499
807712
970762
447741
319195
850918
260310
707254
994667
748774
859183
646971
35832
950074
267426
405909
194654
748424
964584
491286
320019
988260
343880
122387
200217
841059
659673
189696
868173
277629
24101
758374
411293
498014
849770
158275
876631
651849
810362
945406
641500
329385
942018
356933
296883
169654
597095
547781
380345
466368
278284
354245
709302
271964
748976
335136
771852
225512
632885
185629
89033
909948
885883
121836
706267
63726
268267
375231
459747
7170
946448
489475
236770
789805
496863
558266
843664
884996
392087
183223
185163
955590
894787
900917
45293
498818
55069
304467
539190
588262
996237
983152
633000
403366
180751
139359
702578
108037
800370
371399
149444
923651
887676
380058
510273
31139
104811
148528
175315
497944
20630
824575
859160
152972
429810
96825
402681
24652
670897
450690
906332
60371
677381
802829
489135
855857
552067
595410
557029
375639
967842
25710
958782
769282
162082
549526
891390
210690
461833
972985
274559
415078
979912
186994
10338
752390
527869
517735
507617
57069
399314
660865
311232
493088
129986
265864
393058
128847
274364
425882
801848
279063
795808
468551
171540
449266
822950
460428
292956
864188
606942
522923
400665
466146
988178
765603
445551
439657
648007
743377
257447
84377
672354
607203
523368
864452
849576
831348
18821
316342
513054
678345
15216
986810
329359
237671
962251
363271
490924
379279
423583
577798
612109
354520
148390
150209
11030
610855
557058
756393
263093
518221
163921
571140
770439
506364
438872
328561
156634
406759
693212
657945
167245
214390
908367
76724
787476
784611
326952
467509
702104
635124
82827
820884
508475
133653
769448
327413
290809
913105
94688
589370
18282
780845
272353
531362
832932
185377
213074
394652
635965
906228
792554
539500
488429
968179
603803
332921
357714
622541
648236
569008
114638
415374
952101
132313
510795
303158
112803
287540
990047
818101
385547
583119
401162
74822
4251
368295
532700
686565
308764
912376
261556
400302
661940
388580
733219
365332
813720
657020
111854
242874
316318
306477
570354
193585
852080
951177
59938
892367
860189
133361
772588
502632
455689
79901
501883
213740
697925
526472
542037
342621
751033
990650
563236
631723
635198
722995
461137
265325
340360
573873
431500
156926
304512
363359
851368
112754
561264
997274
647268
47220
896792
122528
384325
350269
697438
466583
474270
844083
334177
992120
564466
547292
43118
853526
707760
286205
191755
512399
997276
678675
796721
204430
652751
739053
833432
269369
906197
33252
551978
132478
908020
120889
42585
873333
237004
67145
791500
565234
315866
811311
992692
187563
223318
774198
125310
80576
490877
531129
148833
274667
572713
876826
714582
127429
253531
194843
22312
48689
868955
987228
352929
771882
594678
452273
820708
430885
187878
930527
756505
914274
381648
358388
231874
419669
967143
742208
543917
718891
694766
858291
957826
969019
15322
407636
971004
512010
161877
298076
79988
907579
835487
879405
698393
841233
172175
737714
553788
680802
995384
748500
736968
158747
504103
127509
428303
532970
348232
214477
146943
459468
938216
96447
650483
9459
602004
372760
405926
73747
221345
801795
32066
735945
563397
12587
434775
316840
423907
705038
177191
237794
134180
665018
984093
167632
559552
125096
974238
535070
416093
525810
473464
488982
441230
826033
274808
787527
657532
708727
470808
79569
646562
101798
504084
197392
896306
892267
730141
730019
712277
184603
733031
616344
384336
577960
476893
38262
993666
842815
369333
230502
771465
809090
284189
536766
667909
29085
13460
635499
118580
180871
904854
849083
701309
25175
491823
116869
79304
888640
844913
704949
570186
580779
97473
392632
583646
918895
703435
17088
858639
825520
301206
604852
996914
819217
589489
499064
883760
846999
373645
847956
844386
897307
24037
50051
948501
453035
187607
489499
929453
595967
401751
140948
77861
773139
388793
99510
252212
78566
762283
503779
907659
75085
489413
602878
519035
5172
982137
356599
689396
482290
895973
209205
637864
19400
521351
392158
591887
2871
793744
721606
766659
147451
700241
780977
537931
901735
641426
661766
896500
128670
493250
4371
939419
704939
67336
591479
429000
728638
918456
153072
952309
364804
549281
964610
620908
57697
363523
533184
389646
577805
908318
492922
683247
194760
399973
457283
1247
967611
258897
564445
636612
287469
862931
938819
945187
528606
309217
282067
898237
181700
271474
136151
649622
625439
226180
395887
130833
782587
747994
128732
306871
459138
479876
949099
122966
744955
379222
755964
992838
480931
438394
45102
611143
34534
92130
593832
407814
931642
280661
821447
159998
418393
865195
122911
43515
867033
662932
840304
454650
687721
574610
800039
609133
298474
654599
449997
413146
309223
896616
325968
572259
407987
119505
19116
992672
132830
325491
446454
403304
546771
801576
407493
511215
183441
280871
995069
29257
79236
721683
183033
855565
231680
559342
892501
662229
104089
290475
582869
410081
876321
477472
123381
241243
969599
970010
545293
42485
201832
624779
534817
919726
826877
496094
491587
200372
789441
160747
320549
70628
563125
998918
956927
182573
501586
280946
250393
885586
610531
429363
862134
679310
67004
521345
267421
54929
967322
85144
991812
645097
681625
86125
166940
298812
937548
56827
989492
688497
758524
685690
202954
857007
287232
214513
850037
641469
622262
484131
586088
117513
289627
370661
112291
338180
276685
183311
897148
580394
411994
985553
807878
783903
446148
150109
291163
640181
933011
596098
660747
57803
643287
197465
290081
129615
384121
90520
755150
632611
750845
701187
479925
363037
581207
604739
504722
335209
966374
74575
123528
673226
65617
812358
381253
725565
742013
101215
688276
681086
833384
146104
463807
662628
899621
896778
781406
647655
594740
330686
874240
429954
653437
646489
909173
339123
248873
544210
892087
489824
360094
524228
884083
486931
867349
624702
115959
465638
227417
727416
694457
89722
985310
925921
46977
378977
135035
718675
954356
872668
304261
769576
234111
665214
416266
60262
505756
984239
151719
467797
247556
419852
839622
307506
991025
816748
854584
639676
563150
948350
918379
201835
974846
430286
774856
110272
215110
743526
892523
283704
395224
276433
976640
524314
806013
849531
320631
645360
761310
699892
977571
811090
303534
713043
262068
935197
631032
741687
804623
927555
772160
31273
751431
124540
82649
312669
721915
365147
630211
44055
162764
961019
814270
334379
213368
766872
487407
634845
688856
2362
477358
523814
875826
218955
426026
986328
974780
860490
411321
19225
436846
565784
596608
740491
922818
335472
199676
377420
763339
983284
873322
848409
46319
621730
696281
724301
341763
597093
334858
531015
90242
272136
162817
165930
182632
814021
139435
287231
687665
796028
922795
876341
884521
797311
351491
754312
40368
691274
727835
948990
630156
172048
289393
66638
595115
987824
888158
145180
431219
536262
495553
624287
387208
162270
709322
845156
914842
357636
403365
735851
173671
817591
947584
906031
210772
98620
7099
242884
888356
842190
865835
877080
700946
588339
677067
320859
934737
56873
571009
275899
453470
506943
906312
391752
592382
164609
497534
21687
970777
110540
507148
607106
695859
774207
503789
523692
645123
284818
374173
805539
488690
842048
200352
242494
47409
313312
212397
462757
369783
187730
169269
550287
321750
47828
338387
746086
245753
803828
199505
28232
1660
971552
167316
104487
778984
870425
698150
430864
347850
491718
734686
313097
938606
856421
766062
120274
54205
270364
930057
267982
319088
327406
160687
424892
73968
531209
46230
692637
504652
848188
142838
949562
22550
414085
439025
90430
838491
555016
801438
155198
509372
227676
751281
462362
479277
573056
571080
789115
551114
50219
660500
925372
946577
317185
823330
397669
65600
419233
343813
85970
622988
231195
305506
466418
726651
766079
634200
89963
474142
98193
680842
81435
912047
302424
273290
137466
242819
808597
525859
932635
133931
532113
655427
604945
294957
888976
334403
264686
77658
333473
235861
96871
921292
855
905161
529491
22782
607890
602684
54738
202824
475254
455069
624010
245237
825662
650333
417997
262915
333929
33715
286935
899574
42898
185545
369779
278553
675485
355142
898812
565202
417997
525689
197057
433441
169139
553695
801538
727157
128066
20113
112919
954091
971453
506445
374320
529955
984529
713566
8439
843713
215935
272235
410834
17085
894001
310298
650308
277096
492398
223
299123
337276
999401
10661
952452
593246
850676
522647
609442
576434
146130
653259
464990
292315
995177
715723
709744
198670
538006
846274
314396
414353
672219
816192
157104
131094
711028
136234
964394
425134
568967
646081
842166
410092
318329
474381
334164
146775
334365
122917
148056
780618
962439
435870
200011
48748
259519
504846
737071
350088
90193
238459
809312
937992
246017
820517
978966
19411
337436
149229
428743
18752
566954
319969
25961
611765
747264
995429
641813
522785
698930
260735
546823
446290
456805
620094
454018
229235
557698
749576
886993
528294
400646
263487
727848
290106
945014
577488
904872
246601
498160
649816
319873
232369
97053
797106
161138
523821
726979
987425
722540
10639
590327
846295
351700
637788
981487
869216
907111
651972
906870
271150
875705
873084
153464
424257
402582
27770
863869
215730
217737
940876
455539
746013
491835
338390
958243
311273
907634
174246
221958
392118
122491
879989
961329
640289
288099
145213
535659
131638
942815
508081
867551
361331
62859
696542
665325
519541
476431
840796
672538
93570
965982
632368
39656
900210
810776
302338
874625
940794
340304
485557
698253
800022
50343
758888
907555
920403
955479
955785
766939
168758
375052
586833
133314
402828
365932
750943
666727
896207
372856
328437
137362
595826
629962
698377
56532
549898
511678
331785
536954
222425
794669
990767
463707
175031
920469
920956
47441
905823
352020
464723
574532
896787
804691
456373
394209
941357
218112
864405
858666
790788
896499
843480
475240
363319
5746
869995
201531
798809
539216
349824
592594
342521
274288
820710
719925
957516
930151
576259
64063
681593
200127
873137
284714
735297
994648
760051
470467
336714
148010
810003
124284
436806
255141
276377
642464
540292
858745
378409
670753
698259
294449
389626
358413
457998
670970
24687
9311
804105
510786
678804
111026
880983
232828
809078
329808
318773
292800
82718
40041
963606
304782
255212
163103
97931
793843
906765
234622
36303
860100
31769
473865
49836
365639
913547
63855
888910
932146
64350
602781
705954
165963
64768
478317
671467
248302
135605
819644
247585
171565
769099
799961
893381
56017
42934
420505
932294
986879
645959
510471
675209
613046
611597
830456
314649
697589
635080
882365
179179
720954
157254
537267
743692
118116
525597
671284
727657
92602
465668
459888
685627
946116
926606
803286
223629
145495
774851
283179
364395
592815
928604
223102
842281
576500
134363
235122
560269
679711
69125
911226
578010
376310
859069
241060
704506
472883
48319
167820
958790
410499
478453
617585
579125
314922
863865
517284
306912
440067
988008
955356
673710
812645
315423
26023
181921
594978
367189
769595
30587
803433
748629
874347
454862
914763
880982
227189
368607
192026
703288
621368
92342
873582
229981
733570
493189
726081
648290
155336
594675
621946
51961
535599
541827
480263
424997
588423
179046
227619
757776
920087
753369
623863
751308
904275
651452
299613
792932
825578
141489
2303
117407
742140
110317
627422
461393
45609
782110
213167
746525
795460
27449
986463
495626
872487
12511
125175
609345
997920
758379
781659
134816
125321
123547
676333
114751
981750
669208
817231
347581
212167
290147
563845
111109
624156
58014
281400
836067
527592
410101
278870
71356
609055
942119
766999
349039
973705
344885
747419
213255
676280
832805
79599
273562
26006
753139
89647
757825
970840
826453
720645
173747
215183
172265
287055
790016
717789
705470
986783
141736
655812
360508
411676
307734
105178
492785
598085
718588
939289
534264
497430
322700
98963
869640
512579
846351
281474
198806
245409
323174
278909
865512
365860
770460
581895
454904
696451
61988
829890
32321
188280
421427
358593
858985
683043
63484
223419
654090
276750
377157
703003
118558
355531
482531
223859
373255
729338
591126
55057
406969
297575
911555
661226
300613
746256
641546
957107
809794
24772
863555
187663
565338
431142
134810
440163
315950
814097
717380
638533
738151
890965
685853
945042
390682
847200
386912
978590
869271
95033
897602
230150
69263
770789
220907
650402
444639
487020
345298
740375
212605
452149
393524
46473
539390
809038
699312
57069
272321
35400
771778
397308
912188
762687
948890
780163
929249
823352
186200
522391
968620
465507
742247
713255
760972
469887
708083
32362
594923
655901
201032
432951
137052
313916
154056
877747
41888
467475
545289
152484
777109
736366
804489
636388
360572
980016
132750
969970
666085
178295
537630
279139
122489
567900
844696
885942
342628
49945
573550
561604
767069
615750
878016
20054
287571
247804
868117
682577
268085
813402
100024
557516
317342
973158
343469
214082
316764
70987
18511
754019
592156
149056
435975
868869
686067
213066
336491
692856
824459
668568
768752
239350
816744
726091
92238
588153
874006
629913
753455
656487
923377
231303
253074
919593
885521
315283
471555
4889
354128
586612
718447
394393
582072
3321
271654
621121
254926
114318
585842
525808
363189
76702
310094
700164
11393
21074
349061
846756
424857
499127
607529
692474
638344
891005
783148
912318
959136
968923
354014
977198
448523
825552
76739
371802
471471
955909
603408
888667
532221
636111
436610
547684
238039
209936
197340
743216
375452
671037
81147
401563
913617
803001
445207
235213
79853
839968
651864
206993
970561
304353
881682
933699
881538
566147
81631
458664
540404
375752
256536
328600
632053
567278
348591
877846
89892
571154
573228
4736
132652
100336
930370
579297
685296
33989
234830
810020
623957
474709
938923
241956
9126
111049
785972
714846
850088
874672
481815
345608
831356
156006
488530
729083
913642
275154
723086
217355
394384
760841
905748
709687
405478
241616
523120
774972
114284
801598
736097
484740
44979
780352
95097
237243
791557
256887
483927
287043
883955
371900
963327
595901
553145
989123
94739
607240
800719
498717
162481
368390
394383
798743
607848
564633
462653
995392
226071
965294
931576
762184
534436
137199
511676
596484
640406
39772
315538
140430
231632
555508
198613
190346
596075
735053
959712
288707
130478
287299
921
457203
78636
709837
266389
527777
65339
311595
707431
342437
944396
777211
28616
451975
46380
426668
919716
520326
958102
181129
552703
998260
524018
898359
45314
808062
873582
151994
125478
16330
409656
44209
710396
597753
555413
919906
615510
874700
585889
357680
312021
596066
998564
206249
734289
412319
852236
701692
47582
417961
370317
314952
602753
972684
515602
458063
127279
540414
342494
70025
97470
507964
234308
14933
898283
174867
109055
818442
786119
62202
756207
516652
494718
405340
912753
824570
568517
414388
901657
160997
695968
56530
342222
317851
756173
616250
876931
252224
627600
620971
956110
976510
878620
917949
867942
109811
961947
436196
251774
456265
50138
390353
785720
924388
443156
865463
798216
671540
632537
361643
13798
303593
421659
279076
549615
737222
985365
58530
319129
845519
623385
613356
599441
926108
885940
146225
788851
887824
847615
221904
920485
644323
480197
773235
193041
66266
11084
797334
746364
666713
861314
193638
446600
246415
451142
365764
846082
517071
475215
224168
168617
520831
726077
157474
76668
949929
658106
121468
72766
333807
188941
104956
676042
442459
347579
910342
577036
880340
381402
199710
784099
705325
879923
147466
15378
782104
123283
486805
387933
972600
934894
582384
446406
527892
42609
464948
15396
821863
586979
410883
169948
83220
525430
363212
865727
473526
74224
827628
83520
37846
600817
903218
224400
243510
238432
406075
895000
337034
413622
694588
11538
591878
530855
594910
997573
569490
395432
148932
684251
800027
931233
473320
778912
32515
179057
205027
392729
164408
742232
857099
472895
299490
597126
396982
677271
49654
865213
136925
553135
636776
700325
105629
186678
53565
633772
564566
707064
143166
863383
868534
145526
987016
755818
271760
565534
527873
537776
179494
612396
524965
320936
84166
112349
81790
519052
758991
521355
994546
316991
950229
752618
788150
382802
687130
353117
588065
23154
731325
249334
604123
581426
595055
837513
854580
186225
143583
560555
808721
382760
291128
802764
10497
673490
782592
307374
1069
107768
308129
872385
491310
665560
649413
652189
36025
389169
37146
865883
554741
134830
834421
440657
371053
377581
19858
40936
99681
203050
350330
304347
996919
557133
462717
114701
700111
928204
702751
557831
692916
292862
458063
143118
974126
246654
564690
558109
518452
20024
481919
127556
878910
151635
791139
27165
16697
570619
322436
807782
115924
555145
499715
768192
987896
841938
88155
841603
976852
211145
961926
414972
158358
434449
129278
34692
477685
176292
982625
323198
663851
615641
36013
525484
155840
38869
423403
140974
17666
219409
661865
127065
763665
860227
98079
990128
338390
944684
417075
972482
491028
129021
238872
34079
771031
757031
977425
668536
869896
49406
289620
814994
972066
592200
646921
490599
647231
102824
817394
773785
807244
82082
577508
200148
271836
856778
589555
938239
408984
440398
643948
64606
690707
547932
472315
295367
392827
880433
147117
567934
538155
405952
727760
449584
51934
850491
982327
295752
493759
363264
214618
271410
3804
797923
531354
953002
954808
130836
878497
637568
248511
178093
214504
79402
988244
802267
576274
300357
85126
607910
842038
394602
859682
542814
250106
958057
140834
971876
887386
590117
754691
547090
954248
427532
40308
491656
425006
494512
544618
673940
338639
40839
537041
123389
385675
407100
722908
617708
495809
887471
59325
294968
904142
920464
609073
929676
53748
734995
135475
852151
253847
574992
114512
379600
110433
82043
805914
51396
709252
458875
305526
915966
952671
64681
852497
248305
970170
789222
596015
366277
279596
359577
59427
860892
725532
819844
437339
552447
277732
157954
751827
606314
820817
497439
547434
849776
500999
318611
721362
763596
17346
326749
378400
7366
807735
82233
544899
340862
916312
560637
353105
748057
107383
459670
598397
93573
169410
729561
196965
827946
280620
783304
745352
845806
223853
170852
550805
903973
5599
715881
55390
203412
325449
950635
776619
641696
786745
254219
738027
829144
39818
305814
167558
92380
752518
427706
561166
466216
823716
547685
978707
995201
82930
414972
645909
324794
459342
460532
401812
760803
255246
550737
864260
351247
734912
255225
644509
578497
550219
127092
683982
8819
910964
638403
75025
700162
933949
789209
177754
247353
812903
516538
576169
496248
938265
435055
585663
409856
760729
214435
401325
811038
82230
251422
303111
193650
683592
527515
199992
706460
295695
971527
663407
866882
220729
591257
592951
289343
299520
806792
912101
606379
778863
60718
792938
898947
585668
654519
641672
984117
661105
158917
239138
334923
374141
155556
109483
837809
262664
365541
488833
356004
225899
708121
624146
759801
106109
613420
103484
448776
618867
630747
655603
594163
583519
991123
563035
776598
565273
909416
369590
978573
631163
174254
280951
451676
106501
583416
876917
692159
158689
831339
692283
635791
376258
384125
463676
106126
405350
530383
676196
809679
640314
596197
869065
86469
213276
816830
979328
162278
247867
79060
172173
83131
903514
215026
427698
43015
459380
699757
598824
644241
955898
197120
311724
502288
118456
492104
566320
613363
970453
274840
268658
512970
739129
219322
29354
20692
208905
488387
488093
476326
993165
947858
22415
503092
225203
963109
92821
137791
465453
174551
355272
853723
645493
830266
939414
304220
441584
970445
467890
872156
909616
998938
399532
74028
164372
372847
475419
275285
944458
281654
220470
381385
309429
489075
407042
215467
960105
125530
522982
754296
709331
730379
851802
960912
625974
704235
389886
190885
556496
464032
258759
517439
435995
989736
617748
994281
44399
62487
657118
97212
398917
80363
810190
823173
919766
345101
657321
565078
603169
112103
302118
170982
689164
259804
199265
975845
197922
695465
901096
380897
695995
848534
598001
305934
933817
417112
542318
253877
121774
62534
234361
884668
776859
315574
413610
384334
698964
925876
114696
262374
481023
96286
329756
654845
713147
607391
382177
99214
713309
342662
598103
811138
689173
949442
498679
695230
310703
401212
600128
583877
83317
537937
964592
452426
687283
238443
732366
758614
967955
154747
971172
975762
60646
266516
851851
69170
294787
758183
968094
576702
637514
359383
288144
227902
346050
8376
175130
437314
632736
977769
817996
37771
234025
427403
702213
70681
975214
431645
172926
701650
658806
218038
75328
201740
862650
199134
965878
37047
795658
723529
218077
230442
298573
288880
772951
43784
583653
442253
308575
993807
333169
350260
959896
956989
249772
525577
924734
633695
274995
170466
106877
520311
484515
543802
962144
533321
949921
552590
243874
918850
985139
284311
209249
794950
549131
748709
41520
669461
747940
767957
145803
194584
318341
941807
136678
653966
143075
195422
468958
471118
281764
924428
686353
973240
881213
849690
717641
624508
86268
915961
731603
410886
716834
45992
907502
28293
50216
883018
627295
742039
807970
368931
663329
5523
679937
348399
662842
5554
85619
296031
408361
321818
548389
741297
309244
808073
340712
321898
616382
814682
405041
331571
712844
794487
267259
801997
383113
176796
82183
920947
616871
115715
778627
812811
113702
703154
304457
640904
282
796701
665854
256991
944292
564856
615067
353379
57795
128094
260744
830527
659203
154711
845860
102736
268051
551561
627682
110813
296628
600510
912077
942707
986638
330766
819371
207201
990109
93033
925504
372173
14472
425411
617834
335474
52818
416732
664361
100791
917801
42731
989313
406828
818396
321895
970488
275619
532714
918001
458234
344937
625781
366689
688157
170016
590934
8363
241406
459322
954890
36909
302218
63764
88713
423385
534169
85293
112695
483898
443508
511617
356724
467620
452151
724166
215822
289469
128594
791746
815510
544233
339079
662672
873207
890844
529613
380035
462094
190881
57450
637297
285234
742412
946800
296097
239825
468464
943267
321688
412357
326624
797141
747814
273918
490639
710048
877660
950349
551701
896384
481563
238223
463826
26570
251975
603508
761773
355597
786011
849771
76982
370692
9623
291436
621034
567988
298708
422689
521876
609320
577655
114546
62416
553031
153156
168940
782827
292687
651018
528141
149862
315696
81020
295214
627033
224071
299424
297037
452789
586869
501920
574646
323234
405148
50814
560462
54023
198838
755493
612156
351847
380369
82586
805876
145448
212075
887313
795234
409520
794982
599068
360623
334632
944487
308159
430322
591522
888145
390494
734838
505879
815962
650903
259620
863689
78406
439405
495437
207751
142728
653593
218966
246735
990514
509509
102209
389261
284628
472595
142740
68866
364921
427223
503208
610176
466234
689446
683407
815186
938365
424646
6051
53048
316622
577540
840039
896911
950424
566629
66013
58191
779775
403060
660260
442735
241501
925050
279818
188451
383320
923980
179382
968709
569757
551358
737579
478098
65467
553078
668026
587339
683102
196251
905927
379835
890086
29099
294901
384857
472739
193324
105649
138499
542255
567610
633112
621162
204905
562303
276166
917197
2761
425665
245692
269342
608357
713430
883949
372032
843519
374642
51429
913074
262792
991073
232983
790533
141046
664720
12993
358601
210429
812549
528702
154566
627820
227951
494632
164390
247271
545559
238695
16752
665277
206454
700571
753071
138277
42913
936738
709745
490138
724384
397574
125291
81424
711196
283078
738938
88657
346934
313791
419908
98745
590580
529271
399677
675978
530198
228806
10374
12525
948999
879842
219375
560006
970287
847429
76893
688306
378213
667389
524039
658464
172354
435088
449882
935369
401041
726281
195389
821709
597602
570595
115054
58028
209853
732561
644683
600605
317812
807336
814893
907214
258194
798314
526639
358713
911151
595120
670220
234784
452133
403443
825638
14117
344221
368119
200483
65032
916290
615252
475570
907069
705368
455714
922732
323177
126757
877056
121621
451129
563085
947905
745089
346783
649212
221044
742419
459562
864892
366543
313825
814337
755558
889208
832308
503997
836853
63087
508139
354784
444854
939930
658430
711477
161051
336942
695968
516932
764079
834744
401086
495154
300389
102918
31653
119155
637833
96948
727552
662318
979991
774742
298430
398508
494122
159167
93458
364603
382669
147500
262292
939365
203438
601168
982213
189192
711857
796093
169072
921362
183712
809324
199531
68123
228159
231209
152317
542047
742589
193118
438105
82198
41607
63033
264521
157618
896055
172861
448294
801013
259307
631843
874115
638444
371696
643242
378666
550283
259868
847874
336830
74918
144954
388817
891008
971466
656032
545503
257645
574070
805341
510117
874627
397049
412687
796269
170852
601001
390993
429797
879444
405373
562513
378118
931037
536008
300095
741788
952658
747603
313953
600945
644016
18645
126723
998170
654495
506961
310028
879325
809880
915788
358380
667005
945826
202346
915762
316132
846069
106469
558202
182317
651071
278760
691652
189579
91844
100494
53471
950617
116320
975218
802307
782846
301864
318898
768063
500604
38255
863365
31943
546006
915044
999158
779887
187228
406745
830333
44405
349460
316190
195320
364024
857415
375180
827147
600327
67237
389342
867985
966677
932885
152249
952829
987464
223453
480268
386386
788912
198955
28946
531707
500309
882558
286324
836104
816041
721524
417036
309701
984540
642224
617093
425529
234126
396647
395102
326136
390432
185672
322637
84389
764835
124102
398528
672584
709234
555139
692350
408200
747420
691418
537772
229445
198393
220233
64236
918996
571358
73594
886304
658584
30827
968556
350156
768825
964033
452162
515418
94404
638609
101032
258871
139615
113936
92062
993626
546343
730118
518627
538404
641576
342918
970686
554914
533176
436472
572651
169968
463920
218514
809953
890489
416200
812901
263548
788313
802190
882708
853644
179875
566723
66143
96569
206334
150034
670621
828625
530538
466286
925000
420144
93153
418759
71794
664907
459352
954792
104790
783321
482788
124080
241801
639838
260858
991466
851280
229205
757967
834188
370763
996793
348574
812169
843150
244016
347976
143635
758544
558549
983381
586096
24252
645216
619672
317368
945381
587444
742257
242537
578903
259909
66988
78694
916424
281189
440263
184851
504878
417001
973201
263941
664426
600828
404910
17322
334305
667904
978999
164533
798636
225436
477822
342531
782885
421862
90159
689039
913570
461166
238610
641870
708542
815077
386412
657449
256018
678441
897542
658005
150083
816302
694917
489424
497781
740362
761784
480057
544286
976669
721201
45580
464053
814874
137738
968634
605000
607735
837129
288161
448557
853421
837790
799469
24272
545004
855945
693258
810476
739103
260120
929477
882261
533847
391310
950270
30769
278998
497568
953868
873927
896699
43288
714797
752559
452805
135452
280040
208745
693957
142282
840642
481482
965412
636986
823257
642130
781774
380581
57759
768472
324026
651939
416311
867046
364632
76112
818021
550049
610006
625928
117237
59745
171278
672402
6380
521951
759311
556569
51042
648460
832902
472149
98308
270270
403336
155337
756645
640773
665215
427685
441468
590172
305520
135115
485374
181371
421157
360751
755481
102794
315067
977175
779082
104048
949898
311618
38235
524680
526700
533797
500221
377333
664428
455184
866045
620364
902029
958192
241510
332848
657780
923309
604084
297468
493619
775155
517872
369688
817586
53454
290797
805230
613756
229807
758301
675831
187748
117836
192208
552687
202066
195363
529355
765351
551597
218206
612673
265593
161190
276690
340657
41557
744287
230753
65691
843450
335863
136960
16288
489921
699700
857811
358773
51411
149323
390069
597507
633083
404750
100115
111775
401558
530610
882424
6497
108711
163900
980643
956451
922055
470600
684628
738328
26169
156470
436838
268102
172124
263218
560981
659105
358266
9629
396257
424198
945789
245085
166988
303696
564928
873022
278397
204315
526659
748739
697415
769619
996409
502670
746499
668919
502140
964263
607129
747376
592608
716972
753118
562632
906405
776789
968279
77833
218310
596387
169500
190643
701422
817253
82840
923097
709898
909159
729965
808024
2234
708983
354100
158069
299105
274005
548450
749586
34267
663542
501062
727181
967438
93685
675758
733429
530137
533527
60202
803818
739818
315897
775464
956688
163884
274712
93566
273775
672029
333309
814535
797995
656125
169155
293156
911771
515170
605766
142500
888135
291817
763690
834558
177411
95303
837061
809403
830882
329213
721770
399793
682649
311018
771155
678633
623026
235386
820522
879202
447017
865916
196596
32367
824231
23826
496987
34043
951064
608193
210198
222061
997483
578728
127607
705574
922406
814222
876817
933351
122339
957524
599299
18640
876586
275017
427429
787971
248876
137180
831567
258727
917402
825004
158977
766665
54240
543548
506290
504988
491586
365186
923320
762465
618001
707934
441232
808610
807881
503400
507275
731736
673034
467682
575958
774636
203761
394317
334884
389018
226579
474071
999674
627762
487062
140721
520982
338873
514859
923455
323069
445740
236011
599081
526432
106916
523405
652815
706986
975061
70018
559833
93737
733296
691502
744556
622294
816937
327042
710392
258946
531730
652666
490030
387359
586086
256880
330255
36713
431907
905948
364384
186927
272078
253673
486394
107906
444506
34292
391485
333433
159843
667811
380133
332893
464213
570592
174644
706424
285482
534385
794895
385397
805200
702646
322149
212340
137064
562686
949642
864365
728171
78725
954722
413246
143911
387982
683768
125330
931559
115097
5870
628400
452593
385922
105743
874525
294185
431350
365440
458799
150419
565074
683350
531312
437302
751322
929345
161131
462427
356626
890213
199894
79029
469629
339017
839707
364314
31599
612392
589701
106927
244113
810085
273860
953379
286321
389724
824285
979218
75075
133332
479664
187977
347577
880336
799911
846633
398714
888580
849657
432484
4481
600229
629976
692837
166101
624153
302781
80268
265889
4942
270093
630487
321647
831719
236968
803804
995845
25040
542351
930354
405532
345266
325359
194352
848697
498114
839374
519373
405035
480308
845649
11815
658976
940814
717159
50655
895203
75607
180310
765281
400822
71342
249312
184769
194631
355126
310033
566273
309843
979951
225064
630063
742996
774240
137312
336043
997864
401328
996506
403846
465856
576021
321704
498503
401857
934372
657144
676999
807674
985862
931355
454652
493635
606923
852849
732498
957742
719512
923123
144181
697133
843964
331485
323628
575744
95969
917174
607391
912024
485150
558013
982841
281869
396777
753778
175208
60089
761770
266366
252737
472239
849258
153087
377089
137115
974122
412468
969967
518136
760785
552898
599325
506600
131837
825633
825484
752435
481146
542758
137135
457311
57616
501101
478088
116007
8438
315746
244719
339868
488485
74412
517617
796181
807112
863863
273557
775700
157391
82973
103610
773175
24547
116657
190108
140503
63540
296359
633269
46529
459694
815651
405952
529551
871753
651805
216152
645154
138816
286701
210048
438525
621273
164984
514940
639809
686691
976311
112476
258497
724350
231969
338776
215297
524756
217333
528983
27536
267686
696678
91402
710655
635329
347746
862069
89789
65679
967105
577422
168400
862345
56199
989950
654130
975562
638037
691268
808134
88447
160115
975801
985525
311099
595378
142638
149866
789863
20865
542449
817318
215638
222351
993199
984768
835639
381335
644083
49469
916004
773837
655564
658952
24919
338467
28045
956622
177148
853176
240174
834552
838177
25630
374160
225478
464713
424198
801054
692997
585440
533578
262863
152620
775306
679127
36295
881689
79765
513525
342109
779811
982860
484213
16440
336091
52589
788342
202770
942180
154482
326931
464543
43628
552843
402861
765574
575750
108013
880656
233230
29542
277124
799364
612116
466808
77380
891123
912824
639005
981597
870577
644120
601667
68237
882605
553012
851871
951375
989683
502001
363594
748913
764124
121273
889525
153091
170195
888767
110347
328811
941956
2208
771170
419094
693091
147941
908060
723273
826773
671141
833888
970582
153855
504264
866864
16873
823530
603238
612328
305410
231056
727437
11154
119293
390278
13473
671656
391309
662149
914526
539239
726023
69782
713978
385292
531930
52058
481957
870574
501725
602419
581490
131575
882625
70291
451087
889216
814117
82655
65840
713416
335369
686591
447307
620497
42522
418117
532348
525976
359083
979703
411656
186415
178373
903738
547006
397048
40597
952733
784249
489024
479811
719808
567555
376629
466724
314336
810196
630534
140805
37248
230008
946070
53352
933172
298958
680028
844939
717005
283052
662681
493859
945052
967456
12087
71848
171493
137682
825659
369098
743778
254021
452583
439105
246640
396668
605295
778050
738202
190713
203605
643341
983297
733792
481379
994403
258341
219643
814341
196949
165522
889175
977664
630392
638825
851723
322771
80565
590154
694296
910184
809725
322459
676780
618679
333401
165624
984961
982392
323231
138999
598755
515714
111744
412886
203726
141253
848255
918979
478133
452769
218364
657928
234015
943073
936942
320082
204460
525527
242864
598812
885174
455188
32626
36541
685971
913604
444432
666570
42934
757412
771967
881321
814709
892642
20068
281075
408677
832848
929343
674373
52769
622979
734404
989988
913194
322574
59786
510538
718056
733590
721628
49617
955343
80274
206446
476731
889117
229090
271722
672412
770559
465288
839079
875108
266707
745095
360315
331149
676680
921303
932583
237341
424802
95105
456881
620696
124058
67613
439887
76038
39394
801702
859839
148252
199110
56823
955508
861898
116654
474917
473258
824608
376448
277176
183834
552478
782370
699270
289673
860310
924125
544238
462012
934336
718173
520110
316038
444186
733717
267298
550465
341434
470207
696474
789531
902002
46721
532246
862664
634974
437163
78432
409493
989900
195613
595910
675933
232521
287686
835251
234772
511044
235335
635625
910592
414434
607414
49502
750280
568349
398334
83056
175909
235417
903715
812805
401397
817221
88675
308739
259630
462314
942456
287273
97903
4435
114938
187016
868082
837913
965922
389538
743838
150090
734378
440477
178298
50934
219152
367524
15739
842005
279288
802331
578878
468760
223025
108988
514961
169803
714128
591315
595691
214819
168248
755474
992892
808426
629948
652498
96863
646660
200155
500007
665069
93212
458218
386078
126891
293745
801743
237397
2787
35959
745193
909752
421328
840619
772301
318676
180466
943286
621548
741273
642946
868861
350096
514545
176256
269123
78469
472887
241128
330236
139348
931349
269122
999343
940330
731455
389337
714374
774040
460038
752259
805301
252532
211930
763039
865669
355100
818015
312158
307260
8858
966250
730871
487083
380323
875096
20158
492436
669114
228555
526927
961461
917234
908354
148772
110517
410128
638804
497671
648874
574991
281417
733345
240197
761213
45141
108400
725531
305474
602354
420567
861520
570432
113817
235663
569954
953046
386396
195259
273807
621247
585507
473626
988644
109208
864257
350102
193892
637439
186674
300089
984337
55895
343219
853887
230618
263335
471230
367174
508320
504482
983521
159842
355110
271681
787194
778765
3542
508301
471761
602299
586794
518009
427730
17356
434173
842027
296933
124251
313199
392795
576172
212851
830766
993620
984024
461282
354152
232408
621800
798117
641674
149345
363968
555842
236531
865089
662626
131125
279930
331562
572811
197890
596440
483402
8748
710249
288308
461647
605571
747192
171466
618184
344342
212346
663543
630123
83788
781453
159523
447411
481576
644562
261067
820834
731491
885757
613417
667492
579812
146763
961027
1428
453214
743764
324813
827159
576774
64310
545660
50086
969776
312881
446697
115498
385029
760081
122333
914688
324259
995590
973183
573788
852753
425807
706199
303305
165405
951061
10686
595150
252244
81940
382308
410925
978590
966580
292286
160837
888243
971062
855114
951383
209150
823369
764224
527205
846092
951485
862359
837878
410929
304015
970800
21175
725816
116706
952675
284732
677764
354831
636261
492771
12231
976339
920083
169689
604958
543079
360029
916278
129544
331245
394194
113860
750722
735942
851331
285661
932224
950464
94807
886450
743625
13357
484395
786984
896752
983055
237155
743964
33322
106991
445266
203975
848785
772684
825730
161533
376052
626609
417440
917072
308888
727584
356871
925137
446032
578282
590183
370998
420596
327648
48786
975511
146753
159908
927203
478611
859917
658008
3339
250704
839141
462840
130041
903007
192773
80132
361829
384765
465651
133589
434298
803317
56376
725841
182174
961571
659580
315002
834783
37653
794685
651680
802299
697866
335595
607223
437836
739740
561764
70531
590478
952697
678343
475056
359566
684237
929527
192446
21617
882492
941358
571353
808799
894923
345147
898822
363530
99614
141529
585978
217438
833116
476462
337029
354887
501550
122141
843435
207578
469735
462920
484051
275425
926590
964453
648153
657286
961974
642364
651838
697498
668254
458938
658623
498563
169844
104373
831491
900800
90661
590013
728749
144411
683440
160411
490130
265514
119144
356969
89284
43329
381720
846669
387149
606263
314113
905299
986296
913875
579006
665319
231112
834772
578121
661740
872908
996570
419222
400507
849034
529268
112285
612155
803545
133895
74741
278617
299467
368599
408924
930788
556806
130037
837395
952136
527156
409605
723814
154790
78160
374891
660041
268684
814305
50770
634462
576086
503108
90072
164628
346848
791457
42266
586729
825638
173440
663319
464975
84027
973044
538947
578605
740962
247669
348907
151356
419277
893900
736639
418130
25199
640551
524993
853756
170112
761036
222857
401603
613645
432810
111602
268561
614073
543819
710885
106606
842644
799718
686016
791715
381141
866962
214690
206463
521463
254996
991317
41335
591278
166489
482841
929512
936389
419199
897993
188921
694870
169357
74540
820444
733285
977860
645915
659891
734489
482189
509898
595151
910679
994257
428276
563027
227708
899752
871015
677751
317687
539433
995817
547945
448898
659296
331974
200269
974587
195485
554551
253733
843427
40553
648689
969548
79090
552724
23367
367005
458196
773354
859004
540977
984836
854404
404841
724228
996420
386746
637447
967545
693878
339510
548122
133044
114778
829091
53627
864037
622693
248453
263680
185445
393722
538659
926025
886968
228807
809375
687466
214962
902975
590246
653936
81847
875183
220290
714770
525979
793152
611148
29430
191720
69064
507199
622428
796669
826188
732329
896107
985555
51094
628411
802838
852379
878063
472063
748971
383939
598330
23208
185336
215896
305133
115717
361946
966726
374636
314640
621155
586490
202500
684323
274407
700584
949120
477770
532900
856232
59500
494515
561803
843964
194468
631106
216559
813549
307287
837121
825353
723090
842142
598645
326693
623410
465971
560140
858093
563073
945615
905010
313104
602247
4324
306306
235855
293470
607476
164825
877412
613466
672140
729735
663439
370627
323681
985375
37054
117821
991557
780078
619224
386633
377094
789064
285862
294692
380964
352893
293214
644301
870828
534059
16974
703780
54069
684717
448162
41390
792758
973297
942418
330805
549123
554024
664682
950604
887330
274070
267127
233521
271950
6537
837899
323531
483912
20070
290542
651218
48212
962143
866209
673421
995543
952128
289871
394551
813963
1065
200403
230651
205212
770326
565472
128223
397858
516186
79633
9469
946492
584811
776014
850283
446789
60182
740695
639484
15670
328979
966192
881760
492312
274035
431785
546726
450340
487030
47945
200290
498936
388281
312727
398186
778040
941388
328068
993274
465791
57058
378680
349303
748289
779553
202807
909457
314431
598106
592944
216833
651301
54802
620002
325746
869379
181951
77932
88380
932646
681550
38575
901451
677203
521057
896225
938782
14943
437014
918705
391467
955374
951618
251346
819104
474438
157502
978471
375941
688783
633495
941705
522558
239721
128105
245880
98924
820202
251526
186011
233970
903347
351823
720309
959764
296237
266469
805415
902140
99877
355706
728156
957143
878210
795905
124564
799772
95903
122372
18960
336685
884105
95059
454999
600918
754390
964186
919972
383026
2656
497612
715309
317804
472989
880700
815631
11555
967196
816586
688667
361831
259230
99194
503
653856
57487
895008
521586
925391
918880
824759
602344
258859
172546
419218
680846
319597
338496
185066
917211
441384
806841
818773
551956
598223
686713
513752
238770
38811
191092
528531
51377
810564
314462
998491
830839
727852
53225
810341
643615
684507
753244
161693
171746
640101
825421
73494
369826
414952
346107
715868
865554
814898
184074
27366
245828
403007
818907
726760
565520
221471
425160
632068
982494
839926
356345
446880
235089
483870
784870
693523
726672
159591
706921
947512
583922
785726
61822
498213
652038
143595
121115
840822
810556
727604
724006
537154
648307
996447
295511
824752
557983
336661
25580
710050
573654
199266
740483
216270
99192
854041
625751
279534
301049
293653
217177
827470
636493
494362
450154
430339
293934
831193
190387
215418
128333
156242
394658
581102
388947
517460
44289
449011
616850
871840
997684
79088
641933
720812
269839
84266
520544
338179
31378
862714
62477
745993
93378
846305
589861
386908
413221
743730
358608
445847
162009
543853
799801
240240
916113
250220
416536
737473
440045
348343
804957
266660
204277
263218
955894
591223
985971
677302
643261
286207
286762
703100
260353
627944
280310
341301
484144
45802
702593
704248
880542
101384
201247
539667
271668
675826
862536
866370
280951
856651
645103
58302
831092
705221
897795
80364
732550
456679
343489
722614
532867
453872
787572
415607
50505
23958
312843
908560
319968
412071
714901
643160
976524
650641
982683
871792
940338
483261
430553
274228
512100
989077
126491
393741
56011
716902
547057
305443
859632
423457
444174
901808
217767
384252
309507
534832
12184
876342
327635
759156
230507
992695
6322
45398
36432
659605
350879
393799
255272
921715
386907
532612
674259
947908
117445
300263
524119
229485
700435
717338
781225
441097
39855
145958
64476
676998
909611
801065
629603
975468
766179
599462
935620
227646
132654
121527
703004
889785
38976
489373
732681
581049
133407
877816
615607
974203
92096
2642
984650
430845
496446
984149
330725
933890
209398
146781
705173
17970
881217
720040
806878
509853
216655
901354
605471
765344
171228
827262
996900
808608
834194
537462
170440
719347
598332
668051
876805
863839
766241
577552
873114
115642
243461
350553
292568
913072
869880
596761
684552
580259
177305
876593
412924
107245
914411
245636
104369
832385
404881
235887
812510
993583
128297
591766
387803
744646
114307
665305
196657
619859
660349
757862
413050
775176
712252
65320
558453
370041
281993
808862
920616
218303
952901
489350
441522
500991
897610
88055
676780
995333
949408
390926
9979
113545
653337
81792
35510
942420
122634
651151
274926
306684
606886
193944
579934
303051
399544
741769
718000
52158
455037
999791
172202
33385
706715
686637
586867
203768
723394
369609
817350
663952
379550
642528
779890
352723
700470
957178
963403
445379
962212
929016
50481
593278
368945
462890
218106
313191
53452
909309
538239
617701
676967
501905
385856
666821
829231
605161
950645
159419
970022
360124
844722
790278
298462
849640
218613
248369
589460
108294
658447
252789
935846
291224
916461
465468
752242
985695
19843
590016
718989
497930
746708
75282
264157
89608
16736
95351
880852
144510
262698
82029
783177
698964
495844
923595
36532
33194
627257
200134
457734
713769
305655
139280
944803
676276
738200
110874
