7995
41060
610579
252990
222332
330725
744635
374624
643118
717997
805810
457079
33347
718076
88277
363342
75934
297459
627328
190975
808748
499835
195148
513418
58288
869221
895208
315617
218508
610476
85619
354784
83720
831639
592532
484122
118691
126298
647638
605102
705107
324572
619267
298777
351226
587028
790747
429861
813447
352972
305073
783742
196102
352584
621410
177637
668838
231040
709171
181694
60068
251464
581383
57476
251129
111984
1722
38045
80669
433864
388156
126760
196694
735804
97773
707602
611713
795453
591825
348455
880219
513343
373553
633798
363245
32575
725390
892014
695890
59165
627426
526356
841543
365511
129077
335255
240430
639926
356825
503818
724286
182481
722722
399216
69770
566351
212837
511751
893260
763547
64780
885210
794798
1424
475412
445498
688405
551875
15491
379464
866283
372672
54793
12489
148359
387629
98162
521819
749019
240939
794724
808007
383994
822170
618236
321804
296580
161596
149535
599099
350031
719410
596352
550402
731028
547298
155085
709408
30003
547674
337878
625975
386979
24751
464187
19839
571834
844990
265457
622710
533014
768499
751729
688822
547942
182312
168348
574271
184023
96197
64815
591700
520927
471942
715039
840290
898400
217722
805810
563993
463033
551335
2810
508767
679343
113547
642062
257498
898835
267326
545798
27692
399664
287123
135411
433660
785332
354109
607032
696782
154233
585518
546409
182644
877166
261499
781279
100829
694886
806459
492630
528108
141981
801486
799203
661701
732355
509499
136180
178848
292678
527761
400774
281375
518016
103567
357821
270908
558650
838943
119652
65500
198651
576892
343105
215488
632018
360949
363092
311738
565276
425450
7692
356764
488690
846739
393958
649323
483890
698816
231203
191731
772488
39547
109508
461461
196536
755306
159333
859740
678923
718896
20403
376653
761908
517267
862923
326043
450718
368952
142801
190586
162804
807818
419785
496620
726892
772314
466678
843576
802705
776161
610253
320152
36619
532288
155893
131569
293453
812584
226557
399582
113147
262358
574425
807941
717430
822710
26299
575787
877254
371880
360170
882659
347107
711712
490754
735841
170623
616295
710919
41837
216723
808192
95239
544851
397125
51365
386668
50744
495955
586799
717242
435687
32862
668147
488171
423017
723798
718634
568932
818706
892158
165258
752020
858264
625724
435984
718857
653663
395775
529919
407310
340464
674733
473345
440453
479048
543816
353196
675261
744972
613853
321632
881136
539099
849481
377421
109852
620603
470951
818354
268828
188693
638106
9248
377314
424733
475316
703997
279827
278794
681889
7364
95903
278596
405331
859913
768443
388475
803018
105466
121885
29715
676704
737697
818643
846237
358062
156807
30849
239266
741727
23315
872053
620376
592879
741775
173321
615063
857375
290091
447700
831173
767896
726875
669453
824877
623737
156699
61053
248463
456734
285075
439263
114577
859855
445462
604631
254642
649603
332964
633677
396127
346895
557872
73509
526975
326480
631355
897243
158537
884720
634303
264288
607157
498231
612328
347692
367152
654098
92
778271
543433
476633
299292
380280
158984
150431
777090
148144
133054
350011
267562
704436
893816
889998
145870
416542
26061
507504
65545
115279
391511
795068
848797
301003
848062
231956
589775
876304
808592
850610
648304
544820
454381
600205
633559
296539
691774
158596
537514
833618
800229
525706
512604
508171
61360
607566
87184
180277
655047
622597
530043
860791
3013
326327
592424
573096
201188
173059
513493
388654
552337
548591
762970
117394
7006
587152
491690
208028
283670
114034
707121
634481
252683
834148
842654
767077
583435
873732
392411
683902
203761
634466
727191
272615
420504
531668
159012
728013
796907
149302
336060
306682
245399
548955
816031
152331
320418
819828
330007
469104
714484
313372
612732
804480
312115
257342
883764
494071
325198
127395
268466
580557
434863
781916
779455
618835
277619
598216
313654
351565
720118
279554
200777
557383
121767
716299
220322
586645
552955
532975
200227
529227
562397
18231
303023
159637
370819
680266
701057
418516
132892
463776
544090
582646
754053
85733
243385
886224
458555
721862
410018
751995
546826
38716
608929
728457
392196
792146
72871
519490
566830
787508
768051
791903
386068
184086
839405
205218
356765
484990
884907
265424
879097
601359
248150
764172
853654
698483
190311
185970
757138
216516
106603
625388
607787
576535
693030
486708
600498
423685
816243
790631
584222
8183
558730
831906
598013
827182
325946
218748
213030
157005
293877
141280
698217
445923
193259
90725
587751
474617
562927
792364
394302
381364
829430
64373
219165
619559
666813
472093
771798
440376
300010
528536
867857
63437
127403
61640
110685
187667
120155
896280
98785
607243
265443
711703
554033
842545
795837
142836
720700
70026
467795
183314
384834
320810
368262
602888
387427
43328
812011
319928
332947
227806
574735
206153
340201
492744
91004
490372
859351
63480
502932
236456
684499
739020
414297
580074
642772
230349
685135
370764
592729
460028
609145
526392
595235
369595
133728
167770
234082
858518
643762
340504
39373
785900
120679
4686
543499
10750
601279
316266
748623
256818
858312
771489
672481
581604
898427
661772
481078
781450
97765
138883
887841
586787
140355
803187
785443
437883
84455
99103
160062
420157
661880
346993
753960
431542
292662
101403
374907
642562
59258
642095
388361
425941
781563
286871
460685
885064
876557
108433
147740
160893
79428
170667
806234
327057
260503
811895
423432
896126
580512
211979
279003
218090
31679
571576
521673
120143
130462
96260
56797
215688
627440
741990
742538
698612
297074
753406
60795
830794
378643
44174
271944
54426
486608
465049
820774
471132
575768
408215
118262
828951
237678
777970
441117
235791
597837
629856
343379
344332
172806
864445
338772
354212
112356
319171
461813
125476
670001
433513
583473
554272
585969
484534
830017
548084
115596
480673
737993
5750
887658
389895
591407
628827
895446
229767
360551
412450
631589
740797
543530
786177
414864
545849
847429
360426
126620
696475
181902
509529
162299
496078
523153
234429
826187
1982
70440
495744
844061
124215
810441
224565
768112
670524
817497
326045
633020
601888
98750
504214
310954
345892
206227
295585
758656
96942
616884
382350
76059
816098
456601
561062
31573
142047
277312
626069
508774
441433
745475
252946
818182
808495
184360
9868
690352
682505
3319
291187
449987
112783
233062
748704
744994
365608
872432
104001
735899
761326
570821
285061
373509
21194
420123
577760
408898
22226
732578
660796
77316
129500
458485
16925
421516
429117
637099
809167
130253
314562
285293
373902
62287
599370
266883
28690
538640
322366
120040
435349
258341
533518
567068
209794
477694
146698
736919
715675
433927
362041
185306
7335
16682
568346
14082
596438
869298
278196
660534
397491
425355
398556
267104
514181
728261
774723
492345
322689
365079
817145
121436
248496
875137
812482
508156
102265
109705
75635
813521
805482
638151
533226
879950
416712
446204
743399
467630
791569
535421
727562
672589
520074
20750
863530
390259
689930
57289
5487
692651
156610
76829
872621
787698
842375
188531
495550
283594
175934
359980
321019
695982
772194
250855
763287
361760
577781
233151
626360
281342
301441
188496
330802
605588
118890
270714
888129
463050
222578
148510
532578
162366
203944
160837
148175
502861
681934
129408
262102
345418
50149
291114
156886
598513
736631
353226
373653
818357
704769
857621
495840
625013
141915
78832
563967
20814
325093
445459
5780
420554
647920
428488
538640
322070
41735
546739
19539
595761
764728
689260
283166
111680
686754
463879
442198
283134
234812
155157
226680
682801
655296
734211
536947
568888
658483
681664
297702
372864
17073
593629
455415
463158
514169
469900
329869
363542
504147
577387
530315
887490
559290
312026
167946
141583
83338
891783
208370
570521
237350
669259
697556
876471
580422
732270
738374
755753
481852
774949
679100
759950
444418
642620
835903
889650
296193
758222
348237
323908
457216
665233
875438
190885
402375
893295
205454
67484
785071
351534
425179
620103
603113
460401
506013
513452
150439
487512
523148
628686
446027
93539
59443
260475
668426
572884
256960
241538
786012
839441
494308
873954
154850
360041
507437
485629
517045
539374
741181
884075
500359
125824
881255
753931
81944
174219
491174
777429
834712
595878
540410
223562
747187
114141
64384
557453
750302
409929
93772
613003
632189
899418
467878
384469
899662
404342
656414
12686
356917
582780
65229
461728
353317
647297
204586
588169
102600
355612
293381
311027
855371
329565
590851
749922
385193
667607
244599
478118
108723
326783
770809
451952
855481
807916
833670
824993
652343
698334
256468
362589
536670
524892
355600
31487
174653
544022
235958
239174
142445
866344
815628
410381
144118
606367
780476
254841
144001
165654
185228
406923
737659
480506
314747
408469
747971
626988
437562
455049
827633
703460
720420
746573
672354
600435
245532
712459
191012
118849
858786
18949
733306
290740
722801
99429
107468
577426
209912
738675
152815
5854
263090
182912
297356
791870
54821
712734
413872
467677
867988
600626
540720
422733
35457
296162
393494
472900
280579
43561
425676
113927
878079
776266
498148
540484
687814
591201
460513
786521
755563
55700
838982
640114
360799
299400
530969
291791
894187
696560
344756
11076
780457
604897
72936
52443
541664
480193
577581
613428
168922
492253
826667
576396
259587
572441
7550
249403
210144
298019
287370
31415
704554
101217
94331
419543
430534
606280
719767
827282
890338
560750
185506
894053
552782
878647
851405
692371
149716
166636
743773
730758
550357
282091
508083
640052
67138
734301
714526
130323
359503
502841
11218
597864
496124
49601
41168
563770
283812
498584
370633
777597
157149
352943
10275
152469
445083
204596
712921
821329
849033
583447
717343
178632
382806
502490
311972
307311
53287
509557
145360
82228
237739
306180
95916
643610
163628
895021
165377
127025
531616
226193
651641
564081
310847
292335
474018
385779
135279
109807
798993
341708
121500
99026
593699
720583
433667
373715
371326
577982
243341
444410
543094
594165
313881
854301
280043
291347
332338
708979
71696
505437
449280
166871
709414
136145
758970
339413
752103
142588
655993
732916
194175
287448
467399
467072
58229
270502
614902
495411
275047
69475
530638
838559
753427
358570
831806
561690
223922
470855
215156
102023
619870
277779
362983
408637
287349
439185
649745
220278
873078
770083
111899
298422
112872
384554
876464
371286
678681
279416
217811
702604
810276
285939
467501
601561
851212
117801
599806
865038
680933
413963
183733
165180
527282
530119
227387
409047
827560
796742
138025
153030
137234
496990
318425
180681
614382
898389
864890
196263
843796
299603
362942
443604
568119
274050
728942
144827
213188
587717
182717
285646
196007
155314
884121
419143
424622
255629
826366
114137
192133
593379
522852
658360
873055
780960
430649
41794
563158
811853
552810
372904
54698
429545
67898
139485
764197
851811
164373
20794
57120
175345
121278
589260
720958
714289
764357
135067
375062
407513
279828
852087
220302
508444
268904
388225
659906
612156
533853
94451
218308
100903
461091
70125
309182
637648
544972
109341
698739
842794
673287
165546
569027
589059
794759
574493
504813
661531
741340
137997
86159
236191
131139
349094
59625
599142
119033
408757
246207
19880
231915
758610
840093
602070
336585
336329
143989
690170
399352
368519
412515
781548
106471
288607
696818
459181
137850
178806
213560
142724
350722
781905
223612
667027
460749
56440
114840
299893
470553
806919
435737
284438
813700
443121
247683
240847
125632
868946
651730
454140
124450
712751
365979
89852
422009
133484
548369
263685
890139
376586
761379
176289
450555
741946
495746
758537
813143
865187
225441
838300
97358
382220
751189
123131
700943
872134
402716
252069
143308
604793
324986
155434
30510
106090
297886
154958
621538
299845
72355
202685
714320
480333
369394
304549
422412
560093
10917
635732
280805
248410
591750
85647
50235
111223
816790
826763
857775
636452
100714
46700
543762
352981
54928
131960
835743
687434
821583
564215
170212
89280
510828
776138
596027
882995
686857
37061
879096
560814
36456
454890
387035
772817
111469
771170
217477
549950
483585
190395
530791
622368
253715
152377
49813
395800
326297
103642
892634
133701
537268
341675
215173
329039
418193
57504
779713
419760
690796
865652
53475
716352
197839
443453
825788
90748
750264
581802
434767
205298
475673
209085
501724
281804
560633
733055
869178
570518
132312
573988
660419
405102
130959
441084
489609
415591
417334
241683
586150
405593
527967
833254
508370
700296
763039
236770
365774
568848
239181
543931
137117
631786
711811
302469
605234
65470
856258
667955
668067
699045
204178
713866
527197
367193
420262
838976
462482
858171
73086
737975
500558
257632
355398
347408
862151
759930
732508
671725
846163
775103
622447
272392
7251
777176
613378
453385
804588
244488
546096
791368
798710
233079
342282
260511
561870
840314
541564
620619
108454
272960
153805
684479
607773
776987
772293
276485
451753
705801
883529
82866
785615
824575
464802
534181
386165
522609
687707
758972
654480
829632
668905
73522
286135
130784
78341
116985
668536
180517
529301
13232
339816
75370
590153
42113
230742
899037
134176
741530
795033
472906
151019
717061
433864
48899
627465
381287
529192
2441
550610
346769
19840
662681
297903
678
816040
663414
241126
730378
452480
69646
854900
430307
609565
43084
576691
146544
383358
303130
889211
876354
274205
515441
729989
650650
769312
6239
485386
614593
673295
855059
506026
385054
547201
221735
467784
641560
349231
657227
234898
405064
368490
267722
77919
812249
341896
175323
483281
286911
728505
723494
300539
895825
416728
5873
632700
596197
271901
233255
680424
415015
51759
784228
528391
743701
459350
165951
389463
413018
206319
96179
156013
896581
486425
894604
634841
412709
401133
706507
194823
356931
146666
854134
405250
819836
833742
183935
849235
106074
209280
886575
732167
807598
399978
851407
456846
896460
169829
392339
708864
235810
842508
225315
653050
5974
769939
539368
558310
497596
288080
399791
160793
703857
662583
336700
224789
103575
503139
528175
528175
836717
100144
9932
2923
309193
363366
531433
690275
41045
571664
566585
37094
736772
627243
651407
528893
852879
270554
98962
386858
287889
607510
760412
338537
515227
666114
209646
366712
788884
477468
559188
564467
591473
38032
474448
51160
674509
776231
811750
577833
413477
760412
516867
241007
324755
581231
809707
333500
634596
555027
477278
3177
417016
781314
114438
464606
834294
721968
258591
239504
531113
105660
32707
838212
389531
224995
828241
41010
262221
842767
307833
324772
402000
215085
134407
735966
880259
649148
877002
98616
647561
262529
864448
93703
715686
547256
305440
334298
817014
75525
175139
793343
763402
624872
180719
126053
282624
353166
884578
405629
828381
709156
405816
530234
651466
664327
518776
742775
567881
484439
18081
216023
43858
362410
441965
107816
760334
805276
723871
362081
481231
263876
484206
626762
467274
569922
244334
316315
328626
843349
219351
717565
641778
715753
52116
656684
656615
877773
380875
112222
646104
415075
545796
770301
531891
458128
186263
85520
149029
65747
454358
831992
632021
155666
183573
48182
98909
520144
183602
613098
714822
164219
208996
663926
230368
195106
804868
511200
560283
708068
576210
328247
801796
223300
330886
267949
232223
642712
814484
52035
557342
543392
355707
194306
697467
230739
746282
574405
707256
292757
833807
607636
487120
643142
610430
608428
709401
631828
150586
29466
620377
590768
275715
498854
696514
73630
690812
837388
592044
198502
577751
15461
656269
622343
9760
737732
836823
737643
388099
831165
420398
742838
736826
642400
179876
624888
728599
694723
611699
415458
880747
586077
271095
80437
136048
307407
502918
887542
497529
141661
571148
717597
247572
462170
742823
399565
484729
707874
179228
7294
599699
239680
460244
646294
800711
724208
749782
103734
629829
352959
850562
211792
633610
23918
65479
342743
121903
149782
640418
482766
595090
311077
788437
248355
331520
440806
798079
381173
83739
582975
800221
311791
872845
192692
90877
534713
421770
246441
444954
154404
391835
429380
546457
703299
195948
93489
763167
282745
496979
884735
815405
608333
819835
155847
654393
444346
751213
309421
10730
259011
9722
379584
545167
463044
311432
396379
760637
545923
745558
843918
263620
452741
781293
737398
775660
335421
822853
13192
66769
898368
565073
770126
542456
764340
799592
233256
231373
594087
264049
605812
675259
489179
231882
399144
841415
289247
601909
801755
97993
683033
246976
156867
358695
578879
419023
148058
62544
648324
79080
619450
485202
549936
747131
594119
288377
448297
869932
843884
165413
698509
481822
579101
306566
434466
350270
706395
155479
600228
735881
522071
731956
532573
694555
427566
488569
226484
840021
600082
326520
312636
118602
874249
214838
673132
775718
341294
15459
451599
302140
847766
276661
114738
716746
546413
80160
208731
80171
261279
491796
650777
690201
101330
448050
9366
201148
889712
477292
494504
506516
2147
574521
538055
503935
860633
45713
858970
639911
222919
462027
568106
733771
376906
470385
663960
355176
310792
421500
717898
883652
370069
500018
721760
312056
56242
139896
313317
195287
657775
451797
401345
817759
503793
482726
129355
74362
735631
569207
526236
284081
442134
22212
769215
109038
787853
326733
805604
95213
484083
69967
621140
104575
4484
493061
84766
359674
467386
276218
409168
358816
605295
61481
299778
570953
823969
452755
888204
75952
540303
110780
510007
655224
321408
830307
591025
5433
621315
592828
408314
310123
393072
793868
886779
567117
589069
373696
502775
631667
527469
281707
854650
536138
232468
636442
12398
535272
766453
860885
360492
789525
28860
64180
777231
804176
664903
627995
753412
455712
689263
235380
605470
493880
670468
427239
868390
328709
793047
451769
594223
335639
289745
582367
515111
509737
451616
362685
267818
746191
258323
147135
393009
802172
211514
485298
758375
751725
501360
52512
709436
35990
669077
481159
496563
396038
545492
661461
112086
680121
204899
24675
818633
694490
637033
364714
646684
781907
629242
663270
259290
378323
26237
197381
606686
744026
878030
785612
473445
10500
829184
207687
59358
318383
221402
567051
47582
626155
655778
856778
496593
830782
127768
711985
392938
644817
489273
217697
296732
888154
331492
845481
53121
553030
479416
748988
228247
668579
567708
752564
821227
386215
21913
272259
144045
855169
404354
310674
191971
678362
287828
288504
290042
292199
175832
687928
309238
718286
60613
886584
705547
516819
622434
604889
501284
744670
95849
587576
118305
432842
493031
536832
832094
185644
588736
774729
104877
243838
5776
208817
110470
109127
326188
204341
323189
399433
740551
784365
270673
286183
224209
860514
480045
44017
771417
862732
405704
403373
282483
638380
661631
335524
153140
715586
551329
405830
395386
689132
155747
343803
208329
172796
795178
651527
296592
692469
510182
94200
190602
424322
661439
685039
224673
788371
712103
274793
772972
7348
186734
476457
487705
77676
753877
840580
835558
506287
133178
8009
221833
197344
786962
584683
572624
606087
643445
117292
281347
813579
405874
264263
159909
527916
214787
721786
749177
511967
407260
532303
697824
838119
836029
895429
540641
806092
897639
256896
262466
74715
734603
94793
614963
286778
348542
280963
67658
4422
119625
819020
883400
94635
576092
775276
2075
163295
368002
759997
531741
311195
372528
138742
854553
313463
373592
347158
840845
294817
780506
586986
819563
324346
301529
688411
427098
18381
683659
854583
155770
465453
561130
760026
528069
251978
218921
679032
714672
337263
166304
503882
745105
564603
114568
107827
164122
383098
554626
843342
189283
391807
795153
133718
180422
563616
656680
657489
618692
844494
655934
576474
304773
51696
288830
348138
860605
825211
517179
679586
582761
232816
868193
612439
162265
723826
15206
379962
199784
242594
300704
237667
489830
399001
825072
157817
200854
623713
627068
666913
308499
329712
761466
538049
807438
764930
308903
542544
166963
42323
578392
424828
606730
566230
367016
209462
638297
554388
515441
721790
534182
253956
427894
779623
824761
729667
21404
658791
637696
101425
74968
339742
242637
539848
51075
756096
477210
506585
453643
408224
708653
562884
467587
106874
100310
311188
13979
860189
243605
753878
360426
748308
421016
390388
666503
279536
766178
569458
730935
892180
504904
587107
119489
493148
227477
350249
453630
705738
583981
649575
131948
168846
795246
465061
594881
153330
272914
689632
441020
458271
253937
854731
371191
176656
218500
677894
443193
293905
428708
697465
711432
61171
390545
768653
259739
653711
193998
287623
793229
305044
233386
547074
298638
150895
352730
181768
366964
496534
514849
331532
219728
464913
106289
606279
459099
337061
796427
597550
158478
856542
758147
665708
401904
589817
690975
884097
688586
244843
897054
625814
174775
596882
518869
599900
551703
328150
500596
729697
456899
864506
134152
485038
432698
421861
644281
588575
199738
348168
299508
66367
73771
760844
477731
385792
112917
308985
722263
886708
858961
390053
460552
482380
628797
194999
786451
548266
566601
822807
404642
34660
152271
817172
729002
475416
735648
834801
164014
5478
686040
765869
698080
593295
824627
524333
721288
490344
468058
138376
319869
675067
540758
368207
792144
216282
224677
594648
617544
85664
823913
872358
173095
369926
58141
406166
197292
136383
13732
383431
883986
678705
837050
180167
225910
101232
516492
669751
840374
654457
487459
513978
328148
817384
562971
502879
592889
262870
428658
883912
495543
180754
139451
804055
379399
56283
296594
810740
694353
319159
208491
79933
179018
686547
887811
185547
105368
22296
542872
219228
496400
439078
786004
229827
178112
24464
164676
38280
685481
151731
477416
566749
404932
357876
356899
277022
240902
440501
273649
197252
64318
892148
211960
539654
672827
168961
753144
599372
445226
157209
367772
843378
795932
145347
164530
790614
675143
484199
478423
780094
206627
429126
114667
703080
881461
663546
873732
746416
313512
588363
493727
40279
652343
501994
676689
820310
447431
795566
885115
186496
756657
511720
234332
236044
94621
507237
664768
829543
171178
462945
457046
657493
199755
96002
226976
413440
362123
762648
664260
511583
305777
35950
143359
32740
41406
41613
211160
651394
856499
216366
640882
817432
609136
44314
352188
311263
524184
113376
700931
369740
697808
797361
502087
584642
688229
299644
457066
31479
366093
853313
286885
453569
7045
808340
322453
841277
866202
114193
691122
401276
608356
624438
44224
12619
488204
758241
643743
795069
40847
814342
840573
634551
136666
807853
64556
574199
250773
861031
869165
353730
632060
842315
253899
74857
755176
312913
659269
516055
206317
133097
21731
269114
336572
286873
439210
22123
595017
855794
421994
335740
764135
895629
341972
766813
546959
149640
351081
568554
673631
502999
257262
457365
246271
773736
201852
293867
516446
747223
505652
713126
3675
207051
252079
877967
54689
318507
772147
476973
560330
18657
490785
45358
367940
317833
709963
749841
248528
69077
416868
339406
59655
212225
870800
846019
614391
354637
891738
456156
555948
401629
254340
689437
826570
224745
420409
161903
567701
723905
363775
837573
636755
719681
362152
76169
12874
420621
490055
735496
262052
299497
80383
505079
77649
274968
636119
329025
24075
279279
793418
571438
236532
241876
832764
43121
876187
406488
753606
319726
782142
818607
762578
101158
121802
856968
177858
324480
332797
581357
31947
23030
721132
9465
661343
83481
35937
657328
209800
48834
747581
201280
732560
530839
373659
235506
200669
257237
485012
309997
597370
764576
374815
116743
337393
739045
273648
188553
531669
7719
609793
117374
191323
795950
527055
376087
820296
60905
114427
61150
311397
656315
240753
408117
505456
49961
704325
660107
560717
190687
197977
497562
815129
387322
892827
228736
49247
307381
794187
391287
464995
218099
737915
428435
117403
227909
288015
76152
372446
482009
149827
626326
304436
334240
660044
688834
40013
677722
10006
837138
872911
41760
56173
312084
754119
466766
826744
45483
497088
389579
302911
481959
459505
494710
242669
348257
595120
595663
819248
753264
103076
437407
419613
488618
242329
786885
46961
789627
373677
829117
588275
147611
312807
787791
332501
428943
663847
295538
102457
848990
577336
763195
278063
450030
254050
861542
738332
652571
256701
708223
447767
819155
159103
7022
722542
104017
877014
474045
177733
113587
261170
167399
894782
407930
135449
648382
371764
533087
692414
318201
493345
774893
582732
329304
388640
734366
444092
898390
124653
645429
382470
863210
123272
863701
323987
266458
578040
92124
665233
16828
496748
871840
133761
861130
466621
376645
534026
544866
327983
306551
59120
183159
318454
17770
531359
533623
328245
11596
370849
343098
37730
114628
18223
819396
300966
99113
83236
183735
673088
98913
657645
876792
468041
682613
453757
505116
383346
621357
467773
263214
42633
690253
403041
392320
444603
306603
234965
102956
72499
46700
358358
577638
874881
501851
267357
894560
668917
163781
760694
328089
322314
543924
714511
257795
25025
552517
136876
836335
625730
600200
186487
745880
3751
607156
769524
99144
639924
304772
332051
185963
652766
567794
491199
445518
488140
558286
783219
579539
272475
294876
559884
685492
317723
635879
24346
315794
421911
673062
253488
893625
339474
619817
591578
58161
345964
574175
412910
200676
784165
98440
392956
76551
757208
8818
391071
487623
669992
47666
267029
863121
607129
489537
759787
304477
600437
423697
481842
656760
399727
883018
848686
90605
229348
109797
710092
445136
194909
895588
584339
630791
426641
625836
438772
96308
546280
321696
515804
107491
458682
300187
886152
871245
4661
554953
232023
530439
642206
183203
848635
726186
288622
395078
257577
466943
574654
418895
670673
815943
556350
675989
217543
80132
521086
642082
683199
753896
60944
409231
375448
538680
333860
150332
561455
17052
71379
847017
296116
504838
216216
239251
762649
870364
441112
73902
55751
16388
726050
682427
259787
485931
747794
247463
17966
633617
389903
596001
188226
565365
763572
492885
552568
825209
13580
405449
142318
199826
572470
446931
114405
334638
575784
803413
659217
689249
67024
609270
135786
262318
272758
660510
530848
109679
425757
836430
700811
350978
130728
673274
126400
386032
38873
166692
823263
587738
463637
767414
354505
580194
111843
542748
186672
544883
56947
152732
740774
393806
383035
624274
840951
493715
225725
645580
742643
141064
304580
424574
130531
15817
805229
435235
138685
334092
443843
540786
51571
386479
137186
450457
262725
504225
367517
748856
108311
201513
554331
171228
545757
438583
482140
264150
688466
179462
303866
575351
234312
167850
370891
600395
76538
360411
233730
724016
700798
629566
448565
114449
662582
686189
261305
419363
93477
89314
614953
315931
306206
548133
90118
479625
393112
809711
783128
618262
731711
161307
67091
798710
778692
755080
891509
772137
588596
209965
175851
863316
50534
321210
427923
744438
278253
532358
586525
407498
88941
838842
473227
358713
821803
49498
3447
449848
598973
869899
183635
522725
764833
659750
274411
79738
57738
30295
80519
22284
201012
633426
264140
176483
74521
430643
629699
206357
511804
165968
101553
402369
37506
171453
828453
27077
659296
265308
283857
754909
665168
826143
542256
79833
115357
5755
785061
654681
247134
793899
628964
870599
562176
50238
289130
598321
205019
233502
789798
334946
57510
565790
560027
133021
717095
860863
256158
393045
42659
326943
859770
768971
656243
238078
698835
658116
513783
754574
66471
794342
124868
838647
42768
229680
338170
241765
308455
438804
359793
176047
325762
542961
459217
211012
321502
619313
467968
73939
608312
815675
306965
150167
512757
22934
601164
116349
523809
327452
763763
723508
34548
468470
405345
261584
810577
289177
259974
618651
170920
124157
242974
377849
261051
598838
654111
471414
590014
226801
125489
770254
648375
321901
482205
330648
846853
890067
681630
492432
638429
154675
876693
662720
195152
250172
760984
315914
277928
670520
646634
294740
548273
889858
154406
684401
642068
503077
113461
285160
230399
632562
716959
398019
483712
47005
344094
289910
118256
696341
428717
614954
464045
387070
706880
784581
236127
220429
125966
208152
287836
630431
151880
96805
32870
549110
776333
427818
606098
770577
658614
49679
469605
745671
371245
4327
115191
392928
157371
511654
869113
109872
87902
415584
858610
129073
14649
573242
522405
881820
681797
233327
191214
284003
172262
784609
441164
631470
470456
199098
556441
878992
673960
745437
122931
622277
68575
521646
329439
627978
502457
853659
472644
704121
112532
834118
100498
239552
648260
470960
723430
786813
892323
322755
225605
176568
411430
621243
19557
131549
134090
63059
437515
592212
260557
676584
621615
53567
794330
254156
595709
89903
510940
521129
464116
485732
607443
765967
424945
889599
22949
628316
509062
26213
257035
597159
780099
691474
607820
602857
570550
691383
250344
370377
702703
580691
355914
860835
99932
346441
345568
323988
205396
344835
369959
248324
666799
343299
115488
299664
373202
373602
31359
714835
763337
348519
293698
597776
893964
873957
431070
58783
430308
129361
431988
226769
282151
265951
425251
816098
67294
777080
190616
266363
896040
849594
833536
323392
822008
129964
339742
576764
498106
531772
552983
791591
650355
506744
808458
773746
761605
523621
894654
225519
319345
333631
139220
359263
174135
214765
269852
734713
888921
790048
385155
517332
54463
571752
368201
108914
514131
99635
643217
292713
178572
658659
545937
711534
828840
836139
77033
31136
249202
237606
755505
305583
675459
885715
278539
206919
121924
355633
741496
585245
767858
115571
21255
785012
453434
62113
42055
732684
112324
642443
347773
121992
25101
806762
168561
434619
320716
673844
380675
352719
788758
620475
542427
54929
578012
852388
73630
392284
14194
379519
704796
516352
237451
152488
718438
813423
583840
317656
229886
796228
529199
592072
312423
562224
228800
357892
519835
483234
261059
529576
269562
299506
500181
512090
189728
569707
754466
834787
301008
400947
252708
211947
523852
175640
569641
485712
745799
378872
54962
45955
394417
235309
794296
697727
861777
857267
232234
442470
56786
297976
402065
279994
448276
62911
686996
284085
552483
48752
476375
124166
479429
323583
145438
702057
415052
795992
11952
102081
620747
46244
137431
707476
834566
379931
159011
602563
690114
339270
663918
141029
16251
250063
132986
795871
721396
567848
431159
534210
223241
877428
755873
896640
476897
589750
165061
301260
553119
127700
622052
40718
489752
174183
327121
855584
226175
884578
652788
652169
486651
829597
107217
384595
528090
486813
668546
629418
661183
626465
426913
469395
81302
50731
49858
629030
236841
866057
118429
142506
563435
141856
581961
507180
49233
763828
119012
221724
446113
225238
85231
244100
734562
93291
453014
88229
18291
168340
220622
697935
586327
639039
544566
17501
861678
566794
493600
741131
636352
127855
595881
589014
34898
443056
395364
258606
252218
623744
47285
465594
239791
664780
317720
756520
212954
772548
368546
612367
185289
737322
7584
29507
277250
283862
353436
162388
105685
528835
613118
340836
34666
227994
498830
154691
198937
538905
509847
332521
418680
309215
22791
454159
504751
752407
246356
350602
309063
369950
699065
446629
117121
810802
275837
488665
722596
619706
156468
791308
612974
266572
514143
775556
117227
257343
400015
775782
265539
167885
891431
166768
166222
797860
138655
638351
866723
77002
872645
321213
447886
310699
454846
252250
398143
190593
879146
345862
882143
157150
400389
596441
777086
498776
268105
308511
146344
618737
392721
217715
74486
865794
709561
826615
846336
854084
532993
891309
190000
283483
716336
768534
482962
72864
629141
325092
521991
246665
870153
845149
515513
762615
48464
76175
440681
515291
874687
815786
109316
341733
611031
522495
418068
628907
770607
790291
813586
762547
725424
829855
80282
363165
217881
303496
253655
580272
736067
86454
14237
66304
745919
213779
412821
498552
194204
437697
795923
502089
452229
422712
373155
594447
822694
369276
50082
575452
829134
578167
120489
270596
543408
211960
454532
723493
501285
688615
787233
177872
710252
376227
606564
361784
544017
439194
487351
608918
755915
848389
359263
516599
559422
64798
651242
619843
454657
711967
413476
809482
651451
402008
427080
828652
753191
101099
385076
548133
704566
714536
469333
538932
695603
92096
608065
276519
739809
2409
104772
695525
277601
859597
773138
89719
22832
886095
645756
287348
13229
379067
336029
413863
834904
377993
187124
825087
717046
24846
596236
734547
176273
579262
39094
320112
146781
47426
793464
66080
543349
278769
543551
819544
594371
657199
247472
714591
715838
94815
316509
365142
300430
115942
515763
711081
115947
227102
830767
37296
151363
882099
853457
540162
454075
799326
605512
297431
848717
589659
751981
277687
817583
615241
755436
228484
204180
204669
29981
590978
110700
240035
527441
344255
575911
858515
486952
491522
533942
451852
542079
573492
631154
244559
366598
307909
891158
27419
588464
519293
603559
806592
242436
420929
692405
336706
8080
810205
38681
796588
232637
41940
345566
431182
535869
116033
333308
214805
812353
36616
649151
320518
833031
34463
228102
857782
305841
747539
217544
567369
144465
3928
882833
325861
721568
206128
369193
165266
545966
517687
703926
817232
168691
504361
882840
309429
422916
332240
734738
676002
603201
645934
551049
27713
294124
296868
160452
736477
666356
196285
247315
362877
37231
90362
814317
735006
827654
337466
237553
501260
746058
875557
607598
731613
164100
504341
566142
194571
323306
24194
30797
755500
767310
693737
802583
227856
659696
416504
809135
541142
858164
553560
471709
114410
458382
15575
885087
845695
324762
473746
447952
749989
681064
188187
835973
628775
763156
526573
619572
420292
56084
398857
736816
306536
617642
20299
176655
428647
615289
338638
514924
250837
713941
395001
763528
406341
509299
394245
661036
76636
33119
196747
647497
512048
439053
347791
619296
279298
122983
368579
176382
26677
158469
828569
643679
531307
376282
203626
242996
639195
621579
93724
590879
266352
323898
25938
869306
378593
416769
326550
257143
200776
801883
161692
171618
166530
301628
558547
279587
116130
271424
785165
284544
271922
536993
137864
503135
272455
387938
649592
583753
265567
294824
381939
97578
893146
666601
181529
227253
704754
893436
357630
240581
707417
204496
206230
31582
219726
82233
662620
166865
42203
335556
672446
859966
656013
270828
529192
696724
496049
661541
462475
22996
408168
754838
128650
119188
771046
805220
799009
642143
620365
481097
697811
784569
63201
792803
823310
376161
46696
533704
382205
128751
563264
600888
823850
612828
727132
683339
458573
597441
369501
657865
466614
352216
204649
764056
828691
415
716426
861488
405790
684091
702949
273387
480007
720472
340854
104568
294457
63598
714693
503374
294283
599296
847495
824829
672869
8991
700019
796641
133805
562187
169342
368752
208461
622585
445718
32242
76035
886191
63960
236849
875909
227916
371407
886726
525070
109830
375722
580690
586922
225963
313912
657422
708826
474025
659394
46266
895204
486281
258949
176402
526106
735189
431114
742367
28005
778491
734596
561353
567821
804009
33446
396842
787848
400056
69854
761598
446206
412742
724658
105015
393012
776507
192117
650892
794173
36909
622342
883985
128473
720319
421734
837634
708104
367748
478164
752890
308688
461601
717478
43456
110119
816273
432678
684448
534365
82402
703527
295736
244968
243484
689186
801001
700590
825762
558225
166957
336681
422609
369895
763912
836858
865349
219147
842614
70669
877883
496335
430692
313060
605265
675889
629627
447106
98954
267149
14903
366391
590990
411965
338455
893507
171533
653582
250988
373033
893476
208000
203732
302257
512408
509401
318848
273178
726368
473735
543441
247834
279135
267441
118722
349747
764846
559224
82719
691989
772025
853103
13939
121642
611616
588596
404319
428513
179005
672778
825158
576730
156325
186004
779397
297579
54727
276240
517024
506029
338962
573934
767672
555174
349268
799564
727736
324275
723932
724464
455823
832274
692673
237408
390328
154602
775707
759617
144180
313175
743375
524234
262010
118038
31721
686020
684868
862121
95426
465792
512203
258823
382336
380277
379405
503555
333533
167093
763018
52023
683647
634315
452719
720430
647462
20788
315369
518507
627717
658327
870139
27193
678504
509633
629611
444111
160916
4065
520182
732831
736460
821437
108132
748476
730863
547024
685334
159046
122430
96640
84540
77044
264315
182656
312131
537020
407278
620575
722219
197761
732769
871338
290711
459386
170123
789733
569182
485915
142666
229889
96670
154083
138921
585819
475376
368705
240705
672113
132598
127267
345788
462690
773201
800188
737396
590976
294096
841105
683098
20468
179458
892353
357587
820495
445196
426479
696669
214313
770391
117933
404559
25656
273792
856486
650654
708141
733427
589320
158620
299022
267954
702125
826874
112780
163214
627557
20719
648482
786361
891233
77265
194409
664370
136350
793567
843705
99199
361771
766593
172704
327097
723577
704775
673912
208929
170303
731087
194601
319793
385671
729346
594107
272397
639001
850942
86069
529623
632033
740462
643319
449378
6527
300980
231920
630591
19340
736777
313373
694067
615524
890076
237535
777642
60948
555158
781944
443716
603936
133343
769569
489773
545713
63545
461387
706155
723130
744745
477776
392912
867846
299830
402869
397679
129184
254602
172159
508172
72767
240917
124814
568172
39691
265329
712698
858284
203472
874721
69865
336045
224318
699922
510731
468620
880186
416899
365522
747376
598917
435905
95121
595101
812679
103787
672335
16069
459768
843349
790376
312478
295691
661799
680129
52239
633431
417541
741830
888356
111715
782698
667937
512256
636973
448365
860377
687218
90295
613414
173989
57537
227150
892426
830219
260225
713752
872241
506170
401511
681338
101081
740256
454681
192612
343972
116905
718270
374842
217820
202773
588693
463711
771094
544788
815938
498784
56020
830784
502851
154842
232709
227575
755009
883017
240167
487988
891713
279694
721869
363209
885114
652603
618683
301499
793793
352607
260494
612250
369823
297129
407609
364444
148133
85658
598537
79445
807734
434220
898314
316564
116066
774873
72323
93597
368180
587689
442237
880062
688737
725435
327585
880049
81696
589903
498750
432333
106649
689582
182282
364361
604118
400055
132032
62382
186806
770055
632808
680632
680000
664132
38964
668393
612885
639654
141318
547434
196734
760579
94703
459263
515813
61013
12402
482725
3103
103753
612999
159978
581190
491143
133308
284009
844421
554873
382486
118465
320333
30683
280085
684466
557061
388957
822741
706419
648382
533815
228881
473266
697764
21514
694914
420073
656784
418927
86117
292985
697210
424222
451386
243334
231468
528573
706184
779919
66290
562787
180863
348488
471758
679624
762869
713878
357480
851787
201938
313286
171970
394751
787879
740298
787593
448179
448153
572369
556647
776349
646972
107458
336214
877090
394074
422677
299471
89892
416435
5006
106656
790537
636542
146614
513308
619108
568269
267384
427469
506786
685518
32245
814180
282258
658830
47237
830065
648882
459481
246571
482350
795763
195676
834931
146965
787208
654988
94410
662323
845104
833503
176378
68660
473982
132439
888513
394269
144705
310367
838765
601720
314645
467246
228534
695018
531141
528937
629688
205953
410714
598501
106635
18601
796933
116170
559361
55998
279813
850099
569051
744539
130742
148561
410920
660273
784342
565583
147835
545843
326869
366737
644072
453614
745273
431222
672188
879350
730506
93180
766614
890844
724672
318498
496357
700891
812712
15912
744639
160242
41741
88243
456154
784716
317545
253646
649099
508539
811495
49450
331386
804835
820179
207013
650622
254610
807521
450856
835066
602925
271575
70603
247827
843078
22648
493779
506093
899882
757934
83868
477665
363382
482483
450193
732477
423626
732028
624888
759768
544086
109923
438123
23856
283505
869167
332097
78722
255720
653442
530667
191077
629075
171231
706298
677028
118403
275030
582461
541974
243000
769581
608008
558844
103311
22444
126737
488022
430393
408357
66132
267778
444902
545375
328567
838674
90944
307262
756359
589033
447349
56752
10689
716145
525100
896790
775757
652220
311032
447341
554628
382838
221994
839896
661458
843459
514400
693612
892182
702490
33724
765175
472999
629885
597552
785934
268369
494772
680501
486898
447645
508069
106619
318654
295470
873139
71227
419344
776808
663440
437768
570321
113227
154111
1219
704419
478973
481419
277102
454854
840645
268797
572984
276263
708275
33470
868599
264869
557950
479338
854388
451809
279462
606637
439424
498817
496631
461949
387365
597249
491215
84211
317719
452696
649526
242247
382953
257570
887596
93415
536956
19631
537633
130643
358097
264263
597758
58008
79008
498584
709185
772968
123265
240478
788133
167346
375368
884397
765408
574660
443374
224670
482918
216793
40362
719956
620234
338688
735070
139497
44005
358027
181998
627258
818063
547024
78219
510252
186474
861248
54157
596474
163903
77153
357600
331772
762272
21419
144853
8117
506060
413979
738074
261209
498641
478327
649316
650553
544715
228159
663175
66829
809675
755372
65672
648605
101459
441864
821130
733547
199005
295433
707652
276832
668795
769579
579540
289042
118970
772681
354349
767918
113856
665816
876236
604584
88788
557120
265417
703517
42108
606488
777800
767393
363553
519805
308270
298857
453584
11407
292337
385463
794778
846344
704521
89118
261146
63641
591843
662737
326774
476386
429332
844716
775679
218766
881609
168286
148947
711721
238077
672402
219362
222623
253221
560729
205389
251059
180357
35669
796074
582136
210309
315204
125572
304271
523614
142279
694624
526590
885679
407854
135514
21577
424588
405378
511566
190576
258869
496623
214386
672837
456069
372812
317408
19368
534177
273385
363858
732545
442704
764371
13446
64825
117770
551590
438945
388629
697513
623088
657648
752847
481724
343550
301961
350035
529243
5701
313456
381396
226196
502991
422325
455337
752004
897761
190011
165607
350561
769189
224276
440795
586452
261272
728231
437092
87364
355025
567508
590027
337165
24301
715470
665121
719312
243924
671399
198899
861156
394953
790282
501292
809354
165651
147329
652967
382590
326723
158998
152656
229065
128769
32183
349494
98963
487671
600530
189390
392438
832474
45888
233287
1326
355281
763071
450566
511565
254627
687736
541502
505099
432993
746751
459149
59226
706477
237176
581526
504471
571718
402166
447510
29149
62289
581918
518981
177075
7494
201355
54220
821254
528340
517323
221437
581553
851761
767175
792051
395768
440641
128704
655655
838421
298274
146452
25836
165449
100179
770911
635559
289364
55071
82974
846703
261504
355082
546479
735069
800632
540918
608501
544048
807254
674578
245912
169824
315641
300768
235433
103644
455381
159874
151362
722850
586021
88288
779724
7803
289723
680952
784666
191633
53016
160674
512915
52461
345303
726367
510605
615089
869764
525406
456085
172463
688299
633066
338635
537572
353098
444564
242025
408373
382568
151576
795396
387620
877279
110894
348556
827663
564404
777712
217774
812549
409000
635171
290264
447589
647943
159236
794204
310422
86109
196368
746862
720509
810888
400975
723976
65502
245289
270815
747725
320210
612372
348697
31305
415104
566887
419041
352471
333436
178072
183247
414077
812601
399846
642517
122450
27244
165457
190893
662656
381918
46822
687809
328901
84366
465235
237334
369235
744097
689497
278005
874486
204806
552126
257879
66389
623243
92226
320013
64402
798421
640842
33705
439757
272832
485720
886701
504677
14964
99900
23214
411101
200736
217123
690980
536925
17269
734510
738129
460111
238881
697662
347211
292746
891623
144138
128808
377389
849656
325459
393477
269185
164208
38543
238355
307296
451919
365153
671487
500404
682770
62922
846396
168311
22061
231993
445582
267194
489256
854814
848950
580610
678547
51740
285333
863245
897511
574556
756607
219155
893147
313118
67710
793927
8896
232043
570624
601499
147065
314950
361022
679971
88218
658081
413737
25491
55324
341803
609107
678690
570074
372967
9815
240751
567787
683736
43879
307906
470876
884696
159120
710924
602473
245000
822860
684648
793048
545441
691171
724227
201459
564042
661119
275543
102944
238403
764107
715475
634334
505341
673190
515255
266398
67852
121194
39194
530172
93301
411092
284302
547288
343009
252655
11196
843509
192308
766850
589257
394382
317655
1426
28602
608912
272049
101397
377844
603448
762804
62837
487932
722281
410420
839868
70397
216809
884050
173026
471784
255610
539063
806673
356469
321904
486812
586257
124935
113684
391462
656565
857870
640308
208271
594560
168166
50596
654367
221749
51101
73493
607642
604763
614834
531120
256338
366857
336569
19056
310781
531411
207707
465273
367522
206449
403898
637113
324653
839849
646545
198329
582690
706136
511098
678271
583150
284098
622922
712612
113849
608723
186007
883213
578999
537585
540985
592168
14878
818017
17230
253445
376913
537362
48056
330158
550267
633161
292289
586981
41144
133738
702463
629016
308749
111584
862162
207459
454296
219274
254793
466467
320898
87171
123717
530770
396464
680075
386838
42980
38681
299191
323393
271229
73042
844977
115523
137933
705925
109901
698831
167753
813376
16458
596819
112742
486666
424193
23321
452084
217712
339662
370793
417814
847326
110872
468812
662618
843049
627902
590699
763545
378984
237599
161877
558988
771395
557222
193792
417192
617860
214257
466535
896088
446155
663964
856722
514038
205021
609423
647892
596038
278236
667489
21261
363375
499569
243014
620463
466999
488486
536060
321469
96058
467088
824591
279119
804486
823754
650180
267251
73526
132829
813352
429454
207944
586107
191765
395072
644413
110603
705501
225766
206285
19518
442998
467448
719909
789312
168355
210802
37246
527722
790811
899953
863067
539765
587481
831283
173119
226377
394911
422976
150280
473619
295815
417896
25196
252724
176519
109474
684590
57078
14720
78036
235869
299355
691843
837008
43114
636174
11585
494203
186307
676442
639982
37865
172977
163001
8401
753316
47466
659172
633195
889516
237620
834538
586529
683576
250071
382876
727047
764090
265022
371973
230891
190657
533898
619094
553756
897880
400338
93343
803733
727404
782010
398138
531017
420010
485551
195906
188588
243623
164861
542817
887356
119705
67917
619814
327499
753826
63807
343189
844682
489358
879200
671193
379379
314514
331367
403925
181619
169140
587953
601496
805714
151497
368151
753614
289153
669561
866666
324019
892382
380383
1707
288354
603847
795820
728616
584972
503129
758572
18518
370373
367619
1120
573480
10104
397068
718986
737738
608186
228862
654024
280508
618492
330861
197463
355374
718522
186984
258392
204949
96304
103963
182416
735687
848396
216446
274986
30616
453823
868094
249879
233298
332238
255558
301142
400522
129317
523018
379214
878757
160490
225487
720599
793735
126415
771770
657081
32467
821441
888756
133229
899428
115198
247446
323712
774854
824323
210519
509749
388466
671139
886927
163465
199877
796532
691047
582578
449244
137028
643520
718753
859501
539529
511612
808391
13925
681685
593420
450356
710970
182696
635095
752250
690828
115872
201476
190608
195421
793323
719461
608915
410793
798237
874304
54534
343460
273309
53819
65882
709455
689849
302562
716744
272439
753210
423160
868187
121034
507923
118040
187244
877622
57363
218823
504805
116704
862074
297305
190758
148318
476967
460572
355302
551602
76944
697988
359217
609475
730507
146420
123312
807353
406409
446566
605063
77877
113891
787895
838487
749227
682828
703282
891300
710941
213606
784855
59825
726581
84016
773000
522982
207166
660445
682992
282004
802623
852832
315184
181295
470902
366723
341896
182938
493933
712151
601822
279041
196732
688006
37134
493503
2779
235108
383214
623296
221985
747908
504828
546401
84446
814599
631270
217140
334065
486031
124246
587327
683015
185073
571544
586275
63409
224489
348169
639483
91680
487976
653503
751003
161216
254376
47919
758615
80494
117184
751679
244741
61143
817394
108520
693883
51375
518626
104359
798418
305035
333698
860608
542829
751867
348264
119119
155346
773767
7905
14605
193718
21221
29950
757372
129944
690421
320556
431696
797379
620889
755235
806585
299607
114515
861876
424592
507906
888221
134821
635134
7175
551392
306777
415140
340032
118065
551688
760490
379392
154190
811854
869736
282353
557329
296511
453066
513212
76654
251640
669795
186120
235759
458673
507634
421497
766314
424750
343529
871353
120187
147317
469024
692245
397251
370170
577781
646590
307549
705269
162781
696528
877369
70037
33868
169167
246647
750382
808189
487980
580321
618734
615550
587112
37477
90606
338363
555248
401806
845380
206246
263014
139710
35348
27552
759808
225546
299271
284999
666537
858738
782836
616091
669702
413659
845402
430158
110292
854763
189872
300456
575532
133664
780019
388500
515016
767246
163135
470955
873151
474387
54105
382203
586700
436633
366889
758131
681261
725703
257541
356782
795527
60900
615720
327225
807815
232617
194113
372451
98979
425954
738408
512416
856415
604001
114187
539002
716364
682494
195527
17108
638315
282383
402258
375068
867119
784928
106965
34637
534624
355376
806807
78718
829211
104328
118261
590539
292310
163160
202733
331454
364386
303087
674394
813273
49098
716758
268218
286690
591352
649002
460746
445195
513591
357141
578451
214109
788915
422120
253566
548706
894268
161815
427971
261548
799305
671569
509055
245028
400120
557946
548004
463218
86324
531270
4842
571526
791504
452469
759427
362050
414224
824870
865932
438212
783048
730041
329056
425971
453403
1604
700807
451813
768645
704721
721611
72842
230100
707763
82347
524889
562897
185572
899016
266901
564029
683292
510140
254716
406870
421808
657259
823724
394073
594500
233810
465170
884417
610798
44828
357585
894829
123209
582516
540907
433504
855090
808308
533582
22658
415683
540572
147262
206244
274154
372798
768347
197121
872581
699893
390799
639776
532828
86646
193398
134229
767386
587231
425994
274215
40906
571853
730410
81612
170
695913
274695
600529
144590
519554
719563
226742
797172
593398
458854
843478
284608
385129
585782
658948
569716
707193
504050
9200
397869
778408
701011
184905
508668
867352
479040
18301
613087
484853
778516
58876
489884
281803
368078
830523
39993
824857
544053
754900
551995
285213
819750
763850
337210
34639
319452
361994
55517
210314
476122
631757
371031
455684
782135
207002
596125
636703
823879
231464
464002
554008
183394
743265
61074
174173
119124
163779
19079
700380
661632
453472
339435
772758
446097
377189
496779
867666
592543
266615
597812
725550
165274
863833
307085
352944
865559
881994
549201
352378
250356
293388
765671
525084
845449
777279
273792
139012
310412
511340
524428
46352
120577
832094
546361
598500
891869
153002
347625
178295
295925
16431
693710
111112
319944
761080
249061
354670
849509
382047
180685
154924
759258
564588
273794
372932
433979
817658
428539
113346
779403
583579
280316
49785
785482
197298
138168
244971
87612
363166
576166
450786
769713
431510
704735
776764
746710
242351
657394
130147
717143
635259
587716
794650
65615
474956
725735
21139
90190
215990
681046
300797
695877
10483
5738
428667
675729
732032
863356
819440
183682
639204
426968
806358
455943
262800
124762
769935
441784
652738
298567
340754
606080
154916
649099
457287
575492
350641
860810
18702
308692
235256
773349
185592
122862
781017
510668
3225
792425
726444
339098
156022
837892
182209
599153
845209
302539
204353
855283
116611
209603
432948
624378
843361
353684
390908
810996
843415
343536
409759
473887
746360
339331
491298
30525
819448
704761
810672
784660
783257
841062
738234
263397
275169
803862
152760
299878
872749
223922
434094
831710
524255
379531
634953
630813
347986
841671
67177
264470
230894
671301
231033
625882
549143
167502
444697
26545
375968
20730
693501
285047
166173
28188
73454
118930
15318
682028
413486
889131
686487
160079
410489
773360
372196
256836
880455
322021
689802
420237
90381
658563
291057
19032
142211
52974
498573
614793
437697
646614
10612
763367
782339
337610
465578
337440
625804
205363
5559
471353
188102
563349
585499
479701
465063
217181
478520
206369
247375
137542
353517
582458
442702
23471
453315
392828
779523
898129
713791
283529
414238
702271
706424
19122
486215
67647
187043
312292
323800
481599
639402
649106
85669
381301
753116
578010
19996
877048
758206
823351
131879
633685
230334
712547
362223
847502
476360
610663
485146
845109
695985
123520
864917
126625
608977
239439
14189
108939
332526
234526
634550
867304
60627
687818
359567
94210
245855
836881
281437
166677
604922
782137
589363
513699
510947
157339
594867
809397
531300
662026
357487
771023
870791
175428
658824
589647
112482
62676
67192
130530
468333
509409
724458
890850
282932
263830
300871
754607
341096
414255
125196
251881
147728
290333
450966
710215
225566
67862
479200
719160
176924
544540
859587
35956
462244
1736
533020
75357
800527
861331
145484
688567
339973
646593
45721
274529
785203
435722
377137
625648
689115
92070
810990
297255
249669
624660
86357
516468
372820
47784
471961
430601
895955
545135
158333
676662
405517
628928
350646
131904
541756
172768
204110
361376
648666
49618
745157
706426
177043
501753
62194
338360
158460
324555
185288
76803
12092
733813
805555
355326
193800
892069
406466
640383
805197
665496
241918
849930
894982
444576
551256
847051
587342
122545
171138
829712
709327
448296
164243
178497
639929
458008
191214
763805
700142
75859
65532
195346
324634
723058
145397
595224
634976
794145
722558
799019
481391
90186
619053
549188
601875
371036
886152
312915
639752
512984
699435
522010
837514
657943
679720
693065
618504
433659
672200
169649
374358
108977
894736
739271
149857
395136
623967
202008
307198
761521
851443
439203
606236
151866
194540
254424
176344
43113
645928
338123
376142
373545
64877
286580
299597
97844
886342
308486
709508
430710
210181
522473
196024
262137
661094
158199
506391
132658
481556
876048
266279
3687
699108
112315
345368
202716
624703
155353
804632
415161
589374
659911
622917
41849
398094
181616
640957
601970
583730
563916
480721
55324
451336
474490
206360
212959
887972
237621
203072
540573
673240
288790
556959
173753
288405
131557
313799
184835
203915
638717
667000
553922
399180
721884
854096
237308
393455
339331
348477
76357
290897
545136
702003
269985
356181
614230
299769
760888
123500
606230
569694
495541
713392
851740
827497
566010
448778
137752
540718
774148
178132
418007
516188
44439
120760
437245
422611
220134
804439
737
19987
126721
332165
447718
879311
239131
161874
467058
93121
664694
215012
485165
158903
422669
640991
592439
891307
805598
848295
51621
6288
721395
438589
260026
123912
396172
644228
732159
133650
457418
665287
206303
269889
152858
248884
112065
129736
110076
638976
810594
348434
883791
417678
249934
475502
462811
565803
338971
126503
753850
56976
487106
492273
33923
128042
837531
582495
382325
571382
709173
16338
356349
82694
722671
74444
578692
649824
441333
475875
372952
719110
105370
339857
252597
687984
856270
693255
498032
222773
231580
338850
893152
717833
616579
304662
689161
792576
778703
238054
195718
393137
472531
137462
106387
535541
478085
536888
816404
238319
440279
483106
270405
86246
174989
123105
64382
11405
693120
866407
571427
356355
110126
11679
11142
632854
876955
12002
170649
631491
689864
98945
334100
897240
8142
480834
204927
630203
731991
594089
882557
343491
402394
399851
320885
787940
266929
883784
402622
