504
832068
361619
994885
848587
124349
696479
432440
844262
397467
682397
846874
921893
392656
901152
372038
305469
471905
16642
50113
641586
57362
364251
600674
177250
921056
669152
299438
872555
637416
531477
555586
268026
415013
653744
226153
305905
241687
286220
637646
940404
597246
749254
537867
366033
489221
598200
240799
618761
740924
180752
793919
749823
969278
96524
711619
637052
929586
266580
591169
284381
353772
772851
724343
327322
198387
621492
888929
569523
965086
185045
717483
785977
643927
351722
577857
727350
468481
393809
677762
813306
568182
467086
510866
191491
557289
921923
895950
757960
64107
185741
964507
337570
906633
852541
732567
737303
859986
554353
26417
956293
797238
387279
693589
12136
239945
607197
405311
386952
400039
361920
165681
557633
462962
509008
224960
773936
353591
92244
32840
421751
866351
983135
713023
628014
618785
442950
878503
458023
11748
956604
978333
80859
672963
688525
842767
537269
739705
985843
637323
490427
751515
696856
948914
933077
829333
280745
550795
634108
6092
861715
310580
381760
499427
199518
488115
309813
923290
809890
946026
287419
613840
455081
711977
229033
697193
114723
668509
884694
273546
97088
505255
198339
585345
681390
806792
266472
390786
921391
760888
872602
782988
411029
495894
709141
70827
831133
172281
502316
868182
331558
944484
783882
74232
265740
708440
305892
400652
773158
674628
934781
25377
957464
699224
427093
94269
803093
326199
901615
981982
603060
344459
313214
531355
384366
327218
28139
365546
924274
97557
123845
314426
905893
316762
253190
455488
738809
433199
322430
869520
514409
493511
820639
536609
670926
363234
469156
60723
760801
317060
677086
89676
766798
505159
508444
798877
239089
68108
798518
123588
714863
801869
861238
346923
315188
899534
607076
948813
782852
394546
195309
745625
499904
300138
389039
712815
139576
15496
70948
7751
815591
432690
212008
662641
271823
84850
543464
278775
404658
864489
99561
727582
891370
516068
696882
829708
60838
802695
155352
906243
14593
851813
830436
35211
96768
449906
837602
823982
154152
70352
971849
241117
319290
96581
512642
866992
298060
40782
478486
934219
959877
131212
395833
918428
886389
188893
989805
755968
508175
753542
236949
656453
238596
46028
486935
49866
743676
663842
368172
691139
998579
318076
900871
811865
103855
732161
772447
848878
423642
799776
909723
995006
864640
324218
157337
51873
807909
340733
179676
225901
632260
614864
431696
362360
38240
47658
261434
378043
496841
208702
500096
997393
16046
71697
387282
526687
793561
70059
107444
155151
259467
198507
70634
633716
95540
160245
592255
121490
948303
389895
463089
121269
426584
465898
414780
727743
892779
675844
16257
603200
612410
173514
399699
138173
41963
108178
806879
173075
167372
921862
354229
612341
291444
169973
731639
448722
819639
222147
332188
616914
834885
742273
641826
22270
625311
922584
522766
131199
274871
132830
395233
150654
874404
871819
967769
195883
445631
891077
496928
726874
607645
482327
483158
249159
894248
728640
542006
143034
602908
142568
484711
468613
407260
66093
976097
853803
408558
504348
511354
674523
372314
964604
734348
684825
442714
627779
812421
100926
38782
652972
106763
94742
49951
581728
943370
808103
421949
54609
686555
624465
460600
9702
834642
311569
252583
68432
562596
610527
453913
76668
312115
723832
110374
932961
125432
766006
832176
851513
561740
269978
912955
628556
245971
518892
568294
499367
557573
784249
470150
360108
500890
170812
105822
965891
314514
