2606
329033
819756
836265
446228
576020
470040
622511
103869
275996
89302
621120
181589
722029
716091
108326
658310
783369
851715
536706
470144
135145
235538
541431
688801
776450
723212
462082
242880
713731
415246
375879
672119
722683
548263
794054
257034
602199
309366
372205
137240
273481
50017
313543
840093
438852
34415
389330
250337
98980
634467
425582
712577
39658
621973
559441
335640
69029
225454
15512
33897
679340
731456
564792
809132
752904
336961
100819
554067
150351
335266
272837
367255
844395
343568
755102
42052
468921
21477
733098
78397
630348
858764
491244
451886
225170
217488
610697
491053
883663
402783
796801
497323
598533
106688
806904
19932
485525
206766
108370
761217
756543
303056
19518
347758
392838
96535
349833
345533
449519
827219
210419
685359
797927
864338
856351
885242
820996
645494
120675
145267
801476
718290
390816
458873
142386
551649
744171
555868
3399
112675
785482
491432
176108
628660
521274
676722
211422
145515
259757
892285
178155
649100
238833
665449
692216
735146
740363
449530
829605
186237
694851
81664
733832
810363
342265
765288
722070
317943
70197
440574
548928
417395
456060
552765
669594
571106
696095
469301
706455
401823
445005
453336
513904
162339
889640
305473
346915
737511
372437
200033
159288
448151
291821
464903
655935
863375
470033
67628
296469
289461
663866
473080
812358
109650
751150
209684
35852
273806
224878
842093
873525
470855
504173
543617
824867
118926
418204
296266
179692
793982
783392
682596
613250
268922
775300
180349
610797
534753
818058
60856
349652
664401
820957
575837
378715
239797
532931
327009
805159
700780
353294
532173
750844
31448
271185
360014
283943
488031
612208
641752
564407
78114
113552
157431
771270
853464
317645
730132
578230
100390
735531
632225
736631
298653
338148
725729
391589
767408
683487
801815
148654
168144
481474
247465
321104
522726
397918
872080
314497
614252
83337
456479
536360
539304
1545
536526
795081
486886
898604
662274
381503
323729
193621
384186
649921
572526
227697
62713
555431
93461
565575
696203
313221
386893
774573
135541
574742
123651
140503
485246
64212
17255
473131
95348
45348
501379
452496
168924
560911
337208
488293
40090
175370
190359
31534
502584
34263
218840
55592
581431
387396
751675
346270
108976
338097
499065
39156
479974
874544
170885
49633
673034
228837
62085
371449
237225
776333
793127
454472
576086
264794
84002
178235
677360
386236
670058
671801
228303
591324
157999
21071
586001
762434
119027
663688
709819
133398
310726
122331
453486
10595
473120
64542
250952
740600
850746
767353
15220
366984
283401
92565
349583
89649
200312
643796
882968
704761
442465
832186
759731
116213
612679
114312
807641
353188
721907
685513
601696
387543
581865
594950
245827
776692
643591
460052
750222
4624
135386
390573
555560
409177
13564
143932
47932
692278
129678
703730
853062
561414
350189
357781
842327
405733
25716
164568
871013
630445
623087
312486
676562
603897
435127
837432
746552
635205
165550
582822
600462
14481
72889
72826
175705
249252
521941
701280
261425
554029
730903
49497
103502
36229
715556
496879
538064
649393
510442
295395
239752
294883
306201
40994
297415
500895
466722
613430
657248
554363
290378
504185
412220
603168
577162
599716
76603
303054
712775
582981
652194
785979
754409
33327
588197
387996
184794
217163
114673
59452
871517
761517
227062
132873
461192
785089
726480
755854
108895
93284
473138
833979
335950
880431
19406
871329
469443
164238
710530
420665
717190
398672
366050
79524
684438
127926
37597
99405
454082
180142
834895
530891
889024
687129
752804
87235
277933
143144
579748
665098
400226
583558
441279
118055
401295
15215
803317
216311
275351
45470
208482
84170
249607
121603
235909
376907
110964
461300
799436
441630
886576
704954
427166
476897
707657
685836
447396
137588
160958
323930
242101
862229
736415
604480
510172
1509
763264
641978
111176
7654
765241
386966
17744
185926
56157
316484
307937
572693
771221
441451
819749
171217
747769
377845
292786
394275
772810
551211
271404
826466
703311
315451
276088
420022
610665
877237
284894
832567
593269
826741
39897
677876
63326
369531
815359
841743
323965
239479
290088
35173
819054
87007
671421
81004
478992
79939
529118
567893
639064
661687
729103
645968
12306
780495
460480
559503
272918
139050
491864
365891
284963
660101
445181
443330
314555
498160
650019
366346
800666
828286
241615
624128
812947
482326
277734
765105
625737
229862
118198
625178
523688
256087
483265
521122
145374
896827
85986
795492
142201
433507
451038
691243
87517
898509
768680
825911
320258
701595
188784
769276
742088
462495
668617
695817
450104
722162
612373
672518
34937
410084
251504
544118
665228
470637
96630
235548
197796
54914
31698
120154
37829
401636
303012
347477
800792
482194
323181
702932
515208
546046
479642
243879
382748
866845
558667
686085
719217
197176
514559
58445
790707
475392
220126
78606
265497
834046
707298
237474
718778
18536
865987
522997
114671
791632
749214
28420
755975
382231
677633
506912
695201
75998
618901
527697
621929
531933
492553
784471
231986
236300
762391
138700
237292
445086
355573
704582
830979
356782
714458
389944
242932
891986
760842
499832
549964
438508
159584
506779
529182
777088
702072
771772
373473
822015
430646
41468
548932
412417
138486
349956
155087
186162
477681
376422
205879
160963
654216
499873
599517
807329
248976
564898
135621
584739
732539
714536
485134
464284
327935
419136
487698
456433
661445
279887
700219
466437
622096
812110
865664
93615
278151
50415
641019
87629
307233
473758
377673
261714
486956
210243
84669
222906
452442
566980
653729
264479
508329
884360
533642
811620
594797
146934
752822
689006
769341
486363
94597
296211
249142
43498
481105
584650
449808
363837
124812
134690
782779
475738
436373
223119
21461
51026
3446
601503
242955
268515
485693
142186
755945
48860
796660
832584
785248
198816
379007
350460
857907
878756
125362
809838
406846
222163
655948
761751
517572
334066
415828
828565
528436
31933
756911
414654
551638
411311
756315
113906
405719
121377
692492
827337
773711
746026
393824
561803
446923
17892
749600
497022
556732
697679
687637
462394
897404
334319
749925
207289
577880
788305
379337
687114
8446
19371
812524
321892
135908
891840
88706
647992
817554
581923
240482
267999
556046
475795
183586
226514
519362
123045
507117
637497
755212
341888
824548
417499
841314
237921
53902
115316
144959
609150
856573
427460
726223
205000
574687
387204
177299
63689
173949
836532
201873
196461
789908
8208
705115
216062
133229
608289
654490
844359
79995
810831
257527
636154
314161
466292
847781
609580
391965
190956
384175
586622
894693
622153
378138
754935
343965
896131
530582
111597
592193
355628
111910
699779
857013
81185
668810
477004
778487
176252
266533
143534
213054
300390
670160
298081
370481
889835
861018
432054
304486
501830
244506
241077
464277
114075
76851
599614
57369
651235
131106
247153
248995
800994
413607
372330
446298
687124
57582
362628
483763
586438
402265
273694
27144
270146
265676
267706
4088
72162
67668
856578
590492
788741
389844
573286
786721
150175
245742
294784
626631
457034
152555
637433
406229
755003
231335
228708
225558
355888
318428
246727
873716
287237
173385
860667
866159
317445
13630
772521
600602
736637
78247
620244
92659
144749
109299
370933
432829
712312
797343
189345
754876
594299
671940
690920
118092
198874
440442
432086
769182
496150
26087
359836
698159
740027
790985
592841
756871
684181
618555
400561
842443
85794
122535
474704
643488
788099
246440
11464
396701
830444
803003
870789
682315
385307
659746
240642
314012
811845
508180
288997
864356
758380
809381
625189
588441
431436
645805
675884
621539
100885
526967
863639
330175
515411
731560
866138
705046
503529
322026
266624
544597
176573
228309
319376
343049
35884
560953
233644
370296
502910
879561
2771
114463
406292
531239
487430
559716
98910
292457
485352
36055
21929
492389
248510
496202
611958
186367
546678
535305
375557
126603
670659
666136
726576
657856
539910
871017
215572
455932
268617
294102
511306
297134
607334
374560
716597
54820
555748
639301
80595
28497
782273
177336
642710
89274
58187
738176
277101
353374
220744
380750
457435
822944
612213
538844
599017
89554
165771
329631
230935
122912
139870
63433
21325
214742
112480
684062
368976
675886
241635
644688
464081
742874
341083
565305
126175
805066
195905
8276
368284
535579
468116
713817
768557
785661
33273
178675
749259
449086
578916
325152
508055
582200
762159
330404
498699
377908
576679
345962
633547
28698
727430
431033
873914
644759
327962
106702
11336
579273
582629
256796
748137
710345
222046
896604
840129
599701
737364
632819
304092
739321
431059
480223
844282
362105
185503
427709
388487
430910
173117
357978
179369
656283
78545
459379
127154
725275
187746
639148
896534
237034
720986
198890
635478
233980
742346
287534
172922
828733
41258
394958
586238
648245
666365
736433
142115
8247
292755
542118
371014
559656
388936
684577
349614
686919
404713
301652
174879
719741
715831
356903
788331
322529
492741
82803
881512
114664
641628
808864
130717
778888
881213
713753
813974
153480
728966
851625
577751
267398
299726
522004
26476
710308
562986
233748
874143
376879
613970
711663
346307
35502
40542
55121
427054
890404
368105
735979
762083
186753
886392
759048
740173
79563
364628
120008
754151
836261
19154
546363
464344
498361
707252
68251
808541
58183
273129
292902
712255
324810
881071
722199
880771
43811
872249
72160
541472
780677
566827
657927
147947
104380
807874
698522
181102
275930
510801
818127
219511
10240
705478
257724
88300
804549
774058
895663
844861
221574
865832
16684
320274
252362
410533
820706
174883
557425
261069
381192
282022
269912
761935
743801
356515
532652
551262
182216
381284
656745
53464
843426
119400
310701
465380
176831
154743
730077
372372
23044
693743
542196
833418
124857
531068
507396
48695
334690
688615
37642
290494
85532
434117
505875
304440
754741
147024
496516
814544
369288
399796
393867
479598
783733
836543
294816
165393
877369
522363
526615
597045
604846
362328
375972
631733
368449
556514
198859
452042
664908
279154
870724
797841
190320
108097
332904
539754
782449
233654
56154
149629
788366
435008
233428
182839
285083
608160
104205
339058
595133
149342
532804
593906
622305
331868
85036
47340
140569
554727
754228
310209
175444
62857
290098
808616
648985
9276
553611
277770
382528
221945
792865
731079
136621
235567
347770
153174
603466
400431
591369
67913
147615
8515
675387
572431
748849
228159
689120
672434
704532
703887
394163
5121
833454
6864
517000
352425
351466
335580
495762
889244
463702
148701
654190
321715
548825
537922
522671
146639
58900
436367
702758
378459
486388
117390
782894
137646
162417
746244
836402
761997
833959
153407
309596
8461
771214
459499
632442
758198
701688
106212
131823
537603
898630
745189
591283
889477
516583
686719
439944
258600
517327
349733
380442
560429
60592
835524
519154
859190
377335
771216
680920
96768
684645
518170
792514
68106
648776
765054
300317
580021
624214
265080
174774
506244
639654
601942
741062
470210
361194
118217
411672
9730
725773
410613
485816
529953
93093
558504
233146
455817
790389
557063
232260
848591
814882
668356
634585
61820
271632
301004
585347
153224
707320
784445
653628
724770
672488
742388
133306
801836
689399
693860
891572
386531
842627
244323
372725
717821
416809
650366
759483
551659
801184
646893
760876
682398
19315
291265
461239
592742
176281
430426
860546
546485
491603
643318
185333
441665
893089
447139
824290
466089
237345
842165
805296
610895
352005
234546
37347
886276
878416
368843
117001
333473
157389
634854
508387
760561
11243
336150
353710
668492
503513
776844
73037
113374
164186
702311
193685
632391
387877
403462
673621
138107
30141
156414
643391
564201
558759
690888
630071
50777
880205
179986
61752
243151
159790
324149
737149
102124
651167
510918
653715
773011
172290
767110
483032
887081
45634
158900
573679
482837
302536
705411
782180
543592
713277
447846
753078
473174
551229
749703
878726
499490
825812
465623
852571
89464
161432
204735
768463
93459
725666
798325
656089
301887
477834
143883
712119
476472
484350
629954
868280
693746
799710
213724
569508
70994
297752
469102
561865
117561
110043
670164
308387
485025
155034
771134
471046
246016
222783
161704
827339
753802
554281
505800
253237
75955
535587
580736
830111
838033
443682
27252
174276
609536
688923
248149
248778
96927
229887
466140
849035
699575
501013
283730
654306
412028
360498
495116
137711
31948
379223
223476
323079
852213
79430
16514
598363
54867
769506
783209
602146
665495
661923
818766
131622
786339
543507
890484
757544
26353
823912
527443
648977
667860
115966
169671
571415
397014
217328
119364
866280
98976
664563
2310
607477
579416
771760
261511
855102
539620
778939
876138
41654
71694
105012
26325
217971
33504
473402
552731
851508
400718
17351
598167
886031
272402
95788
51285
487894
125939
56297
364394
830469
850239
48777
111108
448715
787415
278264
289307
182291
311530
582530
360583
721678
357305
277674
76331
81406
343354
484963
839632
570401
53561
409295
424300
422936
535608
301393
169121
106259
716726
217265
734338
785212
596302
193388
305232
482876
702230
575156
174787
703246
143816
824363
187843
559358
835326
358072
423351
562012
412662
665828
443604
568771
748533
701364
10807
828225
592680
452451
774895
544739
193989
131642
423857
735039
395792
459439
500622
401277
618874
512568
392866
32194
382339
538890
474147
660666
726080
441842
441210
31521
401432
420303
383118
702543
401384
423435
29915
586142
646278
112148
333218
297241
721539
250555
227002
387682
700490
98535
316932
511648
704037
43863
545916
212260
633534
198227
428651
385462
828099
360589
270618
241921
767043
313466
889825
843991
147861
762055
337725
809154
4951
156057
529567
397129
279796
583781
842689
607675
332223
110921
262356
618779
197372
566917
457846
830727
534078
99993
556703
558343
821163
540573
899706
606607
552059
684023
73712
470737
413823
506332
762975
664066
357855
721638
504298
50535
15452
869934
884011
304220
115156
272167
312676
599136
171427
415415
789234
362209
282470
751986
127362
697919
865340
255988
504862
608736
881989
82235
604320
1392
533164
131103
67655
262354
660289
390895
238183
175367
639807
141066
682267
200825
174476
159606
362806
158469
620991
778464
766295
505444
34107
899280
265242
393780
632186
853256
720714
374823
214821
42010
882549
570632
596863
328387
47065
65989
142946
288264
802362
173373
246529
765675
478485
741096
6828
98314
458094
32445
147570
155764
767366
580708
690977
582761
172009
18233
330057
69901
170403
773657
367806
29000
883250
67277
569980
178013
203607
892080
299269
893413
156038
493438
810790
122631
160605
576283
547959
37655
428946
590396
271393
770024
454053
571798
687547
438191
625044
249250
145229
575382
728780
800586
130613
606521
170173
44499
572487
566528
888967
831110
241807
252922
877777
793340
827954
484306
253560
721702
199538
649265
58020
731159
387601
186000
378134
444974
156813
710359
103870
717507
295370
606519
42122
368877
221133
42881
347096
562222
793444
296225
325676
298589
391395
708762
593597
292749
464457
899807
38665
609374
367649
806539
116169
545536
153732
684894
849472
828832
841596
358709
810093
375313
315172
792165
799007
51864
76715
454771
99560
732467
370903
205971
809642
714758
17093
72827
53134
777508
864591
318242
525908
331543
42215
300027
645413
523693
517632
78088
596036
222079
116812
776157
784291
693406
85151
586931
606769
434044
608178
841125
638193
864181
635972
233098
859366
705144
325307
652847
724618
724085
104072
63024
390142
76645
640936
85267
214428
614705
643943
527170
701288
260352
11712
117635
396293
428704
29087
261461
837347
862032
401831
385737
383574
661959
142735
90875
731651
309029
583303
275307
699539
677205
232216
48093
841930
586971
459561
399241
270129
458080
115615
854239
484623
80118
506620
592763
750646
1674
187336
454592
495066
504454
269805
852245
136349
740608
342204
883257
80229
92418
357325
8804
334383
333174
328195
708699
29596
199982
370318
678447
625289
889454
801290
789331
375517
688791
713285
48120
683708
813840
489598
145576
200985
611698
348393
829627
837928
758993
760367
351576
251952
754466
770642
184396
152991
472622
311310
892352
541336
803762
110330
109114
146024
883663
728526
826355
896151
252052
529727
217424
139449
89382
740038
288191
470244
335562
144702
37360
765500
304335
403916
193101
589417
318267
92537
265464
385994
135408
267227
647968
75011
245306
649010
62687
108018
753751
641134
683442
390560
434564
529645
559414
273362
476993
567266
150459
436799
697792
780369
713800
470460
895791
370071
397068
271155
18878
361703
283740
285331
592111
126351
791533
755168
789435
681913
799920
383435
472891
762349
69925
542140
790585
275380
412701
349547
170163
803031
781648
603855
318536
283590
415159
600206
671171
733140
65160
143795
241122
491520
139308
394077
643234
174510
819038
550451
557576
270868
123778
765750
715758
7537
526911
590511
795400
432727
823866
365896
758802
493065
284881
243575
842744
663744
714065
410516
176609
686120
716757
589899
634489
429863
550427
509613
598618
135901
230500
9313
722838
139494
784584
441624
193892
722845
638004
634846
539236
776603
208866
325292
831984
318397
549746
204251
379298
81507
841418
881427
23004
640789
233351
789665
699832
195136
485567
749255
348108
135518
252213
390445
499417
767828
117624
633397
190385
218676
266457
271148
480226
262083
802151
463837
844739
852597
641448
868639
803514
652500
195126
89103
478120
152032
298419
214520
367634
736016
159723
276526
732557
715606
849957
198939
437348
344225
802181
804977
239497
114652
527873
832349
27158
206420
357342
761565
35967
574775
749958
350568
435894
864663
108488
381195
41817
82413
729293
718357
629820
252955
847538
531784
722415
335370
609607
782575
62541
512594
881954
89295
272896
448568
838401
95062
413971
536433
453851
426544
675798
187685
812065
860953
38952
343631
336406
691853
875172
590977
837192
227962
897738
590564
277066
388887
576552
339164
259663
350190
724037
762442
427045
44564
43531
358476
467660
572794
585807
26751
202225
94172
784221
475237
777068
346678
888420
282785
766642
