4611
694102
723710
216938
447529
39764
832197
489139
475448
202487
777636
480412
696489
649806
850063
396774
639798
650194
679818
427259
582493
446919
421572
555100
841777
68865
387662
703766
700448
84804
71735
750995
56258
237667
522181
386252
259547
241418
432818
213724
851885
714647
769377
554064
26045
434435
881339
376475
491519
248703
730730
407910
580641
167961
69906
90276
755826
699134
151335
169284
441197
350905
166095
44480
348678
841466
823956
859698
863375
167474
507782
626309
893575
275994
502507
183433
861344
758323
843460
148641
484651
284360
755197
803767
593667
254191
286800
434736
339954
248495
256728
393753
141540
172252
435437
712096
655590
17693
604320
380096
368922
33935
236308
397748
477018
376514
391319
652780
170375
603521
704380
352861
590829
421103
763767
18611
332308
20269
851476
683458
506726
461016
172628
593338
800216
582479
791300
224441
623863
380594
872508
543962
784112
523973
343537
450059
287643
649780
691736
832732
683941
137841
79896
459187
150169
301722
618570
376669
896267
601781
525584
413055
795617
217437
163151
693450
512733
460982
456554
553101
665835
670011
809276
614117
70436
61498
685202
691855
323293
867029
637091
863069
517871
798921
158412
616135
687939
199787
66028
633177
523898
122350
64281
767563
558358
702721
868926
3310
683593
341142
859922
150273
824792
679742
4725
480003
509355
245615
568041
206308
375188
660807
60235
407348
534297
462058
328045
301149
811776
580008
151409
412364
218006
714554
247172
447561
163739
4906
632948
287977
644718
434866
40239
823769
857297
205469
226874
528923
435832
504170
610059
160525
664660
118128
549476
59556
245462
291515
451661
366296
585346
418259
175308
267513
95218
41533
374083
80927
45443
587067
178342
846975
270977
366223
433079
186969
864778
886814
543328
310254
295297
657231
156652
538543
312081
468594
425443
481105
552827
690045
607777
317245
347967
331922
133873
335748
713347
470524
278827
764207
816515
643416
761607
606740
22037
886801
779676
406052
23735
563300
890042
367202
502328
799650
465504
893838
859679
74739
366235
316895
197884
35671
12092
891248
679849
535303
815413
413009
522333
799899
713456
249150
828749
44869
697899
717772
295775
852987
685523
722176
783436
444562
856700
57754
59249
93573
600187
388974
259251
102869
655393
443603
848268
412907
123124
382868
393174
738072
882635
591045
323987
803549
428485
169040
282359
634151
808967
853036
489779
832146
352209
619983
593054
127182
408507
175866
854433
414623
641585
827731
13760
494238
810856
633520
411936
516765
712124
350479
607162
436072
360328
865538
757210
279719
141856
528424
311380
494016
541230
72695
261828
87065
442568
40245
481824
591163
618922
681991
140636
473426
391670
352352
669369
216720
569444
710362
135692
302162
515207
757923
194247
14331
292318
71663
826598
431644
587508
377931
288536
83253
346773
891986
394695
376724
468141
151416
519590
128572
624350
179107
393046
107170
727805
367866
59476
835057
70570
377238
99075
153261
833419
793173
344850
4084
620228
258061
69098
170881
670932
256253
256791
43914
177871
668255
145456
896969
575348
285434
661188
282647
491658
836469
545474
613812
700348
284357
97285
276068
160878
251047
643546
600115
151482
674985
188784
21177
447852
404610
151483
236089
484214
100866
325637
243619
79024
487364
248178
790329
241392
665153
87566
71887
371171
722366
126389
856299
148069
66181
558750
314316
663522
899857
46085
887944
349769
200066
698772
294957
712874
329553
854925
183561
848172
538494
65142
305444
596301
803845
684770
812107
14167
61422
883576
288136
162491
166372
283778
460396
736749
750077
493940
652751
672156
657784
577143
793711
104140
98374
403441
472884
307730
889470
555795
827796
744811
899028
13791
74770
596762
96772
676499
781952
831068
225448
794262
830598
153225
719914
315518
80635
752073
337523
777820
654608
640368
506369
337605
813580
464536
694327
513245
868466
258745
617678
742626
202879
360520
756361
316787
88175
639785
664935
141787
524415
500050
269042
385117
117613
99454
357012
737629
10811
182987
172329
558633
206771
677585
700751
281987
261188
615775
656026
474092
503147
139955
124644
733070
772013
72405
243617
327205
744704
891184
484881
276556
696874
653935
834607
495296
512353
597360
675238
288851
362609
773832
727076
78415
616156
660563
129638
265924
705979
604533
123346
233904
355043
243314
802244
425130
445283
190663
378944
172203
117546
758403
308262
33562
388197
23557
514916
113043
693574
363891
122373
707699
405120
83284
571015
174754
304846
549451
20074
400029
122356
66768
387557
618655
52574
149005
155442
595563
810980
598802
763818
267609
13359
415669
442187
640634
486549
214985
577077
513258
862304
57626
186804
45842
623437
81251
485176
201846
20015
719436
57760
511681
793364
615651
80629
457803
276832
204949
756051
54565
787733
229769
95682
475553
373908
52122
881443
617888
656285
652751
72773
629849
587923
375993
564568
806787
170843
167048
671513
836576
477186
864266
505003
393062
327070
1026
452551
715434
723309
537248
523914
709259
163162
207234
82029
830616
208990
424359
541970
68448
661986
814572
467162
573877
573827
58085
508371
364283
472782
643769
11151
385650
203819
464410
732336
311837
194775
729376
376575
556335
506953
855362
62875
419954
798614
291952
237999
610899
686127
817487
180797
533549
638056
862898
235798
90256
682612
533009
435019
662638
791724
179337
283965
477762
594222
128976
713169
404317
480034
786130
255040
417774
175640
237261
491467
148845
305965
40454
585419
255589
455341
843303
398982
286556
138162
169845
67646
723776
813546
71953
714819
511215
676503
856459
151721
505859
803151
149438
668596
665848
449508
53069
320432
616219
683326
891096
77437
681362
574148
468826
468071
98530
310554
463330
631027
427840
295652
288011
317878
56376
384841
634842
719392
757075
441747
29397
171733
805385
81554
429019
556988
158275
403808
528067
573489
241515
308095
133300
183349
76434
898559
214334
119333
880990
504316
332628
584584
683983
514756
812775
213921
473868
373877
389888
53349
108398
495301
465849
337606
484520
834651
407512
246446
561809
413691
325481
98312
20593
775168
74039
701559
573060
496673
218503
376874
327597
366453
850226
217575
838650
490995
610620
47780
732848
843987
560437
191542
132275
746672
513900
737920
370260
305807
278123
264749
780440
189080
191443
296280
486880
544931
370037
49320
5658
257359
104265
418906
437956
623211
650447
429142
238872
676855
520704
788900
277176
192709
875536
451127
819639
747129
503138
205511
124738
899088
881511
719581
873513
564252
367093
380615
415470
571341
501089
435019
879497
878284
561976
31128
774133
107745
80735
424472
212859
542068
371493
530466
754649
224976
367906
354733
91854
894468
556367
51998
393732
713155
559137
441538
389915
66795
505091
242583
567758
825346
330319
835492
753029
802429
464104
126058
580182
634618
122263
126162
481464
133869
505249
223557
295813
243992
590113
808315
74443
853076
717255
727499
360016
475468
520300
282945
146656
637320
861105
392813
649013
455975
140947
811768
280289
609989
32173
362226
544698
132956
813387
892167
113890
311751
233926
530256
898642
817986
112736
555653
714371
85837
421278
196400
77945
775247
848349
255804
42765
82007
91410
756013
26357
165502
485731
219530
94802
742089
405339
646581
668373
578186
348590
878395
744334
547589
719273
346374
204275
666544
189780
363887
311626
539700
617192
391153
745587
564049
185991
658266
652181
457661
876412
244570
428867
205933
214800
423422
200715
614476
575686
489590
852571
247848
796628
846258
665584
4044
367998
675852
564156
669992
806096
434750
578003
288365
397208
898484
841747
418612
814494
325756
99117
175134
513794
83674
269716
589558
867120
589720
176513
628435
541505
108955
543841
43290
846993
660144
267195
260096
302073
442053
530946
181996
126633
314133
379379
463227
379588
703483
435115
289565
291863
734152
781609
318909
325015
213423
54203
122718
156694
799197
882184
4385
278242
600486
701337
184483
555450
264442
150629
96611
607630
518039
40823
485346
842162
545592
452350
210626
599934
120843
123729
128753
352197
529505
410236
881279
345904
195294
226188
249866
822391
740240
762611
65531
741883
728668
801945
588969
568835
36019
605311
614588
546417
510084
870513
279884
53311
585708
655303
500872
300187
47496
779256
569714
898621
577099
660444
285639
377761
311947
598523
290012
536038
220277
707255
58661
459202
47905
553844
289327
434463
279776
396256
27885
493013
725585
149218
699152
347301
765268
344803
65454
115632
586038
390771
354085
771858
735179
725562
335066
595518
536793
823773
183482
312503
657456
53224
57697
366793
443448
625758
534777
201378
601540
659770
608762
718256
263394
200000
726480
665815
763252
119110
667803
592303
275096
127832
341967
230616
31651
48845
551899
145340
764205
314340
680103
843455
457926
411930
506294
469669
188551
757611
65899
309984
789443
114497
787784
851252
435707
615934
570610
265578
306512
868771
336816
696749
488596
868443
102802
474916
767354
188903
579087
699276
458540
521126
572294
862034
457018
241024
408582
814058
235760
801327
38889
106222
441825
844075
390171
165591
314271
533009
693592
617233
420621
614479
350292
712798
374668
551982
608468
779338
387697
815100
534169
484901
65687
759701
118653
153218
546033
819790
760854
97996
408088
22910
139287
191296
899842
329706
695702
698859
224500
488747
363624
533408
168046
331869
432072
694198
730756
856775
888631
685564
529934
403650
277854
53754
859797
78663
277839
827814
544685
855354
311273
479775
58914
107629
263481
632425
546731
605298
284125
61765
880252
893921
441925
684140
173975
865474
729907
687913
71202
490040
453729
159568
489748
378123
402529
492063
483336
377392
618495
287407
44692
294230
13347
40534
80820
504463
506035
790909
9887
376985
334934
413273
315580
739048
314675
190536
572173
562322
608919
845994
92648
335191
200341
435130
830759
219851
733479
435687
191510
664098
406771
325907
113481
509974
456489
193767
717744
842840
645609
745809
729603
267089
814530
574395
709975
197619
357109
73097
87539
194689
793080
377295
484764
360567
231350
623885
329707
188152
717332
512872
757313
663282
317038
367333
138225
132656
141279
99909
622299
188636
740480
400344
181561
755182
486951
477183
725042
449654
657137
745570
756941
188034
753115
218570
40672
787404
742154
766429
762661
243140
357803
123924
160813
314421
454804
225722
360815
754422
629928
125955
87481
337871
720762
16614
98695
308998
140905
850489
183730
98213
142186
545224
601215
116074
362532
778129
174328
399115
239892
609695
379736
529315
569488
163168
742848
520062
886472
835877
138695
9596
192393
681238
856238
67910
588348
169520
714097
465259
242251
108221
746521
359060
212740
677837
788270
839404
212662
886294
608682
364518
826839
261862
369897
761738
80840
296064
541052
350560
448592
567867
578397
14520
145925
827155
352605
208115
617322
241577
552345
865777
819154
141662
846539
459640
595459
713576
245469
560317
815957
296398
652536
347667
518713
26374
412378
272973
189783
147784
872070
583761
262063
185327
27638
712732
653793
613996
8939
818956
27497
857062
74597
406989
125506
628754
687022
409316
455819
330282
12176
219281
133702
147310
580903
68101
57949
356884
687377
646272
481088
8588
167170
81189
795017
583733
343893
18268
886625
177270
416604
274212
556539
755162
8568
650419
498653
132971
848644
864459
877504
460489
210764
442204
791981
90952
838651
347696
131079
780611
6065
240342
449223
70784
517556
486606
177826
821538
266814
444174
175623
8293
568980
684335
739813
135162
895798
675511
164586
202815
242866
213859
734022
451257
123187
880305
887469
163120
113048
838760
313787
157096
232575
404132
433905
166136
222143
391906
885022
253289
236309
678180
577466
369805
315350
822913
572460
177113
191108
95276
22955
459008
673244
458975
330849
509485
786027
80645
550667
155772
731489
356961
769117
70774
441662
464958
842882
882024
697865
358067
736641
99007
614463
47378
49308
400322
754280
794286
562834
14411
81221
714311
692132
198659
611942
330868
554261
661945
874744
887627
764362
781663
558939
530095
189712
244482
319282
53815
269181
279939
774196
123575
31887
135671
469471
509933
117233
716343
470572
504267
368188
116453
235453
798684
803290
7260
649619
69268
372454
500786
88156
887736
421295
771277
738794
749799
595098
519487
582495
793348
664775
260031
850212
829537
453164
559557
312473
103081
889406
534114
699143
139306
68879
590490
479345
839134
770865
867519
860520
721973
328888
425515
91325
503488
140829
616825
666162
39100
105694
654561
524042
735576
43299
177038
819519
854277
784188
834206
414642
703706
579015
340181
410460
581473
228589
326270
331171
775202
361100
743328
673641
371785
704271
405048
191359
881558
537401
261113
222806
541153
337280
160765
278134
176744
68118
751334
8647
893559
284004
611125
209869
526963
37327
148806
761265
599171
93084
227174
612345
298203
355215
129747
893690
434726
354415
319886
869732
426351
717158
733471
442620
489228
223141
371622
692679
178536
854980
233241
846849
535820
256838
1535
226766
686537
765722
106279
430376
588132
436607
565894
204343
244062
125119
139755
211774
702143
431196
357057
414834
633407
226377
85280
638758
414225
123951
647120
639073
411692
612847
611516
253137
566679
677863
790031
124505
260240
801358
218573
68838
408280
736121
144848
677631
470655
56576
346334
647643
770440
364923
850595
331148
731769
726181
599601
679545
68034
47107
182288
697609
255047
60958
758755
703771
850219
16683
30105
157971
435483
301932
522125
606223
652628
407664
381147
269015
437586
366677
24830
114355
532950
613454
311275
877590
57010
569983
838756
124152
484437
304741
229466
345858
471694
569587
270018
896866
590494
163895
697938
693919
425503
651258
398073
834790
210154
335942
145336
481922
686826
332291
114177
318283
90235
687194
81738
66133
387934
660059
13198
308937
586652
781177
412576
769840
753140
629874
222029
403116
720739
657261
264525
592929
247215
14876
360454
47920
713552
449697
108349
465925
180508
504013
685945
861414
124429
675427
817366
893356
379344
152124
521027
175310
752557
273667
520505
632888
58830
825344
78424
742555
803631
627314
73247
26014
689952
583765
371495
394770
730009
143140
458590
502851
150267
790840
410235
495338
624703
183118
339714
328511
822013
173638
579862
50156
341019
889735
139638
398109
23664
852609
77206
82036
361140
758923
735771
420536
560294
400810
567346
852717
353209
123027
529101
806720
307516
881287
529403
64953
76773
267165
833923
285458
637081
193886
707357
131303
626842
85098
751053
173955
109934
711064
517085
76986
282727
455930
18934
426326
599541
559007
772538
481448
854724
69105
209345
681216
748915
71711
446861
549144
621779
83126
485996
769354
642935
2120
230539
394722
629534
211022
36050
815
661851
137993
811551
348338
61245
254468
464418
543801
532000
415126
477714
849542
420271
273028
399755
338151
535347
729187
691013
593067
640829
215035
262162
188970
525708
175847
443795
857731
234332
700376
158903
505987
404491
683737
487122
771041
674473
673934
766710
423239
714843
75126
640688
37034
663596
619567
854689
457114
604465
277944
425079
271989
381879
401234
46344
176471
149548
120703
642859
460140
874342
144877
157971
536165
778036
779436
367560
648681
594367
582042
734787
326051
120668
229601
697926
146969
288753
217366
648023
826236
720257
236706
468535
412155
810390
574109
501474
807411
601322
816822
94853
821538
403058
161967
701431
223705
698184
728485
322390
132398
727475
97550
644799
637073
554325
344635
433962
511159
282833
400925
527135
471314
23479
346884
195257
692258
14893
377602
441749
746436
511579
573261
315158
265576
429875
273028
131257
297697
871996
292457
530320
891318
328346
641644
425534
577237
86107
231625
12174
533863
506144
553192
542384
47807
137350
186274
843280
836523
374704
636995
724948
373069
106163
136107
513043
402148
562333
432846
171821
361539
821667
131547
541546
612803
315174
276058
769459
514420
504737
494511
677959
33455
843666
879259
779419
508615
488578
22657
21394
839357
264307
419046
808532
267795
470565
322865
145998
778456
527716
472307
895910
698946
461842
841376
473208
3290
823853
589851
141970
774673
681052
788688
608809
369169
659611
51610
799702
581902
683649
383717
38033
96059
119882
62637
842152
229176
644934
157702
126492
771625
734077
326933
18904
346466
621341
26075
401838
18943
95073
772914
685392
869872
789856
286256
834888
385970
742192
642953
802101
591992
102325
886993
16322
232392
724265
448830
589348
767618
711689
487692
484593
664667
161562
527706
35895
494440
416535
635025
339904
629590
387256
621797
519296
40214
626112
556724
675704
408021
600547
557644
27275
24906
862770
486153
11289
142121
155941
392380
202013
881109
284868
230727
52192
482225
876817
359492
54265
721751
685493
821414
42050
696130
320646
715895
650039
515014
157297
21344
778093
66624
406602
872711
212076
600487
301998
640818
780523
354210
140113
339947
376871
736531
522888
51612
452159
793329
208501
801881
765423
873491
359307
193372
546375
783112
45341
140428
598632
870116
175751
53719
170298
198773
885304
159230
90508
325652
746171
671888
424298
758934
410976
820590
95540
87682
559404
8174
325441
122973
366010
701147
432143
41601
841356
207066
794469
513708
876978
650855
266759
56437
268949
37694
853845
821689
733441
462357
93761
337875
528941
624070
11850
798251
863496
755787
862970
49797
408514
523682
664985
463418
152020
508272
415052
288420
141997
252354
821070
449170
238106
96654
672073
170395
720592
157048
656784
685520
756025
829008
629500
658730
17882
312025
844417
278595
47197
652549
365933
737824
506303
511036
785724
79852
498103
251867
396475
420384
839426
292984
336951
855966
50855
386532
874465
450204
515148
740586
279457
165534
194773
777844
178483
92381
652467
641004
637122
784419
131217
25248
375168
166872
590262
874207
566783
464822
130648
787840
610735
573817
241246
872321
866964
413747
535311
400429
533251
228508
675100
255383
548794
730598
359687
567843
533945
83182
842991
712996
153985
514158
382457
349600
738663
465456
698685
96047
549876
1501
78090
622338
637212
450868
210582
402529
330361
433014
824581
471885
475460
792637
646933
6372
197840
822221
850853
505410
178435
265411
830080
54532
12721
580458
611210
592521
816694
847148
711717
436049
42640
246789
570080
574951
636343
832948
240061
535643
92634
391595
138398
502728
145976
272293
856299
618676
73943
889751
68866
188438
852484
608575
637851
648241
177256
85657
664471
512511
89763
384337
24965
479881
823431
368530
665392
666130
195540
878909
541289
821876
126923
48117
771532
731778
332305
831063
446513
789804
317443
754376
748178
452417
858833
403910
122260
669711
881656
610592
237684
199429
828415
36610
599343
98874
707661
539048
820813
114055
685349
82483
165835
278735
514240
178074
338853
615743
322150
869016
831516
842831
723752
311043
42601
502568
9436
895517
45790
42561
714742
295011
615925
184802
15840
646659
327128
781417
146422
766442
737836
1002
160128
681755
788890
51152
367725
615804
673563
237091
670184
847371
286880
867682
606746
512014
623035
551792
244508
754567
580046
586251
532342
449542
768110
93399
536121
378232
574259
19577
466518
394782
317631
885631
183417
829784
646440
780541
813957
204608
311012
118450
397645
507892
886096
377865
443660
719147
488989
859099
272322
828968
751031
611026
30220
441036
268755
628873
711487
785126
606133
720463
281152
680421
393820
217482
299715
231727
331338
562967
249246
436426
360275
298576
199241
861527
509505
822599
26964
670526
443266
706575
301189
605285
732463
891129
730188
442170
109241
353500
572517
56816
204114
272814
140138
335334
524469
81039
580018
59458
208308
738277
100138
597757
428604
534977
501102
40952
463911
447104
408421
886893
33277
725870
792182
11520
394344
668806
141354
72660
500147
385620
164768
295130
551069
352795
767110
677380
392704
91058
415643
534583
707961
779016
95391
874335
650003
146089
858771
55068
142133
693817
319314
137691
335396
201598
818507
781215
866870
201978
685498
404734
497685
354709
399042
264
791275
5145
285322
418658
735728
868407
614737
387057
456110
46791
505679
876498
66669
800236
589865
207398
260544
117174
568400
514219
124170
885889
114807
411238
328782
144603
64880
60219
606739
76035
625506
587839
855568
359757
748680
124325
347865
599874
218153
867733
778310
850308
214895
806971
47260
27790
830438
516443
1947
153786
844948
582530
684580
473501
231215
60759
241860
334221
475935
219057
553281
268482
384146
166242
315583
660090
579605
160433
62960
211191
699766
334630
378070
832483
357299
602174
876278
761876
458718
548990
454683
142666
752336
539651
409156
708212
711942
396760
660812
99603
583645
306850
702579
704535
77190
528662
385005
25125
373765
379530
592551
744154
302508
676776
786514
95721
500719
544862
743790
467680
558884
573619
387892
517193
279449
451444
570848
64236
427665
162476
23897
488178
607196
542899
215966
354372
19762
568925
548014
423154
115404
809747
478004
808591
509792
795423
520302
607193
666679
352192
860984
87735
135884
743518
143130
61596
337219
426487
231690
473384
483395
859672
115167
582733
233617
463495
465972
465902
45195
315805
552981
831940
194142
669073
414762
240314
267109
122832
429245
856760
627391
404296
355944
739326
788523
381251
792960
857414
96482
255249
443576
698316
496496
570207
311220
488841
726353
411364
124619
367834
439525
56537
884311
355999
677647
728392
574205
254048
391856
249373
432051
711242
623322
444506
560659
260567
331700
211079
364955
429068
376521
168934
850237
466011
448301
358725
515914
840489
510862
696588
511958
59626
877810
744214
164936
483080
156851
336188
613985
531267
715092
786317
178246
725106
257630
671034
416619
196039
609627
360525
820094
726577
569518
394426
599566
812731
509645
212750
894070
582098
773405
207332
797641
359076
793416
896278
435067
516003
361501
324721
451370
86664
295173
536929
830920
409141
611165
718539
435174
492723
427381
723962
292798
791034
779204
467280
8093
642031
370821
133086
644075
897671
267666
561232
699225
836778
679931
742303
799973
56275
280963
243274
61549
155060
263320
856095
373774
792022
117997
863858
707287
71965
287893
779088
103599
144650
613662
669742
299328
525083
794504
661626
853118
550925
71041
770099
149848
457281
326046
162869
399290
815901
575479
342060
102460
56937
490112
316362
440875
539865
694208
619731
873714
495403
598224
885557
549797
725190
10578
610454
12489
348643
25930
355685
676867
574439
395933
396243
309820
256174
201317
277722
314541
97316
821615
479419
15533
547948
453106
626022
454356
366788
594507
221874
173515
186783
315865
65421
585107
163218
463794
849325
619694
605323
107808
170820
596109
684250
318012
840338
500407
560340
423941
394228
147251
701516
600989
450747
322131
334466
456193
377528
82941
521688
222114
320402
771222
202463
827845
183962
677293
221969
265971
409366
378946
231511
768829
604634
336209
710762
295953
386325
897887
307670
179409
301318
317024
302427
455894
4239
157538
220269
17377
174978
59353
349692
150105
379065
696936
621326
788102
563298
240329
678151
889033
304758
11929
285706
433270
432715
96227
536858
786127
877855
815207
328186
853886
874677
452231
702290
304558
278364
820782
335635
375591
426539
36797
244273
626852
364361
761300
132431
205907
461768
840761
850905
244232
486706
301255
845578
857022
156507
271670
7054
152555
617174
211203
624610
869407
629316
27709
718712
423289
278982
480236
684982
649574
886996
267837
43230
596695
891527
454477
96808
641597
587984
64146
51563
30948
670923
879809
607067
780937
325070
488799
589132
371802
548380
471080
463412
701096
65143
264245
685423
704619
325361
756686
471260
397555
757699
824236
631684
319174
611350
850825
652251
484187
27839
573927
134400
697809
86696
672250
438687
96140
152425
481618
706805
396654
828534
481736
83539
77966
494514
27909
651995
284216
786785
149610
759015
412641
325947
557439
1514
803492
70204
264859
726862
672766
640760
308365
584540
843491
438380
512261
554235
875707
427023
216898
546895
118524
532200
225529
46434
865733
93593
569151
297281
258260
671705
73619
681501
688196
294464
612586
741714
792487
174427
429272
497476
99772
736223
442872
688613
680781
755770
861016
71507
352904
814917
356228
413630
654040
511125
421710
507527
102399
321233
514583
809092
636882
256542
752573
649985
282449
579254
419648
746816
43585
533592
756946
787649
621576
237752
37563
228092
187493
605975
403270
444139
398505
722349
269868
79461
328470
303715
853595
641573
61138
645309
284066
775721
304424
217972
660348
676278
171323
270498
854454
672601
12104
571639
110559
828777
871063
88808
831979
537160
106173
845095
859140
857447
426418
453933
238573
13833
734282
585172
39636
458656
155250
351042
89396
29236
801288
388511
450084
381122
382263
139815
776832
762689
827758
182299
888881
160767
410236
649938
377852
566890
247019
298701
659044
384811
183926
259177
454396
259405
406663
547309
810349
890396
199346
125954
660193
766024
492487
248290
530090
562952
136408
847050
885809
253243
193640
305225
884190
277609
115628
72411
133505
346665
304993
447535
716092
40764
119305
762019
44045
286230
103107
420914
610907
448573
896262
324931
753276
586409
259674
421891
448352
821708
267987
742477
155710
401387
676522
660870
76505
847082
721978
392037
598191
37446
365684
76591
694334
690844
184992
860481
7571
575143
116305
895078
476880
241382
149378
162857
236409
393276
81747
531492
736284
626673
153947
1238
405659
589846
668680
357011
682583
426310
151546
203254
440762
396744
556184
776594
27296
480176
216238
692966
46915
615589
545828
60846
619298
456445
247836
452758
206478
378949
316935
85898
428369
186525
437156
187784
813499
86112
144822
488631
605258
249569
346977
35153
899093
719089
70241
879932
379541
49629
879911
191030
209777
496179
448401
102766
513668
554277
13637
824368
16621
469191
46410
142232
661171
116243
92547
817960
248659
683500
703112
672949
523079
895583
791682
440475
212213
490085
571139
312496
760401
385157
798784
898806
756048
227926
699789
463818
102090
597698
417875
719002
484971
722759
664656
656340
726230
6231
856011
852985
684022
492959
35890
130640
863939
561668
152018
772086
419405
295849
283314
12691
778857
876749
545965
762537
455925
127506
733386
527430
497449
453336
495321
13912
348827
788072
816908
469376
557039
268173
325168
854591
741210
567708
170023
634925
384401
533716
137796
70536
592019
166144
749122
670122
736111
539482
114816
852179
561523
880362
225021
452741
233395
316492
742604
10383
365842
215439
350644
684993
568016
286873
543015
24894
214864
544040
467773
88592
100325
877491
719180
271797
150489
354671
737862
511318
524729
260526
873487
489593
93824
100322
138106
328844
267358
238912
16639
347522
493348
610047
10363
197179
392975
665183
20739
856475
464943
500486
713638
87132
723187
478597
596511
662559
314067
118458
287252
672446
263578
295695
616942
688669
68525
185407
762165
433215
762044
330873
482055
214389
214692
205917
684788
112465
61119
205731
72345
650841
320713
665851
12664
760758
780399
636463
873680
35596
1174
838180
80798
137284
177702
6399
681584
20293
669937
133669
366433
856290
487267
217115
742518
155117
294663
682508
428180
469960
721588
20329
426812
379804
870995
627370
143909
749699
359566
72403
735380
578207
13398
566514
492218
460302
226577
109668
275625
589237
183902
726295
810356
366713
851206
548842
872003
721420
649217
333105
683120
455749
354594
10773
48289
331592
178689
489624
854306
92965
367554
858998
597086
393437
770119
702951
863866
222302
777295
406945
590286
52239
525929
34266
750913
273543
831865
253226
193472
818104
524166
563279
62938
249705
332989
510027
419355
750818
668966
131688
25923
652288
149985
614492
22434
752488
624892
747591
1267
505752
178964
507705
208498
131673
777413
492273
577915
831025
325393
506272
844929
514197
459241
270059
266439
464795
419482
209263
615966
230477
707158
518815
685500
596698
839998
683913
580629
618278
436234
95864
521785
333506
645557
846322
545386
103094
853543
749025
660600
338427
109056
759534
241946
261541
659230
285769
305099
538909
763340
898117
308991
312269
483015
623041
618209
256853
683789
501570
122186
710875
683684
281403
417504
363678
574565
246575
284361
729323
526467
299277
669354
784328
70140
506553
23776
162670
564955
788108
727962
182709
201926
558098
228497
73543
351947
520337
858278
490966
30018
676745
429302
347849
421919
488791
737660
295089
92344
393875
681475
201115
82029
341306
181702
802334
369624
805030
650663
898963
502386
5720
889832
596357
725246
30840
467209
773502
548055
494803
467486
784001
95986
6051
529836
59222
898383
420109
254465
28863
717026
157028
12557
608010
99064
817995
825056
802047
768008
551287
450145
271609
827831
791890
606473
411441
479912
445180
683194
67798
490622
584812
772287
29529
597679
78165
224289
891781
41672
262180
430242
44364
646231
899461
855898
32124
58489
67013
54668
15248
855104
881553
345381
235555
869504
640894
380144
318143
72598
866242
423480
49684
342261
321728
890683
708388
721999
539809
390855
759066
362493
787485
717013
27515
633419
425530
719615
488469
427779
136363
135646
548149
891028
789049
619876
566389
848798
476255
381331
764753
323613
454287
363256
359546
444176
125042
666792
533636
113797
552237
652533
626010
609027
763327
493868
229810
68915
763462
319023
755514
393483
392674
827466
816145
683864
553425
476820
801971
897960
461530
469988
827980
7378
594629
316941
621006
406850
775623
44216
677854
254149
808955
142428
392072
834861
754412
483965
32531
216865
167023
765982
719566
848997
645805
72548
819242
229473
718719
287656
266050
755568
35826
585560
390196
343016
737322
48492
378100
139489
694434
383584
295670
557219
860305
676403
25384
74160
319208
176602
790722
775115
690296
240961
91158
15908
331601
134495
463490
355266
198117
251605
66628
11243
669964
62052
34637
786323
277088
851688
844558
471358
48424
147828
134287
469043
452113
360395
44447
858336
385272
630808
147781
556420
212005
46251
618901
35069
345554
244177
743230
40591
831017
509838
894560
326285
163723
409978
82139
357383
171948
615189
701346
228240
45532
568104
351822
72330
651073
405082
218128
207248
149152
563883
613438
157984
849306
556369
477231
811364
850963
242636
251105
793916
748654
286952
745943
19881
316564
10799
129473
567672
240467
122984
173587
498889
642403
361104
390935
309531
569732
240627
145919
165685
222563
123335
214258
505172
104763
815014
482440
726316
503416
401030
597937
653789
555543
139926
228399
384084
635658
107159
345572
68346
175671
223252
724933
625789
872032
574176
678510
393689
492669
606059
442032
461539
386789
412960
254693
432594
537388
649342
849892
51562
84358
202801
545904
164838
641514
32493
256555
493282
853874
507494
569352
128834
25022
165326
494845
67682
367768
783724
395095
488506
371474
87797
295976
391022
809707
363946
152539
270192
283217
361614
548712
219474
685569
817346
433347
761196
824010
15103
382351
246214
766831
453744
265424
371203
703403
556009
4254
337322
241838
272359
439573
592529
304550
218342
157098
29353
320089
829305
719544
719521
614414
572745
426583
39927
631660
506989
712878
474018
435450
266787
167392
567893
696262
317896
781410
102128
602977
702234
171436
692777
241991
690151
161710
694451
363708
5873
461018
266600
781010
308864
545343
785976
500744
543236
684854
143406
891852
821670
399349
130075
593696
791658
333504
876770
256090
214468
530432
784287
837958
867411
696268
705845
348199
780158
440867
461458
896794
489418
478140
850753
651355
242869
763029
881100
591329
393170
658343
17419
627876
179777
578299
574445
282975
560970
193718
95458
863056
656278
889679
668868
118941
503435
738337
749408
761936
437122
114363
637060
755075
461414
675125
708774
528183
407211
719934
731758
666078
270664
41680
505729
561977
518450
309797
818860
519803
56983
763331
661289
731820
377108
376978
320337
313097
245427
194255
696510
35529
179493
70233
435483
413019
563000
511016
523947
764619
591733
775325
512243
40099
217496
473173
449957
268462
828141
794647
610378
341944
749796
176557
